0 0.381199996885 0.824480004329 0.472424336481 0.314949557654
0 0.101999984609 0.841280005068 0.236990776607 0.157993851072
0 0.447599999805 0.568779993086 0.195385190519 0.13025679368
0 0.444199999655 0.19293997656 0.178524906168 0.119016604112
0 0.954000022072 0.974460010924 0.0211884366797 0.0141256244531
0 0.956800022195 0.984840011381 0.0216493688754 0.0144329125836
0 0.879200018783 0.967840010633 0.0217207000867 0.0144804667244
0 0.857000017807 0.978320011094 0.021693493314 0.014462328876
0 0.849200017464 0.954520010047 0.0215723984422 0.0143815989615
0 0.836000016883 0.936780009267 0.0472666724092 0.0315111149395
0 0.902000019785 0.931740009046 0.0590448305615 0.0393632203743
0 0.909600020119 0.907920007998 0.022479027041 0.0149860180273
0 0.892600019372 0.883320006917 0.0393683979056 0.0262455986037
0 0.837200016936 0.901040007696 0.0291087734026 0.0194058489351
0 0.712400011448 0.93502000919 0.147678361995 0.0984522413302
0 0.625600007632 0.944760009618 0.0572976610882 0.0381984407254
0 0.608600006884 0.948640009789 0.0459888444977 0.0306592296651
0 0.601800006585 0.92660000882 0.0509504694273 0.0339669796182
0 0.652600008819 0.934140009151 0.166452024467 0.110968016312
0 0.728000012134 0.883800006938 0.0306029693571 0.0204019795714
0 0.710600011369 0.883060006905 0.0211387719529 0.0140925146353
0 0.585400005864 0.933960009143 0.0275004079367 0.0183336052911
0 0.551000004352 0.948980009804 0.027816896903 0.0185445979353
0 0.53640000371 0.959480010265 0.0217570087614 0.0145046725076
0 0.496400001951 0.926720008825 0.0296215468669 0.0197476979113
0 0.37879999678 0.97754001106 0.0669440944023 0.0446293962682
0 0.347799995417 0.932860009095 0.0383329576051 0.02555530507
0 0.388599997211 0.933960009143 0.0266009025657 0.0177339350438
0 0.420799998627 0.928800008916 0.0215219422457 0.0143479614971
0 0.429799999022 0.919920008526 0.0201697161776 0.0134464774518
0 0.421199998644 0.909080008049 0.0206780376246 0.0137853584164
0 0.47500000101 0.901420007713 0.0530743785017 0.0353829190011
0 0.356999995821 0.870900006371 0.0302283073641 0.0201522049094
0 0.26759999189 0.936180009241 0.029439310957 0.0196262073047
0 0.150199986728 0.950460009869 0.0204751245674 0.013650083045
0 0.188399988408 0.943840009578 0.0270731132054 0.0180487421369
0 0.133599985998 0.963920010461 0.0263835451856 0.0175890301237
0 0.16639998744 0.926500008815 0.0288086084999 0.0192057389999
0 0.0247999812143 0.748520000989 0.048722778882 0.032481852588
0 0.0569999826301 0.751380001115 0.0573211083795 0.038214072253
0 0.0451999821112 0.777940002283 0.0249694855433 0.0166463236956
0 0.0955999843274 0.864320006081 0.0252991326943 0.0168660884628
0 0.117399985286 0.8306400046 0.020171002316 0.0134473348773
0 0.186599988329 0.853340005598 0.0236849301389 0.015789953426
0 0.111399985022 0.748840001004 0.0375089386615 0.0250059591077
0 0.223199989938 0.816720003988 0.0249275376466 0.0166183584311
0 0.18799998839 0.799680003239 0.0243946806373 0.0162631204249
0 0.252599991231 0.804600003455 0.0545755987502 0.0363837325001
0 0.192399988584 0.763880001665 0.0220124556233 0.0146749704155
0 0.188799988425 0.751860001136 0.0207797414875 0.0138531609917
0 0.162799987282 0.749500001033 0.0239896459927 0.0159930973285
0 0.12659998569 0.696979998723 0.0377017604794 0.0251345069862
0 0.18479998825 0.703979999031 0.0543687283442 0.0362458188962
0 0.171599987669 0.665479997338 0.0274025624888 0.0182683749926
0 0.161599987229 0.655159996884 0.0272440706714 0.0181627137809
0 0.144799986491 0.649339996628 0.0242394536326 0.0161596357551
0 0.411599998222 0.666159997368 0.0480652653871 0.032043510258
0 0.157599987054 0.725619999983 0.106220187148 0.0708134580989
0 0.253999991292 0.916900008393 0.0247403550507 0.0164935700338
0 0.346399995355 0.850500005474 0.043971981707 0.0293146544713
0 0.355999995777 0.836160004843 0.0446077297838 0.0297384865225
0 0.467800000693 0.772800002057 0.0729645079901 0.0486430053267
0 0.372999996525 0.808900003644 0.0282823800498 0.0188549200332
0 0.392599997387 0.861480005956 0.0263935374912 0.0175956916608
0 0.444399999664 0.858280005816 0.0250184577341 0.0166789718228
0 0.454600000113 0.823860004302 0.0225390798082 0.0150260532055
0 0.541200003921 0.893220007352 0.0240038924482 0.0160025949655
0 0.613400007095 0.865800006146 0.0881609250593 0.0587739500395
0 0.592600006181 0.863760006057 0.0773643872646 0.0515762581764
0 0.543000004 0.880040006772 0.083940016882 0.0559600112547
0 0.614000007122 0.813960003867 0.0227874034423 0.0151916022949
0 0.607000006814 0.825580004378 0.0237041232804 0.0158027488536
0 0.540000003868 0.760240001505 0.0225439275605 0.0150292850403
0 0.530800003463 0.710639999324 0.0292736959118 0.0195157972745
0 0.552600004422 0.704019999033 0.0265003859075 0.0176669239383
0 0.565200004976 0.716859999597 0.0248779718535 0.016585314569
0 0.617400007271 0.694359998608 0.0414313638092 0.0276209092062
0 0.661600009215 0.740760000648 0.0582275391108 0.0388183594072
0 0.637400008151 0.751360001114 0.0460682882739 0.0307121921826
0 0.683000010156 0.767720001834 0.0204003306761 0.0136002204507
0 0.68060001005 0.790020002814 0.0218089489638 0.0145392993092
0 0.654000008881 0.799160003216 0.0229377826949 0.0152918551299
0 0.654600008907 0.770960001976 0.0237220302835 0.0158146868557
0 0.660200009153 0.840700005043 0.0478702670274 0.0319135113516
0 0.726400012064 0.780080002377 0.0278041344533 0.0185360896355
0 0.702400011009 0.729280000143 0.0248856886836 0.0165904591224
0 0.796200015133 0.72716000005 0.0201515123734 0.0134343415823
0 0.822000016268 0.846800005311 0.0442217893469 0.0294811928979
0 0.919600020559 0.767260001813 0.0299702882256 0.0199801921504
0 0.942400021562 0.744720000822 0.0221913277868 0.0147942185245
0 0.847600017393 0.758600001433 0.0237825777194 0.0158550518129
0 0.838600016997 0.702299998957 0.0287198649542 0.0191465766361
0 0.940400021474 0.601939994544 0.0265289777522 0.0176859851681
0 0.924600020779 0.583859993749 0.022960933185 0.01530728879
0 0.839600017041 0.638619996157 0.0232061898739 0.0154707932492
0 0.743200012803 0.662319997199 0.0268119281878 0.0178746187919
0 0.875200018607 0.57841999351 0.0478534482952 0.0319022988635
0 0.809600015722 0.54975999225 0.0969277386799 0.0646184924533
0 0.76860001392 0.679899997972 0.0218702878694 0.0145801919129
0 0.792200014957 0.469839988736 0.0258918446034 0.0172612297356
0 0.774400014175 0.42785998689 0.0309629891596 0.0206419927731
0 0.77680001428 0.454359988055 0.0270898330038 0.0180598886692
0 0.744200012847 0.517199990818 0.023952249047 0.0159681660314
0 0.705400011141 0.466379988584 0.143618122177 0.0957454147849
0 0.637200008142 0.488519989557 0.025861373018 0.0172409153453
0 0.658400009074 0.44241998753 0.0922883408723 0.0615255605815
0 0.636800008124 0.390539985249 0.0254438727248 0.0169625818165
0 0.605400006744 0.452599987978 0.0282292526428 0.0188195017619
0 0.624000007561 0.424099986725 0.0237248004276 0.0158165336184
0 0.534200003613 0.45879998825 0.0214660446946 0.014310696463
0 0.565200004976 0.558079992616 0.0652566808951 0.0435044539301
0 0.630000007825 0.618119995256 0.0470925490642 0.0313950327095
0 0.529000003384 0.565859992958 0.0397476108496 0.0264984072331
0 0.50480000232 0.585039993801 0.0583584284207 0.0389056189472
0 0.395199997501 0.631499995844 0.0208006165022 0.0138670776681
0 0.353999995689 0.599419994433 0.0319970443881 0.0213313629254
0 0.467800000693 0.488339989549 0.0369312646776 0.0246208431184
0 0.367399996279 0.512199990598 0.0211511386677 0.0141007591118
0 0.353599995672 0.570839993177 0.0217332646689 0.0144888431126
0 0.350199995522 0.585419993818 0.0199931194896 0.0133287463264
0 0.43019999904 0.43149998705 0.182321982294 0.121547988196
0 0.291199992928 0.538679991763 0.0209656379451 0.0139770919634
0 0.189599988461 0.566719992996 0.0689412693829 0.0459608462553
0 0.229599990219 0.617339995221 0.0477263184666 0.0318175456444
0 0.203399989067 0.635519996021 0.0286151930797 0.0190767953865
0 0.195799988733 0.62617999561 0.0245376398609 0.016358426574
0 0.178199987959 0.51519999073 0.0254605925233 0.0169737283489
0 0.0145999807657 0.413039986238 0.0227746409926 0.0151830939951
0 0.0561999825949 0.208799977258 0.0297863704424 0.0198575802949
0 0.025999981267 0.217219977628 0.0333789505718 0.0222526337145
0 0.0289999813989 0.20021997688 0.0371403116254 0.0247602077503
0 0.122599985515 0.371959984432 0.134071018317 0.0893806788779
0 0.184999988258 0.379939984783 0.0480352884703 0.0320235256469
0 0.253999991292 0.381039984831 0.0270255260866 0.0180170173911
0 0.25279999124 0.426019986809 0.0222475221391 0.014831681426
0 0.227199990114 0.458379988232 0.0224742782225 0.0149828521483
0 0.310399993772 0.278759980334 0.0235670011462 0.0157113340975
0 0.260199991565 0.288819980776 0.0907552639664 0.0605035093109
0 0.283999992611 0.204279977059 0.020299022548 0.0135326816987
0 0.25939999153 0.211319977368 0.0512007717358 0.0341338478238
0 0.192199988575 0.188099976347 0.0609046855405 0.0406031236937
0 0.152999986851 0.198859976821 0.021136991146 0.0140913274306
0 0.140999986324 0.187259976311 0.0303635497577 0.0202423665051
0 0.387399997158 0.266959979815 0.0377148197302 0.0251432131535
0 0.399799997703 0.250899979109 0.0366923397468 0.0244615598312
0 0.522400003094 0.350099983471 0.0404463797052 0.0269642531368
0 0.522600003103 0.305919981528 0.0293006058833 0.0195337372555
0 0.490600001696 0.273859980118 0.0226965822885 0.015131054859
0 0.5612000048 0.315459981948 0.0672395104865 0.0448263403243
0 0.558400004677 0.226479978035 0.0737980245707 0.0491986830471
0 0.362599996067 0.317459982036 0.155892828664 0.103928552443
0 0.416799998451 0.339199982991 0.0234570857846 0.0156380571898
0 0.504200002294 0.40647998595 0.141475217829 0.094316811886
0 0.61760000728 0.317919982056 0.0885524057844 0.0590349371896
0 0.66400000932 0.329539982567 0.0445785443368 0.0297190295578
0 0.70720001122 0.309859981701 0.0904318496397 0.0602878997598
0 0.642600008379 0.349559983447 0.0440460830624 0.0293640553749
0 0.620600007412 0.25001997907 0.166682540032 0.111121693355
0 0.596800006365 0.270879979987 0.0259137089552 0.0172758059701
0 0.783600014579 0.310919981748 0.0226300988295 0.015086732553
0 0.701000010947 0.384819984997 0.022687282519 0.0151248550126
0 0.821800016259 0.283359980536 0.0265756744674 0.0177171163116
0 0.842000017147 0.277459980277 0.0199574044172 0.0133049362781
0 0.858400017868 0.258899979461 0.0234600537962 0.0156400358641
0 0.828000016531 0.238819978578 0.0250562504147 0.0167041669431
0 0.743800012829 0.26093997955 0.023013368056 0.0153422453707
0 0.889800019249 0.218499977684 0.0321544479347 0.0214362986231
0 0.896800019557 0.231539978258 0.034043389427 0.0226955929513
0 0.846800017358 0.245879978888 0.0226680893775 0.015112059585
0 0.88300001895 0.274659980154 0.0498881191552 0.0332587461035
0 0.918800020524 0.0535399704308 0.0821419954773 0.0547613303182
0 0.773000014113 0.195319976665 0.0678476560557 0.0452317707038
0 0.83660001691 0.125879973612 0.0303635497577 0.0202423665051
0 0.872200018475 0.0694599711308 0.0527786656163 0.0351857770775
0 0.770600014007 0.0619399708002 0.0223916685673 0.0149277790449
0 0.569200005152 0.116699973208 0.0215423225917 0.0143615483945
0 0.500400002127 0.10581997273 0.022693614277 0.0151290761846
0 0.345799995329 0.130879973831 0.0299901739031 0.0199934492687
0 0.352999995645 0.16405997529 0.0939885168292 0.0626590112195
0 0.474800001001 0.0501399702813 0.0250622853715 0.0167081902477
0 0.488600001608 0.0651799709426 0.0405775658163 0.0270517105442
0 0.494000001845 0.0842199717798 0.0286367606304 0.0190911737536
0 0.329599994616 0.0372799697158 0.0338838093386 0.0225892062258
0 0.354799995725 0.0473399701582 0.0626199983564 0.0417466655709
0 0.146999986587 0.154839974885 0.046329275424 0.030886183616
0 0.24439999087 0.167959975462 0.126862707568 0.0845751383786
0 0.161799987238 0.175799975807 0.0333652977186 0.0222435318124
0 0.267399991882 0.100859972511 0.0585486779619 0.0390324519746
0 0.0707999832369 0.0681399710728 0.0460759061702 0.0307172707801
0 0.185399988276 0.0903399720489 0.161545901354 0.107697267569
0 0.0807999836766 0.188559976368 0.155942295523 0.103961530349
0 0.0255999812494 0.0253999691935 0.0237595261629 0.0158396841086
0 0.573000005319 0.0126199686315 0.0253581961244 0.0169054640829
0 0.543400004017 0.0337199695593 0.0206796205641 0.0137864137094
0 0.704600011105 0.010719968548 0.0241125216714 0.0160750144476
0 0.949800021887 0.0135999686746 0.0365177217332 0.0243451478221
0 0.374399996586 0.604979994678 0.0341816987658 0.0227877991772
