0 0.181999998108 0.143559974389 0.119927438063 0.0799516306485
0 0.610999988676 0.805560003498 0.175853672564 0.117235789442
0 0.482599991499 0.708559999232 0.125443981493 0.0836293265114
0 0.0476000010625 0.0619399708002 0.0343514644959 0.022900977841
0 0.0340000013615 0.101759972551 0.0200498058657 0.0133665381254
0 0.284599995852 0.0562799705513 0.0412425928335 0.0274950637024
0 0.257999996437 0.0271199692691 0.0478403827336 0.0318935905926
0 0.220599997259 0.0764599714386 0.0311104952305 0.0207403315216
0 0.104199999818 0.0852199718238 0.0230556097126 0.0153704074888
0 0.102599999853 0.15721997499 0.0301106712006 0.0200737821244
0 0.0834000002755 0.13721997411 0.0903293423916 0.0602195655662
0 0.0676000006228 0.0997199724614 0.0431652704702 0.0287768488782
0 0.0472000010713 0.194459976627 0.0493036122411 0.0328690769953
0 0.20279999765 0.0656799709646 0.0289278198151 0.019285214482
0 0.372399993922 0.0575399706067 0.0421637645673 0.0281091782322
0 0.486999991402 0.138899974184 0.0249175420541 0.0166116957984
0 0.583599989278 0.170759975585 0.0232489261736 0.015499285138
0 0.601399988887 0.216999977618 0.0241755392612 0.0161170272372
0 0.69359998686 0.15335997482 0.0203196970149 0.01354646557
0 0.683999987071 0.140359974248 0.0217661077924 0.0145107394853
0 0.684999987049 0.0873799719188 0.0264265778673 0.0176177197402
0 0.544599990136 0.0521199703684 0.0265994150512 0.017732944537
0 0.56759998963 0.0491799702391 0.0355607311808 0.0237071556841
0 0.727799986108 0.0497199702628 0.0335115173344 0.0223410130298
0 0.76639998526 0.0643399709057 0.0383498702122 0.0255665818277
0 0.785399984842 0.102679972592 0.0225886426216 0.0150590960743
0 0.733399985985 0.129359973765 0.0363188601676 0.024212575042
0 0.80139998449 0.0839799717693 0.0210798046758 0.0140532040441
0 0.868799983008 0.108479972847 0.0204497948379 0.0136331974578
0 0.890399982533 0.114519973112 0.0383750983071 0.0255834005588
0 0.873799982898 0.0875399719258 0.0255452764168 0.0170301854011
0 0.858599983232 0.0825599717068 0.0427391629997 0.0284927772124
0 0.812199984253 0.068099971071 0.0281661292148 0.018777420715
0 0.850599983408 0.0323399694986 0.0231274355829 0.0154182914056
0 0.941399981412 0.0360399696613 0.0271160468624 0.0180773657672
0 0.757599985453 0.250799979104 0.0204556319265 0.0136370888505
0 0.261999996349 0.276379980229 0.0201299421673 0.01341996233
0 0.184999998042 0.340319983041 0.0251068022331 0.0167378692594
0 0.22919999707 0.280139980395 0.022370691668 0.014913795429
0 0.168999998394 0.302499981378 0.0281061753891 0.0187374514953
0 0.16779999842 0.264199979694 0.0200620736452 0.0133747166456
0 0.101799999871 0.277399980274 0.0230737145807 0.0153824774017
0 0.313999995206 0.357039983776 0.0753229789757 0.0502153226291
0 0.243399996758 0.439899987419 0.025391929173 0.0169279538985
0 0.144199998939 0.437319987306 0.0246643707012 0.0164429148853
0 0.0852000002359 0.447079987735 0.0518564975832 0.034571000669
0 0.116199999554 0.308539981643 0.0243740992086 0.0162494005441
0 0.00820000192876 0.431179987036 0.01978881875 0.0131925467035
0 0.0498000010142 0.439319987394 0.0269675473701 0.0179783660992
0 0.0286000014803 0.421219986598 0.0271536416706 0.0181024289743
0 0.0908000001128 0.477539989074 0.0437096037191 0.0291397377346
0 0.16279999853 0.564239992887 0.0250929515143 0.0167286354462
0 0.15139999878 0.651079996705 0.0280904449299 0.0187269645218
0 0.0596000007987 0.671859997619 0.0213387141837 0.0142258103941
0 0.173599998292 0.611719994974 0.0694762937693 0.0463175322344
0 0.216999997338 0.605659994708 0.0529791972757 0.03531946718
0 0.245199996718 0.523999991117 0.0456832322143 0.0304554901516
0 0.20099999769 0.468239988665 0.025350574884 0.0169003843707
0 0.179999998152 0.524799991152 0.105391108683 0.0702607437559
0 0.163399998517 0.423499986698 0.0282206416867 0.0188137623653
0 0.341799994594 0.529679991367 0.0366895647629 0.0244597114552
0 0.365999994062 0.538759991766 0.0229316457793 0.0152877648612
0 0.33519999474 0.581339993638 0.122060448758 0.0813736378724
0 0.446399992295 0.511259990557 0.0391296656806 0.0260864455076
0 0.423599992796 0.48835998955 0.0414913121696 0.0276608766041
0 0.421199992849 0.453659988024 0.0317660299645 0.0211773547064
0 0.425599992752 0.416639986397 0.0241796944769 0.0161197973811
0 0.400399993306 0.444839987636 0.0262094183833 0.0174729467413
0 0.376399993834 0.476399989024 0.0855565825607 0.0570377254691
0 0.615199988584 0.538519991756 0.0640174286892 0.0426782886077
0 0.698999986741 0.549599992243 0.0443925430896 0.0295950306784
0 0.760199985396 0.483459989335 0.0239040651728 0.0159360444996
0 0.71499998639 0.578099993496 0.0262954907072 0.0175303282944
0 0.609199988716 0.589279993988 0.0216533233679 0.014435549864
0 0.576599989432 0.528759991326 0.0668238811191 0.0445492570177
0 0.661999987555 0.503059990196 0.0901236592174 0.0600824434411
0 0.733199985989 0.559959992698 0.0473141543529 0.0315427716491
0 0.933599981584 0.53633999166 0.0217770894337 0.01451806058
0 0.912599982045 0.553439992412 0.0443788902382 0.0295859287768
0 0.901999982278 0.627879995685 0.0424970722219 0.0283313833499
0 0.878799982788 0.61297999503 0.0341369762219 0.0227579856489
0 0.82779998391 0.786340002652 0.0290416925103 0.0193611296172
0 0.901799982283 0.681759998054 0.0220971399717 0.0147314276194
0 0.772999985114 0.703419999006 0.0297907195963 0.0198604810408
0 0.567799989626 0.779860002367 0.0208027902999 0.0138685277813
0 0.565599989674 0.732280000275 0.0220692406667 0.0147128280815
0 0.683999987071 0.676879997839 0.0671481858065 0.0447654601569
0 0.578599989388 0.707099999168 0.0227927428565 0.0151951629066
0 0.551799989978 0.691399998478 0.0212123758415 0.0141415848271
0 0.612799988636 0.648579996595 0.0241476399562 0.0160984276993
0 0.646399987898 0.612019994987 0.0688798224575 0.045919884667
0 0.586599989212 0.639519996197 0.0285723510105 0.0190482352633
0 0.797399984578 0.655699996908 0.115267660524 0.0768451120843
0 0.425799992748 0.615179995126 0.0198667785101 0.0132445198803
0 0.45479999211 0.647739996558 0.0305199599411 0.0203466413027
0 0.388999993557 0.654539996857 0.0218005367219 0.0145336921065
0 0.391999993491 0.67301999767 0.0232117271002 0.0154744857541
0 0.437399992493 0.734400000369 0.0282000634759 0.0188000435572
0 0.371999993931 0.704279999044 0.0391774506604 0.0261183021629
0 0.364199994102 0.72579999999 0.0366633473309 0.024442233166
0 0.319999995074 0.771000001978 0.0585641038967 0.0390427385063
0 0.524799990571 0.647219996535 0.0342025692688 0.0228017143497
0 0.354999994304 0.670799997572 0.0475409104064 0.0316939423614
0 0.261799996353 0.700619998883 0.03499552292 0.0233303501521
0 0.222999997206 0.725459999975 0.0202647888082 0.0135098600965
0 0.198599997743 0.723639999895 0.0314608194824 0.0209738810383
0 0.141599998996 0.699459998832 0.0600443500016 0.0400295693079
0 0.0322000014011 0.71259999941 0.0255848498991 0.0170565677244
0 0.0410000012077 0.689919998413 0.0419444285418 0.0279629542055
0 0.195599997809 0.685559998221 0.0675807239678 0.0450538189501
0 0.263999996305 0.672519997648 0.090298969744 0.0601993171331
0 0.339199994652 0.696019998681 0.0311272150267 0.0207514780532
0 0.0466000010845 0.822980004263 0.0476013589006 0.0317342413601
0 0.0372000012912 0.777200002251 0.0589807137315 0.0393204784144
0 0.165799998464 0.8920400073 0.021675781319 0.0144505218325
0 0.234999996943 0.821500004198 0.0302536304053 0.0201690882671
0 0.523199990606 0.941560009478 0.0466699969951 0.0311133333821
0 0.44659999229 0.81812000405 0.0496227723757 0.0330818504324
0 0.561199989771 0.950080009852 0.0476906960369 0.0317937994549
0 0.529999990457 0.825060004355 0.0285553344131 0.0190368908643
0 0.747999985664 0.8715600064 0.0245120127944 0.0163413429407
0 0.684799987054 0.98006001117 0.0304361630923 0.0202907767332
0 0.671399987348 0.974380010921 0.0263035043374 0.0175356707148
0 0.88099998274 0.920500008552 0.0251566648208 0.0167711109867
0 0.859399983215 0.925520008772 0.0325938082802 0.0217292069533
0 0.920599981869 0.833120004709 0.0260598306202 0.0173732215593
0 0.876599982837 0.8192600041 0.063438963312 0.0422926449974
0 0.904799982217 0.855760005705 0.0594103828154 0.0396069244892
0 0.963199980933 0.772880002061 0.0385049982627 0.0256700005349
0 0.0376000012824 0.847740005352 0.0692221330793 0.0461480917633
0 0.50939999091 0.188899976383 0.0407343703872 0.0271562487159
