0 0.616200010547 0.956039991028 0.0270153341318 0.0180102227545
0 0.177200020199 0.942879991318 0.0338338455791 0.0225558970527
0 0.409200015098 0.939499991392 0.0387711324883 0.0258474216588
0 0.551200011976 0.920419991811 0.0559463217336 0.0372975478224
0 0.532400012389 0.948579991192 0.0294295145778 0.0196196763852
0 0.404600015199 0.983379990427 0.0342802344887 0.0228534896592
0 0.65520000969 0.829279993815 0.0268999774233 0.0179333182822
0 0.45140001417 0.813039994172 0.0365274148285 0.0243516098856
0 0.288000017763 0.846679993433 0.0295134103658 0.0196756069105
0 0.528200012482 0.971339990692 0.0362821581558 0.0241881054372
0 0.0278000234831 0.856919993208 0.0254833455978 0.0169888970652
0 0.074200022463 0.838079993622 0.0324078150509 0.021605210034
0 0.0844000222388 0.819839994023 0.0239541272078 0.0159694181385
0 0.11980002146 0.803319994386 0.0223000544729 0.0148667029819
0 0.236600018893 0.835099993687 0.0216618330953 0.0144412220635
0 0.281400017908 0.781419994867 0.0199948989778 0.0133299326519
0 0.30220001745 0.908079992083 0.020111047156 0.0134073647706
0 0.199200019715 0.897859992307 0.0411047808925 0.0274031872617
0 0.922600003811 0.673839997233 0.0305804104522 0.0203869403015
0 0.891800004488 0.66531999742 0.0249667137525 0.016644475835
0 0.604200010811 0.673019997251 0.030088512035 0.0200590080233
0 0.864000005099 0.609719998642 0.0221484880258 0.0147656586838
0 0.701000008683 0.630539998185 0.0271265356243 0.0180843570829
0 0.810800006269 0.718299996255 0.0769797278888 0.0513198185925
0 0.92900000367 0.785519994777 0.0317208193532 0.0211472129021
0 0.638200010063 0.877879992747 0.0856601718004 0.0571067812002
0 0.987600002382 0.333040004725 0.0311974600154 0.020798306677
0 0.657400009641 0.417560002867 0.0331187527071 0.0220791684714
0 0.873200004897 0.52706000046 0.0239642184464 0.015976145631
0 0.449000014223 0.480940001474 0.0256720121871 0.0171146747914
0 0.164000020489 0.552259999906 0.0256131466283 0.0170754310855
0 0.358800016206 0.616859998485 0.0397965804156 0.0265310536104
0 0.505800012974 0.599759998861 0.0318134213078 0.0212089475386
0 0.452000014157 0.598579998887 0.0315791462773 0.0210527641848
0 0.370600015947 0.591399999045 0.0226554243673 0.0151036162448
0 0.830400005838 0.469540001724 0.0314119483036 0.020941298869
0 0.92080000385 0.472940001649 0.0338428485469 0.0225618990313
0 0.939400003441 0.415780002906 0.0408325153164 0.0272216768776
0 0.652400009751 0.618679998445 0.0211094861799 0.0140729907866
0 0.609400010696 0.596799998926 0.0356861814733 0.0237907876489
0 0.471000013739 0.549879999958 0.0264442887448 0.0176295258298
0 0.976200002632 0.517460000671 0.037216883869 0.0248112559127
0 0.975800002641 0.377300003752 0.0265050340441 0.0176700226961
0 0.844800005521 0.417460002869 0.054477452908 0.0363183019387
0 0.318000017103 0.631059998173 0.0257842030167 0.0171894686778
0 0.366000016048 0.663999997449 0.0204117067074 0.0136078044716
0 0.234200018945 0.659519997547 0.024883015832 0.0165886772213
0 0.197000019763 0.652279997707 0.0253013075673 0.0168675383782
0 0.130400021227 0.773279995046 0.0542814652241 0.0361876434827
0 0.193400019842 0.697819996705 0.0203222706316 0.0135481804211
0 0.0282000234743 0.509660000842 0.0328395617711 0.0218930411808
0 0.0346000233336 0.533660000314 0.0375809599301 0.0250539732867
0 0.0822000222871 0.724719996114 0.0337879403366 0.0225252935578
0 0.278800017965 0.761539995304 0.0366273378778 0.0244182252519
0 0.122200021408 0.393120003404 0.0625209615803 0.0416806410535
0 0.31540001716 0.315000005122 0.0212868743259 0.0141912495506
0 0.420800014843 0.363380004058 0.0340421999771 0.0226947999847
0 0.333200016769 0.346280004434 0.0227095411078 0.0151396940719
0 0.449800014205 0.344560004472 0.0207185001491 0.0138123334327
0 0.539400012235 0.324900004904 0.0228781241535 0.015252082769
0 0.515400012763 0.336660004646 0.0259198411362 0.0172798940908
0 0.41640001494 0.226580007066 0.0410993395383 0.0273995596922
0 0.488800013348 0.184340007994 0.0240649329655 0.0160432886437
0 0.444000014333 0.217180007272 0.0358426946061 0.0238951297374
0 0.61880001049 0.156620008604 0.035058150268 0.0233721001787
0 0.720200008261 0.101680009812 0.0211414417689 0.0140942945126
0 0.907400004145 0.0526400108899 0.0209143888993 0.0139429259329
0 0.8776000048 0.113020009562 0.019883796419 0.0132558642793
0 0.832600005789 0.242000006727 0.0199905458945 0.0133270305963
0 0.518600012693 0.075740010382 0.0254584143023 0.0169722762016
0 0.416800014931 0.0878000101169 0.0203870722131 0.0135913814754
0 0.231000019016 0.0972600099089 0.0331904796484 0.0221269864323
0 0.0578000228236 0.0988600098737 0.0268416065331 0.0178944043554
0 0.0192000236722 0.237840006818 0.0234999225349 0.0156666150233
0 0.967600002821 0.811439994207 0.0377656691708 0.0251771127805
0 0.6138000106 0.53980000018 0.032378926407 0.021585950938
0 0.426200014724 0.683199997027 0.0258727486892 0.0172484991261
0 0.0312000234084 0.40970000304 0.0227462455151 0.0151641636767
