0 0.382599993697 0.413647980968 0.614080562513 0.409387041676
0 0.609399988711 0.76330397328 0.322322077117 0.214881384745
0 0.636799988109 0.794521972594 0.136373196958 0.0909154646386
0 0.0164000017485 0.0280899894443 0.0216652957752 0.0144435305168
0 0.139399999044 0.0817239882652 0.1779174414 0.1186116276
0 0.19919999773 0.0454579890625 0.0889164760049 0.0592776506699
0 0.267199996235 0.0710139885006 0.0278783329036 0.0185855552691
0 0.346799994485 0.0964659879411 0.0228379570663 0.0152253047109
0 0.394799993429 0.107137987706 0.0276714625113 0.0184476416742
0 0.296799995584 0.0115559898078 0.0226177306229 0.0150784870819
0 0.435799992528 0.108901987668 0.0244884681876 0.0163256454584
0 0.508599990927 0.123535987346 0.0652078033372 0.0434718688915
0 0.45159999218 0.162759986484 0.149177197995 0.0994514653303
0 0.491799991297 0.206939985512 0.028819885043 0.0192132566953
0 0.553199989947 0.178283986142 0.0238224464368 0.0158816309579
0 0.623199988408 0.0844679882048 0.0324105851949 0.0216070567966
0 0.575599989454 0.0326259893446 0.0354453768177 0.0236302512118
0 0.782199984912 0.0318299893621 0.0258327794694 0.0172218529796
0 0.868999983004 0.0371219892457 0.0465078477189 0.0310052318126
0 0.940999981421 0.0762879883847 0.0283212591333 0.0188808394222
0 0.925799981755 0.0697499885284 0.0200635589741 0.0133757059827
0 0.976199980647 0.0935619880049 0.0297626243869 0.0198417495913
0 0.981599980528 0.102017987819 0.0441638112748 0.0294425408499
0 0.908199982142 0.15338798669 0.0318073863514 0.0212049242343
0 0.919999981883 0.16294198648 0.0272482240904 0.0181654827269
0 0.90599998219 0.171249986297 0.0203438381809 0.0135625587872
0 0.843399983567 0.111613987608 0.0200171590631 0.0133447727087
0 0.861399983171 0.149687986771 0.0225055397932 0.0150036931955
0 0.871399982951 0.205307985548 0.0289806523254 0.0193204348836
0 0.945999981311 0.183255986033 0.0206086837285 0.0137391224857
0 0.944599981342 0.13424598711 0.0461916555745 0.0307944370497
0 0.939399981456 0.232677984946 0.0198395730496 0.0132263820331
0 0.953599981144 0.298515983499 0.0217741228587 0.0145160819058
0 0.94239998139 0.270625984112 0.019984510938 0.013323007292
0 0.909799982107 0.279999983906 0.0468621293424 0.0312414195616
0 0.884399982665 0.266069984212 0.025718115297 0.017145410198
0 0.813399984226 0.2620779843 0.0289696706833 0.0193131137889
0 0.894599982441 0.301153983441 0.0417130253553 0.0278086835702
0 0.89419998245 0.245875984656 0.026455567188 0.017637044792
0 0.805799984393 0.311995983203 0.0201912823966 0.0134608549311
0 0.826999983927 0.331993982763 0.0288760793915 0.0192507195944
0 0.756799985471 0.332645982749 0.0232748483396 0.0155165655597
0 0.855799983294 0.26572198422 0.164853244699 0.109902163133
0 0.842399983589 0.146363986844 0.0278047262217 0.0185364841478
0 0.747799985668 0.124147987332 0.0246224244339 0.0164149496226
0 0.724799986174 0.228813985031 0.0205306250296 0.013687083353
0 0.677999987203 0.290123983683 0.0217443438113 0.0144962292075
0 0.639599988047 0.260057984344 0.0223608987059 0.014907265804
0 0.682599987102 0.217401985282 0.021921830891 0.0146145539273
0 0.660199987594 0.216039985312 0.0253667027511 0.0169111351674
0 0.633599988179 0.24933598458 0.0216037590062 0.0144025060041
0 0.609999988698 0.137337987042 0.0198862697618 0.0132575131745
0 0.609799988702 0.220759985208 0.0440381654603 0.0293587769735
0 0.598599988949 0.205177985551 0.0274500488634 0.0183000325756
0 0.522999990611 0.233289984933 0.022935011038 0.0152900073587
0 0.531399990426 0.314977983137 0.0219643723873 0.0146429149249
0 0.518399990712 0.35351798229 0.062726644768 0.0418177631787
0 0.440199992431 0.281555983872 0.0243978449072 0.0162652299381
0 0.365599994071 0.303969983379 0.0387041543651 0.0258027695767
0 0.349799994419 0.355057982256 0.023221424135 0.0154809494233
0 0.38659999361 0.342085982541 0.0208905458747 0.0139270305831
0 0.276799996024 0.271739984088 0.025531427382 0.017020951588
0 0.396199993398 0.23662798486 0.0883403849986 0.058893589999
0 0.281799995914 0.204447985567 0.0640362303169 0.0426908202113
0 0.242799996771 0.184107986014 0.0203038689611 0.0135359126407
0 0.229399997066 0.239741984791 0.021490380972 0.014326920648
0 0.189199997949 0.218267985263 0.0237547757776 0.0158365171851
0 0.175799998244 0.272661984067 0.0728073964426 0.0485382642951
0 0.0956000000072 0.281401983875 0.022942925735 0.0152952838233
0 0.0977999999589 0.306813983316 0.0212669886497 0.0141779924332
0 0.0784000003854 0.255507984444 0.0571377804301 0.0380918536201
0 0.136999999097 0.228935985029 0.0221192036469 0.0147461357646
0 0.049400001023 0.205175985551 0.0266021869495 0.0177347912997
0 0.0226000016122 0.18974598589 0.0255832686472 0.0170555124314
0 0.021200001643 0.161705986507 0.0228347911875 0.015223194125
0 0.0334000013747 0.459983979949 0.0822115404592 0.0548076936395
0 0.0822000003019 0.440733980372 0.0198119705439 0.0132079803626
0 0.0230000016034 0.389269981504 0.0370724406492 0.0247149604328
0 0.038800001256 0.335837982678 0.0237930631243 0.0158620420828
0 0.0814000003194 0.362771982086 0.0451704617968 0.0301136411979
0 0.0566000008647 0.388441981522 0.0448358679821 0.0298905786547
0 0.106999999757 0.36761798198 0.0381849502433 0.0254566334955
0 0.0666000006448 0.501503979036 0.0257641194731 0.0171760796488
0 0.128599999282 0.44445798029 0.0205728697247 0.0137152464831
0 0.148199998851 0.452109980122 0.0201067930063 0.0134045286709
0 0.167199998433 0.45039598016 0.0229360003752 0.0152906669168
0 0.171999998328 0.437437980445 0.0226523574222 0.0151015716148
0 0.156199998675 0.471627979693 0.0239326585922 0.0159551057281
0 0.150799998794 0.491707979252 0.0381628880254 0.0254419253503
0 0.168199998411 0.397235981329 0.122058478134 0.0813723187562
0 0.191599997897 0.480307979502 0.0236464433627 0.0157642955752
0 0.191599997897 0.474011979641 0.0321652295885 0.0214434863924
0 0.234999996943 0.484907979401 0.0219329114668 0.0146219409779
0 0.255399996494 0.506479978927 0.0309209402897 0.0206139601932
0 0.278199995993 0.47722997957 0.0405463990206 0.0270309326804
0 0.271999996129 0.521639978593 0.0246502248071 0.0164334832047
0 0.177199998213 0.320681983012 0.101608879815 0.0677392532101
0 0.135799999123 0.340371982579 0.0820328661749 0.05468857745
0 0.125399999352 0.301889983425 0.049250982758 0.0328339885054
0 0.361799994155 0.401397981237 0.0897463319832 0.0598308879888
0 0.361599994159 0.444973980279 0.0865356362199 0.0576904241466
0 0.319399995087 0.522433978576 0.0405071223369 0.0270047482246
0 0.300199995509 0.51497597874 0.0437924141191 0.0291949427461
0 0.305799995386 0.538369978226 0.0369913150051 0.0246608766701
0 0.396399993394 0.577563977364 0.0213499940343 0.0142333293562
0 0.43159999262 0.60094997685 0.0221348351735 0.0147565567823
0 0.467199991838 0.587683977141 0.027811849449 0.018541232966
0 0.454999992106 0.649669975779 0.0287132345012 0.0191421563341
0 0.529799990461 0.62505397632 0.0245004391667 0.0163336261112
0 0.395799993407 0.51589397872 0.0232103435592 0.0154735623728
0 0.397599993368 0.448811980195 0.0254038028932 0.0169358685955
0 0.552199989969 0.533811978326 0.0293371104906 0.0195580736604
0 0.446999992282 0.415173980934 0.0199335600762 0.0132890400508
0 0.488999991358 0.428607980639 0.0874747150165 0.0583164766777
0 0.549999990017 0.407751981097 0.0204647351772 0.0136431567848
0 0.566399989657 0.485139979396 0.0257253374579 0.017150224972
0 0.562799989736 0.371985981884 0.0367573367757 0.0245048911838
0 0.568199989617 0.403437981192 0.0262462234529 0.0174974823019
0 0.540799990219 0.384757981603 0.0827577534845 0.0551718356563
0 0.677399987216 0.392647981429 0.0434150809406 0.0289433872938
0 0.684399987062 0.378347981744 0.0301495541354 0.020099702757
0 0.716599986354 0.474245979635 0.0218087496579 0.0145391664386
0 0.806199984385 0.4258079807 0.0616171031853 0.0410780687902
0 0.849799983426 0.430615980595 0.0276484109564 0.0184322739709
0 0.916399981962 0.411171981022 0.0378300750175 0.0252200500117
0 0.944999981333 0.345103982475 0.0309410238333 0.0206273492222
0 0.903599982243 0.541149978165 0.0215389574247 0.0143593049498
0 0.970999980761 0.71736597429 0.0250999774629 0.0167333183086
0 0.979999980563 0.673671975251 0.0244395949337 0.0162930632891
0 0.923999981795 0.571309977501 0.0314965366275 0.020997691085
0 0.948599981254 0.657667975603 0.0581880607192 0.0387920404795
0 0.979399980577 0.755653973449 0.0218146856807 0.0145431237871
0 0.869199982999 0.663823975468 0.0257005050962 0.0171336700641
0 0.853799983338 0.659451975564 0.0221725289178 0.0147816859452
0 0.847199983483 0.706631974526 0.124877099596 0.0832513997306
0 0.819399984094 0.585741977184 0.0201165874438 0.0134110582959
0 0.687399986996 0.564735977646 0.0313784097751 0.0209189398501
0 0.709399986513 0.640155975988 0.0240806634257 0.0160537756172
0 0.695199986825 0.743535973715 0.0263196322673 0.0175464215116
0 0.797599984574 0.677771975161 0.103969438189 0.0693129587927
0 0.779199984978 0.605363976753 0.102746617506 0.0684977450039
0 0.599999988918 0.566139977615 0.0221077273363 0.0147384848909
0 0.616399988557 0.605545976749 0.0223401226264 0.0148934150842
0 0.587799989186 0.584465977212 0.0315105852147 0.0210070568098
0 0.745199985726 0.758115973395 0.0220472788381 0.0146981858921
0 0.586999989204 0.752175973525 0.0588537856688 0.0392358571125
0 0.561399989767 0.696237974755 0.0244483011004 0.0162988674003
0 0.531999990413 0.649579975781 0.0754282494135 0.050285499609
0 0.493599991257 0.656061975638 0.0250165763435 0.0166777175623
0 0.490599991323 0.697961974717 0.0225560949202 0.0150373966134
0 0.54259999018 0.684053975023 0.034593359688 0.023062239792
0 0.523599990598 0.700175974668 0.0390719899072 0.0260479932715
0 0.366599994049 0.718897974257 0.0234677690784 0.0156451793856
0 0.406799993165 0.759887973356 0.111215343273 0.0741435621822
0 0.401999993271 0.730687973998 0.0261887429661 0.0174591619774
0 0.281599995918 0.75011997357 0.0211811141875 0.0141207427917
0 0.281999995909 0.765089973241 0.0391034508277 0.0260689672184
0 0.338999994656 0.655203975657 0.0254979877872 0.0169986585248
0 0.286799995804 0.680881975093 0.021420929506 0.0142806196706
0 0.432399992603 0.635269976095 0.0572920180875 0.038194678725
0 0.251799996573 0.652673975713 0.025831889066 0.0172212593773
0 0.206799997562 0.653597975692 0.0215588431008 0.0143725620672
0 0.212799997431 0.716783974303 0.0274863575358 0.0183242383572
0 0.222599997215 0.595729976965 0.158994390261 0.105996260174
0 0.111999999647 0.618443976465 0.034265691233 0.0228437941554
0 0.0904000001216 0.644229975898 0.0233079911332 0.0155386607554
0 0.101999999867 0.686825974962 0.039459513258 0.026306342172
0 0.108399999726 0.705445974552 0.0242199620926 0.016146641395
0 0.0764000004294 0.702723974612 0.0229794322748 0.0153196215166
0 0.175799998244 0.742241973743 0.020294964927 0.013529976618
0 0.249999996613 0.775045973022 0.071449926977 0.0476332846514
0 0.17279999831 0.820795972016 0.0701160037349 0.04674400249
0 0.176399998231 0.849025971396 0.0245890837729 0.0163927225153
0 0.109199999708 0.83471597171 0.0298300971786 0.0198867314524
0 0.0406000012164 0.82201397199 0.0419519502704 0.0279679668469
0 0.130199999247 0.595807976963 0.0229120584168 0.0152747056112
0 0.0382000012692 0.581593977275 0.058098031041 0.038732020694
0 0.0414000011989 0.654737975667 0.078439099078 0.0522927327186
0 0.0582000008295 0.70602397454 0.0284763871941 0.0189842581294
0 0.200199997708 0.887671970546 0.0385646578308 0.0257097718872
0 0.374199993882 0.980147968513 0.0276083428029 0.0184055618686
0 0.307199995355 0.917645969887 0.150232820705 0.100155213803
0 0.290399995725 0.851391971344 0.165821805742 0.110547870495
0 0.440799992418 0.899755970281 0.0260998015588 0.0173998677058
0 0.357599994247 0.863127971086 0.0460573035933 0.0307048690622
0 0.456399992075 0.903355970201 0.0219329114668 0.0146219409779
0 0.499799991121 0.963499968879 0.0909319535906 0.0606213023937
0 0.502799991055 0.848985971397 0.0206310427475 0.0137540284983
0 0.535999990325 0.871951970892 0.0231291189814 0.0154194126543
0 0.550999989995 0.92889196964 0.0921952381621 0.0614634921081
0 0.563599989718 0.845791971467 0.103296688946 0.0688644592973
0 0.598399988953 0.919531969846 0.0695397148612 0.0463598099074
0 0.62219998843 0.869677970942 0.0607172021388 0.0404781347592
0 0.660599987586 0.873501970858 0.0295822682295 0.019721512153
0 0.525799990549 0.878167970755 0.0974874992308 0.0649916661539
0 0.684399987062 0.913185969985 0.0507844552977 0.0338563035318
0 0.574799989472 0.780929972893 0.0285494002737 0.0190329335158
0 0.771599985145 0.951211969149 0.0256068148707 0.0170712099138
0 0.771799985141 0.885197970601 0.0231264477712 0.0154176318475
0 0.823199984011 0.864927971046 0.0788529387962 0.0525686258642
0 0.793399984666 0.842097971548 0.0217995488227 0.0145330325485
0 0.844199983549 0.839561971604 0.0208597774902 0.0139065183268
0 0.882199982714 0.775361973015 0.0248556111937 0.0165704074625
0 0.771199985154 0.790355972686 0.130380782008 0.0869205213385
0 0.797799984569 0.747153973636 0.0853424956504 0.0568949971003
0 0.850399983413 0.759403973366 0.0811584900262 0.0541056600175
0 0.755599985497 0.842353971543 0.0301404522339 0.0200936348226
0 0.842599983584 0.921033969813 0.035524029119 0.0236826860793
0 0.901199982296 0.956713969028 0.0485962394505 0.032397492967
0 0.950799981205 0.944117969305 0.0968363175369 0.0645575450246
0 0.947199981285 0.774415973036 0.0462538848795 0.030835923253
0 0.845399983523 0.146403986843 0.182141910913 0.121427940608
0 0.579399989371 0.205077985553 0.0958678554278 0.0639119036185
0 0.580999989336 0.290479983676 0.126016815961 0.0840112106406
0 0.555199989903 0.0909279880628 0.176516540035 0.117677693357
0 0.332999994788 0.218125985266 0.0890048238099 0.0593365492066
0 0.076600000425 0.455203980054 0.0224475646378 0.0149650430919
0 0.274399996076 0.44310998032 0.0477458052601 0.03183053684
0 0.755199985506 0.399951981269 0.0288555011794 0.0192370007863
0 0.416399992954 0.709611974461 0.0247603380288 0.0165068920192
0 0.782399984908 0.860399971146 0.0217730345878 0.0145153563919
