0 0.847000005473 0.80359999438 0.196918650172 0.131279100115
0 0.870400004958 0.542280000125 0.215364840819 0.143576560546
0 0.481200013515 0.612599998579 0.0925753414845 0.061716894323
0 0.677200009206 0.625919998286 0.221664939614 0.147776626409
0 0.178200020177 0.811699994202 0.388965804354 0.259310536236
0 0.23080001902 0.573219999445 0.1917038542 0.127802569467
0 0.524600012561 0.421600002778 0.219143119289 0.146095412859
0 0.172000020313 0.134760009084 0.152827851977 0.101885234651
0 0.845800005499 0.839479993591 0.0265933818491 0.0177289212327
0 0.849800005411 0.820919993999 0.0267398037432 0.0178265358288
0 0.7548000075 0.874039992831 0.02245162092 0.01496774728
0 0.845400005508 0.907559992094 0.0283996146334 0.0189330764223
0 0.856000005275 0.921119991796 0.0273287561322 0.0182191707548
0 0.653000009738 0.972919990657 0.0265878415612 0.0177252277075
0 0.56240001173 0.975019990611 0.0216380890043 0.0144253926696
0 0.917200003929 0.923819991737 0.0709016363438 0.0472677575625
0 0.366400016039 0.989859990285 0.0266514559382 0.0177676372921
0 0.227800019086 0.953819991077 0.041537121215 0.0276914141433
0 0.176200020221 0.944759991276 0.0401880611149 0.0267920407433
0 0.164600020476 0.929159991619 0.0260198631193 0.0173465754128
0 0.134200021144 0.961299990913 0.0516817840677 0.0344545227118
0 0.0286000234655 0.98827999032 0.0241747493861 0.0161164995907
0 0.260000018378 0.895899992351 0.0371410017118 0.0247606678078
0 0.0260000235227 0.967079990786 0.0410282061992 0.0273521374662
0 0.0754000224366 0.955299991045 0.026295690309 0.017530460206
0 0.443400014346 0.962499990886 0.0460745180593 0.0307163453728
0 0.331600016804 0.92685999167 0.026672133084 0.017781422056
0 0.295800017591 0.913459991964 0.0431358900047 0.0287572600031
0 0.329600016848 0.846299993441 0.0209113219542 0.0139408813028
0 0.497600013154 0.788639994709 0.0214912713754 0.0143275142502
0 0.626200010327 0.859559993149 0.0353480260449 0.0235653506966
0 0.622400010411 0.799739994465 0.0230961740553 0.0153974493702
0 0.447200014262 0.877139992763 0.0676855981601 0.0451237321068
0 0.421800014821 0.840459993569 0.0542077596085 0.0361385064057
0 0.551800011963 0.767859995166 0.0324447173256 0.0216298115504
0 0.477600013594 0.939399991394 0.0216666808472 0.0144444538981
0 0.536400012301 0.922959991756 0.0339463332099 0.0226308888066
0 0.558400011818 0.903019992194 0.0248087166141 0.0165391444094
0 0.512400012829 0.900219992256 0.0406293054715 0.0270862036477
0 0.570800011545 0.743139995709 0.023170176472 0.0154467843147
0 0.611800010644 0.745739995652 0.0348028023568 0.0232018682378
0 0.594000011035 0.714799996332 0.0633581386532 0.0422387591021
0 0.508800012908 0.719679996225 0.0354316250317 0.0236210833545
0 0.431000014619 0.729659996005 0.0350927770673 0.0233951847115
0 0.477200013603 0.733699995917 0.05583136076 0.0372209071733
0 0.603000010837 0.685199996983 0.030453973168 0.0203026487787
0 0.555800011875 0.656159997621 0.0426094637219 0.0284063091479
0 0.432400014588 0.68487999699 0.0207619320488 0.0138412880325
0 0.660000009584 0.736579995853 0.0300330102224 0.0200220068149
0 0.66700000943 0.790039994678 0.0198762774568 0.0132508516379
0 0.684200009052 0.757359995396 0.0240287232268 0.0160191488179
0 0.698200008744 0.745479995658 0.0229799269434 0.0153199512956
0 0.755800007478 0.76719999518 0.0298324715877 0.0198883143918
0 0.774400007069 0.741799995738 0.0415255459706 0.0276836973138
0 0.833600005767 0.714159996346 0.0736739568281 0.0491159712187
0 0.79480000662 0.686459996955 0.0300145096182 0.0200096730788
0 0.820800006049 0.675119997204 0.0220139381771 0.0146759587847
0 0.727800008093 0.722559996161 0.0629518178971 0.041967878598
0 0.71520000837 0.768259995157 0.0362706818452 0.0241804545635
0 0.644800009918 0.772479995064 0.0309605137746 0.0206403425164
0 0.988400002364 0.760959995317 0.0198783550648 0.0132522367099
0 0.968400002804 0.660399997528 0.0367484327416 0.0244989551611
0 0.982600002492 0.677199997159 0.0207748923651 0.0138499282434
0 0.990200002325 0.714539996338 0.0290397157516 0.019359810501
0 0.714400008388 0.670019997317 0.117904251558 0.0786028343717
0 0.611600010648 0.659959997538 0.032372396782 0.0215815978546
0 0.778800006972 0.570619999502 0.0207385836927 0.0138257224618
0 0.814000006198 0.601579998821 0.0199746175668 0.0133164117112
0 0.862200005139 0.607599998689 0.0374876654394 0.0249917769596
0 0.913000004022 0.58117999927 0.0263352637939 0.0175568425293
0 0.876400004826 0.563999999647 0.0229557871176 0.0153038580784
0 0.898000004352 0.638259998015 0.0526863569817 0.0351242379878
0 0.757400007443 0.55207999991 0.0370306906226 0.0246871270817
0 0.738800007852 0.538500000208 0.0203010988172 0.0135340658781
0 0.804400006409 0.532440000341 0.0337405510885 0.0224937007257
0 0.814200006194 0.515240000719 0.0274939754316 0.0183293169544
0 0.936800003499 0.646959997824 0.0363622944627 0.0242415296418
0 0.968800002795 0.630859998178 0.0207773657079 0.0138515771386
0 0.976200002632 0.469660001722 0.043527370704 0.029018247136
0 0.929400003661 0.470080001712 0.0336217317001 0.0224144878001
0 0.947000003274 0.452720002094 0.0356156417365 0.0237437611577
0 0.892200004479 0.429840002597 0.0401689669085 0.0267793112723
0 0.922000003824 0.446920002222 0.0459620304284 0.030641353619
0 0.859000005209 0.413500002956 0.0365388911391 0.0243592607594
0 0.834800005741 0.448240002192 0.0235494883247 0.0156996588832
0 0.859200005205 0.45470000205 0.0205956244785 0.013730416319
0 0.891200004501 0.465680001809 0.0218172579572 0.0145448386381
0 0.963200002918 0.376340003773 0.0239665928555 0.0159777285703
0 0.911400004057 0.371080003889 0.0332475644004 0.0221650429336
0 0.802000006462 0.485320001377 0.0317071665009 0.0211381110006
0 0.848800005433 0.470440001704 0.0330772994816 0.0220515329878
0 0.800000006506 0.465660001809 0.025301406501 0.016867604334
0 0.819800006071 0.423420002738 0.0387458054579 0.025830536972
0 0.986400002408 0.316940005079 0.0199554244266 0.0133036162844
0 0.951600003173 0.225580007088 0.0366615689423 0.0244410459615
0 0.936400003507 0.200560007638 0.0201015495196 0.0134010330131
0 0.871200004941 0.189740007876 0.0382680545615 0.0255120363744
0 0.905200004193 0.215340007313 0.0425021206441 0.0283347470961
0 0.928000003692 0.262980006265 0.020508463878 0.013672309252
0 0.955000003098 0.257840006378 0.0200292289759 0.0133528193173
0 0.971800002729 0.247940006596 0.0211674613352 0.0141116408901
0 0.987600002382 0.222260007161 0.0284137621543 0.0189425081028
0 0.925000003758 0.242560006714 0.0463901166013 0.0309267444009
0 0.821600006031 0.194700007767 0.0304497190184 0.0202998126789
0 0.84940000542 0.163560008451 0.0272035060525 0.0181356707016
0 0.870400004958 0.170960008289 0.0214760355837 0.0143173570558
0 0.934200003556 0.140560008957 0.0199075405099 0.0132716936733
0 0.835400005728 0.146820008819 0.020204539514 0.0134696930094
0 0.958800003015 0.107140009692 0.0434479269331 0.0289652846221
0 0.920600003855 0.0802400102831 0.0454311521286 0.0302874347524
0 0.780600006933 0.16818000835 0.0255190606679 0.017012707112
0 0.904200004215 0.342180004524 0.0243942832935 0.016262855529
0 0.864000005099 0.382600003636 0.0523655149529 0.034910343302
0 0.808400006321 0.394060003384 0.0489446839849 0.0326297893233
0 0.859000005209 0.361320004103 0.0258962949127 0.0172641966085
0 0.8594000052 0.330800004774 0.0299290308909 0.0199526872606
0 0.831600005811 0.328840004818 0.0283580624743 0.0189053749828
0 0.852200005358 0.287060005736 0.0311250405381 0.0207500270254
0 0.852800005345 0.274860006004 0.0242772447119 0.016184829808
0 0.845000005517 0.304800005346 0.0259469489734 0.0172979659822
0 0.726400008124 0.333520004715 0.0227423871003 0.0151615914002
0 0.651800009764 0.365180004019 0.0225293828179 0.0150195885452
0 0.723600008186 0.291700005634 0.0436478719655 0.0290985813104
0 0.720200008261 0.307940005277 0.0315060342639 0.0210040228426
0 0.685800009017 0.315240005117 0.0228362751932 0.0152241834621
0 0.740800007808 0.356420004211 0.0369138499085 0.0246092332723
0 0.807800006335 0.369080003933 0.0201659553663 0.0134439702442
0 0.796600006581 0.347900004398 0.0202607338626 0.0135071559084
0 0.925200003754 0.352940004288 0.0305555780905 0.0203703853936
0 0.96220000294 0.299720005458 0.0238924915051 0.01592832767
0 0.885000004637 0.280480005881 0.027785730949 0.0185238206327
0 0.73160000801 0.447360002212 0.0547907759747 0.0365271839831
0 0.719600008274 0.422980002748 0.0377403421405 0.0251602280937
0 0.521400012631 0.462500001879 0.0374556109167 0.0249704072778
0 0.508800012908 0.448620002184 0.0201669447034 0.0134446298023
0 0.411200015054 0.509040000856 0.0330756176085 0.022050411739
0 0.51280001282 0.516960000682 0.031345464849 0.020896976566
0 0.42640001472 0.589539999086 0.0205439810807 0.0136959873871
0 0.631000010222 0.575459999396 0.0580442111016 0.0386961407344
0 0.719000008287 0.47430000162 0.0217525553094 0.0145017035396
0 0.672400009311 0.467040001779 0.0370227759256 0.0246818506171
0 0.615000010573 0.516220000698 0.0294768048922 0.0196512032615
0 0.588600011154 0.507760000884 0.0370360330431 0.0246906886954
0 0.639000010046 0.491760001236 0.0454599418388 0.0303066278926
0 0.674800009259 0.520020000614 0.0295294376271 0.0196862917514
0 0.656200009668 0.539820000179 0.035930053074 0.023953368716
0 0.702800008643 0.495800001147 0.0476289645459 0.0317526430306
0 0.72840000808 0.517760000664 0.0216954705574 0.0144636470383
0 0.578200011382 0.589139999095 0.0453511147554 0.0302340765036
0 0.489400013335 0.566019999603 0.0344483228658 0.0229655485772
0 0.54420001213 0.546080000041 0.0496717478362 0.0331144985574
0 0.75980000739 0.460380001926 0.0501564240924 0.0334376160616
0 0.524800012556 0.501980001011 0.0201493345026 0.0134328896684
0 0.162800020515 0.674499997218 0.0599759907667 0.0399839938445
0 0.172800020295 0.63667999805 0.0306712316001 0.0204474877334
0 0.27540001804 0.649239997773 0.0491384951272 0.0327589967515
0 0.203200019627 0.653359997683 0.0446359229496 0.0297572819664
0 0.261800018339 0.798799994485 0.0271725398005 0.0181150265337
0 0.125200021342 0.759719995345 0.0340087603824 0.0226725069216
0 0.188800019944 0.830959993778 0.029003802814 0.0193358685427
0 0.0130000238085 0.698639996687 0.0227933379621 0.0151955586414
0 0.0420000231709 0.690419996868 0.0273646690697 0.0182431127131
0 0.0256000235315 0.760779995321 0.029529140826 0.019686093884
0 0.0730000224894 0.812939994174 0.0285685934139 0.0190457289426
0 0.0340000233468 0.808979994262 0.0268761343987 0.0179174229325
0 0.178400020172 0.475600001591 0.0307747162631 0.0205164775087
0 0.197000019763 0.442340002322 0.024424359142 0.0162829060947
0 0.238800018844 0.417200002875 0.0236720671942 0.0157813781295
0 0.116800021526 0.459680001941 0.0362432772069 0.0241621848046
0 0.0816000223003 0.476020001582 0.0277115306648 0.0184743537765
0 0.0358000233072 0.39968000326 0.0256351099124 0.0170900732749
0 0.24580001869 0.513560000756 0.02077182542 0.0138478836133
0 0.378000015784 0.474320001619 0.0479493119061 0.0319662079374
0 0.443400014346 0.445880002244 0.0222041877057 0.0148027918038
0 0.41640001494 0.442060002328 0.0232508074475 0.0155005382983
0 0.263400018303 0.568279999553 0.109975703859 0.073317135906
0 0.261800018339 0.493280001202 0.0598543023007 0.0399028682004
0 0.22760001909 0.479080001514 0.0480542805748 0.0320361870499
0 0.558600011813 0.411560002999 0.0251651747793 0.0167767831862
0 0.6320000102 0.286480005749 0.0200644493775 0.013376299585
0 0.495400013203 0.248840006576 0.0207079142419 0.0138052761613
0 0.541800012183 0.247360006609 0.0323935685964 0.0215957123976
0 0.390800015502 0.319280005028 0.0290875996683 0.0193917331122
0 0.434400014544 0.343240004501 0.0275528409904 0.0183685606602
0 0.491600013286 0.433620002514 0.023288105457 0.015525403638
0 0.457600014034 0.420200002809 0.0516355820241 0.0344237213494
0 0.263600018299 0.291020005649 0.0233646801503 0.0155764534335
0 0.276200018022 0.360180004129 0.166827961596 0.111218641064
0 0.49960001311 0.320200005007 0.0320811359331 0.0213874239554
0 0.435000014531 0.28278000583 0.0273486418083 0.0182324278722
0 0.412600015023 0.270480006101 0.0263740458091 0.0175826972061
0 0.745000007715 0.223680007129 0.0267886769971 0.017859117998
0 0.704400008608 0.211400007399 0.0223053968934 0.0148702645956
0 0.691400008894 0.166620008384 0.0520985917973 0.0347323945316
0 0.619800010468 0.235100006878 0.0616210605338 0.0410807070225
0 0.586800011193 0.207920007476 0.0368762550978 0.0245841700652
0 0.582000011299 0.192900007806 0.0309293496553 0.0206195664369
0 0.535600012319 0.189960007871 0.0418422327835 0.0278948218557
0 0.555800011875 0.227720007041 0.027828371379 0.018552247586
0 0.774400007069 0.0790800103086 0.0244014065208 0.0162676043472
0 0.599600010912 0.271280006083 0.045327172797 0.030218115198
0 0.696600008779 0.0948800099612 0.0336000652171 0.0224000434781
0 0.719800008269 0.235080006879 0.0252124650937 0.0168083100625
0 0.617200010525 0.111640009593 0.0237668456905 0.0158445637937
0 0.593600011044 0.127960009234 0.0327685273658 0.0218456849105
0 0.767000007232 0.132540009133 0.0260769478712 0.0173846319142
0 0.806600006361 0.0886400100984 0.0223684176681 0.0149122784454
0 0.834000005759 0.0994800098601 0.0334639324291 0.022309288286
0 0.591800011083 0.0373200112267 0.0345865332618 0.0230576888412
0 0.398400015335 0.160720008514 0.0226506755491 0.015100450366
0 0.167800020405 0.145340008852 0.023281575832 0.0155210505547
0 0.516800012732 0.11402000954 0.0410776730553 0.0273851153702
0 0.611400010653 0.0827200102285 0.0356322626001 0.0237548417334
0 0.378400015775 0.177340008148 0.0292287780757 0.0194858520504
0 0.305000017389 0.218940007234 0.0214058915817 0.0142705943878
0 0.576400011422 0.103420009773 0.0361319767807 0.0240879845204
0 0.151600020761 0.0610000107061 0.0220907107378 0.0147271404919
0 0.166000020445 0.0466400110218 0.0228803996289 0.0152535997526
0 0.110800021658 0.0173000116668 0.0273438929901 0.0182292619934
0 0.0942000220233 0.00920001184489 0.0205714846527 0.0137143231018
0 0.209400019491 0.269400006124 0.0258892706191 0.0172595137461
0 0.0666000226301 0.304840005345 0.0226016044278 0.0150677362852
0 0.0976000219486 0.306400005311 0.0201546769231 0.013436451282
0 0.0860000222036 0.209400007443 0.0832902147238 0.0555268098158
0 0.104000021808 0.182320008039 0.034631152366 0.0230874349107
0 0.147200020858 0.167620008362 0.0405939861362 0.0270626574241
0 0.0654000226565 0.11950000942 0.0507303385571 0.0338202257047
0 0.588000011167 0.0174800116629 0.0282895014117 0.0188596676078
0 0.0788000223619 0.537260000235 0.205165764424 0.136777176283
0 0.760200007381 0.118420009444 0.144480814676 0.0963205431171
0 0.271000018136 0.0672600105684 0.0857033068989 0.0571355379326
0 0.968400002804 0.511300000806 0.048267383791 0.0321782558607
