0 0.658200009624 0.417679980879 0.157819057759 0.105212705173
0 0.641000010002 0.934279969521 0.19576409375 0.130509395834
0 0.190200019913 0.64367997591 0.232610965536 0.155073977024
0 0.507600012935 0.651199975745 0.412315149779 0.274876766519
0 0.644200009931 0.506699978922 0.354589307363 0.236392871575
0 0.700000008705 0.806659972327 0.492005265648 0.328003510432
0 0.536600012297 0.0203399896147 0.0266506644685 0.0177671096457
0 0.0528000229335 0.196199985748 0.0759449801925 0.050629986795
0 0.0256000235315 0.0974599879192 0.0209306140281 0.0139537426854
0 0.0356000233116 0.119899987426 0.0266281075821 0.0177520717214
0 0.114200021584 0.0918999880414 0.0325815426496 0.0217210284331
0 0.11300002161 0.155579986641 0.0535569736494 0.0357046490996
0 0.113800021592 0.178799986131 0.0209220067952 0.0139480045301
0 0.105600021773 0.200559985653 0.0728529059502 0.0485686039668
0 0.138800021043 0.133779987121 0.117850827353 0.0785672182353
0 0.185400020018 0.151159986739 0.0590679771558 0.0393786514372
0 0.16940002037 0.217399985282 0.151133117486 0.100755411658
0 0.160400020568 0.290179983682 0.156934590372 0.104623060248
0 0.0434000231402 0.137079987048 0.03431624636 0.0228774975733
0 0.0602000227708 0.168899986349 0.0782278756023 0.0521519170682
0 0.280800017921 0.143639986904 0.0713771117648 0.0475847411765
0 0.28400001785 0.184379986008 0.066781442964 0.044520961976
0 0.177200020199 0.088099988125 0.0482200934765 0.0321467289844
0 0.117400021513 0.0650199886324 0.0382758703248 0.0255172468832
0 0.259600018387 0.168879986349 0.0215707151463 0.0143804767642
0 0.332600016782 0.0974399879196 0.0234770688474 0.0156513792316
0 0.228400019073 0.163919986458 0.0745888957989 0.0497259305326
0 0.228000019082 0.107059987708 0.119652410253 0.0797682735019
0 0.271600018123 0.0743599884271 0.0230266236556 0.015351082437
0 0.204000019609 0.0561599888272 0.0409353074434 0.0272902049623
0 0.241400018787 0.0136999897607 0.0380010324722 0.0253340216481
0 0.220000019258 0.0198399896257 0.0375399024395 0.0250266016263
0 0.338200016659 0.0387599892097 0.0285487077377 0.0190324718252
0 0.353800016316 0.0182599896604 0.0215868413414 0.0143912275609
0 0.362400016127 0.0699999885229 0.0248197971898 0.0165465314599
0 0.313000017213 0.0624799886882 0.0936852788021 0.0624568525348
0 0.384400015643 0.104159987772 0.0286797949065 0.019119863271
0 0.356200016263 0.163399986469 0.035163712539 0.023442475026
0 0.41640001494 0.103959987776 0.0275009997252 0.0183339998168
0 0.407600015133 0.0970799879276 0.0239095081036 0.015939672069
0 0.419400014874 0.0861399881681 0.0406583919829 0.0271055946553
0 0.483200013471 0.18839998592 0.0957698121189 0.0638465414126
0 0.359200016197 0.236199984869 0.0224554793348 0.0149703195566
0 0.449200014219 0.236419984864 0.0236969984897 0.0157979989931
0 0.560000011783 0.236679984858 0.0397302948284 0.0264868632189
0 0.551200011976 0.102619987806 0.0209205227895 0.013947015193
0 0.584200011251 0.120759987407 0.0199252496444 0.0132834997629
0 0.597800010952 0.11241998759 0.0324946788503 0.0216631192335
0 0.600000010903 0.14335998691 0.0198942833925 0.013262855595
0 0.670000009364 0.0921999880348 0.0297502576729 0.0198335051152
0 0.685800009017 0.136239987067 0.0366485096922 0.0244323397948
0 0.679200009162 0.158739986572 0.0301387703608 0.0200925135739
0 0.669600009373 0.163719986462 0.0205336919746 0.0136891279831
0 0.626000010332 0.0679999885669 0.0284799488077 0.0189866325385
0 0.642400009971 0.0773399883615 0.0209707811153 0.0139805207435
0 0.508000012926 0.0373599892405 0.0203061444365 0.0135374296243
0 0.72660000812 0.174679986222 0.0222091343914 0.0148060895942
0 0.815800006159 0.132619987146 0.0690507844553 0.0460338563035
0 0.75160000757 0.147339986823 0.0662317672588 0.0441545115059
0 0.706800008555 0.191879985843 0.0968984479081 0.0645989652721
0 0.702400008652 0.152159986717 0.0506189391971 0.0337459594647
0 0.937000003494 0.0473199890215 0.0199190168205 0.013279344547
0 0.889200004545 0.0919399880406 0.0526730998643 0.0351153999095
0 0.983800002465 0.395199981373 0.0219877207434 0.0146584804956
0 0.965800002861 0.375379981809 0.0283840820406 0.0189227213604
0 0.941400003397 0.323739982944 0.0274802236456 0.0183201490971
0 0.928600003679 0.315099983134 0.0230556112333 0.0153704074888
0 0.939400003441 0.379039981729 0.0406948985227 0.0271299323485
0 0.97720000261 0.35485998226 0.0480185655047 0.0320123770031
0 0.92580000374 0.324819982921 0.115793995476 0.0771959969837
0 0.926400003727 0.290399983677 0.0574974044741 0.0383316029827
0 0.885600004624 0.27979998391 0.0965144861709 0.0643429907806
0 0.814000006198 0.291719983648 0.0259672303844 0.0173114869229
0 0.803600006427 0.302319983415 0.048597426655 0.0323982844367
0 0.830800005829 0.317539983081 0.0372474543861 0.0248316362574
0 0.771800007126 0.306599983321 0.0865187185552 0.0576791457034
0 0.877200004809 0.359119982167 0.116603273242 0.0777355154944
0 0.840200005622 0.227599985058 0.0260580515322 0.0173720343548
0 0.837400005684 0.241939984743 0.0281679118793 0.0187786079196
0 0.833600005767 0.28117998388 0.059734196774 0.0398227978493
0 0.550800011985 0.373179981857 0.0265816087374 0.0177210724916
0 0.560800011765 0.323579982948 0.021872660836 0.0145817738907
0 0.754200007513 0.261859984305 0.0574874121691 0.0383249414461
0 0.672400009311 0.234219984912 0.024480751358 0.0163205009053
0 0.661200009558 0.243859984701 0.029722358366 0.0198149055773
0 0.657200009646 0.264299984251 0.0466769254331 0.0311179502887
0 0.687200008986 0.279679983913 0.0395647787278 0.0263765191519
0 0.361600016144 0.329919982809 0.100710561708 0.067140374472
0 0.34360001654 0.35075998235 0.0618583035757 0.0412388690505
0 0.424400014764 0.246259984648 0.0265412437828 0.0176941625218
0 0.51600001275 0.220479985215 0.0260726937216 0.0173817958144
0 0.416800014931 0.298659983496 0.0266412657658 0.0177608438439
0 0.426600014715 0.376939981775 0.0357965914962 0.0238643943308
0 0.350400016391 0.392579981431 0.0330069576122 0.0220046384082
0 0.33860001665 0.276899983974 0.0495440244137 0.0330293496091
0 0.310600017266 0.272859984063 0.0323655703558 0.0215770469039
0 0.297400017556 0.220319985218 0.0241442778027 0.0160961852018
0 0.241000018796 0.265619984222 0.020122028798 0.0134146858653
0 0.160000020577 0.355299982251 0.019937418491 0.0132916123273
0 0.387200015582 0.419059980849 0.0400633057038 0.0267088704692
0 0.304000017411 0.41579998092 0.0433264363345 0.0288842908896
0 0.277400017996 0.423519980751 0.0225350220395 0.0150233480263
0 0.281200017912 0.400839981249 0.0680762873898 0.0453841915932
0 0.357800016228 0.411439981016 0.0291671423729 0.019444761582
0 0.337800016668 0.402879981204 0.0291113437592 0.0194075625062
0 0.329600016848 0.389159981506 0.0241325046909 0.0160883364606
0 0.411000015058 0.43309998054 0.0922111664898 0.0614741109932
0 0.378600015771 0.460739979932 0.0285617669878 0.0190411779918
0 0.364200016087 0.449579980178 0.0220936787492 0.0147291191661
0 0.362400016127 0.433359980534 0.0228623936933 0.0152415957955
0 0.327600016892 0.462179979901 0.026460019205 0.0176400128033
0 0.313400017204 0.481699979472 0.0280683845648 0.0187122563766
0 0.304400017402 0.465179979835 0.0366590955994 0.0244393970663
0 0.234600018937 0.447819980216 0.0299879953834 0.0199919969222
0 0.230400019029 0.433159980539 0.0243956683655 0.0162637789103
0 0.175600020234 0.416799980898 0.0200450583699 0.0133633722466
0 0.147000020862 0.427219980669 0.0696117386037 0.0464078257358
0 0.133200021166 0.455459980048 0.0411399023603 0.0274266015736
0 0.139200021034 0.497919979115 0.0334298002983 0.0222865335322
0 0.184000020049 0.494319979194 0.0200526762657 0.0133684508438
0 0.228000019082 0.270999984104 0.0215704183452 0.0143802788968
0 0.201600019662 0.365979982016 0.0983075607715 0.0655383738477
0 0.23080001902 0.413419980973 0.0601369559165 0.0400913039443
0 0.0776000223883 0.482739979449 0.0547969098649 0.0365312732432
0 0.0204000236458 0.505219978954 0.0401527417796 0.0267684945198
0 0.0346000233336 0.566159977615 0.0297053417675 0.0198035611783
0 0.0140000237865 0.608619976681 0.0274525222062 0.0183016814708
0 0.0516000229599 0.61367997657 0.0213804656177 0.0142536437451
0 0.0918000220761 0.515999978717 0.0877112655225 0.058474177015
0 0.0844000222388 0.536639978264 0.0302047591469 0.0201365060979
0 0.0968000219661 0.616819976501 0.0206486529483 0.0137657686322
0 0.268800018185 0.503519978992 0.0922886315865 0.061525754391
0 0.321600017024 0.535599978287 0.081223192674 0.054148795116
0 0.373000015894 0.589079977111 0.0384222922189 0.0256148614793
0 0.350400016391 0.484019979421 0.0298465201749 0.0198976801166
0 0.499800013106 0.511059978826 0.0304930519843 0.0203287013229
0 0.492000013278 0.477319979568 0.0508663724114 0.0339109149409
0 0.525000012552 0.400599981255 0.0907748468556 0.0605165645704
0 0.638600010055 0.423179980758 0.0221498730977 0.0147665820652
0 0.717600008318 0.614299976556 0.020103824995 0.0134025499966
0 0.740600007812 0.452059980123 0.0312689890894 0.0208459927263
0 0.762800007324 0.425079980716 0.0424026922633 0.0282684615089
0 0.77160000713 0.454779980063 0.0548737813593 0.0365825209062
0 0.736800007896 0.48857997932 0.0230086177199 0.01533907848
0 0.835200005732 0.431659980572 0.0203703524157 0.0135802349438
0 0.81120000626 0.447999980212 0.0288496640904 0.0192331093936
0 0.87580000484 0.419999980828 0.027785730949 0.0185238206327
0 0.847400005464 0.46403997986 0.0948085721709 0.0632057147806
0 0.941800003389 0.418899980852 0.0272939314655 0.0181959543103
0 0.94720000327 0.39035998148 0.0847175313902 0.0564783542601
0 0.791800006686 0.375579981805 0.0520160810813 0.0346773873875
0 0.939400003441 0.506759978921 0.0237335050295 0.0158223366863
0 0.955600003085 0.570819977512 0.0506805748998 0.0337870499332
0 0.958200003028 0.619899976433 0.0939434957911 0.062628997194
0 0.943200003358 0.702019974628 0.0271047702077 0.0180698468051
0 0.941800003389 0.773679973052 0.0253561168439 0.0169040778959
0 0.867400005024 0.855979971243 0.0215937667012 0.0143958444675
0 0.889600004536 0.880459970705 0.0871422977434 0.0580948651623
0 0.844800005521 0.888339970531 0.0682774196267 0.0455182797512
0 0.919400003881 0.774819973027 0.0413589415992 0.0275726277328
0 0.931000003626 0.905659970151 0.0215475646576 0.0143650431051
0 0.932600003591 0.92023996983 0.0303210062587 0.0202140041725
0 0.846000005495 0.747999973617 0.0325250514999 0.0216833676666
0 0.72160000823 0.71511997434 0.0554375056516 0.0369583371011
0 0.640600010011 0.759019973375 0.0276929311269 0.0184619540846
0 0.666400009443 0.865119971042 0.023434923086 0.0156232820573
0 0.725200008151 0.908219970094 0.0540815201917 0.0360543467945
0 0.753200007535 0.884419970618 0.0318337027188 0.0212224684792
0 0.752600007548 0.938159969436 0.0351011864329 0.0234007909552
0 0.753200007535 0.953119969107 0.0207232489673 0.0138154993115
0 0.546400012082 0.910399970046 0.0302485867814 0.0201657245209
0 0.573800011479 0.84975997138 0.0501357469466 0.0334238312977
0 0.533600012363 0.937579969449 0.03270174711 0.02180116474
0 0.746000007693 0.658159975592 0.0456635474186 0.0304423649458
0 0.713600008406 0.655859975643 0.0673359664211 0.0448906442807
0 0.488000013366 0.786899972762 0.0402862033575 0.026857468905
0 0.392400015467 0.796939972541 0.055155445638 0.036770297092
0 0.350600016386 0.767659973185 0.0494183785991 0.0329455857328
0 0.320200017055 0.754379973477 0.0198756838546 0.013250455903
0 0.319400017072 0.767139973196 0.0233683406976 0.0155788937984
0 0.366600016035 0.671719975294 0.0499511366395 0.0333007577597
0 0.344000016531 0.649239975788 0.0201000655139 0.0134000436759
0 0.395400015401 0.707919974498 0.0732574458996 0.0488382972664
0 0.434400014544 0.697179974734 0.0406936123844 0.027129074923
0 0.313800017195 0.749359973587 0.0220420353514 0.0146946902343
0 0.212000019433 0.792319972643 0.0821682074933 0.0547788049955
0 0.244200018726 0.770819973115 0.0244410789394 0.0162940526263
0 0.199600019706 0.747599973626 0.0268514999043 0.0179009999362
0 0.186000020005 0.666379975411 0.0781726705909 0.0521151137273
0 0.270800018141 0.739059973813 0.0429490042223 0.0286326694815
0 0.291600017683 0.798099972515 0.0318269752264 0.0212179834843
0 0.304600017398 0.814779972149 0.0311060452653 0.0207373635102
0 0.175600020234 0.815499972133 0.0282631850442 0.0188421233628
0 0.169800020361 0.796179972558 0.0274669665282 0.0183113110188
0 0.130800021219 0.824059971945 0.0538779146119 0.0359186097413
0 0.122400021403 0.739119973812 0.0228146087102 0.0152097391402
0 0.142600020959 0.735799973885 0.0517462888481 0.0344975258987
0 0.121000021434 0.75423997348 0.0320716382968 0.0213810921978
0 0.177400020194 0.719379974246 0.060512211487 0.0403414743247
0 0.0728000224938 0.733679973932 0.0418978335298 0.0279318890199
0 0.0758000224278 0.787159972756 0.0756746932907 0.0504497955271
0 0.030400023426 0.710819974434 0.0280798608755 0.0187199072503
0 0.0160000237426 0.698939974696 0.0220950638211 0.0147300425474
0 0.00920002389205 0.653479975695 0.0216050451444 0.0144033634296
0 0.0378000232633 0.85881997118 0.0311417603355 0.020761173557
0 0.0224000236018 0.905559970153 0.0565873132552 0.0377248755035
0 0.0860000222036 0.87249997088 0.0426721876955 0.0284481251303
0 0.337200016681 0.961839968916 0.027892975093 0.0185953167287
0 0.455000014091 0.97437996864 0.0245259640645 0.0163506427097
0 0.546600012077 0.964939968847 0.0907707905734 0.0605138603822
0 0.471200013735 0.936479969473 0.0206612175297 0.0137741450198
0 0.517000012728 0.901459970243 0.0307670983672 0.0205113989115
0 0.429400014654 0.975159968623 0.0409759691992 0.0273173127994
0 0.415600014957 0.922899969772 0.0262662080627 0.0175108053752
0 0.71660000834 0.877999970759 0.0235405842906 0.0156937228604
0 0.711800008445 0.867579970988 0.0381516095822 0.0254344063882
0 0.80300000644 0.946839969245 0.0198671755553 0.0132447837035
0 0.845200005512 0.973799968653 0.0220958552908 0.0147305701939
0 0.82940000586 0.294239983593 0.0204517748609 0.0136345165739
0 0.137200021078 0.373799981844 0.0939278642645 0.0626185761764
0 0.632600010186 0.858599971185 0.0211946681061 0.0141297787374
