0 0.161399987221 0.293079980964 0.104964718257 0.0699764788381
0 0.101999984609 0.298059981182 0.196155884188 0.130770589459
0 0.14319998642 0.661079997145 0.134571622934 0.0897144152892
0 0.247199990993 0.692259998516 0.243761800319 0.16250786688
0 0.193999988654 0.766100001762 0.224057171554 0.149371447702
0 0.516600002839 0.684959998195 0.11060987625 0.0737399174998
0 0.48000000123 0.597379994344 0.103161156564 0.0687741043761
0 0.709000011299 0.565479992941 0.150140822255 0.100093881504
0 0.518400002918 0.52383999111 0.112422341977 0.074948227985
0 0.339999995074 0.41329998625 0.138063983206 0.0920426554707
0 0.555600004554 0.341179983078 0.109032872773 0.0726885818485
0 0.575600005433 0.38647998507 0.255260866451 0.170173910967
0 0.904200019882 0.119959973351 0.147971205803 0.0986474705352
0 0.403999997888 0.946760009706 0.106312195507 0.0708747970045
0 0.848400017428 0.763180001634 0.193667701162 0.129111800774
0 0.702000010991 0.808400003622 0.16328515613 0.108856770753
0 0.641400008326 0.986960011474 0.0198269108421 0.0132179405614
0 0.664600009347 0.991900011691 0.0208450377419 0.0138966918279
0 0.598800006453 0.978140011086 0.0280689800184 0.0187126533456
0 0.533400003578 0.968240010651 0.0303456427546 0.020230428503
0 0.592200006163 0.950340009864 0.0214548651843 0.0143032434562
0 0.69720001078 0.970800010763 0.0292047391098 0.0194698260732
0 0.675200009813 0.956640010141 0.0384636490475 0.0256424326984
0 0.930400021034 0.884840006984 0.0251781367562 0.0167854245041
0 0.980200023224 0.87316000647 0.0520926592104 0.0347284394736
0 0.955600022142 0.852320005554 0.0244804561715 0.0163203041143
0 0.944600021658 0.857880005798 0.0204759160372 0.0136506106915
0 0.860800017974 0.850280005464 0.034811312952 0.023207541968
0 0.841600017129 0.977280011048 0.0358704973451 0.0239136648967
0 0.750800013137 0.931200009022 0.0256866560706 0.0171244373804
0 0.826800016479 0.870220006341 0.0247216565778 0.0164811043852
0 0.815800015995 0.859320005861 0.0255447851179 0.0170298567453
0 0.814600015942 0.885540007014 0.0232626810273 0.0155084540182
0 0.728200012143 0.868440006262 0.0426599227288 0.0284399484859
0 0.66400000932 0.965140010514 0.0716240550346 0.0477493700231
0 0.643200008406 0.88998000721 0.0200883926608 0.0133922617739
0 0.634800008036 0.913620008249 0.034223151994 0.0228154346627
0 0.603400006656 0.922760008651 0.0349032223767 0.0232688149178
0 0.546600004158 0.877320006653 0.0397887672766 0.0265258448511
0 0.584200005811 0.849180005416 0.0269934715618 0.0179956477078
0 0.650600008731 0.878520006706 0.0824799530606 0.0549866353737
0 0.579000005583 0.875040006553 0.114811591286 0.076541060857
0 0.607800006849 0.793880002984 0.0621361135379 0.0414240756919
0 0.638800008212 0.793240002956 0.0735132933281 0.0490088622187
0 0.461800000429 0.972040010818 0.035350600653 0.023567067102
0 0.29419999306 0.911100008138 0.032729153907 0.021819435938
0 0.346799995373 0.907380007975 0.0230040682864 0.0153360455243
0 0.388999997228 0.89386000738 0.0422764556349 0.0281843037566
0 0.342399995179 0.881540006838 0.021056063364 0.014037375576
0 0.289799992866 0.861640005963 0.0232848421803 0.0155232281202
0 0.452600000025 0.93342000912 0.0225251301539 0.0150167534359
0 0.435799999286 0.915280008322 0.0321693869262 0.0214462579508
0 0.52800000334 0.909400008063 0.0893459531426 0.0595639687617
0 0.465400000588 0.946900009712 0.028915852651 0.0192772351007
0 0.397799997615 0.856280005728 0.028621425904 0.0190809506027
0 0.455400000148 0.907460007978 0.0233909980605 0.015593998707
0 0.437399999356 0.81562000394 0.0219781256229 0.0146520837486
0 0.398999997668 0.832840004697 0.0219936582167 0.0146624388111
0 0.397199997589 0.817460004021 0.0202327369565 0.0134884913043
0 0.356199995786 0.819380004105 0.0762627603062 0.0508418402041
0 0.393599997431 0.783700002536 0.0356662981496 0.0237775320997
0 0.29079999291 0.823320004278 0.0543526021481 0.0362350680987
0 0.440599999497 0.785860002631 0.023307794803 0.0155385298687
0 0.208799989305 0.918260008453 0.0207480826975 0.0138320551317
0 0.176599987889 0.939780009399 0.0657215704396 0.043814380293
0 0.0747999834128 0.981980011255 0.0427091917208 0.0284727944805
0 0.0879999839932 0.932540009081 0.0422781375081 0.0281854250054
0 0.0749999834216 0.915020008311 0.0213966921577 0.0142644614385
0 0.12499998562 0.845300005245 0.0222381234358 0.0148254156239
0 0.143399986429 0.861400005953 0.067732892942 0.0451552619613
0 0.195999988742 0.876180006603 0.0231035956075 0.0154023970717
0 0.152399986825 0.965160010515 0.0744214059326 0.0496142706217
0 0.0411999819354 0.920520008552 0.0205764326955 0.013717621797
0 0.0271999813198 0.927560008862 0.0239821270301 0.0159880846867
0 0.0951999843098 0.947000009717 0.0893055881854 0.0595370587902
0 0.0565999826125 0.643419996368 0.0289647259081 0.0193098172721
0 0.0121999806602 0.616559995187 0.0291708048443 0.0194472032295
0 0.0119999806514 0.627059995649 0.0200462468966 0.0133641645977
0 0.378199996753 0.711059999342 0.0586206027754 0.0390804018503
0 0.514000002725 0.76560000174 0.0229626150583 0.0153084100388
0 0.501600002179 0.770760001967 0.0251576574764 0.016771771651
0 0.518000002901 0.73080000021 0.0287445983838 0.0191630655892
0 0.423999998767 0.653859996827 0.0664527895549 0.0443018597033
0 0.374399996586 0.658939997051 0.103430256279 0.0689535041861
0 0.425399998829 0.610799994934 0.0209725633054 0.0139817088703
0 0.397199997589 0.591579994089 0.0200859193178 0.0133906128786
0 0.516800002848 0.631919995862 0.0393138854266 0.0262092569511
0 0.525600003235 0.597499994349 0.0219477529712 0.0146318353141
0 0.579000005583 0.615619995146 0.0316128847582 0.0210752565055
0 0.60100000655 0.646119996487 0.0270603507556 0.0180402338371
0 0.544200004053 0.646139996488 0.0258389150638 0.0172259433759
0 0.590200006075 0.662479997206 0.0309987042321 0.0206658028214
0 0.566600005037 0.63845999615 0.0766153600798 0.0510769067199
0 0.49820000203 0.804780003463 0.0236922512341 0.0157948341561
0 0.519000002944 0.747700000953 0.0228573495815 0.0152382330543
0 0.59440000626 0.75876000144 0.0278815995551 0.0185877330367
0 0.672600009698 0.757920001403 0.0505907464259 0.0337271642839
0 0.754400013295 0.73194000026 0.0299466430668 0.0199644287112
0 0.743200012803 0.743600000773 0.0593604291243 0.0395736194162
0 0.725800012038 0.688299998342 0.038918348419 0.0259455656126
0 0.60100000655 0.688019998329 0.108353198125 0.0722354654165
0 0.757800013445 0.65665999695 0.0227598998685 0.015173266579
0 0.753400013251 0.690519998439 0.0241233054468 0.0160822036312
0 0.773000014113 0.698119998773 0.0876778317106 0.0584518878071
0 0.756800013401 0.781340002433 0.0706830964354 0.0471220642903
0 0.691400010525 0.666139997367 0.0323177875044 0.0215451916696
0 0.728400012152 0.633959995952 0.138384528455 0.0922563523032
0 0.685000010244 0.627959995688 0.0297864693761 0.0198576462507
0 0.832400016725 0.671759997614 0.0757523612511 0.0505015741674
0 0.800200015309 0.660239997108 0.0696928688444 0.0464619125629
0 0.919200020541 0.747460000943 0.0207025731869 0.0138017154579
0 0.928000020928 0.756920001359 0.0201072890011 0.0134048593341
0 0.97920002318 0.693279998561 0.0258100264179 0.0172066842786
0 0.945000021676 0.722399999841 0.0330344633631 0.0220229755754
0 0.917400020462 0.708139999214 0.0328623186924 0.0219082124616
0 0.818600016118 0.609539994878 0.105737390601 0.0704915937338
0 0.956200022168 0.664459997293 0.0229695404186 0.0153130269457
0 0.97260002289 0.491719989698 0.0373264059504 0.0248842706336
0 0.949800021887 0.527179991257 0.0737521193251 0.0491680795501
0 0.921200020629 0.544839992034 0.0675416540636 0.0450277693757
0 0.934000021192 0.582019993668 0.0619263740541 0.0412842493694
0 0.96920002274 0.391599985295 0.0454518322723 0.0303012215148
0 0.881400018879 0.502819990186 0.0346465883103 0.0230977255402
0 0.84980001749 0.518179990861 0.0571476775705 0.0380984517137
0 0.887000019126 0.563019992833 0.0322388383968 0.0214925589312
0 0.86300001807 0.561759992778 0.0409652870601 0.0273101913734
0 0.88300001895 0.53975999181 0.0288726186159 0.0192484124106
0 0.786600014711 0.517879990848 0.0499676618651 0.0333117745768
0 0.801000015344 0.538579991758 0.0313825670609 0.0209217113739
0 0.74860001304 0.455279988096 0.0278798187482 0.0185865458321
0 0.797600015195 0.458519988238 0.0396135556607 0.0264090371071
0 0.793000014992 0.437359987308 0.0752431494006 0.0501620996004
0 0.8432000172 0.445799987679 0.0766662120113 0.0511108080075
0 0.831000016663 0.406639985957 0.026562120548 0.0177080803653
0 0.733200012363 0.434199987169 0.0375178426962 0.0250118951308
0 0.716000011607 0.443219987565 0.0202879419715 0.0135252946477
0 0.719800011774 0.421179986596 0.0216204802295 0.0144136534864
0 0.693400010613 0.419759986534 0.0254732560393 0.0169821706929
0 0.693600010622 0.387899985133 0.0203423555169 0.0135615703446
0 0.71540001158 0.353839983635 0.0475295393 0.0316863595333
0 0.724800011994 0.37441998454 0.0279779609972 0.0186519739981
0 0.843800017226 0.36463998411 0.221219752499 0.147479835
0 0.748000013014 0.513419990652 0.0392123794311 0.0261415862874
0 0.947000021764 0.461399988365 0.0311557120438 0.0207704746959
0 0.663400009294 0.461179988355 0.0271117962894 0.0180745308596
0 0.518400002918 0.431779987062 0.0381795114073 0.0254530076048
0 0.533600003586 0.45491998808 0.0456389159344 0.0304259439563
0 0.550000004308 0.494859989836 0.0218472363129 0.0145648242086
0 0.56460000495 0.477379989067 0.0294432683057 0.0196288455372
0 0.487000001537 0.544079992 0.0222995612751 0.0148663741834
0 0.514400002742 0.570659993169 0.0341627034918 0.0227751356612
0 0.670200009593 0.485339989417 0.0490962536703 0.0327308357802
0 0.608600006884 0.499859990056 0.0541053667849 0.0360702445233
0 0.810200015749 0.551639992333 0.0283909103393 0.0189272735595
0 0.831000016663 0.554119992442 0.0289510730549 0.0193007153699
0 0.344799995285 0.500379990079 0.0217113013834 0.0144742009222
0 0.332599994748 0.512319990604 0.0211721126161 0.0141147417441
0 0.324199994379 0.528439991312 0.0502053995913 0.0334702663942
0 0.307199993632 0.468839988692 0.0439342879602 0.0292895253068
0 0.383199996973 0.570739993172 0.020020425196 0.0133469501307
0 0.460600000377 0.436319987262 0.0391532170673 0.0261021447115
0 0.447999999823 0.406919985969 0.0239368153869 0.0159578769246
0 0.512200002645 0.416559986393 0.0226869857178 0.0151246571452
0 0.404399997905 0.418479986477 0.0248804451965 0.0165869634643
0 0.462000000438 0.534479991578 0.0334639346362 0.0223092897575
0 0.424999998811 0.387959985135 0.0241158854179 0.0160772569452
0 0.435599999277 0.398499985599 0.025680917915 0.0171206119433
0 0.418799998539 0.379219984751 0.0233161052354 0.0155440701569
0 0.461000000394 0.364399984099 0.0280482039375 0.018698802625
0 0.492200001766 0.372859984471 0.0852122055716 0.0568081370477
0 0.423399998741 0.346019983291 0.0220649894279 0.014709992952
0 0.31739999408 0.408319986031 0.0364742898307 0.0243161932205
0 0.269199991961 0.363099984042 0.0504906255025 0.0336604170017
0 0.44019999948 0.54021999183 0.0252124667566 0.0168083111711
0 0.425399998829 0.514099990682 0.0449909000765 0.0299939333844
0 0.201199988971 0.578159993499 0.0233532053799 0.0155688035866
0 0.219799989789 0.601799994538 0.0207297799595 0.0138198533064
0 0.213599989516 0.45947998828 0.0317958132042 0.0211972088028
0 0.237399990562 0.429979986983 0.0236936363062 0.0157957575375
0 0.133799986007 0.600739994491 0.0315835014437 0.0210556676291
0 0.161199987212 0.4189999865 0.02039192131 0.0135946142066
0 0.152599986834 0.460119988308 0.0334214920709 0.0222809947139
0 0.135199986069 0.445059987646 0.0246022435793 0.0164014957195
0 0.115999985224 0.41625998638 0.024235793085 0.01615719539
0 0.080399983659 0.418939986498 0.0365955825699 0.0243970550466
0 0.111399985022 0.50859999044 0.0266969672066 0.0177979781378
0 0.0807999836766 0.474739988951 0.0229777519172 0.0153185012782
0 0.0567999826213 0.482659989299 0.0262856997377 0.0175237998252
0 0.180799988074 0.47403998892 0.0882267159823 0.0588178106548
0 0.269599991978 0.488959989576 0.0704948255686 0.0469965503791
0 0.249799991108 0.443339987571 0.0322244930076 0.0214829953384
0 0.212799989481 0.447539987755 0.0561808972708 0.0374539315139
0 0.238399990606 0.474179988927 0.0733160194928 0.0488773463286
0 0.21619998963 0.384599984988 0.0225431360907 0.0150287573938
0 0.186199988311 0.420319986558 0.0266137639492 0.0177425092994
0 0.218199989718 0.405559985909 0.0618711690391 0.0412474460261
0 0.169999987599 0.369079984305 0.0218955159677 0.0145970106451
0 0.22459999 0.35349998362 0.0225560964079 0.0150373976052
0 0.163799987326 0.34097998307 0.0262315829936 0.0174877219957
0 0.210399989375 0.307019981576 0.0265916027962 0.0177277351974
0 0.03379998161 0.524159991124 0.0531511510674 0.0354341007116
0 0.025999981267 0.57999999358 0.0590733234725 0.0393822156483
0 0.0357999816979 0.420199986553 0.0497315070784 0.0331543380523
0 0.0551999825509 0.403559985821 0.0268482368626 0.0178988245751
0 0.0627999828851 0.231899978273 0.0451416750639 0.0300944500426
0 0.0439999820585 0.244599978832 0.0243704418762 0.0162469612508
0 0.0469999821904 0.208659977252 0.0566834805621 0.0377889870414
0 0.117599985295 0.160519975135 0.0313341884724 0.0208894589816
0 0.194399988672 0.221439977813 0.0239037715248 0.0159358476832
0 0.286199992708 0.239059978588 0.0246696174418 0.0164464116279
0 0.271199992049 0.212479977419 0.0216223599702 0.0144149066468
0 0.233199990378 0.277479980278 0.0420972866702 0.0280648577801
0 0.231599990307 0.392979985356 0.0238664735129 0.0159109823419
0 0.337599994968 0.221299977807 0.075037565133 0.050025043422
0 0.364599996155 0.250439979089 0.0337230420456 0.0224820280304
0 0.386799997132 0.321219982201 0.0259399263907 0.0172932842604
0 0.380599996859 0.308219981629 0.0223491270682 0.0148994180455
0 0.390199997281 0.331719982663 0.0221372110426 0.0147581406951
0 0.341999995162 0.308079981623 0.0243217664866 0.0162145109911
0 0.348199995434 0.283139980526 0.0350189748277 0.0233459832185
0 0.364799996164 0.335879982845 0.0431404438008 0.0287602958672
0 0.362399996059 0.320919982188 0.0369143470117 0.0246095646745
0 0.447799999814 0.339499983005 0.0216840946107 0.0144560630738
0 0.43019999904 0.307759981609 0.028387150858 0.0189247672386
0 0.391599997343 0.269959979947 0.0626803479248 0.0417868986166
0 0.553800004475 0.337319982909 0.0509967704077 0.0339978469385
0 0.597000006374 0.407719986004 0.0883796675115 0.058919778341
0 0.66740000947 0.316299981985 0.0231158633886 0.0154105755924
0 0.651600008775 0.311299981765 0.0201992973595 0.0134661982397
0 0.665600009391 0.264459979705 0.0266470056787 0.0177646704524
0 0.782200014518 0.302279981368 0.0406321772291 0.0270881181527
0 0.785400014658 0.33005998259 0.0263423887586 0.0175615925057
0 0.758800013489 0.336519982874 0.0229917015716 0.0153278010477
0 0.617400007271 0.246739978926 0.0380221078607 0.0253480719071
0 0.61420000713 0.265999979773 0.0270796428308 0.0180530952205
0 0.632200007922 0.28525998062 0.0517503485435 0.0345002323623
0 0.668600009522 0.236099978458 0.0202376836424 0.0134917890949
0 0.706000011167 0.210799977346 0.0279164242241 0.0186109494827
0 0.706600011193 0.271259980004 0.0344158748781 0.0229439165854
0 0.608200006867 0.195839976688 0.0311979567417 0.0207986378278
0 0.503800002276 0.245619978877 0.025448720477 0.0169658136513
0 0.525400003226 0.237139978504 0.0836780403948 0.0557853602632
0 0.493600001828 0.256079979337 0.068055120064 0.0453700800427
0 0.659600009127 0.286019980653 0.0454194809462 0.0302796539641
0 0.688200010384 0.319139982109 0.0297310664936 0.0198207109957
0 0.826000016443 0.339599983009 0.0251731900703 0.0167821267135
0 0.849200017464 0.267839979854 0.0992186478715 0.0661457652477
0 0.970200022784 0.243399978779 0.027923151717 0.018615434478
0 0.969400022749 0.318059982062 0.0203951861227 0.0135967907485
0 0.867600018273 0.342219983124 0.0211594491001 0.0141062994001
0 0.926800020876 0.28389998056 0.108204797547 0.0721365316978
0 0.898400019627 0.233559978346 0.0347963739605 0.0231975826403
0 0.97580002303 0.191239976486 0.0262020018117 0.0174680012078
0 0.894400019451 0.00937996848906 0.0253970770758 0.0169313847172
0 0.874200018563 0.0378399697405 0.0222003307552 0.0148002205035
0 0.861600018009 0.0481199701925 0.0201268778774 0.0134179185849
0 0.854000017675 0.0377399697361 0.0234264163318 0.0156176108879
0 0.784800014632 0.0496199702584 0.0403969128459 0.0269312752306
0 0.829200016584 0.0540399704528 0.0743659041163 0.0495772694109
0 0.771000014025 0.086339971873 0.0249391128917 0.0166260752611
0 0.867000018246 0.0716399712267 0.0306637146604 0.0204424764403
0 0.692000010551 0.122359973457 0.0207127633599 0.0138085089066
0 0.716200011615 0.124299973542 0.027519996813 0.018346664542
0 0.786400014702 0.144619974436 0.0478641331368 0.0319094220912
0 0.803600015459 0.120259973365 0.0200136977031 0.0133424651354
0 0.74860001304 0.126619973644 0.0276578114832 0.0184385409888
0 0.642200008362 0.103819972642 0.0206126424365 0.0137417616243
0 0.593200006207 0.134339973984 0.057705070142 0.0384700467614
0 0.565800005002 0.15267997479 0.0342392781901 0.0228261854601
0 0.611600007016 0.090319972048 0.043311005532 0.028874003688
0 0.625800007641 0.0956799722837 0.0219235142101 0.0146156761401
0 0.607000006814 0.0408199698715 0.0601638698544 0.0401092465696
0 0.686800010323 0.0388599697853 0.0199041780765 0.013269452051
0 0.323199994335 0.0475199701661 0.0243312641236 0.0162208427491
0 0.298399993245 0.104319972664 0.0198932953674 0.0132621969116
0 0.309599993737 0.140559974257 0.0785439739934 0.0523626493289
0 0.253999991292 0.0313999694573 0.0203378045658 0.0135585363772
0 0.185999988302 0.0121199686095 0.0249531614797 0.0166354409865
0 0.175999987863 0.0426999699542 0.0357374314933 0.0238249543289
0 0.137599986174 0.037419969722 0.0364761695713 0.0243174463809
0 0.204999989138 0.153159974811 0.0293242510421 0.0195495006947
0 0.135199986069 0.174659975757 0.0237653632523 0.0158435755015
0 0.170399987616 0.164779975322 0.0244775870937 0.0163183913958
0 0.0411999819354 0.0560399705407 0.032605684626 0.021737123084
0 0.019199980968 0.0246999691627 0.0222073550492 0.0148049033662
0 0.0465999821728 0.0630399708485 0.0947218135527 0.0631478757018
0 0.77520001421 0.540459991841 0.0559597804094 0.0373065202729
0 0.397799997615 0.498019989975 0.109722440792 0.0731482938616
0 0.339799995065 0.469059988701 0.0482059491351 0.0321372994234
