0 0.760200007381 0.588139999117 0.139170053003 0.0927800353352
0 0.347800016448 0.615219998521 0.102855444589 0.0685702963929
0 0.42140001483 0.324220004919 0.0964322722561 0.0642881815041
0 0.508400012917 0.233700006909 0.131907329187 0.0879382194583
0 0.476600013616 0.962479990887 0.0253529509651 0.0169019673101
0 0.406200015164 0.949999991161 0.0517820039182 0.0345213359454
0 0.572200011514 0.93821999142 0.0280532477069 0.0187021651379
0 0.222400019205 0.95503999105 0.0210885122329 0.0140590081552
0 0.138200021056 0.961999990897 0.020812388242 0.0138749254947
0 0.0970000219617 0.935439991481 0.0220283824991 0.0146855883327
0 0.0290000234567 0.887499992535 0.0228299434356 0.0152199622904
0 0.466000013849 0.932639991543 0.0400829935125 0.026721995675
0 0.297400017556 0.979339990516 0.0237710009064 0.0158473339376
0 0.0478000230434 0.723359996144 0.0752424519019 0.0501616346013
0 0.149800020801 0.78311999483 0.0286885010731 0.0191256673821
0 0.123400021381 0.791919994637 0.0313498179323 0.0208998786215
0 0.298200017538 0.755779995431 0.0220781461564 0.0147187641042
0 0.170400020348 0.757439995395 0.0205545669879 0.0137030446586
0 0.249200018616 0.753579995479 0.0660956344708 0.0440637563139
0 0.17440002026 0.804079994369 0.0371726604997 0.0247817736664
0 0.0676000226081 0.812879994176 0.0283661750387 0.0189107833591
0 0.0798000223399 0.803279994387 0.0207157300052 0.0138104866701
0 0.105400021777 0.796939994526 0.0264860387713 0.0176573591809
0 0.135200021122 0.826279993881 0.0360739026916 0.024049268461
0 0.191000019895 0.853479993283 0.0347610523302 0.0231740348868
0 0.244800018712 0.84043999357 0.0199686815441 0.0133124543627
0 0.28540001782 0.836259993662 0.0230566005704 0.0153710670469
0 0.0492000230126 0.841079993556 0.0546834328969 0.0364556219313
0 0.0164000237338 0.865699993015 0.0222416835827 0.0148277890551
0 0.230200019033 0.869839992923 0.0280270302731 0.0186846868487
0 0.307000017345 0.876559992776 0.0309806962519 0.0206537975013
0 0.344800016514 0.864179993048 0.0245143888202 0.0163429258801
0 0.461000013959 0.853939993273 0.0340316140699 0.0226877427133
0 0.433000014575 0.815679994114 0.0349471466429 0.0232980977619
0 0.504400013005 0.812939994174 0.0314031432032 0.0209354288021
0 0.528200012482 0.838019993623 0.0488868077633 0.0325912051755
0 0.435000014531 0.907679992092 0.0213674063677 0.0142449375784
0 0.29720001756 0.896259992343 0.0207961631132 0.0138641087421
0 0.65880000961 0.965279990825 0.0253166422927 0.0168777615285
0 0.624800010358 0.946539991237 0.021221874877 0.0141479165846
0 0.759000007407 0.899599992269 0.0564860051339 0.0376573367559
0 0.788200006766 0.921219991794 0.019922281633 0.0132815210887
0 0.659600009593 0.853099993292 0.0272754308613 0.0181836205742
0 0.689200008942 0.879219992717 0.0271278217626 0.0180852145084
0 0.722600008208 0.860579993127 0.0261199840361 0.0174133226907
0 0.702000008661 0.828899993824 0.0339399025186 0.0226266016791
0 0.622800010402 0.833799993716 0.0430777169819 0.0287184779879
0 0.588200011163 0.814079994149 0.0488836418845 0.0325890945897
0 0.493200013251 0.769999995118 0.0523849059605 0.0349232706404
0 0.376400015819 0.737019995844 0.0256358024484 0.0170905349656
0 0.561600011747 0.781379994868 0.0246374623582 0.0164249749055
0 0.510200012877 0.735539995876 0.0211722101534 0.0141148067689
0 0.628200010283 0.740999995756 0.0239977569749 0.0159985046499
0 0.867200005029 0.750539995546 0.0318933597473 0.0212622398315
0 0.584800011237 0.75081999554 0.0211299654583 0.0140866436389
0 0.514200012789 0.733019995932 0.0605482233583 0.0403654822389
0 0.426200014724 0.705559996535 0.053857237466 0.0359048249774
0 0.494000013234 0.697419996714 0.0211480703276 0.0140987135517
0 0.627400010301 0.723399996143 0.0366236773305 0.024415784887
0 0.628600010274 0.700099996655 0.0210859399563 0.0140572933042
0 0.674400009267 0.696759996729 0.0272357584427 0.0181571722951
0 0.746400007685 0.687479996933 0.021182993928 0.014121995952
0 0.707600008538 0.679379997111 0.0201062983378 0.0134041988919
0 0.721200008239 0.703639996577 0.0666086057687 0.0444057371792
0 0.756200007469 0.744879995671 0.0747091991929 0.0498061327953
0 0.739000007847 0.775459994998 0.0284797509403 0.0189865006269
0 0.873400004892 0.738039995821 0.0373685492499 0.0249123661666
0 0.935400003529 0.74081999576 0.0274075073671 0.0182716715781
0 0.935000003538 0.79677999453 0.0251169940614 0.0167446627076
0 0.94400000334 0.774879995011 0.0294129926478 0.0196086617652
0 0.41500001497 0.674019997229 0.0521424194318 0.0347616129546
0 0.436600014496 0.652039997712 0.0426378576973 0.0284252384649
0 0.597800010952 0.661759997498 0.024283081801 0.0161887212006
0 0.54600001209 0.668979997339 0.021848619944 0.0145657466293
0 0.598000010947 0.662999997471 0.0491811355572 0.0327874237048
0 0.623400010389 0.681319997068 0.0335683074955 0.0223788716637
0 0.417000014926 0.756779995409 0.047832471192 0.031888314128
0 0.723000008199 0.804579994358 0.109986586567 0.0733243910449
0 0.753000007539 0.849939993361 0.066810331608 0.044540221072
0 0.861200005161 0.835399993681 0.0274906116854 0.0183270744569
0 0.887200004589 0.877619992752 0.0898524878564 0.0599016585709
0 0.607200010745 0.883059992633 0.0834076490402 0.0556050993601
0 0.442600014364 0.89909999228 0.100437504662 0.0669583364415
0 0.513400012807 0.894299992386 0.0932657009285 0.0621771339524
0 0.883600004668 0.5661799996 0.0340192473558 0.0226794982372
0 0.975600002645 0.628959998219 0.019903385294 0.0132689235293
0 0.93720000349 0.621799998377 0.0202408481864 0.0134938987909
0 0.939800003433 0.61027999863 0.0209196323861 0.0139464215907
0 0.94720000327 0.599519998867 0.0206530060316 0.0137686706877
0 0.845800005499 0.655159997643 0.0260726937216 0.0173817958144
0 0.326400016918 0.713419996362 0.0585122664942 0.0390081776628
0 0.251200018572 0.710699996422 0.0230150484112 0.0153433656075
0 0.327200016901 0.661439997505 0.0324994276685 0.0216662851123
0 0.557800011831 0.630999998174 0.029597899756 0.0197319331707
0 0.696200008788 0.632859998134 0.0217290090859 0.0144860060572
0 0.482000013497 0.603819998772 0.0313926562297 0.0209284374865
0 0.551800011963 0.608979998659 0.0326348679205 0.0217565786137
0 0.204600019596 0.60525999874 0.0237989002133 0.0158659334755
0 0.435200014526 0.587319999135 0.0281089473869 0.0187392982579
0 0.431000014619 0.56435999964 0.0437649105471 0.0291766070314
0 0.527400012499 0.511800000795 0.060402197199 0.040268131466
0 0.45140001417 0.536040000262 0.0305945579731 0.0203963719821
0 0.443400014346 0.51294000077 0.0223788057078 0.0149192038052
0 0.384400015643 0.524740000511 0.0431999001165 0.028799933411
0 0.274800018053 0.504680000952 0.02010689194 0.0134045946267
0 0.186400019996 0.512260000785 0.0414763759157 0.0276509172771
0 0.274400018062 0.515800000707 0.0449164989575 0.0299443326384
0 0.219600019266 0.532980000329 0.0489530933505 0.032635395567
0 0.149800020801 0.489500001285 0.0446708465501 0.0297805643667
0 0.0770000224014 0.548959999978 0.0442073421082 0.0294715614055
0 0.0846000222344 0.506700000907 0.0404084854258 0.0269389902839
0 0.0662000226389 0.45928000195 0.101356598849 0.0675710658993
0 0.0672000226169 0.420660002799 0.0322594144826 0.0215062763217
0 0.0134000237997 0.399800003257 0.0203322629365 0.0135548419577
0 0.0698000225597 0.403100003185 0.0249591947904 0.0166394631936
0 0.0948000220101 0.389900003475 0.0304166751585 0.020277783439
0 0.149800020801 0.41332000296 0.0254135973307 0.0169423982205
0 0.408600015111 0.466320001795 0.0203854892737 0.0135903261825
0 0.448200014241 0.443000002308 0.0240734412647 0.0160489608432
0 0.477600013594 0.468700001743 0.0219980098494 0.0146653398996
0 0.528600012473 0.475760001587 0.0256469819579 0.0170979879719
0 0.682400009092 0.474660001612 0.020114114101 0.0134094094007
0 0.515400012763 0.58935999909 0.0267796740292 0.0178531160195
0 0.498200013141 0.575159999402 0.0259242931533 0.0172828621022
0 0.339800016624 0.540440000165 0.0518896437971 0.0345930958647
0 0.0676000226081 0.591839999035 0.0211591509034 0.0141061006023
0 0.319400017072 0.686159996962 0.0444232154683 0.0296154769789
0 0.118400021491 0.625019998306 0.0229245240645 0.015283016043
0 0.185800020009 0.638899998001 0.0247524233318 0.0165016155545
0 0.186200020001 0.691799996838 0.0220804216317 0.0147202810878
0 0.102000021852 0.650939997736 0.0742296674897 0.0494864449932
0 0.208000019521 0.679999997097 0.0486115741758 0.0324077161172
0 0.0152000237601 0.314060005142 0.0305468719238 0.0203645812825
0 0.0608000227576 0.292640005613 0.0264237105326 0.0176158070217
0 0.0156000237513 0.283060005824 0.0233504336957 0.0155669557971
0 0.0654000226565 0.36646000399 0.0392212808789 0.026147520586
0 0.0784000223707 0.345700004447 0.0201896005235 0.0134597336823
0 0.0916000220805 0.33690000464 0.0441127614793 0.0294085076529
0 0.125200021342 0.351540004318 0.0293949867122 0.0195966578081
0 0.139600021025 0.398200003293 0.0212445306971 0.0141630204647
0 0.35500001629 0.385080003581 0.0198247329928 0.0132164886618
0 0.39320001545 0.37466000381 0.0248023848565 0.0165349232377
0 0.446200014284 0.389620003481 0.0346000871804 0.0230667247869
0 0.551600011967 0.378220003732 0.0249797730025 0.0166531820017
0 0.501600013066 0.37378000383 0.0255776294256 0.0170517529504
0 0.50280001304 0.402520003198 0.0338389901322 0.0225593267548
0 0.67520000925 0.511180000809 0.0216439260934 0.0144292840622
0 0.650000009804 0.501620001019 0.0255225233479 0.0170150155652
0 0.691800008885 0.437920002419 0.0425432770684 0.0283621847123
0 0.808400006321 0.459560001944 0.0277189506932 0.0184793004621
0 0.835200005732 0.50204000101 0.021240771216 0.014160514144
0 0.733600007966 0.513360000761 0.0226423651172 0.0150949100782
0 0.684000009056 0.382940003628 0.0285981745939 0.0190654497292
0 0.35180001636 0.402500003198 0.034126788301 0.0227511922007
0 0.184000020049 0.378920003716 0.0595315805313 0.0396877203542
0 0.23580001891 0.401820003213 0.0609885773115 0.040659051541
0 0.40320001523 0.43654000245 0.0981296779569 0.0654197853046
0 0.268400018193 0.345960004441 0.0532417708422 0.0354945138948
0 0.379600015749 0.353620004273 0.0381019448587 0.0254012965725
0 0.209600019486 0.297700005502 0.0385161803118 0.0256774535412
0 0.116400021535 0.29688000552 0.0445311521484 0.0296874347656
0 0.279200017956 0.316940005079 0.0264696157751 0.0176464105167
0 0.573800011479 0.342440004519 0.0383862803477 0.0255908535651
0 0.651400009773 0.344040004483 0.0273045173727 0.0182030115818
0 0.533200012372 0.294540005572 0.0236344723835 0.0157563149224
0 0.69020000892 0.331420004761 0.0598287774029 0.0398858516019
0 0.770200007161 0.32600000488 0.0233410349931 0.0155606899954
0 0.812000006242 0.355660004228 0.0251828839138 0.0167885892758
0 0.334200016747 0.479220001511 0.0264217318584 0.0176144879056
0 0.813800006203 0.380040003692 0.0518268208898 0.0345512139265
0 0.845200005512 0.39650000333 0.0437370112403 0.0291580074935
0 0.879200004765 0.430040002593 0.0538549619907 0.0359033079938
0 0.905400004189 0.463720001852 0.0535584576551 0.0357056384367
0 0.975200002654 0.430120002591 0.0443917545478 0.0295945030319
0 0.820400006058 0.522640000557 0.0529882037378 0.0353254691585
0 0.905000004198 0.525940000484 0.0216201820024 0.0144134546683
0 0.958200003028 0.542900000111 0.0325161474658 0.0216774316439
0 0.975800002641 0.506760000906 0.0235545339441 0.0157030226294
0 0.793400006651 0.485120001382 0.0424588866119 0.0283059244079
0 0.924800003762 0.403680003172 0.0209922497309 0.0139948331539
0 0.911400004057 0.374100003822 0.0228271732917 0.0152181155278
0 0.707600008538 0.374860003806 0.0217954925405 0.0145303283603
0 0.888200004567 0.340620004559 0.0285380228968 0.0190253485979
0 0.961400002958 0.342240004523 0.030954874553 0.0206365830354
0 0.776000007034 0.432180002546 0.0281818615328 0.0187879076885
0 0.743600007746 0.40652000311 0.0489461679906 0.0326307786604
0 0.983400002474 0.588139999117 0.0223874129408 0.0149249419605
0 0.802400006453 0.287080005736 0.0277189506932 0.0184793004621
0 0.780400006937 0.310860005213 0.0371058802439 0.0247372534959
0 0.64700000987 0.257880006378 0.0320121791357 0.0213414527571
0 0.735200007931 0.250380006542 0.0309205445549 0.0206136963699
0 0.843400005552 0.184920007982 0.040785917538 0.027190611692
0 0.928800003674 0.303540005374 0.0940624141132 0.0627082760754
0 0.891000004505 0.126960009256 0.0293978557899 0.0195985705266
0 0.945600003305 0.187560007924 0.0216811251692 0.0144540834461
0 0.344600016518 0.234800006885 0.0363410237146 0.0242273491431
0 0.3636000161 0.281820005851 0.0434213137645 0.0289475425097
0 0.576600011418 0.192020007826 0.0268158837679 0.0178772558453
0 0.594000011035 0.2068400075 0.0212770798884 0.0141847199256
0 0.486600013396 0.172440008256 0.0281711766919 0.0187807844612
0 0.513400012807 0.168400008345 0.0227770138996 0.0151846759331
0 0.504600013001 0.142120008923 0.0288486747532 0.0192324498355
0 0.403600015221 0.153040008683 0.0247155210572 0.0164770140381
0 0.332400016786 0.16454000843 0.029375793572 0.0195838623814
0 0.339000016641 0.197080007714 0.0258764092365 0.017250939491
0 0.4000000153 0.257060006396 0.0242898092934 0.0161932061956
0 0.157800020625 0.282040005846 0.0213526652445 0.014235110163
0 0.0928000220541 0.218460007244 0.0220299654385 0.0146866436257
0 0.728200008085 0.151620008714 0.0567932932441 0.037862195496
0 0.0734000224806 0.181920008048 0.0536188072195 0.0357458714797
0 0.10300002183 0.116060009496 0.0208262389617 0.0138841593078
0 0.151400020766 0.127020009255 0.0263451571651 0.0175634381101
0 0.106200021759 0.103340009775 0.031080025699 0.0207200171327
0 0.046000023083 0.146160008834 0.0521122446496 0.0347414964331
0 0.206600019552 0.212100007384 0.0393691867787 0.0262461245192
0 0.174200020264 0.193560007792 0.0470853237972 0.0313902158648
0 0.299400017512 0.264340006236 0.0297084087126 0.0198056058084
0 0.0386000232457 0.246440006629 0.0347818284098 0.0231878856065
0 0.10800002172 0.272400006058 0.030628294369 0.0204188629126
0 0.247600018651 0.0874600101243 0.0241657464183 0.0161104976122
0 0.238400018853 0.106840009698 0.0790552582378 0.0527035054918
0 0.398000015344 0.116080009495 0.0385197419255 0.0256798279503
0 0.633200010173 0.0957000099432 0.0217142679628 0.0144761786418
0 0.565000011673 0.0861600101529 0.0273477514049 0.0182318342699
0 0.53100001242 0.0695800105174 0.0217665049628 0.0145110033085
0 0.474800013656 0.109700009635 0.0375350546876 0.0250233697917
0 0.860000005187 0.097480009904 0.0576317564553 0.0384211709702
0 0.172800020295 0.173440008234 0.0306050449466 0.0204033632977
0 0.0638000226917 0.0475200110024 0.0287773435467 0.0191848956978
0 0.481600013506 0.0159000116976 0.0475066824776 0.0316711216517
0 0.432200014592 0.0373200112267 0.0307686813066 0.0205124542044
0 0.0376000232677 0.0277400114373 0.0319284812152 0.0212856541434
0 0.92400000378 0.0247800115024 0.0319290748174 0.0212860498783
0 0.581000011321 0.0594400107404 0.0221314714273 0.0147543142848
0 0.134400021139 0.876579992775 0.0633628874714 0.0422419249809
0 0.0778000223839 0.532080000349 0.0241210283803 0.0160806855869
0 0.566200011646 0.686819996947 0.0295280525552 0.0196853683701
0 0.431600014605 0.313400005157 0.0227795861761 0.0151863907841
0 0.826000005934 0.247620006603 0.0477372969608 0.0318248646405
0 0.739000007847 0.0881800101085 0.0644803437511 0.0429868958341
