0 0.771400007135 0.385539981586 0.14645948892 0.0976396592802
0 0.520800012644 0.349839982371 0.621444198715 0.414296132477
0 0.407000015146 0.266439984204 0.136374186295 0.0909161241966
0 0.452800014139 0.346479982444 0.0984575442793 0.0656383628528
0 0.400200015296 0.410559981036 0.294050779509 0.196033853006
0 0.0824000222827 0.0465399890387 0.113830161288 0.0758867741918
0 0.0936000220365 0.247359984624 0.115171702426 0.0767811349504
0 0.0720000225114 0.49131997926 0.116141252806 0.0774275018703
0 0.344000016531 0.802039972429 0.139815100807 0.0932100672044
0 0.682600009087 0.645639975867 0.166295698224 0.110863798816
0 0.720800008247 0.600099976869 0.147077824622 0.0980518830812
0 0.584400011246 0.605199976756 0.0915905553129 0.0610603702086
0 0.52920001246 0.625159976318 0.0917356910688 0.0611571273792
0 0.469000013783 0.59957997688 0.0740656353948 0.0493770902632
0 0.0380000232589 0.0827399882428 0.0376102443089 0.0250734962059
0 0.149000020819 0.0776599883545 0.0214847417504 0.0143231611669
0 0.187800019965 0.12971998721 0.0225503567649 0.0150335711766
0 0.207000019543 0.0932599880115 0.0208373195375 0.0138915463583
0 0.378800015766 0.0448999890748 0.0373554899999 0.0249036599999
0 0.248400018633 0.045299989066 0.0568561161513 0.0379040774342
0 0.327000016905 0.166459986402 0.0230119814662 0.0153413209774
0 0.377000015806 0.109639987651 0.0219772337699 0.0146514891799
0 0.420800014843 0.051799988923 0.0250447724515 0.0166965149676
0 0.424200014768 0.0162399897048 0.025235417715 0.01682361181
0 0.435600014518 0.160979986523 0.0243396718844 0.0162264479229
0 0.37680001581 0.183359986031 0.0222981747324 0.0148654498216
0 0.291400017688 0.232439984952 0.033984125888 0.0226560839253
0 0.222800019196 0.265079984234 0.0199391003641 0.0132927335761
0 0.202000019653 0.242799984724 0.0955323712096 0.0636882474731
0 0.339400016633 0.245159984672 0.0239042646168 0.0159361764112
0 0.320000017059 0.240219984781 0.0403588207022 0.0269058804682
0 0.434000014553 0.145079986872 0.0220293718362 0.0146862478908
0 0.411800015041 0.14473998688 0.0274350109391 0.0182900072927
0 0.420400014852 0.119819987428 0.0339155648254 0.0226103765503
0 0.40820001512 0.125959987293 0.0474639431139 0.0316426287426
0 0.500600013088 0.105899987734 0.024952467298 0.0166349781986
0 0.449400014214 0.032059989357 0.087272395575 0.05818159705
0 0.632600010186 0.0538599888778 0.0251478613796 0.0167652409197
0 0.703600008625 0.186419985963 0.0551544563009 0.0367696375339
0 0.699000008727 0.151599986729 0.0200693960631 0.0133795973754
0 0.866000005055 0.118919987447 0.0200498071881 0.0133665381254
0 0.954200003116 0.255619984442 0.100594809265 0.0670632061765
0 0.939600003437 0.215919985315 0.0755751659761 0.0503834439841
0 0.849800005411 0.203259985593 0.07322361057 0.04881574038
0 0.953000003142 0.340279982581 0.0249601841275 0.0166401227517
0 0.93080000363 0.369099981947 0.0746786286759 0.0497857524506
0 0.835600005723 0.275159984012 0.0204786848306 0.0136524565538
0 0.829800005851 0.30621998333 0.020114114101 0.0134094094007
0 0.884800004642 0.261519984312 0.0763118263975 0.0508745509316
0 0.870400004958 0.392839981425 0.108355169653 0.0722367797683
0 0.888600004558 0.23159998497 0.0817136070856 0.054475738057
0 0.648000009848 0.307699983297 0.021014213015 0.0140094753433
0 0.593800011039 0.358339982184 0.0708374283646 0.047224952243
0 0.714000008397 0.319239983043 0.0216737051407 0.0144491367605
0 0.630200010239 0.39943998128 0.0318750570106 0.021250038007
0 0.349800016404 0.356879982216 0.0227626685113 0.0151751123409
0 0.455400014082 0.310919983226 0.0214085627919 0.0142723751946
0 0.487000013387 0.319539983037 0.0268185549782 0.0178790366521
0 0.555400011884 0.380939981687 0.0207251287078 0.0138167524719
0 0.598000010947 0.460579979936 0.0294512799945 0.019634186663
0 0.656200009668 0.465039979838 0.0388619536361 0.0259079690907
0 0.559800011787 0.220799985208 0.0200375394078 0.0133583596052
0 0.318000017103 0.372939981863 0.0536387918294 0.0357591945529
0 0.295600017595 0.338739982615 0.0209386276588 0.0139590851059
0 0.300000017499 0.416319980909 0.0330080458831 0.0220053639221
0 0.20080001968 0.37351998185 0.0235339557319 0.0156893038213
0 0.205600019574 0.325699982901 0.0743506634198 0.0495671089465
0 0.154800020691 0.335799982679 0.0725901380105 0.0483934253404
0 0.131600021201 0.370119981925 0.021627206296 0.0144181375307
0 0.0468000230654 0.376119981793 0.0258336698728 0.0172224465819
0 0.0672000226169 0.349819982371 0.0282848515272 0.0188565676848
0 0.129200021254 0.285899983776 0.0256023628536 0.0170682419024
0 0.020800023637 0.481559979475 0.0217855002356 0.0145236668237
0 0.0570000228412 0.520359978622 0.0787694387431 0.0525129591621
0 0.140200021012 0.562819977688 0.0588432986953 0.0392288657969
0 0.134400021139 0.548419978005 0.0520853346799 0.0347235564533
0 0.123600021377 0.517079978694 0.045848058792 0.030565372528
0 0.182000020093 0.424859980721 0.0228038249356 0.0152025499571
0 0.109200021694 0.668639975362 0.0212143559148 0.0141429039432
0 0.0508000229775 0.660939975531 0.0250072765745 0.0166715177164
0 0.0522000229467 0.671279975304 0.0684123652102 0.0456082434735
0 0.0842000222432 0.715979974321 0.0228502248466 0.0152334832311
0 0.162000020533 0.728339974049 0.0229637018146 0.0153091345431
0 0.322600017002 0.492959979224 0.0437937991911 0.0291958661274
0 0.279400017952 0.522899978566 0.0238685495467 0.0159123663645
0 0.364600016078 0.448419980203 0.0485790249845 0.0323860166563
0 0.411000015058 0.48083997949 0.0341617119015 0.022774474601
0 0.421800014821 0.508399978885 0.0236861157813 0.0157907438542
0 0.328000016883 0.581679977273 0.0214138062787 0.0142758708525
0 0.44960001421 0.50951997886 0.054477452908 0.0363183019387
0 0.474000013673 0.507619978902 0.0903588305956 0.0602392203971
0 0.43820001446 0.592259977041 0.0429945137299 0.0286630091533
0 0.412400015028 0.593559977012 0.0220866544556 0.0147244363037
0 0.392800015459 0.604059976781 0.0252147405691 0.0168098270461
0 0.402600015243 0.666659975405 0.121521268077 0.0810141787179
0 0.253800018514 0.638159976032 0.0606478496065 0.0404318997377
0 0.323200016989 0.619739976437 0.10049686489 0.0669979099264
0 0.525400012543 0.576059977397 0.0449866429595 0.0299910953063
0 0.702000008661 0.498899979093 0.0219048142925 0.0146032095283
0 0.850200005402 0.590839977072 0.0464278103457 0.0309518735638
0 0.730400008036 0.432759980548 0.0227980867803 0.0151987245202
0 0.750600007592 0.485599979386 0.0235550286126 0.0157033524084
0 0.83120000582 0.525079978518 0.165309329113 0.110206219408
0 0.907400004145 0.557099977814 0.0574650531502 0.0383100354334
0 0.909600004097 0.577899977357 0.0436563802648 0.0291042535099
0 0.736000007913 0.605739976745 0.0263748372788 0.0175832248525
0 0.897400004365 0.622599976374 0.130734964697 0.0871566431317
0 0.872200004919 0.68007997511 0.0212566006099 0.0141710670733
0 0.943800003345 0.797039972539 0.0480705057036 0.0320470038024
0 0.951600003173 0.770639973119 0.0346091890819 0.0230727927213
0 0.97040000276 0.731219973986 0.0199086287807 0.0132724191872
0 0.878800004774 0.769039973154 0.0221867753724 0.0147911835816
0 0.907800004136 0.776619972988 0.025093052103 0.016728701402
0 0.752800007544 0.620699976416 0.0255159937229 0.0170106624819
0 0.742800007764 0.634679976108 0.0201054079344 0.0134036052896
0 0.71020000848 0.631579976176 0.0251872369971 0.0167914913314
0 0.716000008353 0.678819975138 0.0246862366783 0.0164574911189
0 0.71020000848 0.701979974629 0.0253427607927 0.0168951738618
0 0.680400009136 0.7078399745 0.0493144982013 0.0328763321342
0 0.648000009848 0.695439974772 0.0365135641087 0.0243423760725
0 0.736800007896 0.817539972088 0.0378910181842 0.0252606787895
0 0.668400009399 0.762679973294 0.0336768377778 0.0224512251852
0 0.68840000896 0.748019973616 0.0364579633625 0.0243053089083
0 0.654800009698 0.737979973837 0.0290855220603 0.0193903480402
0 0.803600006427 0.800319972467 0.0902640520993 0.0601760347329
0 0.749400007619 0.836059971681 0.0474289205798 0.0316192803865
0 0.769600007174 0.826139971899 0.019991733099 0.013327822066
0 0.720200008261 0.934459969518 0.0285026046278 0.0190017364186
0 0.684200009052 0.937619969448 0.0485111564579 0.032340770972
0 0.751800007566 0.938319969433 0.0578433756657 0.0385622504438
0 0.725000008155 0.894839970389 0.129085739715 0.0860571598097
0 0.823000006 0.922879969772 0.045032548202 0.0300216988013
0 0.495200013207 0.708779974479 0.0201099588851 0.0134066392568
0 0.430600014627 0.82291997197 0.0364758703644 0.0243172469096
0 0.288200017758 0.786099972779 0.10012190612 0.0667479374135
0 0.215400019359 0.757839973401 0.0308392210434 0.0205594806956
0 0.218400019293 0.804219972381 0.0202094861996 0.0134729907998
0 0.135800021109 0.831439971782 0.0577555225293 0.0385036816862
0 0.129600021245 0.881999970671 0.0450326471357 0.0300217647571
0 0.121000021434 0.869479970946 0.027632383695 0.01842158913
0 0.107600021729 0.859259971171 0.0274063201626 0.0182708801084
0 0.176200020221 0.880759970698 0.0455962724943 0.0303975149962
0 0.1544000207 0.887419970552 0.0320922165089 0.0213948110059
0 0.22080001924 0.879659970722 0.0640853014382 0.0427235342921
0 0.262600018321 0.887019970561 0.0616290741645 0.041086049443
0 0.243400018743 0.859439971167 0.0305121461908 0.0203414307939
0 0.144200020924 0.781019972891 0.0233192695764 0.0155461797176
0 0.062600022718 0.94845996921 0.0365767827509 0.0243845218339
0 0.203200019627 0.965039968845 0.0404230286815 0.0269486857877
0 0.297800017547 0.931339969586 0.0264878195782 0.0176585463854
0 0.15120002077 0.933599969536 0.108364073687 0.0722427157911
0 0.365400016061 0.975259968621 0.0202638008077 0.0135092005384
0 0.435200014526 0.967259968796 0.0430986909289 0.0287324606193
0 0.401200015274 0.883279970643 0.0574464536123 0.0382976357415
0 0.420400014852 0.903719970193 0.0211827960606 0.0141218640404
0 0.495000013212 0.853919971288 0.0238849725429 0.0159233150286
0 0.629400010257 0.945979969264 0.0751207634358 0.0500805089572
0 0.718600008296 0.951219969149 0.0225500599637 0.0150333733091
0 0.76160000735 0.958499968989 0.0504355160946 0.0336236773964
0 0.904200004215 0.86521997104 0.268676260994 0.17911750733
0 0.927000003714 0.951119969151 0.0938193339822 0.0625462226548
0 0.652400009751 0.773619973054 0.405163231721 0.270108821147
0 0.852200005358 0.732619973955 0.031027096163 0.0206847307753
