0 0.857800005235 0.537099978254 0.228765412141 0.152510274761
0 0.533200012372 0.447359980227 0.175190828291 0.116793885527
0 0.674200009272 0.174539986225 0.135992302166 0.0906615347771
0 0.599400010916 0.0908599880643 0.149745077504 0.0998300516691
0 0.375400015841 0.176679986178 0.118701657278 0.0791344381855
0 0.347400016457 0.106839987713 0.155343736279 0.103562490853
0 0.297400017556 0.102119987817 0.121191818815 0.0807945458768
0 0.88760000458 0.166519986401 0.166578648641 0.111052432427
0 0.0706000225421 0.782239972864 0.124693082891 0.0831287219275
0 0.050000022995 0.67917997513 0.138825763684 0.0925505091228
0 0.0612000227488 0.0602199887379 0.0207588651037 0.0138392434025
0 0.0492000230126 0.0965799879386 0.0266885560803 0.0177923707202
0 0.0704000225466 0.10787998769 0.0249818506105 0.0166545670737
0 0.0452000231006 0.158419986579 0.027612102284 0.0184080681893
0 0.0442000231226 0.0742999884284 0.0299317021011 0.0199544680674
0 0.208200019517 0.153439986688 0.0555479156744 0.037031943783
0 0.241400018787 0.132599987147 0.0658163446012 0.0438775630674
0 0.175600020234 0.17291998626 0.0817882031046 0.0545254687364
0 0.305000017389 0.177979986149 0.0407810697861 0.0271873798574
0 0.364600016078 0.175059986213 0.0255458717039 0.017030581136
0 0.367200016021 0.237359984843 0.0249598873264 0.0166399248842
0 0.200600019684 0.227219985066 0.0456835320285 0.030455688019
0 0.239400018831 0.219459985237 0.0652953596725 0.0435302397817
0 0.106400021755 0.274139984035 0.0268249856695 0.0178833237796
0 0.0998000219002 0.249419984578 0.0288515438309 0.0192343625539
0 0.189200019935 0.0671799885849 0.0667869832519 0.0445246555013
0 0.257000018444 0.0646999886394 0.119988784874 0.0799925232496
0 0.268200018198 0.104479987765 0.033792985956 0.022528657304
0 0.243600018739 0.106419987722 0.0310262057596 0.020684137173
0 0.470000013761 0.0343599893065 0.05477039563 0.0365135970867
0 0.425200014746 0.0289799894248 0.0228298445019 0.0152198963346
0 0.409000015102 0.0556999888373 0.0547623819993 0.0365082546662
0 0.419200014878 0.0818999882613 0.0272586121302 0.0181724080868
0 0.424400014764 0.105839987735 0.0307125858918 0.0204750572612
0 0.480000013541 0.154079986674 0.0231573150894 0.0154382100596
0 0.475000013651 0.0939799879957 0.024040694206 0.0160271294707
0 0.458200014021 0.0776599883545 0.0335332849613 0.0223555233076
0 0.51100001286 0.088279988121 0.0286226112208 0.0190817408139
0 0.504000013014 0.062079988697 0.021303693057 0.014202462038
0 0.542200012174 0.0672599885832 0.0254276459178 0.0169517639452
0 0.538200012262 0.11743998748 0.0727552583763 0.0485035055842
0 0.347200016461 0.0444199890853 0.0361076390874 0.0240717593916
0 0.311400017248 0.0327599893416 0.0854674489289 0.056978299286
0 0.481800013502 0.193459985809 0.0420835321077 0.0280556880718
0 0.49960001311 0.174919986216 0.0442863901443 0.0295242600962
0 0.464800013876 0.215019985335 0.0425033078487 0.0283355385658
0 0.453000014135 0.238959984808 0.0271545338649 0.0181030225766
0 0.497400013159 0.243739984703 0.0547766284539 0.0365177523026
0 0.329000016861 0.246719984638 0.0361111017674 0.0240740678449
0 0.295600017595 0.268379984161 0.0221385946545 0.014759063103
0 0.618600010494 0.0513999889318 0.0927054393161 0.0618036262108
0 0.655400009685 0.0245199895228 0.0279737050022 0.0186491366682
0 0.717400008322 0.0887399881109 0.0217121903548 0.0144747935699
0 0.871600004932 0.130599987191 0.020384005268 0.0135893368453
0 0.844600005526 0.0373999892396 0.021646102635 0.01443073509
0 0.971000002747 0.070679988508 0.0818373731596 0.054558248773
0 0.79620000659 0.19113998586 0.0358607994754 0.0239071996503
0 0.704600008603 0.219379985239 0.0328337246821 0.0218891497881
0 0.874800004862 0.234199984913 0.0230638227314 0.0153758818209
0 0.898000004352 0.252279984515 0.0369178072569 0.0246118715046
0 0.955600003085 0.187399985942 0.0412995813719 0.0275330542479
0 0.964600002887 0.164639986442 0.0382469816808 0.0254979877872
0 0.933000003582 0.384799981602 0.0308694947594 0.0205796631729
0 0.909400004101 0.372179981879 0.0879051755984 0.058603450399
0 0.830200005842 0.372559981871 0.0340538741551 0.0227025827701
0 0.849600005416 0.359379982161 0.0971582478365 0.0647721652243
0 0.934800003542 0.298239983505 0.0241274590716 0.0160849727144
0 0.764600007284 0.286119983771 0.0581968658196 0.0387979105464
0 0.720800008247 0.304139983375 0.0406940081193 0.0271293387462
0 0.729000008067 0.314319983151 0.0759584351773 0.0506389567849
0 0.737200007887 0.350119982364 0.0251669555861 0.0167779703907
0 0.730400008036 0.374979981818 0.0261601511232 0.0174401007488
0 0.783200006875 0.320559983014 0.0669886101574 0.0446590734383
0 0.767600007218 0.390299981481 0.0225656914903 0.0150437943268
0 0.775000007056 0.373639981847 0.139835876886 0.0932239179241
0 0.90760000414 0.416039980915 0.0751239293146 0.0500826195431
0 0.910200004083 0.440419980379 0.0205147956356 0.0136765304237
0 0.850400005398 0.410119981045 0.0873551041584 0.0582367361056
0 0.732000008001 0.449259980185 0.0204713637359 0.013647575824
0 0.668800009391 0.469079979749 0.0477813224628 0.0318542149752
0 0.713800008401 0.475799979601 0.042161788674 0.028107859116
0 0.788600006757 0.441519980355 0.0718622826896 0.0479081884598
0 0.702800008643 0.45675998002 0.0435654601832 0.0290436401222
0 0.64380000994 0.277699983957 0.0320524451566 0.0213682967711
0 0.602800010842 0.382799981646 0.0417166859027 0.0278111239351
0 0.477400013599 0.395939981357 0.0253778822606 0.0169185881737
0 0.57060001155 0.306279983328 0.0862541698086 0.0575027798724
0 0.588400011158 0.362399982094 0.0479729570634 0.0319819713756
0 0.398000015344 0.374979981818 0.0372335047327 0.0248223364885
0 0.426600014715 0.398459981302 0.0200714736711 0.0133809824474
0 0.400600015287 0.335859982678 0.0880120240077 0.0586746826718
0 0.357400016237 0.27253998407 0.148512363449 0.0990082422995
0 0.356200016263 0.3575799822 0.0471574464734 0.0314382976489
0 0.256000018466 0.324299982932 0.0367128166052 0.0244752110701
0 0.238400018853 0.280019983906 0.0649132776759 0.0432755184506
0 0.205600019574 0.275799983998 0.0860262265356 0.0573508176904
0 0.14300002095 0.287299983746 0.0214524893602 0.0143016595734
0 0.145000020906 0.315899983117 0.0265278877316 0.0176852584877
0 0.0612000227488 0.249979984566 0.0279808282295 0.0186538854863
0 0.0522000229467 0.235739984879 0.0259567434109 0.0173044956072
0 0.160200020572 0.354259982273 0.0271948988195 0.0181299325463
0 0.0516000229599 0.358139982188 0.0254154770712 0.0169436513808
0 0.030400023426 0.190259985879 0.0654233798962 0.0436155865974
0 0.0442000231226 0.182579986048 0.0202670656202 0.0135113770801
0 0.0240000235667 0.213239985374 0.0218785968588 0.0145857312392
0 0.0224000236018 0.419319980843 0.0314718031995 0.020981202133
0 0.0384000232501 0.443319980315 0.0608684717848 0.0405789811899
0 0.0366000232897 0.476679979582 0.0410623383299 0.02737489222
0 0.0770000224014 0.446199980252 0.0515534670429 0.0343689780286
0 0.0864000221948 0.481619979473 0.0655668337789 0.0437112225193
0 0.111000021654 0.597199976932 0.0198525333659 0.0132350222439
0 0.117600021509 0.611779976612 0.0381754526069 0.0254503017379
0 0.12120002143 0.558399977785 0.0325782778371 0.0217188518914
0 0.106600021751 0.506359978929 0.0685913362957 0.0457275575304
0 0.128400021271 0.452979980103 0.0232557541331 0.0155038360887
0 0.138600021047 0.429399980621 0.0218987793361 0.014599186224
0 0.170000020357 0.453139980099 0.0255770358233 0.0170513572155
0 0.161600020541 0.439699980395 0.04286659244 0.0285777282933
0 0.168600020388 0.40627998113 0.0510034945366 0.0340023296911
0 0.332400016786 0.423299980756 0.0703472118204 0.0468981412136
0 0.305800017371 0.467779979778 0.308158726874 0.205439151249
0 0.176600020212 0.527399978467 0.05396794429 0.0359786295267
0 0.184600020036 0.475639979605 0.0253613603306 0.0169075735538
0 0.244600018717 0.608779976678 0.0264722869853 0.0176481913236
0 0.303000017433 0.489259979305 0.0727021309728 0.0484680873152
0 0.21760001931 0.493699979208 0.03645469855 0.0243031323666
0 0.212200019429 0.467339979787 0.0208994499088 0.0139329666058
0 0.20760001953 0.515379978731 0.0386840708215 0.0257893805477
0 0.237800018866 0.626659976285 0.0264170819739 0.0176113879826
0 0.196800019768 0.710859974433 0.0752880603432 0.0501920402288
0 0.345800016492 0.693559974814 0.07286675667 0.04857783778
0 0.397600015353 0.649819975775 0.0634378792253 0.0422919194835
0 0.440600014408 0.669999975332 0.0745743525432 0.0497162350288
0 0.432800014579 0.638779976018 0.0289940083765 0.0193293389177
0 0.497600013154 0.49769997912 0.0321977787799 0.0214651858532
0 0.472600013704 0.504099978979 0.0431554788797 0.0287703192532
0 0.432800014579 0.523899978544 0.0467074959501 0.0311383306334
0 0.517400012719 0.53815997823 0.0208041767439 0.0138694511626
0 0.413600015001 0.542399978137 0.0406170376912 0.0270780251274
0 0.491200013295 0.524619978528 0.0239489826547 0.0159659884365
0 0.556600011857 0.517959978674 0.0803152779968 0.0535435186645
0 0.585800011215 0.559059977771 0.0795766389013 0.0530510926008
0 0.595800010995 0.468259979767 0.0244095190852 0.0162730127235
0 0.619400010477 0.457619980001 0.0227506975321 0.0151671316881
0 0.530000012442 0.578299977348 0.0272292288176 0.0181528192118
0 0.725000008155 0.528139978451 0.0221936017985 0.0147957345324
0 0.549000012024 0.598839976896 0.0751377800343 0.0500918533562
0 0.598600010934 0.614979976541 0.057681025444 0.0384540169626
0 0.624400010367 0.587559977144 0.0363744633093 0.0242496422062
0 0.492200013273 0.653399975697 0.0867710984551 0.05784739897
0 0.675000009254 0.674839975225 0.023343112601 0.0155620750673
0 0.649600009813 0.491719979251 0.0383531375541 0.0255687583694
0 0.767800007214 0.557679977801 0.0392644159775 0.0261762773183
0 0.753600007526 0.524679978527 0.0515655369558 0.0343770246372
0 0.788800006752 0.583179977241 0.0223576338934 0.0149050892623
0 0.715800008357 0.516759978701 0.0356368135509 0.0237578757006
0 0.979400002562 0.569299977546 0.0274317461266 0.0182878307511
0 0.940800003411 0.576019977398 0.0292561827139 0.0195041218093
0 0.960800002971 0.572359977478 0.0325791682405 0.0217194454937
0 0.80800000633 0.636099976077 0.0370015051775 0.0246676701183
0 0.740800007808 0.632499976156 0.0843467278367 0.0562311518911
0 0.881800004708 0.609239976668 0.0316952944554 0.0211301963036
0 0.961600002953 0.587439977147 0.0869484866011 0.0579656577341
0 0.781600006911 0.617839976479 0.0274867532706 0.0183245021804
0 0.848200005446 0.702019974628 0.0247793333015 0.0165195555344
0 0.741400007794 0.664959975443 0.0251123441769 0.0167415627846
0 0.819600006075 0.461879979907 0.0200857201256 0.0133904800838
0 0.946200003292 0.455779980041 0.0450306684615 0.030020445641
0 0.945600003305 0.479019979531 0.0407158724697 0.0271439149798
0 0.92900000367 0.490179979285 0.0203259311789 0.013550620786
0 0.958800003015 0.774859973026 0.0275183131248 0.0183455420832
0 0.903600004228 0.83471997171 0.024293370907 0.0161955806047
0 0.957400003046 0.728439974047 0.0281980866616 0.0187987244411
0 0.935800003521 0.754299973478 0.0309368686174 0.0206245790783
0 0.830400005838 0.800959972453 0.0236124101657 0.0157416067771
0 0.865600005064 0.808719972282 0.0437813335433 0.0291875556956
0 0.702800008643 0.75151997354 0.0726014164537 0.0484009443025
0 0.701000008683 0.775739973007 0.0707119804175 0.0471413202783
0 0.641200009997 0.856759971226 0.103753762696 0.0691691751309
0 0.583600011264 0.876799970785 0.0650796841798 0.0433864561199
0 0.785400006827 0.849259971391 0.0227484220568 0.0151656147045
0 0.780200006941 0.881239970688 0.0262101126479 0.0174734084319
0 0.738200007865 0.881879970674 0.180195884793 0.120130589862
0 0.702800008643 0.890579970482 0.0259060893502 0.0172707262335
0 0.46780001381 0.793059972626 0.0994887303619 0.0663258202413
0 0.41320001501 0.742799973731 0.0657214671711 0.0438143114474
0 0.391600015485 0.820659972019 0.0468823118197 0.0312548745464
0 0.361600016144 0.826119971899 0.0419208850847 0.0279472567232
0 0.377400015797 0.770399973124 0.125239196983 0.0834927979885
0 0.366400016039 0.746919973641 0.0583598096436 0.0389065397624
0 0.329000016861 0.752899973509 0.0679374833915 0.0452916555943
0 0.36000001618 0.722739974172 0.0216995268396 0.0144663512264
0 0.343200016549 0.735039973902 0.0211343185416 0.0140895456944
0 0.385600015617 0.674679975229 0.0518502681796 0.0345668454531
0 0.256400018457 0.745919973663 0.0297590627732 0.0198393751822
0 0.22580001913 0.697699974723 0.0205377482568 0.0136918321712
0 0.233800018954 0.713559974374 0.0234377921636 0.0156251947757
0 0.289400017732 0.65595997564 0.11576827271 0.0771788484736
0 0.185800020009 0.731199973986 0.0338408698727 0.0225605799151
0 0.132200021188 0.750199973569 0.0689302831938 0.0459535221292
0 0.154000020709 0.808859972279 0.0223586232305 0.0149057488204
0 0.135000021126 0.835019971704 0.0345543798053 0.0230362532036
0 0.121400021425 0.967679968787 0.0201655596314 0.0134437064209
0 0.196600019772 0.986539968373 0.0366300090881 0.0244200060587
0 0.0904000221068 0.916399969915 0.032420874301 0.0216139162006
0 0.133800021153 0.884839970608 0.0199435523811 0.0132957015874
0 0.140200021012 0.894099970405 0.023896646721 0.015931097814
0 0.150600020783 0.914559969955 0.0352323725353 0.0234882483569
0 0.335800016712 0.970759968719 0.0466585237626 0.0311056825084
0 0.290600017705 0.937859969443 0.0352688790751 0.0235125860501
0 0.272000018114 0.846599971449 0.244490925701 0.162993950467
0 0.219800019262 0.925219969721 0.114487081137 0.0763247207579
0 0.467200013823 0.979079968537 0.0298267334324 0.0198844889549
0 0.497200013163 0.966959968803 0.0204651309121 0.013643420608
0 0.445800014293 0.956499969033 0.123139823609 0.0820932157394
0 0.50780001293 0.950199969171 0.0971638870581 0.0647759247054
0 0.659200009602 0.968699968765 0.0528653280672 0.0352435520448
0 0.661000009562 0.933799969532 0.0423215666193 0.0282143777462
0 0.722600008208 0.949499969187 0.0530089798173 0.0353393198782
0 0.57420001147 0.958479968989 0.0903367683778 0.0602245122519
0 0.624400010367 0.922639969777 0.0586419685909 0.0390946457273
0 0.496800013172 0.894799970389 0.0318698135238 0.0212465423492
0 0.846400005486 0.873899970849 0.0210053089809 0.0140035393206
0 0.934800003542 0.968679968765 0.0260311415625 0.017354094375
0 0.81800000611 0.257019984411 0.20239265247 0.13492843498
0 0.659400009597 0.582119977264 0.0268332961013 0.0178888640675
0 0.78980000673 0.798919972497 0.121144330633 0.0807628870889
