0 0.135800021109 0.128899973744 0.128835428925 0.085890291615
0 0.164600020476 0.406439985948 0.167993389646 0.111995600484
0 0.075200022441 0.644859996431 0.130567758112 0.0870451778159
0 0.429600014649 0.727940000085 0.502281477209 0.334854340225
0 0.722800008203 0.765760001748 0.336597200255 0.224398148304
0 0.877000004813 0.797800003156 0.137376375739 0.0915842565333
0 0.948800003235 0.772740002054 0.0969797650232 0.0646531809464
0 0.48960001333 0.106399972755 0.0914583738412 0.0609722532489
0 0.545600012099 0.233399978339 0.137072649263 0.0913817722022
0 0.529800012447 0.236019978455 0.347583788274 0.2317225408
0 0.886400004607 0.359799983897 0.187410118728 0.124940087393
0 0.890000004527 0.149419974647 0.154160478913 0.102773659387
0 0.942600003371 0.980340011183 0.0371294240185 0.0247529509783
0 0.951800003169 0.96822001065 0.0239300847374 0.0159533908771
0 0.920000003868 0.974220010914 0.049397104593 0.032931405234
0 0.80300000644 0.959560010269 0.0247815082087 0.0165210065621
0 0.923600003789 0.852320005554 0.0266213783338 0.0177475867264
0 0.916400003947 0.839320004982 0.0414771646497 0.0276514449236
0 0.894400004431 0.853040005585 0.0311163323191 0.0207442229143
0 0.785200006831 0.978720011111 0.029297634007 0.0195317572929
0 0.730800008027 0.984900011383 0.0363580379151 0.0242386935421
0 0.717400008322 0.971100010776 0.0217808489145 0.0145205669007
0 0.682400009092 0.942040009499 0.0244772870637 0.0163181924521
0 0.616600010538 0.959700010275 0.0295071755957 0.0196714516946
0 0.60380001082 0.900120007655 0.0213063628619 0.0142042428448
0 0.633000010178 0.841460005076 0.0296999973882 0.0197999995647
0 0.626800010314 0.939600009391 0.0547169678165 0.0364779809502
0 0.361200016153 0.914920008306 0.0227784964029 0.0151856652702
0 0.256400018457 0.869540006311 0.0375132867967 0.0250088595139
0 0.249200018616 0.849440005427 0.0244875761691 0.0163250518561
0 0.173200020286 0.876560006619 0.0688565730367 0.0459043850521
0 0.109400021689 0.888220007132 0.0264819807425 0.0176546549928
0 0.0228000235931 0.789280002782 0.0375738342246 0.0250492244685
0 0.0202000236502 0.631379995839 0.0346675576856 0.0231117066481
0 0.1908000199 0.668579997474 0.0288890378024 0.0192593598052
0 0.0542000229027 0.80744000358 0.0275700536379 0.0183800369709
0 0.145200020902 0.644179996402 0.0386760546399 0.0257840381272
0 0.724800008159 0.67005999754 0.0234259185731 0.0156172800788
0 0.724200008173 0.619239995305 0.0208952933147 0.0139301964619
0 0.70660000856 0.640979996261 0.0201604137487 0.0134402767189
0 0.912600004031 0.650799996693 0.0352694703512 0.0235129817849
0 0.93080000363 0.721119999785 0.0216975467343 0.0144650321103
0 0.866200005051 0.691579998486 0.0344282370515 0.0229521595482
0 0.838400005662 0.648779996604 0.0252360096528 0.0168240075448
0 0.931600003613 0.628119995695 0.0734386876167 0.0489591283069
0 0.983000002483 0.627819995682 0.0303565214592 0.0202376823076
0 0.936600003503 0.51883999089 0.0221942928707 0.014796196223
0 0.974400002672 0.399579985646 0.0198113756349 0.0132075846277
0 0.912600004031 0.425759986798 0.0304674261434 0.0203116187686
0 0.786800006796 0.489059989581 0.0288461005742 0.0192307349845
0 0.958200003028 0.585799993835 0.0200395167603 0.0133596787213
0 0.792400006673 0.563539992856 0.0201656572351 0.0134437723767
0 0.717200008326 0.542839991946 0.0232041092049 0.0154694071569
0 0.638000010068 0.420059986547 0.0281585113195 0.0187723421178
0 0.604000010815 0.42991998698 0.0428439337941 0.0285626244133
0 0.634200010151 0.434479987181 0.0340551580473 0.0227034401956
0 0.629000010266 0.466219988577 0.020490753392 0.0136605031624
0 0.654800009698 0.502779990184 0.0213776940637 0.0142517969825
0 0.600200010899 0.537639991717 0.0289342505059 0.0192895016096
0 0.571400011532 0.465739988555 0.0242142223402 0.0161428159582
0 0.617400010521 0.392079985317 0.02230480182 0.0148698688607
0 0.563800011699 0.398899985616 0.0455501663801 0.0303667795896
0 0.510000012882 0.392859985351 0.0560711723802 0.0373807840523
0 0.587600011176 0.370439984365 0.0225638102615 0.0150425411665
0 0.697200008766 0.404979985884 0.0868075992694 0.0578717366633
0 0.68020000914 0.364819984118 0.0218293264303 0.0145528852467
0 0.668600009395 0.430979987027 0.0218141895733 0.0145427940081
0 0.702600008647 0.45355998802 0.0363781214573 0.0242520825711
0 0.603600010824 0.386899985089 0.154540384343 0.103026929691
0 0.578000011387 0.42013998655 0.0296446934467 0.0197631302679
0 0.344000016531 0.505579990307 0.0707486801584 0.0471657898831
0 0.374200015867 0.456859988165 0.0999972430474 0.0666648330952
0 0.407200015142 0.511419990564 0.0252703396486 0.0168468942102
0 0.432400014588 0.461459988367 0.126037583728 0.0840250613603
0 0.434800014535 0.455079988087 0.0330877842728 0.0220585243034
0 0.302400017446 0.473219988884 0.0216672730204 0.014444849633
0 0.280600017925 0.481379989243 0.0346598408566 0.0231065620951
0 0.212200019429 0.465539988547 0.0534712935279 0.0356475313697
0 0.239800018822 0.529159991344 0.127390996822 0.0849273368159
0 0.298800017525 0.409139986067 0.0357355470388 0.0238236995971
0 0.270400018149 0.473519988898 0.0386423182463 0.0257615471966
0 0.0478000230434 0.580279993592 0.0760093810259 0.0506729240261
0 0.179200020155 0.521399991003 0.0434228938399 0.0289485978026
0 0.0936000220365 0.398879985616 0.0395046244252 0.0263364180205
0 0.0926000220585 0.385119985011 0.0202555879736 0.0135037262064
0 0.0608000227576 0.346419983309 0.022158874604 0.0147725840437
0 0.0534000229203 0.287179980704 0.0320339424396 0.0213559630349
0 0.150000020797 0.351659983539 0.0683780307022 0.0455853568081
0 0.100800021878 0.353399983616 0.0199392969164 0.0132928654877
0 0.0746000224542 0.238979978585 0.0219337014898 0.0146224686243
0 0.122400021403 0.214739977519 0.0346961495266 0.0231307678766
0 0.113200021606 0.253719979233 0.0263573242733 0.0175715506745
0 0.122800021395 0.29027998084 0.0230526417014 0.0153684288146
0 0.107800021724 0.272339980052 0.0930867237035 0.0620578198954
0 0.14120002099 0.254759979279 0.040936491948 0.027290996432
0 0.195600019794 0.274319980139 0.05277400877 0.0351826748338
0 0.292800017657 0.269059979907 0.0238317446339 0.0158878308038
0 0.317000017125 0.370159984353 0.0313658431249 0.0209105634624
0 0.242400018765 0.252999979201 0.0618090305104 0.041206023058
0 0.405200015186 0.246719978925 0.0205905775011 0.0137270525728
0 0.208400019513 0.240779978664 0.0242658657346 0.01617724489
0 0.17440002026 0.267939979858 0.0463391626832 0.0308927771597
0 0.184800020031 0.248619979009 0.0423513428734 0.0282342304444
0 0.288800017745 0.202399976976 0.0265946662333 0.0177297786582
0 0.406000015168 0.188979976386 0.0629099647875 0.0419399792912
0 0.37680001581 0.137539974124 0.0242927757025 0.0161951848698
0 0.390800015502 0.177319975873 0.139498503727 0.0929990086182
0 0.221800019218 0.113739973078 0.0253655138735 0.0169103436977
0 0.218400019293 0.177179975867 0.0244220820559 0.0162813891111
0 0.268000018202 0.213879977481 0.0324289847265 0.0216193245769
0 0.236400018897 0.0698199711466 0.0680720287504 0.0453813554934
0 0.196400019776 0.0409799698785 0.0266726259934 0.0177817518351
0 0.213800019394 0.0371599697106 0.0626885511541 0.0417923701925
0 0.153400020722 0.0666799710086 0.0556478350535 0.0370985591492
0 0.155200020682 0.0171399688303 0.0386751642365 0.0257834445249
0 0.328000016883 0.0521999703719 0.0425656332799 0.0283770907249
0 0.295000017609 0.035919969656 0.0261601493978 0.0174401007488
0 0.285000017829 0.0579199706234 0.0237511136637 0.0158340768202
0 0.378400015775 0.0774199714808 0.0331713832541 0.0221142569613
0 0.3318000168 0.0825999717086 0.0231573135621 0.0154382100596
0 0.336400016698 0.0997399724622 0.0201406270075 0.0134270855573
0 0.391000015498 0.10581997273 0.0575984119953 0.0383989438628
0 0.404800015195 0.0829999717262 0.0292732963154 0.0195155321641
0 0.424800014755 0.043559969992 0.0221739125273 0.0147826093265
0 0.394400015423 0.029459969372 0.0577106028176 0.0384737377493
0 0.479000013563 0.223999977926 0.0232294362335 0.0154862918438
0 0.565800011655 0.185539976235 0.0228642719258 0.0152428489559
0 0.583200011273 0.16905997551 0.0388085268718 0.0258723529543
0 0.546600012077 0.113919973086 0.0205044062434 0.0136696050639
0 0.541600012187 0.0824199717007 0.0215392528052 0.0143595028172
0 0.566400011642 0.0736999713172 0.0567273007165 0.037818202972
0 0.481200013515 0.0409199698759 0.0434191343591 0.0289460914819
0 0.462400013928 0.0203199689701 0.0577522539077 0.0385015051445
0 0.401600015265 0.057819970619 0.0504086028002 0.0336057374166
0 0.736800007896 0.079879971589 0.0882852730979 0.0588568526139
0 0.808600006317 0.0537799704414 0.102143115124 0.0680954145741
0 0.671200009338 0.105959972736 0.0773101613886 0.0515401109918
0 0.712000008441 0.393279985369 0.020150223577 0.0134334832707
0 0.723200008195 0.32961998257 0.0198911162017 0.0132607450091
0 0.728600008076 0.296919981132 0.02338525682 0.0155901722416
0 0.69840000874 0.28595998065 0.0233449908018 0.0155633282277
0 0.666200009448 0.267619979844 0.0244245553985 0.0162830380063
0 0.728600008076 0.234519978389 0.0283898183234 0.0189265467973
0 0.713000008419 0.20203997696 0.0582355450601 0.0388236992674
0 0.661800009544 0.21181997739 0.0335149800141 0.0223433214831
0 0.681600009109 0.194559976632 0.0202835862123 0.0135223917001
0 0.725400008146 0.266599979799 0.0256603363166 0.017106892006
0 0.702600008647 0.259279979477 0.0339767036186 0.0226511372397
0 0.778800006972 0.301839981349 0.0950510524304 0.0633673724664
0 0.954400003112 0.337519982918 0.0236874003573 0.0157916012797
0 0.866400005046 0.248279978994 0.0454076029102 0.0302717372701
0 0.913200004017 0.226839978051 0.0440978195803 0.0293985483259
0 0.954800003103 0.26001997951 0.113468056417 0.0756453759339
0 0.848000005451 0.2848199806 0.0728934639645 0.0485956458482
0 0.983400002474 0.0646799709206 0.0336006566032 0.0224004392129
0 0.803200006436 0.149919974669 0.0202364937684 0.0134909967354
0 0.937600003481 0.0417199699111 0.0241125184907 0.0160750133874
0 0.935000003538 0.0880199719469 0.0997152819861 0.066476859042
0 0.871200004941 0.0915799721034 0.151800910032 0.101200613363
0 0.586800011193 0.138559974169 0.0711976413149 0.0474650973405
0 0.060600022762 0.132499973903 0.0330640401834 0.0220426949095
0 0.0550000228851 0.0978599723796 0.0369914114991 0.0246609426259
0 0.23080001902 0.442279987524 0.040356245764 0.0269041656171
0 0.179800020141 0.339759983016 0.0808103369629 0.0538735615286
0 0.3636000161 0.310579981733 0.150353509917 0.100235679889
