0 0.473799991692 0.404459985861 0.129478498012 0.0863190043681
0 0.244799996727 0.189019976388 0.148098810764 0.0987325470214
0 0.873199982912 0.973080010863 0.028097469223 0.0187316473842
0 0.940199981438 0.917880008436 0.03948285901 0.0263219077427
0 0.918199981922 0.819280004101 0.0198211700718 0.0132141142527
0 0.867999983026 0.827580004466 0.0403241912433 0.0268827959353
0 0.841799983602 0.820120004138 0.0319972380348 0.0213314934301
0 0.9555999811 0.802080003345 0.0204775952092 0.0136517310399
0 0.873999982894 0.791360002873 0.0447187275173 0.0298124869779
0 0.976999980629 0.780840002411 0.0448457583954 0.0298971742355
0 0.847999983466 0.754120001236 0.0215771444145 0.0143847638917
0 0.880599982749 0.732680000293 0.0202831904775 0.0135221278768
0 0.955399981104 0.768860001884 0.0391549927092 0.0261033301945
0 0.677199987221 0.897360007534 0.0222613699232 0.0148409142609
0 0.566599989652 0.872100006423 0.0352738234342 0.0235158838405
0 0.570999989555 0.814580003894 0.0200701862091 0.0133801250219
0 0.553799989934 0.797500003143 0.0218245776124 0.0145497193679
0 0.422399992822 0.831560004641 0.0288289850431 0.0192193246297
0 0.339999994634 0.916460008374 0.0250681191542 0.0167120805384
0 0.320799995056 0.945220009638 0.0296154090698 0.0197436073487
0 0.624399988381 0.962880010415 0.0386078893167 0.0257385945754
0 0.207999997536 0.971060010775 0.0238975355482 0.0159316914163
0 0.248399996648 0.937480009298 0.0216276995381 0.0144184673097
0 0.0452000011153 0.784160002557 0.0308153759863 0.0205435853459
0 0.0300000014495 0.816480003978 0.0211181909537 0.0140787948977
0 0.318999995096 0.816460003977 0.0236426823223 0.0157617892544
0 0.331399994823 0.829000004528 0.0238870485754 0.0159247001006
0 0.238599996863 0.786700002668 0.0414612363231 0.0276408260385
0 0.0320000014055 0.685039998198 0.0371644465503 0.0247762993344
0 0.0910000001084 0.589039993977 0.0274255114939 0.0182836755352
0 0.0594000008031 0.609779994889 0.0247536089037 0.0165024070242
0 0.237199996894 0.594539994219 0.0203151460644 0.0135434316029
0 0.0702000005657 0.627119995651 0.0295403183871 0.0196935468903
0 0.108399999726 0.616199995171 0.0230283040098 0.0153522036858
0 0.0542000009174 0.66393999727 0.0234002947433 0.0156001975245
0 0.294999995623 0.722719999855 0.0362394164019 0.0241596125281
0 0.228799997079 0.700339998871 0.0587497035287 0.0391664716024
0 0.572199989529 0.730580000201 0.0538100425362 0.0358733640569
0 0.674399987282 0.737580000508 0.0292861576972 0.0195241064192
0 0.54759999007 0.76878000188 0.0361338541379 0.0240892376808
0 0.559599989806 0.753660001215 0.019915552827 0.0132770360937
0 0.435799992528 0.724319999925 0.0252230493373 0.0168153673339
0 0.457799992044 0.731180000227 0.0464014909178 0.0309343293188
0 0.456799992066 0.697879998763 0.0317383285269 0.0211588870802
0 0.346399994493 0.695479998657 0.0200880932098 0.0133920630231
0 0.470399991767 0.799340003224 0.040367326339 0.0269115526677
0 0.32879999488 0.759620001478 0.0283814089584 0.0189209405536
0 0.280799995936 0.749160001018 0.0201432982176 0.0134288663641
0 0.715999986368 0.641279996274 0.0199134752192 0.0132756510218
0 0.681599987124 0.647619996553 0.0204773973418 0.0136515991282
0 0.312799995232 0.795060003036 0.024746782478 0.0164978560735
0 0.286599995808 0.776780002232 0.0262781773087 0.0175187860279
0 0.0780000003942 0.742660000732 0.0215223351415 0.014348224374
0 0.225399997154 0.637679996116 0.0950868664318 0.0633912484689
0 0.726599986135 0.585179993807 0.0216252261954 0.0144168184145
0 0.913399982028 0.55817999262 0.0320802434139 0.0213868303532
0 0.826799983932 0.557379992585 0.0532854960285 0.035523666362
0 0.969199980801 0.614719995106 0.0574460540885 0.0382973719183
0 0.841599983606 0.666179997369 0.021719510017 0.0144796742997
0 0.872999982916 0.654239996844 0.0237142113915 0.0158094753037
0 0.928199981702 0.641699996293 0.0304063840469 0.0202709240349
0 0.861199983175 0.640779996252 0.0214975027814 0.0143316694662
0 0.665199987484 0.582119993673 0.0235616556173 0.0157077714476
0 0.60719998876 0.572259993239 0.0341356900837 0.0227571282234
0 0.67539998726 0.545179992048 0.0267610727263 0.0178407163276
0 0.725399986161 0.541099991869 0.0212272158974 0.0141514781983
0 0.732399986007 0.559419992675 0.0336832662475 0.0224555123127
0 0.857199983263 0.481919989267 0.0320957760056 0.021397185415
0 0.63399998817 0.663159997236 0.0487267298031 0.0324844886779
0 0.934399981566 0.198519976806 0.0199728354426 0.0133152245066
0 0.982799980502 0.165939975373 0.0344268519796 0.0229512361668
0 0.844399983545 0.172899975679 0.0374863768287 0.0249909195341
0 0.786199984824 0.15791997502 0.0274328325881 0.018288556265
0 0.938799981469 0.056499970561 0.0306609404717 0.0204406283293
0 0.835999983729 0.0667199710103 0.0255801010812 0.0170534018456
0 0.797199984582 0.10219997257 0.0367741530813 0.0245161036712
0 0.748799985646 0.120419973372 0.0325851021141 0.0217234028422
0 0.718999986302 0.118039973267 0.0227418909318 0.0151612616212
0 0.751599985585 0.07921997156 0.0300013494557 0.0200009009563
0 0.923799981799 0.0293199693658 0.0320900378507 0.0213933599782
0 0.910599982089 0.297659981165 0.0222454415965 0.0148302953758
0 0.94059998143 0.254639979273 0.0236793867271 0.0157862588593
0 0.892799982481 0.260159979516 0.0199610623317 0.0133073757655
0 0.815599984178 0.255539979313 0.0394962150602 0.0263308117768
0 0.744399985743 0.273619980108 0.0487522546992 0.0325015052764
0 0.713399986425 0.301299981325 0.0418498479191 0.0278999004529
0 0.615199988584 0.288019980741 0.0271876748653 0.0181251177723
0 0.574799989472 0.283039980522 0.0305861465902 0.0203907657384
0 0.534599990356 0.291059980875 0.0235129802341 0.0156753211899
0 0.715999986368 0.331039982633 0.0229078027563 0.0152718695114
0 0.722199986231 0.347599983361 0.0247752753853 0.0165168513462
0 0.646599987893 0.378299984711 0.0374204869807 0.0249469929659
0 0.861199983175 0.414599986307 0.0310769567042 0.0207179725026
0 0.854399983325 0.432319987086 0.0252064284748 0.0168042867582
0 0.868599983013 0.293859980998 0.0216958648613 0.0144639108615
0 0.957199981065 0.30801998162 0.033947320308 0.0226315483647
0 0.570999989555 0.372539984457 0.0547477361989 0.0364984932066
0 0.828199983901 0.284919980605 0.0531903218036 0.0354602168746
0 0.65859998763 0.448119987781 0.0376527833217 0.0251018572034
0 0.604399988821 0.436079987251 0.0355245214445 0.0236830158583
0 0.424599992774 0.365839984163 0.0234226537608 0.0156151035371
0 0.369999993974 0.360299983919 0.0471257845773 0.0314171917903
0 0.296199995597 0.353119983603 0.0312764070549 0.0208509394119
0 0.209999997492 0.387959985135 0.0388268296074 0.0258845547788
0 0.465999991864 0.484559989383 0.0304563455683 0.0203042317181
0 0.372399993922 0.495199989851 0.0263665251079 0.0175776845646
0 0.415599992972 0.489519989601 0.0322390320115 0.0214926894252
0 0.427799992704 0.533959991555 0.0475982919557 0.0317321967301
0 0.287799995782 0.508359990429 0.025962084119 0.0173080572209
0 0.202999997646 0.528479991314 0.0231061648362 0.0154041109068
0 0.155199998697 0.501459990126 0.0241136067615 0.0160757389013
0 0.138599999062 0.492299989723 0.0350311390541 0.0233540942431
0 0.272199996125 0.448159987782 0.0203677787958 0.0135785200928
0 0.189399997945 0.452499987973 0.0318026354356 0.0212017583555
0 0.0420000011857 0.440119987429 0.0280351409884 0.018690095225
0 0.104199999818 0.430159986991 0.0274869493251 0.018324634092
0 0.463599991917 0.396079985492 0.0239086161232 0.0159390784668
0 0.0518000009702 0.392879985352 0.0340110336145 0.0226740239052
0 0.0983999999457 0.386499985071 0.0266704494519 0.0177803008073
0 0.126199999335 0.368439984277 0.0490314456167 0.0326876325671
0 0.224999997162 0.34235998313 0.0267487060131 0.0178324718515
0 0.264399996296 0.345579983272 0.0255834648272 0.0170556443431
0 0.152999998745 0.384119984967 0.0201440896872 0.0134293940106
0 0.138999999053 0.432999987116 0.0216614359317 0.0144409582403
0 0.0454000011109 0.341639983099 0.0648113716776 0.0432075839682
0 0.0844000002535 0.281879980471 0.0245192349549 0.0163461577147
0 0.273799996089 0.479019989139 0.0283865535111 0.0189243702556
0 0.338999994656 0.446119987693 0.0287618090569 0.0191745406359
0 0.0156000017661 0.620639995366 0.0233304475471 0.0155536327239
0 0.228599997083 0.138859974182 0.0286207295925 0.0190804876535
0 0.163399998517 0.135699974043 0.048817847746 0.0325452339772
0 0.127199999313 0.117439973241 0.0360856734233 0.0240571172022
0 0.177599998204 0.105639972722 0.0256270945914 0.0170847308545
0 0.111999999647 0.205939977132 0.024166536294 0.0161110252586
0 0.252799996551 0.209259977278 0.0311611492878 0.0207741008954
0 0.326599994929 0.221159977801 0.0200022187532 0.0133348133817
0 0.389199993552 0.209259977278 0.0351197836544 0.0234131906472
0 0.355999994282 0.200839976908 0.0269020532569 0.0179347033542
0 0.212399997439 0.232099978282 0.0398296216485 0.0265530828503
0 0.174399998275 0.250959979111 0.0393472208994 0.0262314823297
0 0.108399999726 0.266739979805 0.0360924009153 0.0240616021972
0 0.0406000012164 0.266819979809 0.0280722411281 0.0187148286531
0 0.256999996459 0.253079979205 0.0247268968032 0.016484598956
0 0.276399996032 0.271199980001 0.0318097586624 0.0212065071737
0 0.223999997184 0.300759981301 0.035206647448 0.0234710998467
0 0.268599996204 0.287179980704 0.0258129910245 0.017208661818
0 0.339999994634 0.2779999803 0.0368733835881 0.0245822573468
0 0.400599993302 0.256679979363 0.0438128905078 0.0292085955984
0 0.373799993891 0.254059979248 0.0346510357568 0.0231006920281
0 0.533199990386 0.261939979594 0.0249731427967 0.0166487629625
0 0.512599990839 0.258899979461 0.0226898518026 0.0151265688661
0 0.530999990435 0.245539978873 0.022712903356 0.0151419365694
0 0.52759999051 0.234139978372 0.0220593472961 0.0147062325007
0 0.0726000005129 0.127699973692 0.0268703944711 0.0179135974956
0 0.110599999677 0.110439972933 0.0233713071675 0.0155808724727
0 0.134799999145 0.0910199720788 0.0239553128323 0.0159702096082
0 0.117199999532 0.085179971822 0.0257171242636 0.0171447506399
0 0.0790000003722 0.0980399723875 0.0282281606483 0.0188187750067
0 0.0472000010713 0.195859976689 0.0442155506901 0.0294770357376
0 0.0700000005701 0.150679974702 0.0386216411018 0.0257477624327
0 0.0198000016737 0.0827199717139 0.0553197708854 0.0368798496894
0 0.177199998213 0.0490199702321 0.0256948641799 0.0171299105831
0 0.0226000016122 0.284919980605 0.0308386254072 0.0205590849608
0 0.0260000015374 0.247939978979 0.0411897622346 0.0274598433009
0 0.367399994032 0.148639974612 0.0442553220398 0.0295035499724
0 0.325399994955 0.138019974145 0.0371495075608 0.0247663400073
0 0.367599994027 0.228939978143 0.0272728567859 0.0181819057232
0 0.449999992216 0.189239976398 0.0324699432806 0.0216466302815
0 0.526799990527 0.208479977244 0.0559180230038 0.0372786844613
0 0.494799991231 0.197099976743 0.0406276209188 0.0270850823989
0 0.603199988848 0.114939973131 0.0371769121973 0.0247846097662
0 0.550999989995 0.105319972708 0.0428262246608 0.0285508183236
0 0.486599991411 0.114299973102 0.036127126646 0.0240847526858
0 0.80959998431 0.0389799697906 0.02488192592 0.0165879517074
0 0.722599986222 0.0593399706858 0.0251187732115 0.0167458499122
0 0.587199989199 0.0244599691521 0.0337053284639 0.0224702204579
0 0.487199991398 0.0825199717051 0.0572214745765 0.0381476522338
0 0.360799994177 0.0658199709708 0.0525252894339 0.0350168619321
0 0.700999986697 0.200099976875 0.0212574896113 0.0141716606756
0 0.425199992761 0.16313997525 0.0351006894492 0.0234004611762
0 0.404399993218 0.0948799722485 0.0290785947826 0.0193857311337
0 0.66719998744 0.0221199690492 0.0563251352028 0.0375500926118
0 0.391799993495 0.0183599688839 0.0264556643768 0.0176371107478
0 0.486799991407 0.0106999685471 0.0220335255989 0.0146890180348
0 0.87279998292 0.0244399691513 0.0368919831248 0.0245946570387
0 0.772599985123 0.0535799704326 0.0278711089044 0.0185807404951
0 0.172199998323 0.0215399690237 0.022156203394 0.0147708032369
0 0.218999997294 0.0189399689094 0.0291573460123 0.0194382319569
0 0.327399994911 0.0464799701204 0.0230395824523 0.0153597226479
0 0.0288000014759 0.488699989565 0.0284359214303 0.0189572822039
0 0.375399993856 0.182319976093 0.0320893453148 0.0213928982875
0 0.455799992088 0.23227997829 0.398477265166 0.265651527632
