0 0.636599988113 0.151435986733 0.296101675363 0.197401116909
0 0.0830000002843 0.842695971535 0.21323281932 0.14215521288
0 0.0280000014935 0.0509079889427 0.0254161696072 0.0169441130715
0 0.0586000008207 0.0531159888941 0.0212468061724 0.0141645374483
0 0.0458000011021 0.0458199890545 0.0603408582974 0.040227238865
0 0.0270000015154 0.0302459893969 0.0595737262928 0.0397158175285
0 0.0490000010318 0.118087987466 0.0571279859926 0.038085323995
0 0.0914000000996 0.106589987718 0.0265470808718 0.0176980539145
0 0.102799999849 0.111177987618 0.0297322517372 0.0198215011582
0 0.12459999937 0.120319987417 0.0375750239073 0.0250500159382
0 0.11639999955 0.136815987054 0.0259598103559 0.0173065402373
0 0.131799999211 0.155385986646 0.0647504327855 0.0431669551903
0 0.10319999984 0.150485986753 0.0400417381545 0.026694492103
0 0.167199998433 0.146877986833 0.0226818396684 0.0151212264456
0 0.176399998231 0.136115987069 0.0216014835308 0.0144009890205
0 0.177999998196 0.154197986672 0.0204418814897 0.0136279209931
0 0.196399997791 0.161125986519 0.0409810148185 0.0273206765457
0 0.206799997562 0.167683986375 0.045206176867 0.0301374512446
0 0.229799997057 0.168155986365 0.0447631517036 0.0298421011357
0 0.221799997233 0.193033985818 0.0412312181767 0.0274874787845
0 0.247999996657 0.199107985684 0.0621388795836 0.0414259197224
0 0.267199996235 0.168623986355 0.0563145530106 0.0375430353404
0 0.222799997211 0.140095986982 0.0563650092038 0.0375766728025
0 0.195799997804 0.119517987434 0.0485855546095 0.0323903697397
0 0.159199998609 0.0848159881972 0.0262192145494 0.0174794763663
0 0.145999998899 0.0715979884878 0.0266013954798 0.0177342636532
0 0.109999999691 0.0718799884816 0.042315135928 0.0282100906187
0 0.0842000002579 0.0889959881053 0.0341050228844 0.0227366819229
0 0.113399999616 0.0973039879226 0.0216334391199 0.0144222927466
0 0.199399997725 0.0546059888614 0.0247713196709 0.0165142131139
0 0.182999998086 0.0436959891012 0.0262718472843 0.0175145648562
0 0.234399996956 0.0235239895447 0.0258584033009 0.0172389355339
0 0.250199996608 0.0756779883981 0.0224006700582 0.0149337800388
0 0.305199995399 0.111351987614 0.036217455508 0.0241449703387
0 0.318599995105 0.102051987818 0.021612761974 0.0144085079827
0 0.217599997325 0.109597987652 0.0225878526418 0.0150585684279
0 0.589599989147 0.0819279882607 0.0386919855185 0.0257946570123
0 0.574199989485 0.0398999891847 0.0218535666296 0.0145690444197
0 0.540999990215 0.103637987783 0.023852621219 0.0159017474794
0 0.616199988562 0.056803988813 0.0232919638718 0.0155279759145
0 0.670799987361 0.0564699888204 0.0240644382969 0.0160429588646
0 0.747799985668 0.0445799890818 0.0488357579678 0.0325571719785
0 0.767199985242 0.0700279885223 0.0245539623051 0.0163693082034
0 0.737799985888 0.0216999895848 0.0298762002885 0.019917466859
0 0.845399983523 0.0187879896488 0.0288417493934 0.0192278329289
0 0.86599998307 0.0635179886654 0.0218690002887 0.0145793335258
0 0.839799983646 0.0885239881157 0.0224895125318 0.0149930083546
0 0.814399984204 0.102313987812 0.0423716270777 0.0282477513851
0 0.760599985387 0.110699987628 0.0370900508499 0.0247267005666
0 0.736599985915 0.145877986855 0.02070306649 0.0138020443267
0 0.671599987344 0.120969987402 0.134306471709 0.0895376478061
0 0.576799989428 0.204009985577 0.0262139710627 0.0174759807085
0 0.781999984917 0.157797986593 0.0350507302396 0.0233671534931
0 0.762999985334 0.159497986555 0.040666603481 0.0271110689873
0 0.744399985743 0.157285986604 0.0237481472189 0.0158320981459
0 0.754399985523 0.17746198616 0.0208965808311 0.0139310538874
0 0.762999985334 0.192127985838 0.0259113328369 0.0172742218913
0 0.79319998467 0.205257985549 0.0420102222269 0.0280068148179
0 0.905599982199 0.0863779881628 0.0198635150079 0.0132423433386
0 0.837599983694 0.115825987515 0.0318885119954 0.0212590079969
0 0.926999981729 0.133643987124 0.0218604919894 0.0145736613263
0 0.96559998088 0.143867986899 0.0236461465616 0.0157640977077
0 0.991199980317 0.149073986784 0.0247982296406 0.0165321530937
0 0.895199982428 0.199981985665 0.0256527201132 0.0171018134088
0 0.916999981949 0.216991985291 0.0287272830883 0.0191515220589
0 0.926799981733 0.287231983747 0.0235519616675 0.0157013077784
0 0.923799981799 0.308315983283 0.0259128168426 0.0172752112284
0 0.853599983342 0.263207984275 0.0424446401573 0.0282964267715
0 0.834799983756 0.211781985406 0.0456778928069 0.0304519285379
0 0.765599985277 0.273247984054 0.0726023068572 0.0484015379048
0 0.854199983329 0.214109985355 0.0244149604394 0.0162766402929
0 0.733599985981 0.240091984783 0.0348681975405 0.023245465027
0 0.735199985945 0.269685984133 0.0294795750362 0.0196530500241
0 0.71679998635 0.273817984042 0.0342153339735 0.022810222649
0 0.651999987775 0.293561983608 0.0316844117471 0.0211229411647
0 0.688199986979 0.249549984575 0.0246668456707 0.0164445637805
0 0.647399987876 0.255127984453 0.0199684836766 0.0133123224511
0 0.710799986482 0.253657984485 0.0346585570043 0.0231057046695
0 0.751599985585 0.230543984993 0.0333281953759 0.0222187969173
0 0.716399986359 0.225055985114 0.0260568643276 0.0173712428851
0 0.779199984978 0.339637982595 0.0219393421581 0.0146262281054
0 0.826599983936 0.329473982818 0.141552376793 0.0943682511956
0 0.584799989252 0.284881983799 0.0816001301176 0.0544000867451
0 0.536999990303 0.217819985273 0.0270167192038 0.0180111461358
0 0.503399991042 0.156339986625 0.0236881933893 0.0157921289262
0 0.508599990927 0.146117986849 0.0243050450851 0.0162033633901
0 0.479199991574 0.143973986897 0.0233853572961 0.0155902381974
0 0.475799991648 0.170343986317 0.0315674720992 0.0210449813995
0 0.455999992084 0.175009986214 0.031053907199 0.0207026047993
0 0.435599992532 0.150391986755 0.0288096948706 0.0192064632471
0 0.397999993359 0.204827985559 0.0232407162088 0.0154938108059
0 0.49299999127 0.210721985429 0.0210992960075 0.0140661973383
0 0.543999990149 0.260025984345 0.0198741998489 0.0132494665659
0 0.377199993816 0.244829984679 0.0317308116581 0.0211538744387
0 0.37519999386 0.263329984273 0.0203929093021 0.0135952728681
0 0.36519999408 0.290447983676 0.0253907436432 0.0169271624288
0 0.467399991833 0.207883985492 0.0201014505859 0.0134009670573
0 0.342399994581 0.127031987269 0.0286872149349 0.0191248099566
0 0.334599994753 0.129821987208 0.0260599312727 0.0173732875152
0 0.307199995355 0.27752598396 0.0282144107241 0.0188096071494
0 0.569199989595 0.351613982332 0.103175989817 0.0687839932113
0 0.580599989344 0.369341981942 0.0208854013216 0.0139236008811
0 0.615199988584 0.322517982971 0.0240090354181 0.016006023612
0 0.657399987656 0.339679982594 0.0384561275485 0.0256374183657
0 0.672999987313 0.400205981263 0.0429253590651 0.0286169060434
0 0.44479999233 0.297925983512 0.0235903479479 0.0157268986319
0 0.451399992185 0.320889983007 0.0793595783366 0.0529063855577
0 0.420799992858 0.342237982538 0.0254183461489 0.0169455640993
0 0.404999993205 0.340433982577 0.0312893694341 0.0208595796227
0 0.340599994621 0.305651983342 0.0369219624729 0.0246146416486
0 0.362399994142 0.323201982956 0.0615383519503 0.0410255679669
0 0.429199992673 0.352739982307 0.025199999446 0.0167999996306
0 0.402399993262 0.295207983572 0.0997053951917 0.0664702634611
0 0.4779999916 0.339501982598 0.0922989206926 0.061532613795
0 0.508999990919 0.364125982056 0.0789219945274 0.0526146630183
0 0.51939999069 0.38305998164 0.0625814100785 0.0417209400523
0 0.286599995808 0.209121985464 0.0812944249468 0.0541962832979
0 0.321599995039 0.190827985866 0.0667300963674 0.0444867309116
0 0.228999997074 0.242737984725 0.0415431561714 0.0276954374476
0 0.250199996608 0.243363984711 0.026418763847 0.0176125092313
0 0.153999998723 0.287641983738 0.0467575564085 0.0311717042724
0 0.15779999864 0.176037986192 0.0209384297914 0.0139589531943
0 0.148599998842 0.219815985229 0.0267844228474 0.0178562818983
0 0.190799997914 0.195737985759 0.0204093322984 0.0136062215322
0 0.0728000005085 0.286099983772 0.0496267329971 0.0330844886647
0 0.0410000012077 0.268569984157 0.0445650864117 0.0297100576078
0 0.107399999748 0.311483983214 0.0798629530645 0.0532419687096
0 0.125599999348 0.355527982246 0.0402811577381 0.0268541051588
0 0.118999999493 0.396969981334 0.0828090011474 0.055206000765
0 0.187599997985 0.362425982094 0.0418053305088 0.0278702203392
0 0.160199998587 0.380749981691 0.0263544569341 0.017569637956
0 0.197399997769 0.380537981696 0.0478477069837 0.0318984713224
0 0.0977999999589 0.172741986264 0.0265663729457 0.0177109152971
0 0.0704000005613 0.21703398529 0.0258231828993 0.0172154552662
0 0.0412000012033 0.224625985123 0.0200864126616 0.0133909417744
0 0.0574000008471 0.25071598455 0.0237965258042 0.0158643505361
0 0.0712000005437 0.308395983282 0.0242895124923 0.0161930083282
0 0.115199999576 0.237017984851 0.0323159056323 0.0215439370882
0 0.0216000016342 0.233685984924 0.0433450358724 0.0288966905816
0 0.0342000013571 0.384121981617 0.0679561818631 0.0453041212421
0 0.0880000001743 0.360369982139 0.0511188512451 0.0340792341634
0 0.0104000018804 0.510043978848 0.0229036490513 0.0152690993675
0 0.109599999699 0.479315979524 0.0615688235337 0.0410458823558
0 0.111199999664 0.451161980143 0.0828908193275 0.0552605462183
0 0.0652000006756 0.429243980625 0.0230750022408 0.0153833348272
0 0.144799998926 0.496905979137 0.0722769138776 0.0481846092517
0 0.157999998635 0.550705977954 0.0676840152208 0.0451226768138
0 0.191399997901 0.604717976767 0.0502547642024 0.0335031761349
0 0.240599996819 0.617229976492 0.0536906330946 0.0357937553964
0 0.259799996397 0.59094797707 0.0274915020888 0.0183276680592
0 0.158199998631 0.586175977175 0.0568548300131 0.0379032200087
0 0.16959999838 0.478313979546 0.0290267554353 0.0193511702902
0 0.250199996608 0.516713978702 0.0610150915463 0.0406767276976
0 0.276999996019 0.488021979333 0.0267477184402 0.0178318122935
0 0.265999996261 0.451137980143 0.0810515426833 0.0540343617888
0 0.268999996195 0.407887981094 0.0226993509355 0.0151329006237
0 0.368199994014 0.462641979891 0.0765934906762 0.0510623271175
0 0.412599993038 0.509643978857 0.0409671640988 0.0273114427325
0 0.48119999153 0.498233979108 0.0247538084038 0.0165025389359
0 0.438599992466 0.557619977802 0.0201259861465 0.0134173240977
0 0.452399992163 0.617439976487 0.0246664499359 0.0164442999573
0 0.434399992559 0.600983976849 0.0860943918634 0.0573962612422
0 0.305999995382 0.650161975768 0.0233405403245 0.0155603602163
0 0.325199994959 0.592631977033 0.0498901934728 0.0332601289819
0 0.306199995377 0.563415977675 0.0413777390046 0.0275851593364
0 0.289199995751 0.555563977848 0.0216976470991 0.0144650980661
0 0.267599996226 0.549483977981 0.0286016372738 0.0190677581825
0 0.229799997057 0.550083977968 0.0245924475191 0.0163949650128
0 0.348999994436 0.555997977838 0.0499101780827 0.0332734520551
0 0.334199994762 0.568707977559 0.0702216649396 0.0468144432931
0 0.303599995434 0.517635978682 0.020432482787 0.0136216551913
0 0.519199990694 0.433465980532 0.0408159933865 0.0272106622577
0 0.620799988461 0.434861980501 0.0218363521637 0.0145575681091
0 0.660599987586 0.476103979595 0.0599918201607 0.0399945467738
0 0.649799987823 0.523679978549 0.0271822353043 0.0181214902029
0 0.651399987788 0.52951397842 0.074555159403 0.049703439602
0 0.696599986794 0.499365979083 0.0663813550317 0.0442542366878
0 0.735399985941 0.544121978099 0.0973476069617 0.0648984046411
0 0.746199985704 0.575811977403 0.0208386056757 0.0138924037838
0 0.748799985646 0.587063977155 0.0263086506253 0.0175391004169
0 0.671199987353 0.564951977641 0.0742730004557 0.0495153336371
0 0.760799985383 0.616661976504 0.0207537205506 0.0138358137004
0 0.791599984706 0.581813977271 0.024269330015 0.0161795533433
0 0.80639998438 0.561005977728 0.0223983945829 0.0149322630552
0 0.841399983611 0.59500997698 0.0489111454565 0.0326074303043
0 0.774599985079 0.631221976184 0.0228750572084 0.0152500381389
0 0.806999984367 0.622081976385 0.116767503204 0.077845002136
0 0.854199983329 0.547469978026 0.0348438598473 0.0232292398982
0 0.561399989767 0.492341979238 0.0250974051864 0.0167316034576
0 0.573599989498 0.495741979163 0.0218195334326 0.0145463556217
0 0.549999990017 0.457283980008 0.0776960079654 0.0517973386436
0 0.759199985418 0.433853980523 0.041820764168 0.0278805094453
0 0.727599986113 0.443445980313 0.0438981742575 0.029265449505
0 0.739799985844 0.485021979399 0.0243311635851 0.0162207757234
0 0.824799983976 0.507777978898 0.020577915344 0.0137186102293
0 0.905199982208 0.346953982434 0.0313146964644 0.0208764643096
0 0.901799982283 0.393157981418 0.0468767715318 0.0312511810212
0 0.915199981988 0.409387981061 0.0200549517411 0.0133699678274
0 0.836999983707 0.4303819806 0.0304655484123 0.0203103656082
0 0.835199983747 0.389493981499 0.0210367699014 0.0140245132676
0 0.891199982516 0.403033981201 0.035113157412 0.023408771608
0 0.968199980823 0.375875981798 0.0204838293837 0.0136558862558
0 0.991399980313 0.384163981616 0.0248362201861 0.0165574801241
0 0.915999981971 0.562377977698 0.0345598211595 0.023039880773
0 0.953199981153 0.582395977258 0.0235403864232 0.0156935909488
0 0.92739998172 0.617565976485 0.0535354061001 0.0356902707334
0 0.917599981935 0.666529975408 0.0225325486967 0.0150216991311
0 0.948199981263 0.716723974305 0.0300896992395 0.020059799493
0 0.842599983584 0.694607974791 0.021496910597 0.0143312737313
0 0.798399984556 0.684665975009 0.0209971964165 0.0139981309443
0 0.771199985154 0.663173975482 0.0469277223936 0.0312851482624
0 0.695999986807 0.6577999756 0.0266228640954 0.0177485760636
0 0.69039998693 0.768443973167 0.0229918979226 0.0153279319484
0 0.546399990096 0.563463977674 0.0218250737205 0.014550049147
0 0.358599994225 0.729519974023 0.0937093196942 0.0624728797961
0 0.299399995527 0.742565973736 0.0200984825745 0.013398988383
0 0.304799995408 0.691509974859 0.0222319880789 0.0148213253859
0 0.157999998635 0.637177976053 0.0868776500631 0.0579184333754
0 0.15459999871 0.669135975351 0.0214714846329 0.0143143230886
0 0.245199996718 0.744501973694 0.0406721437689 0.0271147625126
0 0.321399995043 0.651553975737 0.0262246559036 0.0174831039357
0 0.34699999448 0.662457975498 0.0268998784896 0.0179332523264
0 0.0904000001216 0.676141975197 0.0692792223969 0.0461861482646
0 0.0696000005789 0.675247975216 0.0210844559507 0.0140563039671
0 0.024200001577 0.715279974336 0.0265230399797 0.0176820266531
0 0.212199997444 0.852697971315 0.0280150592939 0.018676706196
0 0.224799997167 0.798447972508 0.0219591289005 0.014639419267
0 0.213799997409 0.780373972905 0.0207122673252 0.0138081782168
0 0.126799999321 0.730053974011 0.048328228024 0.0322188186827
0 0.0426000011725 0.646837975841 0.0216261180251 0.0144174120168
0 0.0166000017441 0.939065969416 0.0433602716641 0.028906847776
0 0.0104000018804 0.95572596905 0.024419214589 0.0162794763927
0 0.148199998851 0.980793968499 0.0377504333791 0.0251669555861
0 0.19919999773 0.944967969287 0.0634234349033 0.0422822899355
0 0.136799999101 0.91480196995 0.141205119463 0.094136746309
0 0.261999996349 0.792457972639 0.0328479711367 0.0218986474245
0 0.199599997721 0.859215971172 0.0695262598763 0.0463508399175
0 0.327799994902 0.872275970885 0.0215597335042 0.0143731556695
0 0.322599995017 0.89112997047 0.0322517965867 0.0215011977245
0 0.3369999947 0.901633970239 0.0252147405691 0.0168098270461
0 0.323199995003 0.911949970012 0.0278987132484 0.0185991421656
0 0.354999994304 0.893265970423 0.0247602390951 0.0165068260634
0 0.369799993979 0.78243997286 0.0206113549387 0.0137409032925
0 0.35199999437 0.806121972339 0.0740657343286 0.049377156219
0 0.296199995597 0.876821970785 0.0744007238782 0.0496004825855
0 0.25739999645 0.866031971022 0.0445208630423 0.0296805753615
0 0.342399994581 0.870605970921 0.0509111893831 0.033940792922
0 0.368799994001 0.861403971124 0.0396291845745 0.026419456383
0 0.487399991393 0.906853970124 0.0408436948259 0.0272291298839
0 0.513999990809 0.940339969388 0.0338209841965 0.0225473227977
0 0.48299999149 0.951959969133 0.0460911389229 0.0307274259486
0 0.483799991473 0.928669969645 0.0247618220345 0.0165078813563
0 0.454399992119 0.925147969722 0.0719662620212 0.0479775080141
0 0.512199990848 0.96893596876 0.0289100136548 0.0192733424366
0 0.519799990681 0.982783968455 0.0409603376726 0.0273068917818
0 0.437399992493 0.888205970534 0.037041573331 0.0246943822206
0 0.594999989028 0.903289970203 0.0294486087842 0.0196324058562
0 0.58899998916 0.915889969926 0.0440314379679 0.0293542919786
0 0.631199988232 0.827655971866 0.0733215549451 0.0488810366301
0 0.652799987757 0.857627971207 0.0341581502878 0.0227721001919
0 0.627399988315 0.863805971071 0.0555984708014 0.0370656472009
0 0.689999986939 0.853155971305 0.117039570913 0.0780263806084
0 0.704599986618 0.797277972534 0.0415500815313 0.0277000543542
0 0.775799985053 0.833779971731 0.0469219842383 0.0312813228255
0 0.754399985523 0.864873971047 0.0743100016641 0.0495400011094
0 0.698999986741 0.930191969611 0.0319029563174 0.0212686375449
0 0.689399986952 0.953349969102 0.0317542589479 0.0211695059653
0 0.791599984706 0.962947968891 0.0208744196796 0.0139162797864
0 0.769599985189 0.961501968923 0.0531595569273 0.0354397046182
0 0.88919998256 0.924017969747 0.0294521703979 0.0196347802653
0 0.868799983008 0.958277968994 0.0478367253416 0.0318911502277
0 0.883999982674 0.786247972776 0.0235673953266 0.0157115968844
0 0.818999984103 0.925741969709 0.0227400126912 0.0151600084608
0 0.884799982656 0.910093970053 0.0801862684361 0.0534575122907
0 0.91739998194 0.960201968952 0.0905889504103 0.0603926336068
0 0.520399990668 0.697791974721 0.553172022575 0.368781348383
0 0.151799998772 0.0242059895297 0.0269580515124 0.0179720343416
0 0.747799985668 0.0679459885681 0.0209955145434 0.0139970096956
0 0.778599984991 0.183129986036 0.036503176069 0.0243354507126
0 0.497399991174 0.226103985091 0.0454267001115 0.030284466741
0 0.517599990729 0.312181983198 0.0257738149769 0.017182543318
0 0.311399995263 0.15521198665 0.0251349010633 0.0167566007089
0 0.274599996072 0.144559986884 0.0202329334894 0.0134886223263
0 0.0880000001743 0.129211987221 0.0338412656075 0.0225608437384
0 0.0820000003063 0.264237984253 0.0749381318031 0.0499587545354
0 0.0442000011373 0.390253981482 0.029224523926 0.0194830159507
0 0.714799986394 0.835325971697 0.028662085772 0.0191080571813
0 0.739399985853 0.892451970441 0.0206482572134 0.0137655048089
0 0.613599988619 0.916735969907 0.0289495871397 0.0192997247598
