0 0.854600005306 0.174160008218 0.10185819277 0.0679054618466
0 0.801400006475 0.202000007606 0.185108932943 0.123405955295
0 0.919400003881 0.193740007788 0.114433656932 0.0762891046215
0 0.133200021166 0.144780008864 0.165523025931 0.110348683954
0 0.313400017204 0.693319996804 0.253333620901 0.1688890806
0 0.133200021166 0.778819994925 0.157449045676 0.10496603045
0 0.0160000237426 0.96823999076 0.0224005711245 0.014933714083
0 0.210000019477 0.968899990746 0.0586997458789 0.0391331639192
0 0.52600001253 0.964019990853 0.0237246999291 0.0158164666194
0 0.513400012807 0.967019990787 0.0401157405713 0.0267438270475
0 0.486600013396 0.968459990755 0.0204858080579 0.0136572053719
0 0.452000014157 0.990719990266 0.0264120363546 0.0176080242364
0 0.407400015138 0.931459991569 0.0298280195707 0.0198853463804
0 0.424600014759 0.942439991327 0.027728646197 0.0184857641313
0 0.459200013999 0.93365999152 0.0234062323094 0.0156041548729
0 0.475200013647 0.942439991327 0.0212026817368 0.0141351211579
0 0.491600013286 0.975559990599 0.0336399355031 0.0224266236688
0 0.649800009808 0.9845999904 0.0384519723326 0.0256346482217
0 0.569000011585 0.93323999153 0.024404770267 0.0162698468447
0 0.506200012965 0.932099991555 0.0202450034023 0.0134966689349
0 0.957000003054 0.935379991483 0.0216545120006 0.0144363413337
0 0.943000003362 0.829359993813 0.0307948987404 0.0205299324936
0 0.829600005855 0.877979992745 0.0249543470385 0.016636231359
0 0.899200004325 0.827219993861 0.0229877427067 0.0153251618044
0 0.752800007544 0.808859994264 0.0251227322167 0.0167484881445
0 0.743000007759 0.853659993279 0.0237977130087 0.0158651420058
0 0.738800007852 0.896759992332 0.0257265246625 0.0171510164417
0 0.721800008225 0.982119990455 0.0207480813291 0.0138320542194
0 0.699400008718 0.865519993018 0.0235846097926 0.0157230731951
0 0.61060001067 0.912639991983 0.0291618988862 0.0194412659241
0 0.727200008107 0.790459994669 0.0292371874412 0.0194914582941
0 0.706800008555 0.762799995277 0.021651939724 0.0144346264827
0 0.617200010525 0.827339993858 0.0600547420017 0.0400364946678
0 0.589800011127 0.830299993793 0.0205068809386 0.0136712539591
0 0.648000009848 0.842959993514 0.0226806524639 0.0151204349759
0 0.58560001122 0.84499999347 0.0542650422279 0.0361766948186
0 0.561400011752 0.866619992994 0.0216681648528 0.0144454432352
0 0.519800012666 0.892799992419 0.0202918979819 0.013527931988
0 0.558400011818 0.877639992752 0.0922582589368 0.0615055059579
0 0.638600010055 0.868319992957 0.0563780684538 0.0375853789692
0 0.476800013612 0.820359994011 0.0358238972007 0.0238825981338
0 0.495800013194 0.86453999304 0.0365608544232 0.0243739029488
0 0.4000000153 0.88047999269 0.0204690882605 0.0136460588404
0 0.389400015533 0.885719992574 0.0228946460834 0.015263097389
0 0.39180001548 0.857479993195 0.0207976471189 0.0138650980793
0 0.414000014992 0.87179999288 0.0265383747051 0.0176922498034
0 0.382200015692 0.912919991976 0.0280370225781 0.0186913483854
0 0.38820001556 0.904359992165 0.021294393288 0.014196262192
0 0.319400017072 0.866419992999 0.0226212922365 0.015080861491
0 0.293000017653 0.868939992943 0.0394606015288 0.0263070676859
0 0.263800018295 0.819419994032 0.047073352818 0.031382235212
0 0.19580001979 0.906559992116 0.0212215780758 0.0141477187172
0 0.33680001669 0.924459991723 0.121639988532 0.0810933256877
0 0.204800019592 0.920599991808 0.0280855000971 0.0187236667314
0 0.169000020379 0.946919991229 0.0521566658864 0.0347711105909
0 0.151000020775 0.971739990683 0.020757381098 0.0138382540653
0 0.136400021096 0.9527999911 0.0244680878428 0.0163120585619
0 0.122400021403 0.961159990916 0.0238513350808 0.0159008900538
0 0.177800020185 0.815639994115 0.0299281404875 0.0199520936583
0 0.222200019209 0.828259993838 0.0323216437876 0.0215477625251
0 0.23580001891 0.882539992644 0.127483013576 0.0849886757175
0 0.371000015938 0.903179992191 0.0232331972467 0.0154887981645
0 0.0802000223311 0.835679993675 0.0289544348916 0.0193029565944
0 0.0720000225114 0.887419992537 0.0903376587812 0.0602251058541
0 0.109000021698 0.85179999332 0.0805103752773 0.0536735835182
0 0.0278000234831 0.855659993235 0.0270027695503 0.0180018463669
0 0.0612000227488 0.807279994299 0.0348331750064 0.0232221166709
0 0.0528000229335 0.767579995172 0.0276606787367 0.0184404524911
0 0.0206000236414 0.701679996621 0.0438170486135 0.0292113657423
0 0.0258000235271 0.64483999787 0.0223795971775 0.0149197314517
0 0.0704000225466 0.590899999056 0.0347174225631 0.0231449483754
0 0.114200021584 0.701839996617 0.0215424201046 0.0143616134031
0 0.129000021258 0.712079996392 0.0388042752819 0.0258695168546
0 0.0632000227048 0.771459995086 0.0584718026059 0.0389812017372
0 0.0138000237909 0.652939997692 0.0202358025671 0.0134905350447
0 0.0494000230082 0.601339998827 0.0273082768537 0.0182055179025
0 0.0372000232765 0.571639999479 0.028936428956 0.0192909526373
0 0.138400021052 0.580519999284 0.0415930187624 0.0277286791749
0 0.119200021474 0.571559999481 0.0325809490474 0.0217206326982
0 0.0942000220233 0.561579999701 0.0205428928099 0.0136952618732
0 0.0718000225158 0.555999999823 0.0200004392657 0.0133336261771
0 0.231000019016 0.586239999159 0.0308024177025 0.020534945135
0 0.198000019741 0.58023999929 0.0233049241881 0.0155366161254
0 0.230200019033 0.547360000013 0.207598544408 0.138399029605
0 0.158400020612 0.490280001268 0.0599262271095 0.039950818073
0 0.205600019574 0.535860000266 0.0244685825114 0.0163123883409
0 0.232400018985 0.534160000304 0.0231159607977 0.0154106405318
0 0.185800020009 0.549739999961 0.0198351210325 0.0132234140217
0 0.145400020898 0.558979999758 0.0445557866427 0.0297038577618
0 0.228200019077 0.507080000899 0.0240162575791 0.016010838386
0 0.141800020977 0.603979998768 0.133607999701 0.0890719998005
0 0.234800018932 0.720759996201 0.292584581893 0.195056387929
0 0.185200020023 0.699359996672 0.0219417165672 0.0146278110448
0 0.564000011695 0.715999996306 0.0304776183252 0.0203184122168
0 0.589000011145 0.666959997384 0.0270673732644 0.0180449155096
0 0.532600012385 0.640039997976 0.0236190387244 0.0157460258163
0 0.526800012512 0.60115999883 0.0249358464343 0.0166238976229
0 0.480000013541 0.583039999229 0.0209049901967 0.0139366601311
0 0.365200016065 0.591599999041 0.0242153122081 0.0161435414721
0 0.628000010288 0.655199997642 0.0320290968005 0.0213527312003
0 0.771800007126 0.778079994941 0.0236217099347 0.0157478066231
0 0.759000007407 0.707219996499 0.0291667466381 0.0194444977587
0 0.77980000695 0.653759997674 0.0290709788046 0.0193806525364
0 0.601000010881 0.62301999835 0.0436241278746 0.0290827519164
0 0.614600010582 0.543960000088 0.127011099769 0.0846740665126
0 0.689800008929 0.554619999854 0.0886908082073 0.0591272054715
0 0.719200008283 0.617139998479 0.0245610855323 0.0163740570216
0 0.871800004928 0.71987999622 0.0217381109874 0.0144920739916
0 0.920000003868 0.601839998816 0.159718585034 0.106479056689
0 0.97220000272 0.571499999483 0.0227216110207 0.0151477406805
0 0.956800003059 0.556919999803 0.0948252919682 0.0632168613121
0 0.834200005754 0.517340000673 0.178878087746 0.119252058497
0 0.985600002426 0.463860001849 0.0280451351425 0.0186967567616
0 0.954600003107 0.376740003764 0.0241492244883 0.0160994829922
0 0.98360000247 0.375660003788 0.0224430136871 0.0149620091247
0 0.886400004607 0.468540001746 0.0392183128676 0.0261455419117
0 0.899200004325 0.556559999811 0.0584515211949 0.0389676807966
0 0.760200007381 0.480140001491 0.024155853047 0.0161039020314
0 0.737800007874 0.504960000945 0.0199844120043 0.0133229413362
0 0.724400008168 0.501160001029 0.0311178183771 0.0207452122514
0 0.720600008252 0.471400001683 0.0269189726961 0.0179459817974
0 0.75160000757 0.429800002598 0.0406451348654 0.027096756577
0 0.819600006075 0.462100001888 0.0497606892435 0.033173792829
0 0.926200003732 0.438680002403 0.0327310314888 0.0218206876592
0 0.957000003054 0.495820001146 0.0411772993036 0.027451532869
0 0.766200007249 0.386280003555 0.028060074133 0.0187067160887
0 0.826600005921 0.432820002531 0.0272731553859 0.0181821035906
0 0.84260000557 0.449340002168 0.0240930301398 0.0160620200932
0 0.798800006532 0.485480001374 0.141171482001 0.0941143213342
0 0.846600005482 0.421860002772 0.0483597878782 0.0322398585855
0 0.838000005671 0.387300003532 0.0257106952685 0.0171404635124
0 0.889000004549 0.424100002723 0.0511774200027 0.0341182800018
0 0.903200004237 0.366380003992 0.0256371875203 0.0170914583469
0 0.873800004884 0.352640004294 0.0278179833392 0.0185453222261
0 0.604000010815 0.553139999886 0.0229173019035 0.015278201269
0 0.578400011378 0.520960000594 0.0320516536869 0.0213677691246
0 0.54920001202 0.506340000915 0.025266680768 0.0168444538453
0 0.614400010587 0.498620001085 0.0233420243302 0.0155613495534
0 0.593400011048 0.441160002348 0.0200334831256 0.013355655417
0 0.695000008815 0.39376000339 0.0295660431007 0.0197106954004
0 0.712200008436 0.421620002778 0.0274599422346 0.0183066281564
0 0.604200010811 0.396920003321 0.127189180451 0.0847927869673
0 0.604600010802 0.360940004112 0.0308781019923 0.0205854013282
0 0.684400009048 0.374580003812 0.0351253262586 0.0234168841724
0 0.511200012855 0.396800003323 0.0292216548484 0.0194811032323
0 0.617600010516 0.377260003753 0.0324918097726 0.0216612065151
0 0.533800012359 0.363380004058 0.102311309172 0.068207539448
0 0.539600012231 0.41378000295 0.0471589304791 0.0314392869861
0 0.490600013308 0.384760003588 0.0341832794507 0.0227888529672
0 0.506800012952 0.417820002861 0.030666087047 0.0204440580313
0 0.657800009632 0.482440001441 0.159379242401 0.106252828267
0 0.562600011725 0.486680001347 0.0199409801046 0.0132939867364
0 0.543200012152 0.459420001947 0.0934544664515 0.0623029776343
0 0.505600012979 0.491080001251 0.0696450792647 0.0464300528431
0 0.419200014878 0.537420000232 0.102513133945 0.0683420892966
0 0.384600015639 0.431480002561 0.0284484878872 0.0189656585915
0 0.308000017323 0.435640002469 0.0248360223187 0.0165573482124
0 0.480400013533 0.430060002592 0.0219216330236 0.0146144220157
0 0.457000014047 0.350240004347 0.0200132017146 0.0133421344764
0 0.466000013849 0.369360003927 0.085070329008 0.056713552672
0 0.399200015318 0.404520003154 0.0475123216992 0.0316748811328
0 0.235200018923 0.407820003081 0.02279887825 0.0151992521667
0 0.310200017274 0.426040002681 0.143150156246 0.0954334374973
0 0.290800017701 0.356960004199 0.108252278592 0.0721681857279
0 0.32540001694 0.351380004322 0.187547648949 0.125031765966
0 0.073200022485 0.526660000468 0.0256966466814 0.0171310977876
0 0.0660000226433 0.419860002816 0.0312469268716 0.020831284581
0 0.029400023448 0.425520002692 0.0241382428463 0.0160921618975
0 0.0276000234875 0.43744000243 0.0232180603887 0.0154787069258
0 0.125600021333 0.421380002783 0.0361240620837 0.0240827080558
0 0.141000020994 0.390440003463 0.0276086396041 0.0184057597361
0 0.13940002103 0.40334000318 0.0368432112379 0.0245621408253
0 0.100400021887 0.365320004015 0.0378341312997 0.0252227541998
0 0.0992000219134 0.343940004486 0.0278056166251 0.0185370777501
0 0.150200020792 0.340360004564 0.028391502069 0.018927668046
0 0.0160000237426 0.172760008249 0.0415651194555 0.027710079637
0 0.00920002389205 0.229060007011 0.0261325486175 0.0174216990783
0 0.0292000234523 0.248880006575 0.0278166972009 0.0185444648006
0 0.0604000227664 0.320900004992 0.0230506645476 0.0153671096984
0 0.0756000224322 0.316740005084 0.0317275468456 0.0211516978971
0 0.170400020348 0.327880004839 0.0896350315569 0.0597566877046
0 0.158200020616 0.283200005821 0.0279707369909 0.0186471579939
0 0.117000021522 0.244760006666 0.0208426619579 0.013895107972
0 0.099400021909 0.237640006823 0.027722809108 0.0184818727387
0 0.148200020836 0.240400006762 0.026611288851 0.017740859234
0 0.175800020229 0.262240006282 0.0220804216317 0.0147202810878
0 0.167000020423 0.252260006501 0.0325212920189 0.0216808613459
0 0.0996000219046 0.206940007498 0.158267227476 0.105511484984
0 0.0554000228763 0.107640009681 0.0251854561903 0.0167903041268
0 0.059600022784 0.145000008859 0.107391555295 0.0715943701969
0 0.216000019345 0.27642000597 0.055533273485 0.0370221823234
0 0.27220001811 0.312720005172 0.0561110463645 0.037407364243
0 0.252600018541 0.280920005871 0.0743867742248 0.0495911828165
0 0.192400019864 0.242920006706 0.0199407822372 0.0132938548248
0 0.361400016149 0.237660006822 0.0980143212484 0.0653428808323
0 0.304800017393 0.188040007913 0.0211181923465 0.0140787948977
0 0.309600017288 0.195060007759 0.18144146023 0.120960973487
0 0.217000019324 0.185020007979 0.0218307129421 0.014553808628
0 0.241000018796 0.195400007751 0.094510781697 0.063007187798
0 0.186600019992 0.0794400103006 0.0455640201041 0.0303760134027
0 0.353800016316 0.156140008614 0.0274169060698 0.0182779373798
0 0.320600017046 0.147300008809 0.0240331752439 0.0160221168292
0 0.41640001494 0.153660008669 0.0236816637643 0.0157877758429
0 0.411800015041 0.179760008095 0.0242819935301 0.0161879956868
0 0.400800015283 0.210380007422 0.022273540238 0.0148490268253
0 0.347600016452 0.197240007711 0.0212088156269 0.014139210418
0 0.46960001377 0.343220004501 0.0204437612302 0.0136291741535
0 0.440400014412 0.346300004434 0.0506047916763 0.0337365277842
0 0.586400011202 0.306500005309 0.0225305700224 0.0150203800149
0 0.593400011048 0.276600005966 0.0247966467012 0.0165310978008
0 0.612000010639 0.312140005185 0.0324648998029 0.0216432665353
0 0.483600013462 0.271460006079 0.0534846531058 0.0356564354038
0 0.503400013027 0.317400005069 0.0216123662391 0.0144082441594
0 0.446600014276 0.203780007567 0.0407102332481 0.0271401554987
0 0.443800014337 0.172520008254 0.0232308228376 0.0154872152251
0 0.435200014526 0.188520007902 0.0234920078379 0.0156613385586
0 0.457400014038 0.150380008741 0.0520700988882 0.0347133992588
0 0.421600014825 0.121140009384 0.0278037368846 0.0185358245897
0 0.466800013832 0.123520009332 0.0294234796213 0.0196156530809
0 0.470600013748 0.112520009573 0.0245867093638 0.0163911395759
0 0.544000012134 0.14360000889 0.0293456187898 0.0195637458599
0 0.559600011791 0.084380010192 0.103873472488 0.0692489816588
0 0.514400012785 0.099620009857 0.037014069759 0.024676046506
0 0.392000015476 0.0726800104493 0.0291475534979 0.0194317023319
0 0.358000016224 0.0968200099185 0.026605451762 0.0177369678413
0 0.394400015423 0.274660006009 0.0716470029318 0.0477646686212
0 0.51780001271 0.244440006673 0.127484002913 0.0849893352756
0 0.424200014768 0.221160007185 0.023007232648 0.0153381550986
0 0.461200013955 0.320320005005 0.077580948058 0.0517206320387
0 0.679800009149 0.281500005858 0.0217720452507 0.0145146968338
0 0.599800010908 0.189420007883 0.0216439260934 0.0144292840622
0 0.576200011426 0.209320007445 0.0203609537131 0.013573969142
0 0.567200011624 0.202200007602 0.0226741228389 0.0151160818926
0 0.706800008555 0.153680008668 0.0215452891823 0.0143635261215
0 0.85120000538 0.302980005386 0.0469121898008 0.0312747932005
0 0.656000009672 0.165660008405 0.0508651852069 0.0339101234713
0 0.626400010323 0.257240006392 0.0206051221149 0.0137367480766
0 0.639600010033 0.279280005907 0.0248879625176 0.0165919750117
0 0.698000008749 0.337060004637 0.0591261501786 0.0394174334524
0 0.746400007685 0.311500005199 0.0210083759259 0.0140055839506
0 0.744000007737 0.33054000478 0.0228840601762 0.0152560401175
0 0.758800007412 0.337200004634 0.026773243338 0.017848828892
0 0.77160000713 0.290860005653 0.0206178845637 0.0137452563758
0 0.68020000914 0.243440006695 0.0242364840225 0.016157656015
0 0.728000008089 0.320280005006 0.020790029223 0.013860019482
0 0.814000006198 0.3524000043 0.0209401116645 0.013960074443
0 0.935400003529 0.248480006584 0.0354736718594 0.023649114573
0 0.886600004602 0.225420007091 0.0698459147005 0.0465639431337
0 0.956400003068 0.221500007177 0.0206317352835 0.013754490189
0 0.97040000276 0.245420006652 0.0644046594613 0.0429364396408
0 0.97040000276 0.270400006102 0.054153939669 0.036102626446
0 0.964400002892 0.164400008433 0.0305610194446 0.0203740129631
0 0.987400002386 0.148460008783 0.0272048911244 0.018136594083
0 0.985600002426 0.119260009425 0.0231914472202 0.0154609648134
0 0.857200005249 0.0395400111779 0.0436139377022 0.0290759584682
0 0.799000006528 0.0839600102013 0.023364779084 0.0155765193893
0 0.763800007302 0.127340009248 0.0250413097715 0.0166942065144
0 0.725600008142 0.0589400107513 0.0334501806431 0.0223001204287
0 0.701000008683 0.0994200098614 0.0380011314059 0.025334087604
0 0.742200007777 0.0825200102329 0.0243901280776 0.0162600853851
0 0.743200007755 0.0654200106089 0.0220827960408 0.0147218640272
0 0.653400009729 0.0457400110416 0.10025249862 0.0668349990802
0 0.412600015023 0.0542600108542 0.0711036589842 0.0474024393228
0 0.352200016351 0.0253400114901 0.0222681978176 0.0148454652117
0 0.319200017077 0.0258000114799 0.0465817512019 0.0310545008013
0 0.126800021307 0.0680200105517 0.0230674832787 0.0153783221858
0 0.178800020163 0.872139992873 0.0217345493738 0.0144896995825
0 0.0588000228016 0.669799997321 0.0206295587418 0.0137530391612
0 0.0348000233292 0.636999998043 0.0267243700841 0.0178162467227
0 0.475400013643 0.462380001882 0.123001316412 0.082000877608
0 0.376000015828 0.538100000217 0.0253088265294 0.0168725510196
0 0.613600010604 0.199840007654 0.0224497411795 0.0149664941197
0 0.631800010204 0.203100007582 0.0439424965606 0.029294997707
0 0.442200014372 0.0805000102773 0.0885947435727 0.0590631623818
