0 0.840000017059 0.192340007819 0.253673986333 0.169115979735
0 0.691800010543 0.191260007842 0.130704312488 0.0871362025783
0 0.704000011079 0.0872400101292 0.205610003914 0.137073326902
0 0.42859999897 0.318440005046 0.275049607019 0.183366392585
0 0.452800000034 0.245120006658 0.0946349559893 0.0630899664984
0 0.608000006858 0.621059998393 0.115691119676 0.0771274080302
0 0.596600006357 0.528720000423 0.121823031969 0.0812153492895
0 0.557600004642 0.530720000379 0.209286381146 0.139524244895
0 0.919800020568 0.692039996832 0.162834029112 0.108556012248
0 0.858200017859 0.605299998739 0.206608245203 0.13773882105
0 0.822800016303 0.687739996927 0.11051094982 0.0736739616873
0 0.619400007359 0.812299994189 0.110535683251 0.0736904506405
0 0.178199987959 0.865179993026 0.124191505352 0.0827943314409
0 0.0469999821904 0.168320008347 0.134987153456 0.0899914297017
0 0.193199988619 0.380240003687 0.111884149927 0.0745894283649
0 0.140199986288 0.0661600105926 0.193188874705 0.128792574642
0 0.971400022837 0.165860008401 0.0385538791419 0.0257025843994
0 0.919000020533 0.0401400111647 0.0294987720676 0.019665846748
0 0.85980001793 0.0481600109883 0.0452149879317 0.0301433232997
0 0.779400014394 0.00952001183786 0.028496375563 0.0189975824556
0 0.799200015265 0.0371000112315 0.0207306717303 0.0138204469087
0 0.657800009048 0.0938000099849 0.0815856965577 0.0543904607845
0 0.605800006761 0.184460007992 0.0219780281387 0.0146520177928
0 0.626400007667 0.176840008159 0.0408164934392 0.0272109938314
0 0.60260000662 0.147800008798 0.0838745282922 0.0559163485068
0 0.640200008274 0.132780009128 0.046431081283 0.030954052147
0 0.614000007122 0.0324600113335 0.0362892861701 0.0241928558511
0 0.591400006128 0.0474000110051 0.0575295655194 0.03835304115
0 0.557600004642 0.0281800114276 0.0460461301579 0.0306974180806
0 0.549400004281 0.0461600110323 0.0394123270762 0.0262748829845
0 0.518800002936 0.0370200112333 0.025985140814 0.0173234260668
0 0.497200001986 0.0695000105192 0.076439263102 0.0509595053736
0 0.463800000517 0.100940009828 0.0905896548961 0.0603930992808
0 0.385599997079 0.063140010659 0.0330206148203 0.0220137417616
0 0.399999997712 0.0971600099111 0.0216795450895 0.0144530291064
0 0.39699999758 0.0746800104053 0.0359881319103 0.0239920863578
0 0.432199999128 0.0739000104224 0.0285770065491 0.0190513364428
0 0.306799993614 0.0648200106221 0.0230199981335 0.0153466644101
0 0.0751999834304 0.053180010878 0.0958693520797 0.0639128971711
0 0.0691999831665 0.0901400100654 0.023481128227 0.0156540844522
0 0.27259999211 0.104760009744 0.0500775805296 0.0333850514844
0 0.210199989366 0.0188600116325 0.0466630808688 0.0311087185274
0 0.0247999812143 0.252460006497 0.0265712242026 0.0177141483001
0 0.133399985989 0.133540009111 0.0214681237186 0.0143120815351
0 0.218799989745 0.265560006209 0.0484312244071 0.0322874808085
0 0.20459998912 0.149100008769 0.0408591338748 0.0272394207866
0 0.272399992101 0.226580007066 0.0550026003081 0.0366683977869
0 0.258399991486 0.187080007934 0.0578230029486 0.0385486660899
0 0.233199990378 0.179680008097 0.0256778526633 0.0171185673131
0 0.277399992321 0.169800008314 0.0640883768372 0.0427255817402
0 0.363999996129 0.213620007351 0.0336426111512 0.0224284059549
0 0.228999990193 0.123500009332 0.093528382272 0.0623522507355
0 0.397999997624 0.17770000814 0.0375042912503 0.0250028591845
0 0.417799998495 0.134640009087 0.0208441487132 0.0138960982256
0 0.493800001836 0.190720007854 0.108503584534 0.0723357182515
0 0.444199999655 0.179760008095 0.0306918138608 0.020461207891
0 0.535200003657 0.222020007166 0.0422205608685 0.0281470387225
0 0.63920000823 0.244540006671 0.0299524821317 0.0199683201041
0 0.638200008186 0.301820005412 0.0220484689511 0.0146989783313
0 0.593800006233 0.233360006917 0.106818743192 0.0712124907645
0 0.635600008071 0.204160007559 0.0330613755152 0.0220409155564
0 0.739800012653 0.203840007566 0.0366662236634 0.0244441474967
0 0.817800016083 0.281300005863 0.0216531297849 0.0144354189045
0 0.942400021562 0.185820007962 0.0481051388485 0.0320700904505
0 0.915200020366 0.461800001894 0.0264033336708 0.0176022212862
0 0.88960001924 0.528120000436 0.0888529722824 0.059235310948
0 0.935000021236 0.604459998758 0.0898876211814 0.0599250768352
0 0.896400019539 0.584219999203 0.036284636285 0.0241897559279
0 0.746400012943 0.477060001559 0.0198408618051 0.013227240331
0 0.74040001268 0.489580001284 0.0257057519738 0.0171371668522
0 0.731000012266 0.527280000455 0.0208781819147 0.0139187870251
0 0.9046000199 0.479520001505 0.0322169761698 0.0214779826966
0 0.810200015749 0.38604000356 0.0322902860603 0.0215268559537
0 0.608200006867 0.335320004675 0.0441375996634 0.0294250645015
0 0.620800007421 0.441740002335 0.0835812887305 0.0557208554785
0 0.666600009435 0.457380001992 0.0532959935469 0.0355306600211
0 0.653000008837 0.528000000439 0.104530406126 0.0696869328212
0 0.606400006788 0.592759999015 0.0394470528138 0.0262980334747
0 0.57440000538 0.594199998984 0.0445101840728 0.0296734540914
0 0.729200012187 0.620539998404 0.0454161201952 0.0302774114665
0 0.585400005864 0.451260002126 0.0201532945095 0.0134355287869
0 0.430799999066 0.408640003063 0.0234976501591 0.0156650990729
0 0.47000000079 0.447500002209 0.0660822871367 0.0440548551854
0 0.425999998855 0.461680001897 0.030007489283 0.0200049915359
0 0.356399995795 0.477200001556 0.0225864705492 0.0150576460397
0 0.355399995751 0.497620001107 0.0255297488765 0.0170198314618
0 0.33239999474 0.509660000842 0.0274628149349 0.0183085420824
0 0.339599995056 0.421880002772 0.064962159499 0.0433081034762
0 0.339999995074 0.324920004904 0.0399729844974 0.026648654574
0 0.308799993702 0.519740000621 0.0227168651992 0.0151445758006
0 0.157999987071 0.501640001018 0.0971476747442 0.0647651122245
0 0.223199989938 0.468620001744 0.0379278265283 0.0252852160178
0 0.287399992761 0.425500002692 0.0204957041328 0.013663801854
0 0.263199991697 0.455780002027 0.0228698167385 0.0152465434867
0 0.261999991644 0.415780002906 0.0607617303245 0.0405078175446
0 0.255799991371 0.374180003821 0.0684257302875 0.0456171505163
0 0.22459999 0.346540004428 0.037339467664 0.0248929768008
0 0.255799991371 0.278840005917 0.0462520112402 0.0308346721264
0 0.115199985189 0.53022000039 0.0647556848143 0.0431704536955
0 0.0505999823487 0.469880001717 0.0507772398348 0.0338514909905
0 0.0423999819881 0.444180002282 0.0336087758172 0.022405849067
0 0.0239999811791 0.457980001978 0.0230717404718 0.0153811593
0 0.0777999835447 0.483600001415 0.056470183189 0.0376467863096
0 0.0497999823135 0.502200001006 0.0545940040226 0.0363960002812
0 0.123199985541 0.477620001547 0.06644408777 0.0442960555918
0 0.0283999813725 0.495080001163 0.0350966401118 0.0233977585313
0 0.0739999833776 0.534720000291 0.0592738660299 0.0395159080803
0 0.117199985277 0.563799999652 0.0693276101273 0.0462184037031
0 0.0985999844593 0.584079999206 0.0367333007292 0.0244888655376
0 0.0727999833248 0.579479999307 0.0438074578221 0.0292049699551
0 0.0959999843449 0.386840003542 0.0465253651232 0.0310169080364
0 0.0945999842834 0.419880002816 0.0398869121564 0.0265912730171
0 0.0741999833864 0.385100003581 0.0223590219148 0.0149060136267
0 0.0557999825773 0.40152000322 0.0218964078154 0.0145976042474
0 0.0731999833424 0.439760002379 0.06227591099 0.041517271255
0 0.0777999835447 0.409420003046 0.0422478665767 0.0281652425268
0 0.0305999814693 0.758719995366 0.0369024773994 0.024601649977
0 0.0673999830874 0.687399996934 0.0317362571987 0.0211575034036
0 0.112999985092 0.728379996034 0.0357861092433 0.0238574045887
0 0.0977999844241 0.78129999487 0.0199756095389 0.0133170721476
0 0.149599986702 0.798219994498 0.0394230119185 0.0262820062122
0 0.230999990281 0.768439995153 0.0269817002288 0.0179877989662
0 0.334599994836 0.545420000056 0.0202113686063 0.0134742448488
0 0.342599995188 0.556919999803 0.0251736863992 0.0167824564926
0 0.334799994845 0.46746000177 0.0449796245993 0.0299864144217
0 0.403999997888 0.644159997885 0.0233455890234 0.0155637249891
0 0.366799996252 0.688899996902 0.0458690387896 0.0305793571762
0 0.339799995065 0.730659995983 0.024407048962 0.0162713649015
0 0.425999998855 0.704579996557 0.0367707966111 0.0245138627905
0 0.47660000108 0.694799996772 0.0209231967597 0.0139487969198
0 0.283799992603 0.732679995939 0.0984900075289 0.0656600006886
0 0.403799997879 0.734279995904 0.069754113417 0.0465027392108
0 0.429799999022 0.777579994952 0.036494969385 0.0243299779853
0 0.314999993974 0.648319997794 0.0734405818886 0.0489603846965
0 0.450799999946 0.609559998646 0.0208943081119 0.0139295378226
0 0.371399996454 0.733579995919 0.0276608802529 0.018440585619
0 0.517400002874 0.711199996411 0.0401049620869 0.0267366396279
0 0.514400002742 0.676179997181 0.0267150738392 0.0178100480514
0 0.519200002953 0.636839998046 0.0801196966164 0.0534131275547
0 0.505200002338 0.590199999071 0.0479094479399 0.0319396298533
0 0.486000001493 0.627499998251 0.0237201521073 0.0158134336952
0 0.625000007605 0.673399997242 0.0213710697341 0.014247378883
0 0.686800010323 0.625019998306 0.0550700731087 0.036713379651
0 0.701000010947 0.619739998422 0.0530991154336 0.0353994079542
0 0.764800013752 0.639419997989 0.0223371575615 0.0148914373922
0 0.785800014676 0.66941999733 0.0252617374147 0.0168411571657
0 0.733400012372 0.703879996572 0.0265306613753 0.0176871064169
0 0.782800014544 0.745159995665 0.0239179206242 0.0159452793644
0 0.714000011519 0.755959995427 0.0281388290798 0.0187592181492
0 0.758000013453 0.770019995118 0.0452827575336 0.0301885030313
0 0.753000013234 0.746059995645 0.0228310347182 0.0152206888082
0 0.958200022256 0.753059995491 0.0266275174923 0.0177516771574
0 0.86640001822 0.880779992683 0.0416478335328 0.0277652205239
0 0.830600016646 0.906239992123 0.0296692348762 0.0197794886129
0 0.857600017833 0.911579992006 0.0605361614308 0.0403574382921
0 0.88960001924 0.921359991791 0.0477069306043 0.0318046183051
0 0.91120002019 0.909959992041 0.0304582313354 0.0203054862177
0 0.825600016426 0.845859993451 0.0391135472258 0.0260756964307
0 0.90620001997 0.960399990933 0.0329883624259 0.0219922401667
0 0.900200019706 0.9800799905 0.0402611784392 0.0268407838558
0 0.790800014896 0.854959993251 0.0355847791123 0.0237231845102
0 0.772200014078 0.852599993303 0.0342743029872 0.0228495338177
0 0.815800015995 0.904239992167 0.0210263846352 0.0140175888323
0 0.601600006576 0.914179991949 0.0404509333243 0.0269672871042
0 0.563000004879 0.846919993427 0.0382736988319 0.0255157975383
0 0.538200003789 0.848539993392 0.0227640565861 0.0151760367231
0 0.525400003226 0.911659992004 0.0290864163006 0.0193909429214
0 0.691200010516 0.870979992898 0.02000618006 0.0133374524937
0 0.740200012671 0.78357999482 0.0231305071046 0.0154203370527
0 0.648000008617 0.957899990987 0.10160493587 0.0677366194454
0 0.485200001458 0.897379992318 0.033723341071 0.0224822258979
0 0.491000001713 0.914799991935 0.0211574718212 0.0141049802838
0 0.495200001898 0.931679991564 0.0198020797848 0.0132013856525
0 0.484800001441 0.94911999118 0.0245706853436 0.0163804558153
0 0.49660000196 0.957579990995 0.0316462275087 0.0210974836143
0 0.411399998213 0.822859993956 0.0243888451565 0.016259229032
0 0.335399994872 0.864399993043 0.0367294423139 0.0244862932609
0 0.340999995118 0.839139993598 0.0596690073287 0.0397793355954
0 0.391399997334 0.899239992277 0.0333227584174 0.022215170813
0 0.404999997932 0.90775999209 0.0228974192478 0.0152649451584
0 0.393399997422 0.921499991788 0.0268479418322 0.0178986267076
0 0.351399995575 0.9482399912 0.0553275975956 0.036885062631
0 0.300399993333 0.966359990801 0.0434947283164 0.0289964836318
0 0.269999991996 0.957899990987 0.0232809853008 0.0155206558435
0 0.174999987819 0.959179990959 0.0202030581734 0.0134687045606
0 0.183999988214 0.914299991946 0.0428352361037 0.0285568221856
0 0.115999985224 0.979899990504 0.0321644423617 0.0214429601602
0 0.273199992137 0.869119992939 0.0326943313943 0.021796219492
0 0.279999992436 0.850619993346 0.0444164938349 0.0296109939369
0 0.328799994581 0.8117599942 0.0565781198833 0.0377187441011
0 0.316199994027 0.851519993326 0.0304256821398 0.0202837867554
0 0.312799993878 0.868999992942 0.0281172615277 0.0187448397821
0 0.223399989947 0.836819993649 0.0226145677272 0.0150763774904
0 0.128999985796 0.874239992827 0.0235078403328 0.0156718925216
0 0.142399986385 0.904959992151 0.0306203837112 0.0204135877944
0 0.0663999830434 0.956679991014 0.0263203282753 0.0175468843595
0 0.32739999452 0.96867999075 0.0294445563861 0.0196297029627
0 0.538400003798 0.960619990928 0.0277871196864 0.0185247452358
0 0.535800003683 0.419320002828 0.156111482479 0.104074314788
0 0.421599998662 0.064960010619 0.0327790186632 0.0218526776675
0 0.348999995469 0.0537600108652 0.023552063708 0.0157013747698
0 0.215799989613 0.176160008174 0.0344210217018 0.0229473462877
0 0.883600018976 0.377760003742 0.0585070307252 0.0390046845775
0 0.696000010727 0.392980003407 0.0233305510971 0.0155536997056
0 0.469600000772 0.766419995197 0.0901356480307 0.0600904280572
