0 0.545800004123 0.23617198487 0.177229875479 0.118153242526
0 0.549400004281 0.11514198753 0.148725090549 0.0991500538265
0 0.798200015221 0.833941971727 0.169981990764 0.113321319702
0 0.591400006128 0.634443976113 0.363556706998 0.242371122013
0 0.635200008054 0.484923979401 0.167061467194 0.111374304117
0 0.0635999829203 0.0430039891164 0.0221042675722 0.0147361774095
0 0.0627999828851 0.0950239879728 0.0325302992778 0.0216868647548
0 0.0303999814605 0.106713987716 0.0227618800442 0.0151745856953
0 0.066799983061 0.178143986145 0.0592280597151 0.0394853705391
0 0.0753999834392 0.199253985681 0.0211036518746 0.0140691003218
0 0.0799999836414 0.212851985382 0.0248998378476 0.0165998908036
0 0.0923999841867 0.143035986917 0.0261750935666 0.0174500612268
0 0.172599987713 0.195385985766 0.0240330794804 0.0160220519302
0 0.184199988223 0.118873987448 0.0266259345527 0.0177506218644
0 0.169999987599 0.0736319884431 0.0236279458753 0.015751962878
0 0.153999986895 0.0886739881124 0.021810830143 0.0145405524696
0 0.156999987027 0.0969739879299 0.0227712787481 0.0151808514975
0 0.0879999839932 0.109675987651 0.0256831950844 0.017122128927
0 0.171799987678 0.0312359893752 0.0276653322706 0.0184435536306
0 0.0593999827356 0.0139259897557 0.0200412025988 0.0133608008513
0 0.185999988302 0.0212199895954 0.0219723889164 0.0146482583115
0 0.272799992119 0.0861559881677 0.0249481175056 0.0166320772401
0 0.385799997088 0.0647119886392 0.0326036091683 0.0217357380119
0 0.511200002602 0.0554899888419 0.0286150960333 0.0190767294307
0 0.495600001916 0.0466519890362 0.0277593193096 0.0185062116525
0 0.454600000113 0.17017998632 0.0217807542905 0.0145205019026
0 0.406599998002 0.0985039878963 0.0269174922411 0.0179449936438
0 0.305199993544 0.13290198714 0.149098070693 0.0993987072397
0 0.35719999583 0.134185987112 0.187094557227 0.124729696591
0 0.43179999911 0.0143499897464 0.0246705094724 0.0164470052302
0 0.781200014474 0.0257219894964 0.0219344972996 0.0146229972353
0 0.91440002033 0.0384039892176 0.0474740406149 0.0316493583225
0 0.890800019293 0.104735987759 0.0226611655118 0.0151074426781
0 0.916400020418 0.0990359878846 0.0409252216033 0.0272834792694
0 0.919000020533 0.148965986787 0.0754329092484 0.0502886028488
0 0.822200016276 0.159423986557 0.0322787108144 0.0215191391236
0 0.872400018484 0.165617986421 0.0653214867892 0.0435476549873
0 0.882400018923 0.12063598741 0.0290983872813 0.0193989235748
0 0.984000023391 0.109363987657 0.025752151891 0.0171681001283
0 0.962400022441 0.213735985363 0.0206816995363 0.0137877987815
0 0.942400021562 0.233929984919 0.0222199210971 0.0148132797543
0 0.919800020568 0.206543985521 0.095168802371 0.0634458640627
0 0.885400019055 0.245113984673 0.0611505398648 0.0407670238877
0 0.906400019979 0.303841983382 0.124872169382 0.0832481074309
0 0.873400018528 0.390433981478 0.0263050924816 0.0175367271644
0 0.784200014605 0.354979982258 0.0204460394027 0.0136306920361
0 0.860200017947 0.354085982277 0.0232497222436 0.0154998138067
0 0.866600018229 0.362961982082 0.0226198112147 0.0150798731485
0 0.785000014641 0.284971983797 0.0385070834898 0.0256713873
0 0.739600012644 0.352485982312 0.0421161857883 0.0280774553403
0 0.748800013049 0.369917981929 0.034294188666 0.022862790936
0 0.724000011958 0.216357985305 0.0207168210088 0.0138112130949
0 0.985200023444 0.235559984883 0.0294658271371 0.0196438834624
0 0.824600016382 0.231283984977 0.1590280487 0.106018692141
0 0.608200006867 0.266415984205 0.030809149259 0.0205394314846
0 0.658800009092 0.138707987012 0.038289132493 0.0255260866451
0 0.661800009223 0.118689987452 0.0727911809158 0.0485274507432
0 0.418199998512 0.281403983875 0.0263062796863 0.0175375186342
0 0.417599998486 0.298617983497 0.0214810840366 0.0143207217465
0 0.377599996727 0.260569984333 0.0251663653035 0.0167775757625
0 0.375799996648 0.248919984589 0.0219180743012 0.0146120485704
0 0.350199995522 0.231443984974 0.0248814361747 0.0165876230224
0 0.330399994652 0.243311984713 0.0249059717386 0.0166039800639
0 0.323399994344 0.257763984395 0.0204647378767 0.0136431576847
0 0.354999995733 0.235961984874 0.15366584079 0.102443887103
0 0.259199991521 0.220745985209 0.0284269240878 0.0189512814753
0 0.123999985576 0.157159986607 0.0815562143076 0.0543708059523
0 0.0403999819002 0.339661982594 0.0331065882276 0.0220710573627
0 0.0607999827972 0.34938998238 0.032928903257 0.0219526007234
0 0.0967999843801 0.35579798224 0.0650709865968 0.04338065487
0 0.0557999825773 0.380271981702 0.0781397359723 0.052093153879
0 0.132799985963 0.472837979666 0.0485690390864 0.0323793572553
0 0.191999988566 0.381631981672 0.0255930664607 0.0170620431818
0 0.194999988698 0.392825981426 0.0229087966262 0.0152725300768
0 0.240799990712 0.36487598204 0.0245867126071 0.016391140657
0 0.0967999843801 0.537135978253 0.0268842505094 0.0179228324908
0 0.298399993245 0.512009978805 0.05444441623 0.0362962750927
0 0.326799994493 0.444815980282 0.0436301685864 0.0290867771391
0 0.323399994344 0.388263981526 0.0199362339163 0.0132908217342
0 0.266199991829 0.452623980111 0.0815170365524 0.0543446874506
0 0.34719999539 0.364737982043 0.0221708499693 0.0147805656713
0 0.360399995971 0.366857981996 0.0201902957228 0.0134601962608
0 0.362999996085 0.351961982324 0.0308092481927 0.0205394974405
0 0.360799995988 0.387799981536 0.0677048991651 0.0451365964664
0 0.356199995786 0.458985979971 0.0574100535792 0.0382733665285
0 0.456400000192 0.524771978525 0.0200445663455 0.0133630433489
0 0.452400000016 0.440775980371 0.0463142405534 0.0308761583325
0 0.450999999954 0.45857197998 0.0370953981637 0.0247302638114
0 0.437199999348 0.411825981008 0.0318828769795 0.0212552499178
0 0.417799998495 0.37989398171 0.0364188893502 0.0242792579655
0 0.513600002707 0.371835981887 0.0866784090006 0.0577856021891
0 0.528400003358 0.404547981168 0.0220477764151 0.0146985166406
0 0.557000004615 0.429273980624 0.0278518223427 0.0185678803372
0 0.578000005539 0.489373979303 0.022729528716 0.0151530181446
0 0.598400006436 0.513931978763 0.0208127867223 0.0138751902331
0 0.583200005767 0.359603982156 0.0207331450734 0.013822095804
0 0.669800009575 0.346001982455 0.069618673147 0.0464124457035
0 0.631200007878 0.344165982495 0.0384418861649 0.0256279224196
0 0.735200012451 0.394921981379 0.0666362170646 0.0444241417797
0 0.893800019425 0.404079981178 0.0212264286277 0.0141509514851
0 0.9410000215 0.48586397938 0.0913285908902 0.0608857232444
0 0.917200020454 0.508235978888 0.0487991589314 0.0325327704752
0 0.910600020163 0.527843978457 0.0527522537927 0.0351681668756
0 0.886800019117 0.513737978767 0.0471946517747 0.031463099108
0 0.905000019917 0.472039979684 0.0516323240225 0.034421547078
0 0.930400021034 0.547841978017 0.0210602199692 0.0140401457201
0 0.881200018871 0.450317980162 0.0519368420289 0.0346245590689
0 0.948000021808 0.571277977502 0.0811655250264 0.0541103464487
0 0.854000017675 0.742635973735 0.0289389061162 0.019292602805
0 0.874200018563 0.659397975565 0.108546126036 0.0723640792509
0 0.789800014852 0.557371977808 0.100186226249 0.066790813094
0 0.694000010639 0.7169519743 0.0201141167543 0.0134094102851
0 0.667200009461 0.747889973619 0.0226128858539 0.0150752562416
0 0.64580000852 0.727279974072 0.0242544931576 0.0161696610386
0 0.665000009364 0.655747975645 0.0472603437683 0.0315068937675
0 0.51640000283 0.764081973263 0.0280697733395 0.0187131809921
0 0.555200004536 0.774945973024 0.0396029723648 0.0264019798352
0 0.497800002012 0.78469197281 0.0584581574649 0.0389721024062
0 0.494200001854 0.822769971973 0.112225471279 0.0748169759181
0 0.431999999119 0.781121972889 0.0384473275198 0.0256315499893
0 0.427599998926 0.795823972565 0.0209903727592 0.0139935809165
0 0.419199998556 0.772049973088 0.0204177443572 0.0136118286737
0 0.399199997677 0.777159972976 0.027886647014 0.0185910967832
0 0.385999997096 0.783733972831 0.0283825028452 0.0189216673155
0 0.496800001968 0.654209975679 0.0317383348069 0.0211588884757
0 0.465200000579 0.652659975713 0.0260349044778 0.0173566018405
0 0.402199997809 0.663877975466 0.152582516498 0.101721670956
0 0.345799995329 0.68644397497 0.0283635075699 0.0189090037995
0 0.379399996806 0.720431974223 0.0627455493839 0.041830363497
0 0.403799997879 0.710965974431 0.0304016412445 0.0202677594929
0 0.50980000254 0.557471977806 0.0240440611239 0.0160293730254
0 0.572200005284 0.545933978059 0.057133533817 0.0380890200325
0 0.382999996964 0.587579977144 0.0293950895235 0.0195967250565
0 0.268799991943 0.696321974753 0.0256788420005 0.0171192268712
0 0.267799991899 0.645483975871 0.0211808201804 0.0141205458556
0 0.241399990738 0.567001977596 0.0277916706378 0.0185277792032
0 0.254199991301 0.555611977847 0.0561697214653 0.037446478507
0 0.155399986957 0.581751977272 0.065516386228 0.0436775879379
0 0.186799988337 0.703379974598 0.0252524376445 0.0168349573193
0 0.155599986966 0.717983974277 0.0371814705047 0.0247876453683
0 0.131199985893 0.755013973463 0.0223508104156 0.0149005392943
0 0.22459999 0.753705973491 0.0300029383316 0.0200019575685
0 0.139399986253 0.673375975258 0.0325502838903 0.021700187829
0 0.12339998555 0.660621975538 0.0251390595954 0.0167593719582
0 0.11679998526 0.651311975743 0.0221455229356 0.0147636809833
0 0.106199984793 0.660127975549 0.0256279900657 0.0170853255836
0 0.147799986623 0.611215976624 0.108539200675 0.072359462344
0 0.0911999841339 0.74196397375 0.0236362563083 0.0157575031662
0 0.0715999832721 0.737143973856 0.0227017283392 0.0151344845613
0 0.0611999828148 0.75832197339 0.02499046114 0.0166603063278
0 0.0467999821816 0.764889973246 0.0201584390633 0.0134389584891
0 0.143399986429 0.779269972929 0.0311381038956 0.0207587345612
0 0.0963999843625 0.584055977221 0.0643568829677 0.0429045858153
0 0.00879998051072 0.56455797765 0.0246685307979 0.0164456861139
0 0.038599981821 0.934385969519 0.0818928857747 0.0545952535823
0 0.127199985717 0.899395970288 0.0370445462289 0.0246963625237
0 0.102599984635 0.895723970369 0.0280297051808 0.018686468888
0 0.162599987273 0.873027970868 0.0456901666143 0.0304601090672
0 0.195199988707 0.914849969949 0.0305263966721 0.0203509297725
0 0.27099999204 0.940875969376 0.0626063496324 0.0417375636688
0 0.231399990299 0.866261971017 0.0326909676477 0.0217939769943
0 0.264599991758 0.846637971448 0.0491164393884 0.0327442907659
0 0.206799989217 0.815549972132 0.0257866797611 0.0171911187069
0 0.230799990272 0.790771972677 0.0255242085879 0.0170161379363
0 0.240399990694 0.810991972232 0.0457235072797 0.030482336176
0 0.254999991336 0.778381972949 0.032599750753 0.0217331657352
0 0.291199992928 0.779977972914 0.0685944122892 0.0457296051766
0 0.290399992893 0.812511972199 0.047245701577 0.0314971323072
0 0.264599991758 0.809103972274 0.0328152284066 0.0218768174949
0 0.325399994432 0.808965972277 0.0406092272847 0.0270728164042
0 0.387599997167 0.820731972018 0.0299107320997 0.0199404867513
0 0.38039999685 0.818259972072 0.0315166243285 0.0210110814999
0 0.366199996226 0.810381972245 0.0242339149427 0.0161559422296
0 0.379199996797 0.872863970872 0.0478448442173 0.0318965607078
0 0.408799998099 0.839661971602 0.0230052570084 0.015336836994
0 0.317799994098 0.78653997277 0.0324725219822 0.0216483465603
0 0.308199993675 0.803465972397 0.0228875258753 0.0152583495772
0 0.371799996472 0.895903970365 0.030308940344 0.0202059588966
0 0.466800000649 0.897527970329 0.0582123071576 0.0388082022121
0 0.491000001713 0.859017971176 0.0851140689364 0.0567427088817
0 0.542200003965 0.830325971807 0.0302192074551 0.0201461369747
0 0.56620000502 0.832251971765 0.0247257144911 0.0164838085735
0 0.598000006418 0.883551970637 0.0356333555714 0.0237555688141
0 0.576400005468 0.882717970655 0.0225125670565 0.0150083770477
0 0.390799997307 0.914493969956 0.0499288831405 0.0332859198982
0 0.425399998829 0.942305969345 0.0419869783431 0.0279913170492
0 0.633000007957 0.902703970216 0.0221372125027 0.0147581406951
0 0.677000009892 0.87841197075 0.125232288142 0.0834881865885
0 0.727800012126 0.879877970718 0.0276950123882 0.0184633403743
0 0.752200013198 0.891915970453 0.0286664426367 0.0191109604973
0 0.654200008889 0.850137971371 0.0258368391598 0.0172245583038
0 0.774600014183 0.790801972676 0.0211936815647 0.0141291201112
0 0.787600014755 0.907861970102 0.0256860641625 0.0171240416456
0 0.808200015661 0.917001969901 0.0224876357577 0.014991756183
0 0.834400016813 0.93024596961 0.0655169798304 0.0436779836728
0 0.841200017112 0.78789397274 0.0346259134468 0.0230839407754
0 0.781200014474 0.753513973496 0.0638254109954 0.0425502711905
0 0.899400019671 0.808407972289 0.0369702470012 0.0246468297086
0 0.956800022195 0.985337968399 0.0214319139751 0.0142879417077
0 0.755400013339 0.987019968362 0.0203586809232 0.0135724530536
0 0.616400007227 0.968555968768 0.084374836141 0.0562498870507
0 0.920200020585 0.0589579887657 0.0210007608003 0.0140005062768
0 0.864400018132 0.311993983203 0.0227775115728 0.0151850067136
0 0.894400019451 0.29711798353 0.0209790943145 0.0139860619539
0 0.457600000245 0.18429198601 0.225468970591 0.150312637147
0 0.260399991574 0.288677983715 0.191095437078 0.127396949649
0 0.203399989067 0.110279987637 0.0808668441098 0.0539112258508
0 0.228999990193 0.129869987207 0.0216024757175 0.0144016495285
0 0.251199991169 0.126405987283 0.0424780853554 0.0283187217025
0 0.341799995153 0.0745199884235 0.116310444796 0.0775402914165
0 0.0969999843889 0.416171980912 0.0260804139915 0.0173869415142
0 0.851000017543 0.343003982521 0.0343553297082 0.0229035516282
0 0.840600017085 0.689281974908 0.0528346655859 0.0352231080674
0 0.112999985092 0.71828997427 0.0281054884144 0.0187369910404
0 0.344399995267 0.625455976311 0.0247124573719 0.0164749704947
0 0.248399991046 0.927003969681 0.103163142043 0.0687754234924
