0 0.586800005926 0.35784000418 0.283634086362 0.189089378436
0 0.319599994177 0.938199991421 0.0234033663189 0.0156022431836
0 0.346399995355 0.965399990823 0.0298982664503 0.0199321763189
0 0.57120000524 0.976799990572 0.0300187677277 0.0200125104985
0 0.488400001599 0.962399990889 0.0334573082838 0.022304870718
0 0.379599996815 0.919299991836 0.0289607704695 0.0193071790396
0 0.36379999612 0.905659992136 0.0333366091389 0.0222244046268
0 0.283399992585 0.895559992358 0.0321824482997 0.0214549641181
0 0.248599991055 0.8799999927 0.0231869982617 0.0154579978216
0 0.551000004352 0.862879993077 0.0299731592803 0.019982104869
0 0.44839999984 0.854719993256 0.0203571969174 0.0135714637165
0 0.094999984301 0.89863999229 0.0396755897192 0.0264503914016
0 0.181599988109 0.951619991126 0.0366776999756 0.024451798371
0 0.811800015819 0.964439990844 0.0428193077739 0.0285462032998
0 0.895200019486 0.830539993788 0.027390395448 0.0182602624276
0 0.981800023294 0.60843999867 0.0237020472356 0.0158013637815
0 0.462000000438 0.75217999551 0.0239131718053 0.0159421134854
0 0.341999995162 0.737519995833 0.0422398529449 0.028159900106
0 0.0583999826917 0.759299995354 0.0352138765762 0.0234759161691
0 0.117399985286 0.723579996139 0.020415666749 0.0136104436016
0 0.648000008617 0.648879997781 0.020466815485 0.0136445427567
0 0.365399996191 0.702519996602 0.0326331903521 0.0217554587998
0 0.173799987766 0.789779994684 0.0243106875135 0.0162071239401
0 0.1381999862 0.818939994043 0.0282868339328 0.0188578880448
0 0.110999985005 0.810619994225 0.0328503498791 0.0219002318083
0 0.119199985365 0.831059993776 0.0199011124438 0.0132674074208
0 0.620600007412 0.709219996455 0.021690526733 0.0144603502016
0 0.637000008133 0.664239997444 0.0264157993202 0.0176105317186
0 0.37219999649 0.63257999814 0.0198313641675 0.013220908573
0 0.588400005996 0.649879997759 0.0204418841862 0.013627921892
0 0.723400011932 0.606139998721 0.0277695094833 0.0185130051012
0 0.714800011554 0.593259999004 0.0244521627407 0.016301440752
0 0.598400006436 0.567039999581 0.0478497909036 0.0318998584984
0 0.473200000931 0.589899999078 0.0344325969476 0.0229550631177
0 0.868600018317 0.722339996166 0.0701185852609 0.0467457204241
0 0.832000016707 0.649799997761 0.0898419138004 0.0598946052498
0 0.229999990237 0.599679998863 0.0374412704673 0.0249608453319
0 0.37039999641 0.513900000749 0.0216812269629 0.0144541503552
0 0.240199990685 0.541480000143 0.0386849663279 0.0257899758509
0 0.255399991354 0.487680001325 0.044131960441 0.0294213050202
0 0.303199993456 0.47338000164 0.02200780719 0.0146718704923
0 0.387999997184 0.462280001884 0.0218651447582 0.0145767622107
0 0.441399999532 0.45198000211 0.0235943084087 0.0157295379017
0 0.10339998467 0.478140001535 0.0321447545504 0.0214298349535
0 0.578000005539 0.520820000597 0.0380446672579 0.0253631098324
0 0.668000009496 0.480020001494 0.0225823153328 0.0150548758956
0 0.647800008608 0.404100003163 0.0222094341222 0.0148062884382
0 0.553600004466 0.364320004037 0.0216029703862 0.0144019793076
0 0.336799994933 0.420520002802 0.0220836893573 0.0147224586005
0 0.214199989542 0.426800002664 0.0251621111534 0.0167747396625
0 0.381999996921 0.440680002359 0.0277140076634 0.0184760038903
0 0.154399986913 0.367580003966 0.0276332777436 0.0184221839473
0 0.217199989674 0.394560003373 0.0230809413082 0.0153872931906
0 0.353399995663 0.335820004664 0.0225177116102 0.01501180675
0 0.242199990773 0.400420003244 0.0243221638257 0.0162147748143
0 0.21119998941 0.523940000528 0.0233628034916 0.0155752013004
0 0.48820000159 0.482840001432 0.0233991121687 0.0155994070836
0 0.390599997299 0.48564000137 0.0259442811855 0.0172961863162
0 0.95420002208 0.44608000224 0.042276557357 0.0281843697124
0 0.933800021183 0.395240003358 0.0607238387077 0.0404825564684
0 0.871200018431 0.421260002786 0.0373026643182 0.0248684412386
0 0.769200013946 0.549279999971 0.0363006635485 0.0242004407695
0 0.83660001691 0.571839999475 0.0235464244857 0.0156976152885
0 0.786200014693 0.405020003143 0.0314456888475 0.0209637911823
0 0.678400009953 0.415400002914 0.0431168014859 0.028744532428
0 0.819200016144 0.251260006523 0.0259861301513 0.0173240856249
0 0.839600017041 0.246160006635 0.0386323335861 0.0257548873587
0 0.543800004035 0.184760007985 0.0199785775507 0.013319050822
0 0.768800013928 0.153680008668 0.0308908685161 0.0205939109858
0 0.834000016795 0.126220009272 0.0336677403174 0.0224451587312
0 0.953000022028 0.134080009099 0.0295950345823 0.0197300217535
0 0.884200019003 0.0971200099119 0.0334579018861 0.0223052664529
0 0.814000015916 0.172400008257 0.0473109978357 0.0315406631435
0 0.863200018079 0.193120007801 0.0634408556052 0.0422939009473
0 0.899200019662 0.202480007596 0.0515906729241 0.0343937796809
0 0.81160001581 0.305920005321 0.0341736873886 0.0227824567564
0 0.412799998275 0.239520006781 0.0301132494353 0.0200754982995
0 0.568600005125 0.233280006918 0.036572731293 0.0243818192539
0 0.5612000048 0.210760007414 0.024313754459 0.0162091685703
0 0.367999996305 0.20412000756 0.0230931101564 0.0153954057555
0 0.435999999295 0.19866000768 0.0260838766719 0.0173892499676
0 0.488600001608 0.245340006653 0.0304090612739 0.0202727061789
0 0.341599995144 0.222720007151 0.022089922182 0.0147266138167
0 0.322799994317 0.215280007314 0.0239557133072 0.0159704744848
0 0.282199992532 0.198260007688 0.0391184939121 0.0260789942213
0 0.231799990316 0.238380006806 0.0303968924257 0.0202645936139
0 0.208599989296 0.324520004912 0.0309495362152 0.0206330227826
0 0.0895999840635 0.302400005399 0.0265602425591 0.0177068272049
0 0.10019998453 0.256300006412 0.0410958822794 0.0273972530459
0 0.156199986992 0.142320008918 0.0206347060168 0.0137564697705
0 0.171799987678 0.176040008177 0.0338370159214 0.0225580091264
0 0.218999989753 0.180200008085 0.040229915382 0.0268199418191
0 0.198599988856 0.207860007477 0.063820167508 0.0425467755325
0 0.103999984697 0.189860007873 0.0284767866854 0.0189845232048
0 0.438799999418 0.216000007298 0.0407184501175 0.0271456316212
0 0.538600003806 0.205600007527 0.0355920012743 0.0237279992845
0 0.0241999811879 0.29460000557 0.0285433690825 0.0190289114666
0 0.754600013304 0.114260009535 0.0287049278559 0.0191366173084
0 0.736000012486 0.266200006195 0.0291780289302 0.0194520180038
0 0.823400016329 0.269720006117 0.0306896373189 0.0204597568631
0 0.861800018018 0.296120005537 0.0201091700681 0.0134061124945
0 0.0859999839052 0.123840009325 0.0571968514012 0.0381312317525
0 0.0741999833864 0.110320009622 0.0558579812969 0.0372386517418
0 0.0207999810384 0.0613400106986 0.0543428112941 0.0362285384733
0 0.0261999812758 0.0886800100975 0.0216690581147 0.0144460377903
0 0.041599981953 0.0133400117539 0.034061892279 0.0227079266883
0 0.128199985761 0.0170000116734 0.0318634859694 0.0212423225785
0 0.109599984943 0.0595400107382 0.0225676731414 0.0150451144353
0 0.256599991407 0.121880009368 0.0321444577492 0.0214296370861
0 0.059999982762 0.154400008653 0.0359456893422 0.0239637913142
0 0.363599996111 0.0589600107509 0.0338049613944 0.0225366394432
0 0.518800002936 0.0717600104695 0.026091395635 0.0173942626094
0 0.525400003226 0.0904400100588 0.0200871078473 0.0133914043483
0 0.602400006612 0.125180009295 0.0280466228478 0.018697747332
0 0.557000004615 0.111460009597 0.0329132717284 0.0219421797051
0 0.586400005908 0.11906000943 0.0364220552294 0.0242813685515
0 0.651000008749 0.0985000098816 0.0414654986771 0.0276436639615
0 0.628000007737 0.0534600108718 0.0348836358012 0.023255755667
0 0.556000004571 0.026160011472 0.0244787759128 0.0163191828655
0 0.203199989059 0.0295400113977 0.043117098287 0.0287447302955
0 0.733400012372 0.0448200110618 0.0261903293603 0.0174602184219
0 0.972000022863 0.0697400105139 0.0211379818773 0.0140919869888
0 0.907200020014 0.00964001183522 0.0253372238471 0.0168914814507
0 0.169999987599 0.961479990909 0.02328415118 0.0155227664295
0 0.95100002194 0.851559993325 0.0266717408675 0.0177811594056
0 0.435799999286 0.692039996832 0.0341833828936 0.022788920426
0 0.23279999036 0.75081999554 0.0232322109742 0.0154881396279
0 0.134399986033 0.433160002524 0.0327295518005 0.0218196997612
0 0.701000010947 0.247060006615 0.0434346755452 0.0289564484536
0 0.576600005477 0.250160006547 0.0283528227276 0.0189018805717
0 0.432599999145 0.265420006212 0.0500441409304 0.0333627584198
0 0.36059999598 0.184720007986 0.0425032145216 0.0283354744789
