0 0.916600003943 0.181079986081 0.1162530479 0.0775020319336
0 0.808400006321 0.147099986828 0.0621395721196 0.0414263814131
0 0.477600013594 0.491019979267 0.260834774962 0.173889849975
0 0.266600018233 0.401759981229 0.116618113298 0.0777454088657
0 0.699000008727 0.282139983859 0.262651197919 0.175100798613
0 0.586400011202 0.388359981524 0.188803117757 0.125868745172
0 0.396200015384 0.217999985269 0.393726494587 0.262484329724
0 0.988000002373 0.915579969933 0.0256113658214 0.017074243881
0 0.988800002355 0.977879968563 0.0218781021902 0.0145854014601
0 0.801600006471 0.953979969088 0.104387927792 0.0695919518612
0 0.61060001067 0.912819969993 0.0657253255859 0.0438168837239
0 0.595800010995 0.947059969241 0.0277664388751 0.0185109592501
0 0.577600011396 0.965539968834 0.0503936671344 0.0335957780896
0 0.54920001202 0.981459968484 0.0308028134373 0.0205352089582
0 0.834000005759 0.904379970179 0.052792512855 0.03519500857
0 0.890200004523 0.948819969202 0.0357748260795 0.023849884053
0 0.418600014891 0.975519968615 0.021418159362 0.014278772908
0 0.455200014087 0.968359968772 0.0876986020073 0.0584657346715
0 0.342400016567 0.983879968431 0.0208889629353 0.0139259752902
0 0.539800012227 0.920999969813 0.0480997900824 0.0320665267216
0 0.488200013361 0.929939969617 0.0234581725083 0.0156387816722
0 0.536800012293 0.900479970265 0.0818009655535 0.0545339770356
0 0.365400016061 0.897399970332 0.0206183792323 0.0137455861549
0 0.296400017578 0.94573996927 0.101107285894 0.0674048572627
0 0.315200017165 0.974999968626 0.0484625800052 0.0323083866701
0 0.409200015098 0.924539969736 0.0294598872274 0.0196399248183
0 0.184000020049 0.972219968687 0.0267525661921 0.0178350441281
0 0.030400023426 0.975319968619 0.0315649987564 0.0210433325043
0 0.0270000235007 0.917099969899 0.0210442888635 0.014029525909
0 0.161000020555 0.888779970522 0.0363650646067 0.0242433764045
0 0.173600020278 0.931779969576 0.0313633718509 0.0209089145672
0 0.236200018901 0.874359970839 0.0235806524441 0.0157204349627
0 0.0614000227444 0.956579969031 0.0219107503153 0.0146071668768
0 0.0250000235447 0.736139973878 0.0525757490914 0.0350504993943
0 0.0946000220145 0.663939975465 0.0198210724454 0.0132140482969
0 0.156600020651 0.688239974931 0.0327687252332 0.0218458168221
0 0.253200018528 0.787119972757 0.0225050451247 0.0150033634164
0 0.346000016487 0.824379971938 0.0355807181361 0.0237204787574
0 0.0976000219486 0.810979972232 0.0291475534979 0.0194317023319
0 0.246000018686 0.677619975164 0.0239695608669 0.0159797072446
0 0.274800018053 0.706239974535 0.0206745735809 0.0137830490539
0 0.330800016822 0.720339974225 0.0450424415732 0.0300282943821
0 0.357800016228 0.691059974869 0.0200391223472 0.0133594148981
0 0.291400017688 0.837739971644 0.0371036047685 0.0247357365124
0 0.307000017345 0.868659970964 0.0250237985045 0.0166825323363
0 0.188400019952 0.66281997549 0.088169031809 0.0587793545393
0 0.285600017815 0.668319975369 0.0243706381363 0.0162470920909
0 0.405800015173 0.868179970975 0.0292458936079 0.0194972624052
0 0.402600015243 0.855099971262 0.0312106181992 0.0208070787994
0 0.427400014698 0.8306599718 0.0271525551907 0.0181017034604
0 0.523800012578 0.83291997175 0.0205492245675 0.013699483045
0 0.65380000972 0.835859971685 0.0348979765879 0.0232653177253
0 0.6638000095 0.809099972274 0.0210260850604 0.0140173900403
0 0.540800012205 0.790439972684 0.0255849505203 0.0170566336802
0 0.445200014306 0.661619975516 0.0375965914566 0.0250643943044
0 0.447000014267 0.672719975272 0.023075991578 0.0153839943853
0 0.489000013344 0.670599975319 0.041411277533 0.0276075183553
0 0.636400010103 0.671999975288 0.0263571281443 0.0175714187629
0 0.652200009756 0.681999975068 0.0422829824715 0.028188654981
0 0.602600010846 0.692659974834 0.0271659112418 0.0181106074945
0 0.610800010666 0.713639974372 0.029128261424 0.0194188409493
0 0.693800008841 0.695679974767 0.0274429256361 0.0182952837574
0 0.46280001392 0.731259973985 0.0266678789344 0.0177785859563
0 0.430000014641 0.73283997395 0.0252937886052 0.0168625257368
0 0.455600014078 0.747619973625 0.0222867973555 0.0148578649036
0 0.429400014654 0.706259974535 0.0291188627214 0.0194125751476
0 0.56420001169 0.686859974961 0.109656147968 0.0731040986456
0 0.65520000969 0.729459974025 0.104101020026 0.0694006800176
0 0.65520000969 0.741459973761 0.0214792014625 0.0143194676417
0 0.59880001093 0.743919973707 0.0247026596746 0.016468439783
0 0.569600011572 0.820779972017 0.0323980206134 0.021598680409
0 0.56740001162 0.77877997294 0.0261125640076 0.0174083760051
0 0.602800010842 0.793419972618 0.023403264298 0.0156021761987
0 0.589800011127 0.801779972435 0.0348463331901 0.0232308887934
0 0.579000011365 0.80517997236 0.0392307785153 0.0261538523435
0 0.520400012653 0.851959971331 0.0647778374238 0.0431852249492
0 0.458000014025 0.885019970604 0.0202183902337 0.0134789268225
0 0.408800015107 0.840339971587 0.0226335600169 0.0150890400112
0 0.769200007183 0.766279973215 0.0207991311246 0.0138660874164
0 0.804800006401 0.830539971802 0.06231547626 0.04154365084
0 0.795600006603 0.755179973459 0.0714453760263 0.0476302506842
0 0.755000007495 0.713499974375 0.0240707700545 0.0160471800363
0 0.81940000608 0.683239975041 0.0262782779756 0.0175188519838
0 0.691000008902 0.632199976163 0.0463526207244 0.0309017471496
0 0.672800009303 0.660399975543 0.0532984598593 0.0355323065729
0 0.698200008744 0.66461997545 0.153928984194 0.102619322796
0 0.7730000071 0.641739975953 0.0278094750399 0.0185396500266
0 0.894200004435 0.703079974604 0.0225587661304 0.0150391774203
0 0.879000004769 0.694279974798 0.0357495979829 0.0238330653219
0 0.969200002786 0.707139974515 0.0217823343568 0.0145215562378
0 0.928000003692 0.741439973761 0.0235884682074 0.0157256454716
0 0.947400003265 0.722939974168 0.0677483221337 0.0451655480891
0 0.87440000487 0.815239972139 0.0337808171094 0.0225205447396
0 0.98720000239 0.762559973297 0.0209017253842 0.0139344835894
0 0.88760000458 0.740639973779 0.0445542037033 0.0297028024689
0 0.883400004673 0.672959975267 0.0237488397549 0.0158325598366
0 0.938000003472 0.497639979121 0.0269222375086 0.0179481583391
0 0.961600002953 0.460679979934 0.0605769141348 0.0403846094232
0 0.986200002412 0.550259977964 0.0199348462145 0.0132898974763
0 0.975200002654 0.548479978003 0.0281421891142 0.0187614594094
0 0.86940000498 0.61093997663 0.0203918210313 0.0135945473542
0 0.931200003622 0.444399980292 0.02075530349 0.0138368689934
0 0.983200002478 0.61549997653 0.032997756777 0.021998504518
0 0.939400003441 0.574699977427 0.0228436952216 0.0152291301478
0 0.954200003116 0.591299977062 0.025915092318 0.017276728212
0 0.933400003573 0.543779978107 0.0225609426721 0.015040628448
0 0.942800003367 0.553039977903 0.027631691159 0.0184211274394
0 0.623000010397 0.598859976896 0.0246462674586 0.0164308449724
0 0.727600008098 0.560719977734 0.0581502680411 0.0387668453607
0 0.670600009351 0.568899977554 0.0947931385117 0.0631954256745
0 0.812200006238 0.611579976616 0.0237320210238 0.0158213473492
0 0.913000004022 0.414519980949 0.0220763653495 0.0147175768997
0 0.817200006128 0.441519980355 0.0224887210621 0.0149924807081
0 0.776400007025 0.442539980333 0.0880744511801 0.0587163007867
0 0.777200007007 0.367399981984 0.0299577216674 0.0199718144449
0 0.666200009448 0.394919981379 0.0202383748436 0.0134922498957
0 0.431600014605 0.591779977051 0.0258080460414 0.0172053640276
0 0.263200018308 0.566879977599 0.0284054517224 0.018936967815
0 0.275800018031 0.578939977334 0.0218895785008 0.0145930523339
0 0.258800018405 0.635539976089 0.0335395177852 0.0223596785235
0 0.460600013968 0.623099976363 0.019853522703 0.013235681802
0 0.276600018013 0.652479975717 0.0302933048193 0.0201955365462
0 0.302600017442 0.482379979457 0.0666560939506 0.0444373959671
0 0.0748000224498 0.543739978108 0.0402788822627 0.0268525881752
0 0.0860000222036 0.478319979546 0.0321111128479 0.0214074085653
0 0.108800021702 0.445979980257 0.0360475863241 0.0240317242161
0 0.172400020304 0.597099976934 0.0995490799264 0.0663660532842
0 0.218400019293 0.494239979196 0.156378582909 0.104252388606
0 0.0210000236326 0.456659980022 0.0200644493775 0.013376299585
0 0.393000015454 0.417959980873 0.0257785637951 0.0171857091968
0 0.0518000229555 0.420399980819 0.035755731873 0.023837154582
0 0.0446000231138 0.44175998035 0.0418984271321 0.0279322847547
0 0.0818000222959 0.580099977308 0.0265094860611 0.0176729907074
0 0.100000021896 0.508859978874 0.0785912591274 0.0523941727516
0 0.0386000232457 0.567359977588 0.0390709016363 0.0260472677576
0 0.0782000223751 0.375619981804 0.080114442561 0.053409628374
0 0.169600020366 0.225739985099 0.0224060124787 0.0149373416525
0 0.141600020981 0.256699984418 0.0230411669113 0.0153607779408
0 0.134000021148 0.367879981974 0.0210336040226 0.0140224026817
0 0.178000020181 0.374019981839 0.0578850267586 0.0385900178391
0 0.0560000228631 0.33257998275 0.0642660533304 0.0428440355536
0 0.510400012873 0.227559985059 0.0225463994164 0.0150309329442
0 0.636200010107 0.284719983802 0.0255186649331 0.0170124432887
0 0.69840000874 0.300979983445 0.0237257881999 0.0158171921333
0 0.430600014627 0.324199982934 0.0292619208693 0.0195079472462
0 0.423000014795 0.364159982056 0.0375232815758 0.0250155210506
0 0.848200005446 0.370219981923 0.0654623597788 0.0436415731859
0 0.815400006168 0.317839983074 0.0325854999981 0.0217236666654
0 0.945800003301 0.323379982952 0.0221441349424 0.0147627566283
0 0.948400003243 0.289039983707 0.0935636892698 0.0623757928465
0 0.945200003314 0.414399980951 0.0240403974049 0.0160269316032
0 0.914000004 0.384219981615 0.0347197969722 0.0231465313148
0 0.977400002606 0.0983399878999 0.0555213025059 0.0370142016706
0 0.844000005539 0.125979987292 0.0255763432873 0.0170508955249
0 0.861200005161 0.118019987467 0.0270623276451 0.0180415517634
0 0.773800007082 0.120759987407 0.0273513130185 0.018234208679
0 0.830800005829 0.0382399892212 0.0685590839055 0.045706055937
0 0.769400007179 0.0388999892067 0.0607732975536 0.0405155317024
0 0.930600003635 0.0543199888676 0.0343074412596 0.0228716275064
0 0.90260000425 0.0735199884455 0.0393417821404 0.0262278547603
0 0.863600005108 0.10153998783 0.0249541491711 0.0166360994474
0 0.862800005125 0.0833399882296 0.0501459371189 0.0334306247459
0 0.641000010002 0.0312199893755 0.0274325375963 0.0182883583975
0 0.719000008287 0.0303599893944 0.0248700555157 0.0165800370104
0 0.724600008164 0.0208999896024 0.0204274371677 0.0136182914451
0 0.658000009628 0.0744399884253 0.0333029672793 0.0222019781862
0 0.612600010626 0.200619985651 0.0217161477033 0.0144774318022
0 0.714400008388 0.192579985828 0.022957370057 0.0153049133713
0 0.646800009874 0.165439986425 0.0230986473981 0.0153990982654
0 0.681800009105 0.108479987677 0.0351061331185 0.0234040887457
0 0.674000009276 0.142339986933 0.0222504886831 0.014833659122
0 0.570200011558 0.128859987229 0.0302663948496 0.0201775965664
0 0.517600012715 0.0908999880634 0.022283532543 0.014855688362
0 0.46960001377 0.127639987256 0.0211939755701 0.0141293170467
0 0.375400015841 0.194719985781 0.0305801136511 0.0203867424341
0 0.268800018185 0.103679987782 0.021758887067 0.0145059247113
0 0.389000015542 0.070039988522 0.0244207975284 0.0162805316856
0 0.429000014663 0.0195199896327 0.0479067704099 0.0319378469399
0 0.552600011945 0.196919985733 0.0250497191371 0.0166998127581
0 0.271600018123 0.203499985588 0.0334620526885 0.0223080351257
0 0.263000018312 0.154019986676 0.0310742875437 0.0207161916958
0 0.367600016013 0.0853799881848 0.041092216311 0.027394810874
0 0.426000014729 0.0681999885625 0.0212928103486 0.0141952068991
0 0.518000012706 0.0129999897761 0.0280412767277 0.0186941844851
0 0.422400014808 0.0474599890185 0.0199631412562 0.0133087608374
0 0.0310000234128 0.0575199887973 0.0336336037456 0.022422402497
0 0.0376000232677 0.171139986299 0.0327063969945 0.021804264663
0 0.132800021175 0.11697998749 0.0649964809279 0.0433309872852
0 0.0738000224718 0.175999986192 0.0286923594879 0.0191282396586
0 0.101200021869 0.163659986464 0.0364590516333 0.0243060344222
0 0.117600021509 0.936999969462 0.0576684608625 0.038445640575
0 0.420600014847 0.68279997505 0.0391083975133 0.0260722650089
0 0.477200013603 0.847439971431 0.0484406167211 0.0322937444807
0 0.019800023659 0.472479979674 0.0307813448218 0.0205208965479
0 0.0922000220673 0.0727799884618 0.0902162671163 0.0601441780775
