0 0.800800006489 0.708839996463 0.323098706758 0.215399137839
0 0.883000004681 0.602579998799 0.109381112248 0.0729207414989
0 0.921200003841 0.515980000703 0.158139602987 0.105426401991
0 0.772000007122 0.288200005711 0.188012637397 0.125341758264
0 0.63700001009 0.590919999056 0.485088809825 0.323392539884
0 0.620000010463 0.258920006355 0.509102000459 0.33940133364
0 0.451800014161 0.254540006451 0.122579858798 0.0817199058652
0 0.635800010116 0.884639992598 0.200802787715 0.133868525143
0 0.298800017525 0.896639992334 0.210508184885 0.140338789923
0 0.271600018123 0.862779993079 0.106793995673 0.0711959971156
0 0.337800016668 0.933099991533 0.11943673476 0.0796244898401
0 0.520000012662 0.770279995112 0.203776735104 0.135851156736
0 0.193800019834 0.235140006878 0.250237985045 0.166825323363
0 0.266600018233 0.246980006617 0.104651091466 0.0697673943109
0 0.330800016822 0.359900004135 0.129553696173 0.0863691307823
0 0.294200017626 0.448500002187 0.165387486745 0.110258324497
0 0.420800014843 0.355180004238 0.0945923030759 0.0630615353839
0 0.277400017996 0.331380004762 0.108352201641 0.0722348010941
0 0.274200018066 0.675839997189 0.176526433406 0.117684288937
0 0.252600018541 0.635699998071 0.728288650582 0.485525767055
0 0.674800009259 0.137420009026 0.116053201802 0.0773688012011
0 0.648200009843 0.173600008231 0.100539406386 0.0670262709239
0 0.911000004066 0.0106200118137 0.020330383196 0.0135535887973
0 0.801600006471 0.0483200109848 0.0344303169302 0.0229535446201
0 0.633600010164 0.0585800107593 0.0232300313679 0.0154866875786
0 0.643400009949 0.0177400116571 0.0297906226274 0.019860415085
0 0.458800014007 0.0235400115296 0.0208525553292 0.0139017035528
0 0.555400011884 0.0891800100865 0.0206588431206 0.0137725620804
0 0.563200011712 0.0545200108485 0.0974844322857 0.0649896215238
0 0.608400010718 0.0413600111378 0.0214677251519 0.0143118167679
0 0.569600011572 0.0925600100122 0.0209532698482 0.0139688465655
0 0.51100001286 0.104560009748 0.0788648108417 0.0525765405611
0 0.469200013779 0.112360009577 0.0224155101151 0.0149436734101
0 0.398400015335 0.0391800111858 0.0212354287955 0.0141569525304
0 0.441800014381 0.0529800108824 0.0198545120401 0.0132363413601
0 0.466000013849 0.0409400111471 0.027489721282 0.0183264808546
0 0.257400018435 0.0155600117051 0.0234707370898 0.0156471580599
0 0.213400019403 0.0563400108085 0.0457116292028 0.0304744194685
0 0.062600022718 0.0291600114061 0.0461617775935 0.0307745183956
0 0.0366000232897 0.0315600113533 0.0200169611956 0.0133446407971
0 0.140400021008 0.0399000111699 0.0225558970527 0.0150372647018
0 0.131800021197 0.0608400107096 0.0745098477628 0.0496732318419
0 0.0882000221552 0.0721800104603 0.0510138825764 0.0340092550509
0 0.0666000226301 0.0634200106529 0.0286976029747 0.0191317353164
0 0.0486000230258 0.0995200098592 0.0850975357789 0.0567316905193
0 0.0184000236898 0.0887400100962 0.0470363516096 0.0313575677397
0 0.10480002179 0.122420009356 0.100030887105 0.06668725807
0 0.0266000235095 0.155360008632 0.048992468968 0.0326616459786
0 0.11980002146 0.168520008342 0.0484420017931 0.032294667862
0 0.248000018642 0.0744400104106 0.0277353736894 0.0184902491263
0 0.775200007051 0.122360009357 0.0243053418862 0.0162035612575
0 0.748200007645 0.107500009684 0.0305139269976 0.0203426179984
0 0.563600011703 0.108080009671 0.0299151801712 0.0199434534474
0 0.566600011637 0.114000009541 0.0891115732854 0.0594077155236
0 0.567000011629 0.149880008752 0.0289785747174 0.0193190498116
0 0.322400017006 0.109800009633 0.0234706381561 0.0156470921041
0 0.0562000228587 0.189380007884 0.0937268309613 0.0624845539742
0 0.0180000236986 0.205760007523 0.0236554463305 0.0157702975537
0 0.0312000234084 0.221320007181 0.0374374071136 0.0249582714091
0 0.0886000221464 0.209040007451 0.0221557101867 0.0147704734578
0 0.154000020709 0.172540008254 0.0382309544195 0.0254873029463
0 0.194600019816 0.204060007561 0.0333155318607 0.0222103545738
0 0.315600017156 0.290020005671 0.0220025608002 0.0146683738668
0 0.303000017433 0.379140003712 0.0256557870582 0.0171038580388
0 0.232800018976 0.309820005236 0.0220430246885 0.0146953497923
0 0.253800018514 0.30052000544 0.032240023475 0.0214933489833
0 0.328400016874 0.153900008664 0.0275874677897 0.0183916451931
0 0.359600016188 0.150940008729 0.0253328674215 0.016888578281
0 0.386400015599 0.228400007026 0.0302009996658 0.0201339997772
0 0.419800014865 0.249200006568 0.0873945787096 0.0582630524731
0 0.452000014157 0.149900008752 0.0256266016131 0.0170844010754
0 0.472400013708 0.278340005928 0.0212000105265 0.014133340351
0 0.484000013453 0.289640005679 0.0320548195657 0.0213698797105
0 0.513000012816 0.284520005792 0.0240156639768 0.0160104426512
0 0.498800013128 0.302760005391 0.0320476963384 0.0213651308923
0 0.641800009984 0.323120004943 0.021148960731 0.014099307154
0 0.616600010538 0.327460004848 0.0271769918176 0.0181179945451
0 0.648400009839 0.346540004428 0.0220269974271 0.0146846649514
0 0.692200008876 0.326800004862 0.0236127069669 0.0157418046446
0 0.690600008911 0.307920005277 0.022715674998 0.015143783332
0 0.580800011325 0.363240004061 0.0377286679624 0.0251524453083
0 0.49460001322 0.221780007171 0.0362426836046 0.0241617890698
0 0.481800013502 0.191980007826 0.0309792122463 0.0206528081642
0 0.53600001231 0.202960007585 0.019966307135 0.0133108714233
0 0.436600014496 0.084700010185 0.0255840601169 0.0170560400779
0 0.572200011514 0.177800008138 0.0221843020296 0.0147895346864
0 0.590800011105 0.172460008256 0.0379761011767 0.0253174007845
0 0.576800011413 0.123180009339 0.0234543140936 0.0156362093957
0 0.552000011958 0.258120006372 0.0202653837471 0.0135102558314
0 0.748200007645 0.198140007691 0.0264952396066 0.017663493071
0 0.758800007412 0.169880008312 0.0213073536043 0.0142049024029
0 0.744600007724 0.180400008081 0.0225373964486 0.0150249309657
0 0.714800008379 0.171960008267 0.0489200494906 0.0326133663271
0 0.976600002623 0.459240001951 0.027303033367 0.0182020222447
0 0.880400004738 0.389420003486 0.0249138831502 0.0166092554335
0 0.860000005187 0.390220003468 0.0208087276947 0.0138724851298
0 0.908600004118 0.33280000473 0.0292052318521 0.0194701545681
0 0.840800005609 0.371220003886 0.0434105299899 0.0289403533266
0 0.849200005424 0.354980004243 0.0287219406679 0.0191479604452
0 0.88580000462 0.477660001546 0.023026128987 0.015350752658
0 0.818800006093 0.486240001357 0.0213847197673 0.0142564798449
0 0.739600007834 0.485820001366 0.0342005928504 0.0228003952336
0 0.771400007135 0.47748000155 0.0263335819208 0.0175557212805
0 0.7912000067 0.520360000607 0.0243731114791 0.0162487409861
0 0.858800005213 0.524980000505 0.0267002302583 0.0178001535055
0 0.80620000637 0.53070000038 0.021300230377 0.0142001535847
0 0.766800007236 0.55931999975 0.0242928762385 0.0161952508257
0 0.77980000695 0.603159998787 0.0532007133516 0.0354671422344
0 0.806600006361 0.564039999647 0.0210711988332 0.0140474658888
0 0.810000006286 0.523340000541 0.0308854230871 0.020590282058
0 0.696000008793 0.502760000994 0.0330458385612 0.0220305590408
0 0.586800011193 0.574619999414 0.0242413317744 0.0161608878496
0 0.578400011378 0.478300001532 0.0311612502768 0.0207741668512
0 0.768800007192 0.45472000205 0.0335176534348 0.0223451022899
0 0.786800006796 0.446200002237 0.0225208745186 0.0150139163457
0 0.788800006752 0.469000001736 0.036779596861 0.0245197312406
0 0.695000008815 0.413400002958 0.0228998895702 0.0152665930468
0 0.712600008428 0.443680002293 0.0248191046539 0.0165460697692
0 0.65520000969 0.416660002887 0.0252589639385 0.0168393092923
0 0.583400011268 0.440840002355 0.0262499829339 0.0174999886226
0 0.677200009206 0.391580003438 0.0293884570872 0.0195923047248
0 0.671400009333 0.370200003908 0.0214725729038 0.0143150486025
0 0.638400010059 0.374780003808 0.021614147046 0.014409431364
0 0.735200007931 0.357920004178 0.0240879845204 0.016058656347
0 0.827200005908 0.389000003495 0.321972841113 0.214648560742
0 0.814200006194 0.347480004408 0.0532185214198 0.0354790142799
0 0.787600006779 0.356100004218 0.0210118386059 0.0140078924039
0 0.514000012794 0.449160002172 0.021249378449 0.0141662522993
0 0.48780001337 0.473940001627 0.0211047373617 0.0140698249078
0 0.557000011849 0.487680001325 0.0239318671225 0.0159545780817
0 0.549400012016 0.511220000808 0.0202797291353 0.0135198194236
0 0.463200013911 0.47654000157 0.0389937333408 0.0259958222272
0 0.471000013739 0.44382000229 0.0364626132469 0.0243084088313
0 0.475000013651 0.421280002785 0.0335389241829 0.0223592827886
0 0.601200010877 0.353520004275 0.0275424529506 0.0183616353004
0 0.452600014144 0.391140003448 0.0211145317992 0.0140763545328
0 0.458000014025 0.378120003734 0.0334192143911 0.0222794762608
0 0.454400014104 0.417400002871 0.0250896883568 0.0167264589046
0 0.439000014443 0.393720003391 0.0357573148124 0.0238382098749
0 0.413600015001 0.325000004902 0.0216119705043 0.0144079803362
0 0.420000014861 0.410360003025 0.0200177526653 0.0133451684435
0 0.385800015612 0.462340001882 0.0254165653421 0.0169443768947
0 0.471200013735 0.500180001051 0.0265481691426 0.0176987794284
0 0.46780001381 0.514540000735 0.0237437941356 0.0158291960904
0 0.409400015094 0.421640002777 0.0203885562188 0.0135923708125
0 0.306200017362 0.463280001862 0.0252388803949 0.0168259202633
0 0.2590000184 0.509400000848 0.127876769751 0.085251179834
0 0.371200015933 0.383600003614 0.0211881384811 0.0141254256541
0 0.24580001869 0.40058000324 0.0366933266639 0.0244622177759
0 0.188400019952 0.561119999711 0.022668582551 0.0151123883673
0 0.174600020256 0.578099999337 0.0457015379641 0.0304676919761
0 0.233000018972 0.602219998807 0.0475483335704 0.031698889047
0 0.273400018084 0.745859995649 0.0221516539045 0.0147677692697
0 0.24720001866 0.774279995024 0.0245519836308 0.0163679890872
0 0.226600019112 0.810739994223 0.0601421004696 0.0400947336464
0 0.217400019315 0.655139997644 0.0367333948173 0.0244889298782
0 0.214000019389 0.631819998156 0.0571887312919 0.0381258208613
0 0.167000020423 0.600459998846 0.0625885333057 0.0417256888705
0 0.484000013453 0.668219997356 0.0312498948829 0.0208332632553
0 0.414800014975 0.686099996963 0.0700136073428 0.0466757382285
0 0.372200015911 0.629879998199 0.0241220177174 0.016081345145
0 0.619600010472 0.63211999815 0.0218499060822 0.0145666040548
0 0.612600010626 0.676539997173 0.0233423211313 0.0155615474209
0 0.563800011699 0.667359997375 0.0209125091588 0.0139416727725
0 0.720200008261 0.717699996268 0.0408750568127 0.0272500378751
0 0.631200010217 0.776799994969 0.0244371215909 0.0162914143939
0 0.648200009843 0.762859995275 0.021048246212 0.0140321641413
0 0.677800009193 0.805899994329 0.0313896882183 0.0209264588122
0 0.714000008397 0.795079994567 0.0299061772033 0.0199374514689
0 0.738800007852 0.820319994012 0.0215614153773 0.0143742769182
0 0.808200006326 0.735339995881 0.0215403424966 0.0143602283311
0 0.822800006005 0.800819994441 0.0362515876387 0.0241677250925
0 0.747600007658 0.690379996869 0.0286977019084 0.0191318012722
0 0.822400006014 0.706459996515 0.0236615802207 0.0157743868138
0 0.825600005943 0.724279996124 0.0213041877255 0.014202791817
0 0.74340000775 0.613179998566 0.0397254470765 0.0264836313843
0 0.84440000553 0.573639999436 0.0228772337501 0.0152514891667
0 0.919800003872 0.565799999608 0.0266904358208 0.0177936238805
0 0.980800002531 0.556819999805 0.0200175547979 0.0133450365319
0 0.948000003252 0.60299999879 0.0220322409139 0.0146881606093
0 0.948600003239 0.624979998307 0.0258977789184 0.0172651859456
0 0.922000003824 0.741019995756 0.0208171370602 0.0138780913735
0 0.921800003828 0.783959994812 0.0237844558913 0.0158563039275
0 0.913400004013 0.800639994445 0.0238494553402 0.0158996368935
0 0.891400004497 0.733579995919 0.0340334938104 0.0226889958736
0 0.937600003481 0.781839994858 0.0220887320636 0.0147258213757
0 0.858200005227 0.794599994578 0.0722356585196 0.0481571056797
0 0.862200005139 0.651619997721 0.0207542152192 0.0138361434795
0 0.851000005385 0.850659993345 0.0274089913728 0.0182726609152
0 0.860600005174 0.830559993787 0.0468849830299 0.0312566553533
0 0.922600003811 0.909999992041 0.0254395179633 0.0169596786422
0 0.858400005222 0.940419991372 0.0270001972738 0.0180001315159
0 0.800200006502 0.957479990997 0.0208302952439 0.0138868634959
0 0.767200007227 0.896419992339 0.020159524675 0.0134396831166
0 0.473600013682 0.963419990866 0.0200176537316 0.0133451024877
0 0.53100001242 0.862959993075 0.0295148943714 0.0196765962476
0 0.520000012662 0.911279992012 0.0211638007879 0.0141092005252
0 0.413000015014 0.884479992602 0.0198536216367 0.0132357477578
0 0.431600014605 0.8436199935 0.0323875336399 0.0215916890933
0 0.458800014007 0.829679993806 0.0209637568217 0.0139758378812
0 0.459200013999 0.789199994696 0.0538294370929 0.0358862913953
0 0.55240001195 0.846479993437 0.0419984491151 0.0279989660768
0 0.355200016285 0.844219993487 0.0279487737067 0.0186325158045
0 0.431800014601 0.825259993904 0.0407159714034 0.0271439809356
0 0.374800015854 0.849799993364 0.0288484768858 0.0192323179239
0 0.403800015217 0.759439995351 0.0288485758195 0.0192323838797
0 0.378400015775 0.864359993044 0.0286951296319 0.0191300864212
0 0.311000017257 0.949679991168 0.024268637479 0.0161790916527
0 0.20760001953 0.925239991706 0.0523433538014 0.0348955692009
0 0.333000016773 0.799299994474 0.0220495543135 0.0146997028757
0 0.294600017617 0.789539994689 0.0213171480418 0.0142114320279
0 0.135200021122 0.966919990789 0.0285248647131 0.0190165764754
0 0.0592000227928 0.964699990838 0.078839285944 0.0525595239626
0 0.0174000237118 0.983479990425 0.0206773437248 0.0137848958165
0 0.121400021425 0.875579992797 0.0218069688511 0.0145379792341
0 0.143800020933 0.856419993219 0.0283425298814 0.018895019921
0 0.134800021131 0.891759992442 0.0499850709028 0.0333233806019
0 0.0392000232325 0.859799993144 0.0446565011618 0.0297710007745
0 0.0112000238481 0.853979993272 0.030272429806 0.0201816198707
0 0.018800023681 0.830039993799 0.0199422662429 0.0132948441619
0 0.0342000233424 0.843219993509 0.0437345378974 0.0291563585983
0 0.0322000233864 0.808299994276 0.0581507627097 0.0387671751398
0 0.168600020388 0.895519992359 0.115517970418 0.0770119802789
0 0.11120002165 0.935819991473 0.0199506756084 0.0133004504056
0 0.113400021601 0.989599990291 0.0211725069545 0.0141150046364
0 0.170000020357 0.986319990363 0.0228506205815 0.0152337470543
0 0.0974000219529 0.187340007928 0.0482562042815 0.0321708028543
0 0.0912000220893 0.13498000908 0.0205707921167 0.0137138614111
0 0.333000016773 0.218020007254 0.0330997574343 0.0220665049562
0 0.430600014627 0.163700008448 0.0580200712758 0.0386800475172
0 0.467400013818 0.0975400099027 0.0382311522869 0.0254874348579
0 0.771800007126 0.112980009563 0.0280163454322 0.0186775636215
0 0.872400004914 0.20594000752 0.129119377177 0.0860795847844
