0 0.524999990567 0.425759980701 0.225500599637 0.150333733091
0 0.542999990171 0.223999985137 0.125229303612 0.0834862024077
0 0.43979999244 0.141279986956 0.157569744804 0.105046496536
0 0.0612000007635 0.191899985843 0.179919859736 0.119946573157
0 0.100999999889 0.914039969966 0.107978232209 0.0719854881393
0 0.1959999978 0.943519969318 0.108326478876 0.072217652584
0 0.357599994247 0.847539971428 0.147774317956 0.0985162119706
0 0.803599984442 0.69601997476 0.310155209186 0.206770139458
0 0.815199984187 0.59685997694 0.105091346486 0.0700608976572
0 0.844799983536 0.0724799884684 0.0285879844215 0.019058656281
0 0.792599984684 0.0522399889134 0.0301360991506 0.020090732767
0 0.77639998504 0.0161599897066 0.029637770042 0.0197585133614
0 0.314799995188 0.0586599887722 0.0244083318807 0.0162722212538
0 0.16959999838 0.0642599886491 0.0341770466269 0.0227846977512
0 0.158799998618 0.0540799888729 0.021715554101 0.0144770360673
0 0.0554000008911 0.0103999898332 0.0204222926147 0.0136148617431
0 0.0228000016078 0.10151998783 0.0265613273263 0.0177075515509
0 0.0188000016957 0.0275399894564 0.0350119482244 0.0233412988163
0 0.132999999185 0.0895599880929 0.0310569741441 0.0207046494294
0 0.125599999348 0.154519986665 0.024721753881 0.016481169254
0 0.196999997778 0.138539987016 0.0205058916015 0.013670594401
0 0.186399998011 0.152679986705 0.0367134102075 0.024475606805
0 0.224599997171 0.111499987611 0.0331509061636 0.022100604109
0 0.270399996164 0.236499984862 0.020489567539 0.0136597116927
0 0.20279999765 0.251679984529 0.0291947448786 0.0194631632524
0 0.334399994757 0.1665799864 0.0492811575403 0.0328541050268
0 0.423599992796 0.219099985245 0.0250051000329 0.0166700666886
0 0.475999991644 0.234819984899 0.0597876209786 0.0398584139857
0 0.496799991187 0.139959986985 0.0267310975765 0.0178207317177
0 0.399599993324 0.0412799891543 0.0394593153906 0.0263062102604
0 0.486599991411 0.0902799880771 0.0474094306385 0.0316062870923
0 0.513999990809 0.102599987806 0.068038395778 0.0453589305187
0 0.520999990655 0.137959987029 0.0361672961159 0.0241115307439
0 0.564399989701 0.0474199890193 0.0203429477774 0.013561965185
0 0.581199989331 0.109999987644 0.0255650648441 0.0170433765627
0 0.669199987396 0.0571199888061 0.0301138390653 0.0200758927102
0 0.60579998879 0.128319987241 0.0338958770167 0.0225972513445
0 0.636999988104 0.105519987742 0.0337714184067 0.0225142789378
0 0.699399986733 0.118319987461 0.0398663286827 0.0265775524551
0 0.781999984917 0.158599986575 0.0204759146867 0.0136506097911
0 0.837999983685 0.110259987638 0.0311028793865 0.0207352529244
0 0.761999985356 0.0811199882784 0.0880622823335 0.0587081882223
0 0.938799981469 0.0730599884556 0.029260634731 0.0195070898207
0 0.913799982019 0.0946199879816 0.0926067034713 0.0617378023142
0 0.729599986069 0.0485199889952 0.0390305366818 0.0260203577878
0 0.714599986398 0.0757199883972 0.0408387481403 0.0272258320935
0 0.702999986653 0.0477199890128 0.0378963606047 0.0252642404031
0 0.735999985928 0.00953998985215 0.0250008458832 0.0166672305888
0 0.731199986033 0.0196999896288 0.0278777393014 0.0185851595342
0 0.714599986398 0.028239989441 0.0257651088103 0.0171767392068
0 0.755599985497 0.0141199897515 0.0303492023667 0.0202328015778
0 0.886399982621 0.182879986041 0.0257737160432 0.0171824773622
0 0.787199984802 0.24069998477 0.0281017252259 0.0187344834839
0 0.904799982217 0.126279987286 0.0208091234295 0.013872748953
0 0.942999981377 0.32619998289 0.0446987458569 0.0297991639046
0 0.977599980616 0.240399984777 0.0345816855099 0.0230544570066
0 0.808399984336 0.330499982796 0.0359391549755 0.0239594366503
0 0.790399984732 0.359279982163 0.0227318011931 0.0151545341287
0 0.936799981513 0.389099981507 0.0227346702708 0.0151564468472
0 0.980199980559 0.486579979364 0.0332266893871 0.0221511262581
0 0.883999982674 0.445419980269 0.0286314163212 0.0190876108808
0 0.783999984873 0.465519979827 0.0339031981114 0.0226021320743
0 0.720999986258 0.28663998376 0.0967090887829 0.0644727258553
0 0.677599987212 0.260119984343 0.0989821897553 0.0659881265035
0 0.741199985814 0.199059985686 0.028839473918 0.0192263159453
0 0.767999985224 0.197879985711 0.0343285141403 0.0228856760935
0 0.647599987871 0.225059985114 0.0227668237272 0.0151778824848
0 0.633599988179 0.248299984603 0.0388016040716 0.0258677360478
0 0.581199989331 0.292159983639 0.038337703895 0.0255584692633
0 0.607599988751 0.324059982937 0.0311118823544 0.0207412549029
0 0.771999985136 0.343839982502 0.0519476189525 0.0346317459683
0 0.77139998515 0.25843998438 0.0420152678462 0.0280101785641
0 0.724799986174 0.420339980821 0.0306845876512 0.0204563917675
0 0.724599986179 0.435679980483 0.0385821690979 0.0257214460653
0 0.660199987594 0.387899981534 0.0434851260089 0.0289900840059
0 0.620999988456 0.390499981477 0.0706069128151 0.04707127521
0 0.616599988553 0.47949997952 0.0280539402429 0.0187026268286
0 0.654599987717 0.424319980733 0.106607010957 0.0710713406382
0 0.739399985853 0.389999981488 0.0202466852754 0.0134977901836
0 0.623799988395 0.356839982217 0.0615171801359 0.041011453424
0 0.717399986337 0.224119985135 0.0574531811047 0.0383021207365
0 0.669599987388 0.212899985381 0.0509887534135 0.0339925022756
0 0.576399989437 0.325719982901 0.0642996907926 0.0428664605284
0 0.549199990035 0.291619983651 0.0316768927849 0.0211179285233
0 0.493399991262 0.303179983396 0.0259953275586 0.0173302183724
0 0.483799991473 0.358479982181 0.0517377805488 0.0344918536992
0 0.484999991446 0.382399981655 0.0219157959346 0.0146105306231
0 0.467199991838 0.312299983196 0.0234665818739 0.0156443879159
0 0.460599991983 0.280839983888 0.0302588758875 0.020172583925
0 0.433399992581 0.267879984172 0.0234033632318 0.0156022421545
0 0.405399993196 0.293119983618 0.0221801468137 0.0147867645424
0 0.489599991345 0.280459983896 0.0247170050628 0.0164780033752
0 0.416799992946 0.309199983264 0.0339918427176 0.0226612284784
0 0.419599992884 0.402779981207 0.031093777485 0.02072918499
0 0.385999993623 0.429779980613 0.037962250457 0.0253081669713
0 0.357799994243 0.421699980791 0.0472261064697 0.0314840709798
0 0.414399992998 0.440699980373 0.0207631192533 0.0138420795022
0 0.393799993451 0.466539979805 0.033286544283 0.022191029522
0 0.453399992141 0.470999979707 0.0438181368843 0.0292120912562
0 0.397999993359 0.491099979265 0.0239921177533 0.0159947451689
0 0.303399995439 0.409219981065 0.0254307128629 0.0169538085753
0 0.256199996476 0.435439980489 0.0397097166163 0.0264731444108
0 0.25419999652 0.412839980985 0.030845552801 0.0205637018673
0 0.203799997628 0.431339980579 0.048321698399 0.0322144655993
0 0.200399997703 0.396079981354 0.0553811134356 0.0369207422904
0 0.229599997061 0.389299981503 0.0231039898185 0.015402659879
0 0.231999997008 0.403259981196 0.0493686149419 0.0329124099613
0 0.302199995465 0.368199981967 0.0227740458882 0.0151826972588
0 0.331599994819 0.375639981803 0.0705584352961 0.047038956864
0 0.184199998059 0.483459979433 0.0786627882013 0.0524418588009
0 0.148799998838 0.476499979586 0.0222633500657 0.0148422333771
0 0.217999997316 0.340379982579 0.0572899404795 0.038193293653
0 0.160199998587 0.353919982281 0.047830393584 0.031886929056
0 0.264799996287 0.366699982 0.102235130214 0.0681567534757
0 0.203799997628 0.218759985252 0.036329547404 0.0242196982693
0 0.196799997782 0.276859983975 0.0245130037482 0.0163420024988
0 0.138599999062 0.38625998157 0.0401436398781 0.0267624265854
0 0.121599999436 0.34305998252 0.0558534229778 0.0372356153186
0 0.010600001876 0.351719982329 0.026791447141 0.0178609647607
0 0.0266000015242 0.340039982586 0.0277193464281 0.0184795642854
0 0.0346000013484 0.378319981744 0.0616689444505 0.0411126296337
0 0.0578000008383 0.402059981222 0.0198131577484 0.0132087718323
0 0.188199997971 0.288819983712 0.067853785471 0.0452358569806
0 0.207199997554 0.319779983031 0.055887752976 0.037258501984
0 0.240399996824 0.262719984286 0.0674695269326 0.0449796846218
0 0.0470000010757 0.261999984302 0.0730208953936 0.0486805969291
0 0.0160000017573 0.322299982976 0.0427279863092 0.0284853242061
0 0.079600000359 0.344479982488 0.0517354061397 0.0344902707598
0 0.0386000012604 0.286259983768 0.0574408143907 0.0382938762604
0 0.0122000018408 0.445359980271 0.0294126958467 0.0196084638978
0 0.0664000006492 0.585579977188 0.0325139709242 0.0216759806161
0 0.122399999418 0.574339977435 0.0457832572104 0.0305221714736
0 0.208399997527 0.582179977263 0.0251143228512 0.0167428819008
0 0.0488000010362 0.48223997946 0.0343078369944 0.0228718913296
0 0.0530000009438 0.510079978848 0.0653487838771 0.0435658559181
0 0.0648000006844 0.546719978042 0.101182475515 0.0674549836769
0 0.103599999831 0.485359979391 0.025708122992 0.0171387486613
0 0.130999999229 0.411939981005 0.043971583072 0.0293143887146
0 0.17279999831 0.419399980841 0.0404293604391 0.0269529069594
0 0.0860000002183 0.420759980811 0.0201279648208 0.0134186432138
0 0.0502000010054 0.442539980333 0.038005583423 0.0253370556153
0 0.232599996995 0.471259979701 0.02143329622 0.0142888641467
0 0.109799999695 0.42993998061 0.0351489714159 0.0234326476106
0 0.238199996872 0.523459978553 0.0203636249233 0.0135757499489
0 0.379399993768 0.52723997847 0.0264552703868 0.0176368469245
0 0.326399994933 0.551619977934 0.0218402105784 0.0145601403856
0 0.293199995663 0.584659977208 0.0204504887226 0.0136336591484
0 0.301599995478 0.589659977098 0.0206851594881 0.0137901063254
0 0.312199995245 0.574659977428 0.0316058583796 0.021070572253
0 0.360799994177 0.568079977572 0.022136022378 0.014757348252
0 0.374599993873 0.546939978037 0.0428692636502 0.0285795091002
0 0.402599993258 0.527979978454 0.0492795746009 0.0328530497339
0 0.480399991547 0.543579978111 0.044974770914 0.0299831806094
0 0.439199992453 0.51271997879 0.0296866432959 0.0197910955306
0 0.493599991257 0.688519974925 0.0971777377778 0.0647851585185
0 0.507399990954 0.721759974194 0.0504035605056 0.0336023736704
0 0.455199992101 0.729419974025 0.020854336136 0.0139028907573
0 0.280399995944 0.682399975059 0.0499335264387 0.0332890176258
0 0.211399997461 0.664039975463 0.0278384626176 0.0185589750784
0 0.371599993939 0.581719977273 0.0267899631353 0.0178599754235
0 0.331399994823 0.485259979393 0.034052884818 0.022701923212
0 0.481799991517 0.507359978907 0.0226835215415 0.0151223476944
0 0.453399992141 0.527559978463 0.0510993613037 0.0340662408692
0 0.546999990083 0.53543997829 0.0312528628943 0.0208352419295
0 0.528399990492 0.504479978971 0.0289856979447 0.0193237986298
0 0.586399989217 0.556639977824 0.024799120044 0.016532746696
0 0.569999989577 0.610099976649 0.0207706382154 0.0138470921436
0 0.550999989995 0.583579977232 0.0215202589531 0.014346839302
0 0.582799989296 0.53223997836 0.0237946460637 0.0158630973758
0 0.612799988636 0.60137997684 0.0344562375628 0.0229708250419
0 0.585399989239 0.595379976972 0.0422614149223 0.0281742766148
0 0.643199987968 0.604159976779 0.0390424087272 0.0260282724848
0 0.658799987625 0.573479977454 0.0206909965771 0.0137939977181
0 0.656799987669 0.554439977872 0.0639500590535 0.0426333727024
0 0.756399985479 0.531459978378 0.0322501147136 0.0215000764758
0 0.773399985106 0.529879978412 0.034109277034 0.0227395180227
0 0.747199985682 0.497799979118 0.0264650648243 0.0176433765496
0 0.766799985251 0.485559979387 0.0343910402464 0.0229273601643
0 0.794199984648 0.503699978988 0.0681153662061 0.0454102441374
0 0.84599998351 0.552679977911 0.0254268544481 0.0169512362988
0 0.686599987014 0.535739978283 0.0480975146071 0.032065009738
0 0.901399982292 0.587719977141 0.0249767060575 0.0166511373716
0 0.961599980968 0.578679977339 0.0386143225544 0.0257428817029
0 0.971399980753 0.598579976902 0.0338299871643 0.0225533247762
0 0.972399980731 0.507099978913 0.0202227433171 0.0134818288781
0 0.810399984292 0.711559974418 0.0226898532991 0.0151265688661
0 0.834399983765 0.687999974936 0.0246780251802 0.0164520167868
0 0.812599984244 0.771319973104 0.0314257000896 0.0209504667264
0 0.775599985057 0.738899973817 0.0199705612846 0.0133137075231
0 0.732999985994 0.75557997345 0.0378831034872 0.0252554023248
0 0.712599986442 0.769179973151 0.0291355825187 0.0194237216792
0 0.679599987168 0.778819972939 0.0412431891559 0.0274954594373
0 0.663199987528 0.762299973303 0.0271832246415 0.018122149761
0 0.643399987964 0.745539973671 0.0581502680411 0.0387668453607
0 0.710199986495 0.804659972371 0.0364274917791 0.0242849945194
0 0.837999983685 0.786839972763 0.0344899739587 0.0229933159724
0 0.865599983079 0.738219973832 0.0387008895526 0.0258005930351
0 0.78819998478 0.723119974164 0.0199079362447 0.0132719574965
0 0.618399988513 0.886439970573 0.0814880382217 0.0543253588144
0 0.523999990589 0.869539970945 0.0583704944845 0.0389136629897
0 0.473999991688 0.803079972406 0.0427321415251 0.02848809435
0 0.357599994247 0.816279972116 0.111188631171 0.074125754114
0 0.43659999251 0.816679972107 0.0323422219997 0.0215614813332
0 0.399599993324 0.647659975823 0.07305997421 0.0487066494733
0 0.216199997356 0.770119973131 0.0258461355206 0.0172307570137
0 0.204599997611 0.769819973137 0.0339375281095 0.0226250187397
0 0.185599998029 0.755699973448 0.0475426943488 0.0316951295659
0 0.272799996111 0.784779972808 0.0246960311158 0.0164640207439
0 0.155599998688 0.753019973507 0.0297070236406 0.0198046824271
0 0.165399998473 0.740319973786 0.0200347692638 0.0133565128426
0 0.0732000004997 0.970699968721 0.0513986357833 0.0342657571888
0 0.0636000007108 0.948119969217 0.0469223799731 0.0312815866488
0 0.207199997554 0.875039970824 0.0628088586829 0.0418725724553
0 0.285999995821 0.848239971413 0.0472790360057 0.0315193573372
0 0.286599995808 0.9306999696 0.155825543458 0.103883695638
0 0.39659999339 0.949119969195 0.0212199951364 0.0141466634243
0 0.458399992031 0.85293997131 0.0202958553304 0.0135305702203
0 0.440399992427 0.859039971176 0.0293710447539 0.0195806965026
0 0.437599992488 0.90249997022 0.0804143106428 0.0536095404285
0 0.717999986324 0.924559969735 0.0289696706833 0.0193131137889
0 0.738999985862 0.977079968581 0.0228622947595 0.0152415298397
0 0.718399986315 0.97071996872 0.0842635245847 0.0561756830565
0 0.727199986121 0.873939970848 0.0471685270492 0.0314456846994
0 0.786599984815 0.912919969991 0.0657639097337 0.0438426064891
0 0.744599985739 0.940779969379 0.0272681097666 0.0181787398444
0 0.766599985255 0.945139969283 0.0382105740747 0.0254737160498
0 0.757999985444 0.864679971052 0.0365964705596 0.0243976470397
0 0.953399981148 0.94573996927 0.0930539827843 0.0620359885229
0 0.964599980902 0.916799969906 0.0227637567822 0.0151758378548
0 0.831599983826 0.275179984012 0.03543291117 0.02362194078
0 0.190199997927 0.219219985242 0.191285364597 0.127523576398
0 0.248999996635 0.43855998042 0.0793973710147 0.0529315806765
0 0.92739998172 0.570639977516 0.0224442008916 0.0149628005944
0 0.921199981856 0.58821997713 0.0234583703758 0.0156389135838
0 0.947799981271 0.598779976898 0.0211037480245 0.0140691653497
0 0.15779999864 0.858239971193 0.0437316688198 0.0291544458799
0 0.405999993183 0.956839969026 0.103788389496 0.0691922596638
