0 0.245600018695 0.899720007638 0.0877131394778 0.0584754301753
0 0.554000011914 0.163579975269 0.145795634095 0.0971970958075
0 0.843200005556 0.79152000288 0.0243394724116 0.0162263160113
0 0.744200007733 0.812840003818 0.0241278532151 0.0160852365376
0 0.894000004439 0.754800001266 0.020429909163 0.0136199403403
0 0.73160000801 0.866520006178 0.0277262699592 0.0184841811919
0 0.342400016567 0.814220003878 0.0236142883487 0.0157428599375
0 0.516800012732 0.820540004156 0.0487861889602 0.0325241281186
0 0.545200012108 0.850300005465 0.0291305349781 0.0194203579329
0 0.486600013396 0.949900009844 0.0203590726297 0.0135727159817
0 0.197000019763 0.975700010979 0.0279331403379 0.0186220947868
0 0.105600021773 0.970160010735 0.0305528059314 0.020368538631
0 0.163800020493 0.923100008666 0.056865313236 0.0379102113244
0 0.475200013647 0.986980011475 0.0351045478637 0.0234030334527
0 0.0838000222519 0.734020000352 0.0214950294387 0.014330020571
0 0.0554000228763 0.735620000422 0.0200998663208 0.0133999117643
0 0.160600020563 0.70441999905 0.0215952492826 0.0143968338046
0 0.0864000221948 0.709379999268 0.0242218402355 0.0161478945554
0 0.102400021843 0.683559998133 0.0426139129283 0.0284092771593
0 0.175600020234 0.66893999749 0.0506804726235 0.0337869839774
0 0.0844000222388 0.62707999565 0.0351301716935 0.023420116007
0 0.0104000238657 0.637199996095 0.0295612923327 0.0197075295217
0 0.850400005398 0.73238000028 0.0275607538696 0.0183738371249
0 0.536600012297 0.748380000983 0.0625839782272 0.0417226549033
0 0.533600012363 0.703559999013 0.033609461703 0.0224063092798
0 0.453800014117 0.718619999675 0.0221207851273 0.0147471910576
0 0.537400012279 0.674679997743 0.0209789912297 0.0139859950756
0 0.55420001191 0.597259994338 0.023158006098 0.0154386717503
0 0.416200014944 0.605419994697 0.022554906228 0.0150366051437
0 0.510600012869 0.601899994542 0.0202223462484 0.0134815650548
0 0.483400013467 0.59479999423 0.0209672181187 0.0139781463344
0 0.985800002421 0.444759987633 0.0220915007504 0.0147276681383
0 0.785200006831 0.456159988134 0.0409002822117 0.0272668566062
0 0.728200008085 0.432279987084 0.0201136181059 0.0134090796217
0 0.622200010415 0.443439987575 0.0273529930876 0.0182353299278
0 0.755800007478 0.402739985785 0.0249282268943 0.0166188190256
0 0.837800005675 0.407379985989 0.0550975657823 0.0367317129442
0 0.854800005301 0.355279983698 0.0381305341866 0.025420357801
0 0.918400003903 0.342379983131 0.0266018883938 0.0177345934322
0 0.956000003076 0.380599984812 0.0229538069294 0.0153025389622
0 0.908000004132 0.439179987388 0.0205030211715 0.0136686816826
0 0.990800002311 0.0826199717095 0.0202363948347 0.0134909307796
0 0.958800003015 0.0940599722125 0.0246453754297 0.0164302513701
0 0.927000003714 0.114319973103 0.0410655015002 0.0273770028058
0 0.946800003279 0.189179976395 0.0248096053811 0.0165397380117
0 0.765400007267 0.179219975957 0.0304985902606 0.0203323948481
0 0.714000008397 0.268419979879 0.0244150577628 0.0162767062487
0 0.903600004228 0.235839978447 0.0295318100884 0.0196878746908
0 0.925000003758 0.224619977953 0.0273798041218 0.0182532039518
0 0.946800003279 0.273879980119 0.0656558697895 0.0437705827466
0 0.928400003683 0.323159982286 0.0302691629971 0.020179443329
0 0.759200007403 0.347279983347 0.0197870379433 0.0131913594989
0 0.739200007843 0.366639984198 0.0358646555247 0.0239097719268
0 0.833400005772 0.323599982305 0.0247543014397 0.0165028687149
0 0.890400004519 0.294459981024 0.0366237738486 0.0244158508428
0 0.840600005613 0.306839981569 0.0430702941128 0.0287135313023
0 0.578800011369 0.305979981531 0.0203540270107 0.0135693522355
0 0.576800011413 0.29027998084 0.0248491788634 0.0165661203349
0 0.500000013102 0.280879980427 0.0248145520664 0.0165430358021
0 0.317200017121 0.336819982887 0.0299833435213 0.0199888969993
0 0.255000018488 0.352339983569 0.0199015042408 0.013267670369
0 0.581200011316 0.39693998553 0.0248043618947 0.0165362423538
0 0.702800008643 0.395139985451 0.0243258195602 0.0162172141098
0 0.792600006669 0.373339984493 0.0214609962439 0.014307331773
0 0.553200011932 0.43991998742 0.0203075281691 0.0135383530056
0 0.476800013612 0.458839988252 0.0272213123253 0.0181475427471
0 0.636200010107 0.470299988756 0.0227851249612 0.0151900843093
0 0.46460001388 0.413679986266 0.0209915558104 0.0139943714632
0 0.517000012728 0.464359988495 0.0329087142655 0.0219391442907
0 0.393400015445 0.430959987026 0.0301213560408 0.0200809053516
0 0.228800019064 0.374299984535 0.029398150652 0.019598768394
0 0.296200017582 0.385679985035 0.0281632601373 0.0187755079966
0 0.348000016443 0.41921998651 0.024510133054 0.0163400897804
0 0.43140001461 0.373339984493 0.0305589398211 0.0203726278911
0 0.510800012864 0.433939987157 0.0247967439994 0.0165311637566
0 0.709000008507 0.458239988226 0.0249231812753 0.0166154552794
0 0.108600021707 0.384219984971 0.0413492433682 0.0275661640636
0 0.213400019403 0.323219982289 0.0491086139071 0.0327390780974
0 0.187400019974 0.34211998312 0.0832536037592 0.0555024061668
0 0.049000023017 0.517659990838 0.0218989757591 0.0145993181357
0 0.0296000234436 0.539039991778 0.0460867827999 0.0307245238931
0 0.375800015832 0.541979991908 0.0328396585389 0.0218931071366
0 0.180000020137 0.602699994578 0.0382416367381 0.0254944261736
0 0.0886000221464 0.600919994499 0.032079847679 0.0213865665299
0 0.267000018224 0.601959994545 0.021381651412 0.0142544352148
0 0.0648000226697 0.583319993726 0.047495994504 0.0316639984244
0 0.123200021386 0.303259981411 0.0210019438494 0.0140012968231
0 0.205200019583 0.275839980205 0.0338824197971 0.0225882813546
0 0.0236000235755 0.264839979722 0.0430673261016 0.0287115526281
0 0.305600017376 0.299539981248 0.0411334689561 0.027422314446
0 0.308800017305 0.277679980286 0.0408256861976 0.0272171259269
0 0.0952000220013 0.312319981809 0.0390150015157 0.026010002726
0 0.437800014469 0.258259979432 0.0222733409015 0.0148488949137
0 0.558200011822 0.202879976997 0.0285306009866 0.0190204019123
0 0.376000015828 0.189279976399 0.0363007552995 0.0242005051292
0 0.301600017464 0.184159976174 0.0221389889292 0.0147593269263
0 0.261400018347 0.190999976475 0.0341636883224 0.0227757937171
0 0.286000017807 0.224859977964 0.0295953255275 0.0197302183197
0 0.0256000235315 0.214639977514 0.0275332502994 0.0183555014102
0 0.332800016778 0.130119973798 0.0266602592802 0.0177735073591
0 0.274200018066 0.144819974444 0.0355829912645 0.023721995741
0 0.22400001917 0.0953399722688 0.0236535650299 0.0157690443933
0 0.329200016857 0.104999972694 0.0583655439494 0.0389103651993
0 0.480200013537 0.10901997287 0.0442962805939 0.029530855677
0 0.558800011809 0.115119973139 0.0344849260649 0.0229899522262
0 0.596000010991 0.186259976267 0.0250627767341 0.0167085189247
0 0.0970000219617 0.201659976944 0.0576286857093 0.0384191263401
0 0.0288000234611 0.171879975634 0.0221770784059 0.0147847199124
0 0.368400015995 0.254439979264 0.0343217843841 0.0228811910986
0 0.118200021496 0.0823799716989 0.0220740884182 0.0147160599161
0 0.133400021161 0.256139979339 0.0295457597409 0.0196971744598
0 0.619200010481 0.0636999708775 0.0513854742104 0.0342569850664
0 0.703800008621 0.0245799691574 0.0468182986199 0.0312122011386
0 0.738000007869 0.0353999696332 0.0560408986663 0.037360601575
0 0.633000010178 0.114559973114 0.0211577644359 0.0141051772209
0 0.331200016813 0.0233399691029 0.0245646455258 0.0163764314307
0 0.523400012587 0.0879799719451 0.110997681785 0.0739984594042
0 0.0862000221992 0.0134599686685 0.0208404840417 0.0138936569442
0 0.22900001906 0.0360399696613 0.0285021080794 0.0190014066395
0 0.816800006137 0.0244599691521 0.0297411538097 0.0198274371809
0 0.788200006766 0.0145199687151 0.0270481783403 0.0180321200828
0 0.0680000225993 0.0325199695065 0.0358537728171 0.0239025167879
0 0.0434000231402 0.0550399704968 0.0197965355791 0.0131976912565
0 0.112800021614 0.0384799697686 0.0225010862921 0.0150007251841
0 0.128800021263 0.0462599701107 0.0214577314317 0.0143051552313
0 0.153800020713 0.0648799709294 0.0462893990292 0.0308596013882
0 0.925200003754 0.655879996916 0.0223708895354 0.0149139273406
0 0.769000007188 0.594859994233 0.0303826399576 0.020255094641
0 0.903400004233 0.527159991256 0.0240610729637 0.0160407163671
0 0.127400021293 0.47061998877 0.0564965873148 0.0376643940274
