0 0.0839999838173 0.0593800107417 0.124261748297 0.0828411600678
0 0.40359999787 0.49884000108 0.462263874053 0.30817589571
0 0.0641999829467 0.75489999545 0.158802479807 0.105868312889
0 0.920800020612 0.0986600098781 0.137664300062 0.0917761939882
0 0.797000015168 0.644159997885 0.20203552842 0.134690343396
0 0.387999997184 0.856259993222 0.192420159659 0.128280097979
0 0.0579999826741 0.94869999119 0.0355374887916 0.0236916576318
0 0.0785999835799 0.921039991798 0.0715840905336 0.0477227238748
0 0.198999988874 0.922419991768 0.0260024542159 0.017334968334
0 0.210399989375 0.938339991418 0.0817654591366 0.0545103024958
0 0.249999991116 0.947919991207 0.0245005413324 0.0163336931443
0 0.229199990202 0.881079992676 0.0238914063858 0.0159276032067
0 0.315599994001 0.890319992473 0.0215981226336 0.0143987474727
0 0.357999995865 0.923019991754 0.0241081701779 0.0160721123919
0 0.385599997079 0.933059991534 0.0601768341406 0.040117886781
0 0.359799995944 0.911259992013 0.0435837686692 0.0290558438631
0 0.254199991301 0.891879992439 0.0208714544214 0.0139143020299
0 0.339199995039 0.889239992497 0.0201223282535 0.0134148846176
0 0.566800005046 0.920579991808 0.0826834651735 0.05512230648
0 0.720000011783 0.968619990752 0.0445189891743 0.0296793241587
0 0.464800000561 0.872339992869 0.0313056976262 0.0208704637076
0 0.484000001406 0.905119992148 0.0199286160194 0.0132857431367
0 0.653800008872 0.86543999302 0.019924460803 0.0132829729925
0 0.71040001136 0.886679992553 0.0405817237091 0.0270544806883
0 0.542800003991 0.892339992429 0.0310657833424 0.0207105208623
0 0.534000003604 0.904859992154 0.0248897466076 0.0165931633107
0 0.589000006022 0.85407999327 0.0228191626711 0.0152127741107
0 0.576800005486 0.842039993535 0.0242814031309 0.0161876010196
0 0.478400001159 0.85453999326 0.0234987384301 0.0156658245868
0 0.649200008669 0.829739993805 0.0407776124852 0.0271850731971
0 0.712000011431 0.812759994178 0.0244680910705 0.0163120596378
0 0.565200004976 0.795579994556 0.0735965014397 0.049064331057
0 0.695200010692 0.82361999394 0.069298523612 0.0461990126943
0 0.845000017279 0.881199992674 0.0320562088662 0.0213708045013
0 0.776000014245 0.855659993235 0.131041676491 0.0873611118989
0 0.746000012926 0.889659992488 0.0369375988719 0.0246250642904
0 0.799000015256 0.902099992214 0.0330039939545 0.0220026611851
0 0.770400013999 0.899379992274 0.0428255405986 0.028550358516
0 0.81160001581 0.872899992856 0.0208361350815 0.0138907558048
0 0.512200002645 0.970599990708 0.0388429634872 0.0258953072835
0 0.408999998108 0.953079991093 0.0225477874627 0.015031857317
0 0.865400018176 0.957379990999 0.0237131278128 0.0158087508325
0 0.865600018185 0.941999991337 0.0253924288658 0.016928284794
0 0.826000016443 0.952699991102 0.0202389711156 0.0134926465205
0 0.869400018352 0.927019991666 0.0611876400118 0.0407917573174
0 0.822200016276 0.946659991235 0.0261492718643 0.0174328467597
0 0.836000016883 0.972179990674 0.0233445007524 0.0155629994751
0 0.801400015362 0.923359991747 0.021240378283 0.0141602512547
0 0.870800018413 0.874199992828 0.0249122045633 0.0166081352801
0 0.907000020005 0.850539993348 0.0197881301295 0.0131920858829
0 0.76020001355 0.694379996781 0.0708903672519 0.0472602417175
0 0.702600011017 0.66669999739 0.0445079085971 0.0296719371077
0 0.869000018334 0.797019994524 0.0745585329843 0.0497056853778
0 0.778000014333 0.76037999533 0.0364483716003 0.0242989127976
0 0.817000016048 0.581299999267 0.0362945296575 0.0241963515091
0 0.586200005899 0.684679996994 0.0235394991249 0.0156929983816
0 0.557600004642 0.694979996768 0.0289273308703 0.0192848859749
0 0.529400003402 0.702819996595 0.0246789188391 0.0164526114742
0 0.524000003164 0.694219996785 0.0279337394673 0.0186224917499
0 0.426199998864 0.661559997503 0.0241777205868 0.0161184793281
0 0.405199997941 0.656819997607 0.023284843716 0.0155232281202
0 0.448599999849 0.658399997572 0.0201800066154 0.0134533368563
0 0.438199999392 0.645099997864 0.021985151367 0.0146567666113
0 0.581400005688 0.655659997632 0.0634580700734 0.0423053772587
0 0.677400009909 0.586459999154 0.0226752141008 0.0151168084035
0 0.673200009725 0.577719999346 0.0227878996139 0.015191932074
0 0.684200010208 0.561179999709 0.0209761263028 0.0139840832795
0 0.753800013269 0.543780000092 0.0266750056804 0.0177833359474
0 0.626800007685 0.679979997098 0.0223376522301 0.0148917671712
0 0.521000003032 0.667259997377 0.0221350359608 0.0147566896672
0 0.198399988848 0.774759995014 0.0294739397025 0.019649291839
0 0.146199986552 0.791819994639 0.0911899847411 0.0607933191511
0 0.343199995214 0.647339997815 0.0855476954543 0.0570317932079
0 0.237399990562 0.696499996734 0.0481247277261 0.0320831497014
0 0.139199986244 0.651859997716 0.0258725542346 0.0172483683521
0 0.283199992576 0.674179997225 0.0835060990993 0.055670729061
0 0.224799990008 0.64437999788 0.0943992958557 0.062932859753
0 0.165199987388 0.658679997566 0.0357128982866 0.0238085972874
0 0.110599984987 0.606479998714 0.0208700693492 0.0139133786485
0 0.121599985471 0.561999999691 0.0262007174014 0.0174671437822
0 0.188399988408 0.579099999315 0.0264085771582 0.0176057169443
0 0.0383999818122 0.68257999704 0.0270931985372 0.0180621311669
0 0.0389999818386 0.638559998008 0.0460630478249 0.0307086965245
0 0.0245999812055 0.610679998621 0.022282249344 0.0148548319162
0 0.118599985339 0.527360000453 0.0368671580595 0.0245781037519
0 0.0563999826037 0.589759999081 0.0246449845713 0.0164299886305
0 0.0729999833336 0.602199998808 0.0247107754986 0.0164738492459
0 0.162399987265 0.53706000024 0.0547110426197 0.0364740260074
0 0.924600020779 0.448900002178 0.0380973989334 0.0253982642805
0 0.94600002172 0.537120000238 0.0834153768732 0.055610247581
0 0.969800022766 0.330320004785 0.0701288743683 0.0467525798286
0 0.951600021966 0.286820005741 0.0278507340718 0.0185671548232
0 0.892000019346 0.280740005875 0.0627011281413 0.0418007493372
0 0.853400017648 0.284940005783 0.0518601683918 0.0345734433142
0 0.823600016338 0.274220006018 0.0297153379922 0.0198102240216
0 0.733800012389 0.332700004733 0.0767102425756 0.0511401583441
0 0.814800015951 0.250840006532 0.0404019611303 0.026934638977
0 0.805600015546 0.208400007465 0.02166787091 0.0144452463206
0 0.787400014746 0.222880007147 0.0429340708952 0.0286227120423
0 0.749400013075 0.220360007202 0.0279615398441 0.0186410253332
0 0.759200013506 0.232240006941 0.0277798975244 0.0185199304615
0 0.727800012126 0.255220006436 0.0232432915514 0.0154955266789
0 0.719400011756 0.241900006729 0.0261719276874 0.0174479506408
0 0.714400011536 0.227940007036 0.0350619143742 0.0233746080411
0 0.97580002303 0.214860007323 0.0452176591423 0.0301451041066
0 0.935600021263 0.20548000753 0.0305725987218 0.0203817311369
0 0.964400022529 0.244240006677 0.063570953454 0.0423806328407
0 0.967000022643 0.193960007783 0.0436630145832 0.0291086744689
0 0.877000018686 0.196160007735 0.0803011410686 0.0535340905149
0 0.989200023619 0.178660008119 0.0224953525883 0.0149969007364
0 0.972800022898 0.171680008273 0.0284183168537 0.0189455433196
0 0.979000023171 0.157680008581 0.0209831505972 0.0139887661422
0 0.908200020058 0.162580008473 0.0320138652318 0.0213425754135
0 0.921800020656 0.149560008759 0.0209012334727 0.0139341547294
0 0.953000022028 0.159440008542 0.0249796773639 0.0166531171443
0 0.886800019117 0.147560008803 0.0343907479818 0.022927163809
0 0.759800013533 0.126380009269 0.0388761062852 0.0259174024807
0 0.703200011044 0.130560009177 0.0213929340874 0.0142619551176
0 0.711200011396 0.145340008852 0.0250753462763 0.0167168964149
0 0.727600012117 0.151280008721 0.0273446880669 0.0182297908422
0 0.775400014219 0.155280008633 0.0292372902316 0.0194915255355
0 0.776400014263 0.18318000802 0.0237690253676 0.0158460158666
0 0.748000013014 0.170300008303 0.0249067632084 0.0166045077104
0 0.697600010798 0.185520007968 0.034640258837 0.0230935043682
0 0.671600009654 0.1886200079 0.0213713665353 0.0142475767505
0 0.663200009285 0.162820008468 0.0216199869869 0.0144133237073
0 0.653600008863 0.130380009181 0.0370529555956 0.0247019687678
0 0.796000015124 0.18772000792 0.0234661892345 0.0156441251245
0 0.845600017305 0.231960006947 0.0499160217562 0.0332773456426
0 0.581600005697 0.322260004962 0.088186158974 0.0587907687717
0 0.591600006137 0.332400004739 0.0224307488656 0.0149538315908
0 0.513400002698 0.284800005786 0.02972908978 0.0198193918795
0 0.444999999691 0.308540005264 0.0320900442003 0.0213933613892
0 0.375599996639 0.385300003576 0.0306928031981 0.0204618674491
0 0.539000003824 0.366200003996 0.0221483920137 0.0147655937019
0 0.607200006823 0.231520006957 0.0554207931649 0.0369471930064
0 0.433599999189 0.215080007319 0.0318284634306 0.0212189742209
0 0.536600003718 0.206900007498 0.0209500077993 0.013966670945
0 0.61600000721 0.203820007566 0.0284000141145 0.0189333414943
0 0.263999991732 0.340380004564 0.0277258797104 0.0184839185878
0 0.144199986464 0.372760003852 0.0242452923211 0.016163527148
0 0.159999987159 0.373840003828 0.0257009042213 0.0171339350174
0 0.112399985066 0.350140004349 0.0236771159368 0.0157847429168
0 0.177199987915 0.280260005886 0.0225252305733 0.0150168193917
0 0.174399987792 0.248740006579 0.0219352887694 0.0146235248818
0 0.388399997202 0.272020006067 0.0311877686257 0.0207918443791
0 0.0835999837997 0.325120004899 0.0324809313489 0.0216539528044
0 0.449599999893 0.250620006537 0.0383473055235 0.0255648686629
0 0.350199995522 0.399460003265 0.0394066878539 0.0262711235032
0 0.0423999819881 0.341100004548 0.0225080161051 0.0150053430804
0 0.0485999822607 0.261240006304 0.0343015097616 0.0228676716662
0 0.278999992392 0.255140006438 0.031681744716 0.021121161751
0 0.247599991011 0.182900008026 0.0282728842776 0.0188485882752
0 0.238199990598 0.189300007885 0.0198698493866 0.013246565384
0 0.0651999829907 0.151640008713 0.110075641429 0.0733837561123
0 0.141399986341 0.0301800113836 0.0199017060461 0.0132678031557
0 0.306599993605 0.128560009221 0.0227325956615 0.0151550627748
0 0.437999999383 0.138080009011 0.0387620356999 0.0258413554289
0 0.303999993491 0.230060006989 0.0314024548095 0.0209349684922
0 0.543800004035 0.176000008178 0.171761808482 0.114507864769
0 0.617000007254 0.145840008841 0.0475997853798 0.0317331881602
0 0.601600006576 0.0907600100518 0.0241410161747 0.0160940097216
0 0.572000005275 0.0871200101318 0.0228930661639 0.0152620431027
0 0.479400001203 0.0726800104493 0.0393655314242 0.0262436858852
0 0.443199999612 0.0923000100179 0.0296084895689 0.019738991744
0 0.4634000005 0.0513400109184 0.0199174365085 0.0132782901299
0 0.581600005697 0.0677400105579 0.0260274844484 0.0173516551545
0 0.830400016637 0.0544000108512 0.0218687063723 0.0145791366199
0 0.808800015687 0.0402400111625 0.0231725539378 0.015448368273
0 0.580800005662 0.056180010812 0.0608690734164 0.0405793796012
0 0.483000001362 0.0272000114492 0.0275180199536 0.0183453454258
0 0.918400020506 0.0415000111348 0.0373576714695 0.0249051126703
0 0.973200022916 0.0407200111519 0.0205874156961 0.0137249428922
0 0.617800007289 0.47384000163 0.707902463219 0.471934944352
0 0.0905999841075 0.398560003285 0.188563723048 0.125709140407
0 0.317599994089 0.914019991952 0.047148449725 0.0314322977435
0 0.668600009522 0.528580000426 0.113900419248 0.0759336078238
0 0.705400011141 0.49066000126 0.0240696849587 0.0160464555808
0 0.284799992647 0.0375200112223 0.0315704442751 0.0210469614619
0 0.476400001071 0.0898600100716 0.0327694220918 0.0218462799537
