0 0.263000018312 0.470060001713 0.143516210981 0.0956774739875
0 0.572600011506 0.667699997368 0.279352197882 0.186234798588
0 0.481600013506 0.625939998286 0.203666918684 0.135777945789
0 0.134400021139 0.670899997297 0.256947669409 0.171298446272
0 0.0300000234348 0.988319990319 0.0249531598339 0.0166354398893
0 0.019800023659 0.946059991248 0.0525455743092 0.0350303828728
0 0.518800012688 0.988679990311 0.0240077492798 0.0160051661865
0 0.506600012957 0.969419990734 0.0233689342999 0.0155792895333
0 0.428800014667 0.990879990262 0.026778387891 0.017852258594
0 0.458400014016 0.967079990786 0.0257080240583 0.0171386827055
0 0.928600003679 0.954659991059 0.0353739466775 0.0235826311183
0 0.894400004431 0.957459990997 0.0276494002935 0.018432933529
0 0.879200004765 0.982619990444 0.0208653177781 0.013910211852
0 0.844000005539 0.952419991108 0.0217364291143 0.0144909527429
0 0.861000005165 0.97323999065 0.0203862807434 0.0135908538289
0 0.84440000553 0.957379990999 0.0507315257616 0.0338210171744
0 0.925000003758 0.92001999182 0.029124501943 0.0194163346286
0 0.951400003178 0.926879991669 0.0267836313777 0.0178557542518
0 0.986000002417 0.82405999393 0.0221542261811 0.0147694841207
0 0.970000002769 0.783039994832 0.0329715393433 0.0219810262288
0 0.959200003006 0.817479994075 0.071782047449 0.0478546982993
0 0.829000005869 0.794259994585 0.0288148394237 0.0192098929491
0 0.940800003411 0.887539992534 0.156413209708 0.104275473139
0 0.844600005526 0.881419992669 0.0316759034478 0.0211172689652
0 0.797800006554 0.927219991662 0.0584702196665 0.0389801464443
0 0.702600008647 0.927539991655 0.0237947449974 0.0158631633316
0 0.748600007636 0.905899992131 0.0272076612684 0.0181384408456
0 0.771800007126 0.829779993804 0.0213795752143 0.0142530501428
0 0.676600009219 0.923839991736 0.0220282835654 0.0146855223769
0 0.730200008041 0.938739991409 0.104047595822 0.0693650638812
0 0.671200009338 0.869759992925 0.0984360756637 0.0656240504425
0 0.666400009443 0.842199993531 0.0236818616317 0.0157879077545
0 0.776400007025 0.864439993042 0.0319741885902 0.0213161257268
0 0.760200007381 0.877899992746 0.0238529180202 0.0159019453468
0 0.701600008669 0.803879994374 0.0291821802972 0.0194547868648
0 0.869000004989 0.916479991898 0.0859265013537 0.0572843342358
0 0.868400005002 0.871719992882 0.0475521919852 0.0317014613235
0 0.816800006137 0.85589999323 0.0847162452519 0.0564774968346
0 0.811600006251 0.918999991843 0.0931616226633 0.0621077484422
0 0.789400006739 0.896859992329 0.0398558417092 0.0265705611395
0 0.810200006282 0.805559994337 0.0243819165795 0.016254611053
0 0.69840000874 0.765879995209 0.0252114757566 0.0168076505044
0 0.714000008397 0.874899992812 0.0234143448738 0.0156095632492
0 0.631000010222 0.828799993826 0.0251782340293 0.0167854893529
0 0.605400010784 0.835099993687 0.0286068807605 0.0190712538404
0 0.588600011154 0.852099993314 0.0370312842249 0.0246875228166
0 0.556600011857 0.895319992363 0.027841430629 0.0185609537526
0 0.557800011831 0.927819991649 0.023825810183 0.0158838734553
0 0.513600012803 0.92321999175 0.0247025607408 0.0164683738272
0 0.553600011923 0.8527199933 0.114642407065 0.0764282713768
0 0.496800013172 0.824479993921 0.0712588859787 0.0475059239858
0 0.459200013999 0.827339993858 0.0311597662711 0.0207731775141
0 0.489200013339 0.982619990444 0.0521048246212 0.0347365497475
0 0.551800011963 0.786239994761 0.0227338788011 0.0151559192007
0 0.567800011611 0.782319994848 0.0877192791531 0.0584795194354
0 0.489400013335 0.772839995056 0.134891169949 0.0899274466324
0 0.504200013009 0.781219994872 0.0418993175355 0.027932878357
0 0.358800016206 0.954899991053 0.0424257438183 0.0282838292122
0 0.242600018761 0.984859990395 0.0214900841708 0.0143267227805
0 0.332800016778 0.880659992686 0.0357624593655 0.023841639577
0 0.34180001658 0.909379992054 0.0271624485619 0.0181082990413
0 0.395800015393 0.845779993452 0.0277515988183 0.0185010658788
0 0.399000015322 0.912079991995 0.0215016594152 0.0143344396101
0 0.290600017705 0.838299993617 0.0204652298458 0.0136434865638
0 0.268800018185 0.839199993597 0.0342243369413 0.0228162246275
0 0.310000017279 0.850619993346 0.0330700773207 0.0220467182138
0 0.238600018849 0.886639992554 0.0281505984797 0.0187670656531
0 0.368400015995 0.811179994213 0.0242179834183 0.0161453222789
0 0.382200015692 0.771699995081 0.0580453983061 0.0386969322041
0 0.423000014795 0.820499994008 0.0776408029539 0.0517605353026
0 0.273200018088 0.801279994431 0.0225897323823 0.0150598215882
0 0.388400015555 0.728379996034 0.0203707481506 0.0135804987671
0 0.367400016017 0.733599995919 0.0392829165817 0.0261886110544
0 0.329400016852 0.712559996381 0.0207282945866 0.0138188630577
0 0.347800016448 0.773599995039 0.0209588101361 0.0139725400907
0 0.270000018158 0.791339994649 0.0799016361459 0.0532677574306
0 0.236400018897 0.759979995339 0.0216367039324 0.0144244692882
0 0.203200019627 0.769079995139 0.0317112227831 0.0211408151887
0 0.277600017991 0.724779996113 0.0212723310702 0.0141815540468
0 0.250000018598 0.711619996402 0.0836522131768 0.0557681421179
0 0.410600015067 0.719319996233 0.0226176316892 0.0150784211261
0 0.455000014091 0.698239996696 0.0325695716705 0.0217130477803
0 0.420000014861 0.696539996734 0.0217441459438 0.0144960972959
0 0.464000013893 0.746359995638 0.0234911174345 0.0156607449563
0 0.459200013999 0.732059995953 0.0272059793953 0.0181373195968
0 0.300200017494 0.724499996119 0.0364346150064 0.0242897433376
0 0.29720001756 0.933379991527 0.0356672851343 0.0237781900895
0 0.167400020414 0.795699994553 0.0672329764267 0.0448219842844
0 0.135000021126 0.795479994558 0.0422198627631 0.0281465751754
0 0.132600021179 0.840279993573 0.0211547978201 0.0141031985467
0 0.0176000237074 0.825959993888 0.0371482238727 0.0247654825818
0 0.045000023105 0.7844999948 0.0239276129729 0.0159517419819
0 0.0992000219134 0.768499995151 0.0217988562867 0.0145325708578
0 0.118400021491 0.950739991145 0.0254943272399 0.0169962181599
0 0.123200021386 0.972759990661 0.0296357913678 0.0197571942452
0 0.107600021729 0.901219992234 0.0402759142514 0.0268506095009
0 0.0390000232369 0.617519998471 0.0328398585723 0.0218932390482
0 0.0718000225158 0.569979999516 0.0233034401824 0.0155356267883
0 0.0628000227136 0.656019997624 0.0206396499804 0.0137597666536
0 0.0554000228763 0.643879997891 0.0268838512282 0.0179225674855
0 0.0532000229247 0.72305999615 0.0229771567994 0.015318104533
0 0.15120002077 0.652079997711 0.0242525112839 0.0161683408559
0 0.106600021751 0.669239997334 0.0525104528414 0.0350069685609
0 0.146000020884 0.707919996483 0.0218926454459 0.0145950969639
0 0.270000018158 0.666339997397 0.0309322187329 0.0206214791553
0 0.101000021874 0.572679999457 0.0665195654277 0.0443463769518
0 0.182000020093 0.600439998846 0.0870236762224 0.0580157841483
0 0.0656000226521 0.601459998824 0.0300521044289 0.0200347362859
0 0.058600022806 0.616019998504 0.0199593817751 0.0133062545167
0 0.164000020489 0.650539997745 0.139900183799 0.0932667891994
0 0.224600019156 0.650279997751 0.0205769260069 0.0137179506713
0 0.218400019293 0.563279999663 0.0229057266592 0.0152704844395
0 0.259600018387 0.594499998977 0.0229880395078 0.0153253596719
0 0.29040001771 0.605599998733 0.0246372644908 0.0164248429938
0 0.340200016615 0.586099999162 0.0556769252352 0.0371179501568
0 0.294000017631 0.683539997019 0.0731880933673 0.0487920622449
0 0.390800015502 0.631299998168 0.0223465533177 0.0148977022118
0 0.378600015771 0.645659997852 0.0244217868655 0.0162811912437
0 0.436800014491 0.546900000023 0.0417302398213 0.0278201598808
0 0.4182000149 0.563399999661 0.0349215228114 0.0232810152076
0 0.406200015164 0.590179999072 0.097333756242 0.064889170828
0 0.393400015445 0.524880000508 0.0952517952017 0.0635011968011
0 0.395400015401 0.481660001458 0.137237877603 0.0914919184018
0 0.321600017024 0.483640001414 0.0224083868878 0.0149389245919
0 0.282400017886 0.516060000701 0.0278224353562 0.0185482902375
0 0.364600016078 0.561399999705 0.0531201813099 0.0354134542066
0 0.346200016483 0.536240000258 0.0550799592156 0.0367199728104
0 0.522400012609 0.557599999788 0.109107065866 0.0727380439103
0 0.51600001275 0.525040000504 0.0351619317322 0.0234412878215
0 0.505400012983 0.507080000899 0.0357801684999 0.0238534456666
0 0.537000012288 0.676479997175 0.0199603711122 0.0133069140748
0 0.677600009197 0.570299999509 0.0231762114285 0.015450807619
0 0.766400007245 0.674839997211 0.0255816857078 0.0170544571385
0 0.722800008203 0.661359997507 0.0208217869447 0.0138811912964
0 0.845800005499 0.647939997802 0.0207410570355 0.013827371357
0 0.857400005244 0.695639996753 0.0266373084173 0.0177582056116
0 0.893400004453 0.708239996476 0.0304115306054 0.020274353737
0 0.819600006075 0.601019998834 0.0794257649901 0.0529505099934
0 0.68020000914 0.522120000568 0.243953715644 0.162635810429
0 0.749600007614 0.504660000952 0.0283905127319 0.0189270084879
0 0.730600008032 0.499960001055 0.0774495640882 0.0516330427254
0 0.737800007874 0.45792000198 0.0216036600725 0.0144024400483
0 0.747200007667 0.472600001657 0.0393297122276 0.0262198081517
0 0.782600006889 0.488960001297 0.0312730453716 0.0208486969144
0 0.951200003182 0.507360000893 0.0546825424935 0.036455028329
0 0.860800005169 0.646379997836 0.0215359894133 0.0143573262755
0 0.895200004413 0.669979997317 0.0280656144209 0.0187104096139
0 0.9504000032 0.654339997661 0.0332666586069 0.0221777724046
0 0.976800002619 0.672799997255 0.0208575020148 0.0139050013432
0 0.98040000254 0.61211999859 0.0211467841894 0.0140978561262
0 0.966800002839 0.637059998041 0.0394787063982 0.0263191375988
0 0.938400003463 0.629339998211 0.035799064839 0.023866043226
0 0.919400003881 0.636279998058 0.0247122562446 0.0164748374964
0 0.931000003626 0.653559997678 0.0304308226793 0.0202872151196
0 0.978000002593 0.705039996547 0.0262294047218 0.0174862698145
0 0.930600003635 0.697699996708 0.030951115072 0.0206340767147
0 0.922000003824 0.497220001116 0.0297582713035 0.0198388475357
0 0.97540000265 0.439640002382 0.0214940415193 0.0143293610129
0 0.855000005297 0.395060003362 0.0263642513716 0.017576167581
0 0.832800005785 0.406720003105 0.040955390987 0.0273035939913
0 0.976400002628 0.325380004894 0.0224132346397 0.0149421564265
0 0.94400000334 0.359380004146 0.0242158068766 0.0161438712511
0 0.923800003784 0.355660004228 0.040300449812 0.0268669665413
0 0.863400005112 0.329020004814 0.0396076170252 0.0264050780168
0 0.955200003094 0.279700005898 0.103624159533 0.0690827730223
0 0.969600002777 0.46564000181 0.0420113104977 0.0280075403318
0 0.840800005609 0.458000001978 0.112050343805 0.074700229203
0 0.770200007161 0.460680001919 0.0687437931462 0.0458291954308
0 0.731800008005 0.397800003301 0.0533684059939 0.0355789373293
0 0.740800007808 0.433220002523 0.02900449535 0.0193363302333
0 0.802400006453 0.353500004275 0.0312227870458 0.0208151913639
0 0.716200008348 0.374480003814 0.0349251833588 0.0232834555725
0 0.68520000903 0.387200003534 0.0198598544606 0.0132399029737
0 0.675800009237 0.374900003805 0.0442631407219 0.0295087604813
0 0.714600008384 0.338540004604 0.0428007025877 0.0285338017251
0 0.734400007948 0.316180005096 0.0329315701235 0.0219543800823
0 0.750000007605 0.313160005162 0.0475326031102 0.0316884020735
0 0.663200009514 0.330720004776 0.0878004047972 0.0585336031981
0 0.628600010274 0.371880003871 0.0880623812672 0.0587082541781
0 0.600400010894 0.349540004362 0.0970871144974 0.0647247429982
0 0.567200011624 0.340620004559 0.0381019448587 0.0254012965725
0 0.555200011888 0.30008000545 0.0200023190062 0.0133348793375
0 0.570800011545 0.373920003826 0.0206763543877 0.0137842362585
0 0.581600011308 0.539580000184 0.0198417495913 0.0132278330608
0 0.512600012825 0.430880002574 0.124481364747 0.082987576498
0 0.475600013638 0.380960003672 0.0235714516089 0.0157143010726
0 0.560800011765 0.49976000106 0.119165656389 0.0794437709257
0 0.563400011708 0.54252000012 0.0272793882098 0.0181862588065
0 0.588200011163 0.432860002531 0.149199952749 0.0994666351662
0 0.482000013497 0.480160001491 0.134569635384 0.0897130902558
0 0.445400014302 0.396080003339 0.0311098047464 0.0207398698309
0 0.388800015546 0.426700002666 0.0383574906374 0.0255716604249
0 0.339000016641 0.448280002192 0.0229160157653 0.0152773438435
0 0.341000016597 0.510340000827 0.0271335599179 0.0180890399453
0 0.33360001676 0.404840003147 0.0234686594818 0.0156457729879
0 0.317200017121 0.437380002431 0.0255651637778 0.0170434425186
0 0.36180001614 0.42196000277 0.0209045944618 0.0139363963079
0 0.398000015344 0.412160002986 0.0237704073042 0.0158469382028
0 0.377400015797 0.35604000422 0.0244963828845 0.016330921923
0 0.279800017943 0.388400003508 0.0201014505859 0.0134009670573
0 0.358200016219 0.399800003257 0.0810783537193 0.0540522358129
0 0.312400017226 0.365140004019 0.0799638654509 0.053309243634
0 0.275600018035 0.357180004194 0.020959205871 0.013972803914
0 0.274800018053 0.331960004749 0.055017235242 0.036678156828
0 0.304000017411 0.326480004869 0.093693589234 0.0624623928226
0 0.345800016492 0.346740004424 0.0360376929529 0.0240251286353
0 0.437400014478 0.346400004431 0.106326039215 0.070884026143
0 0.454400014104 0.322100004966 0.0319977348137 0.0213318232091
0 0.404000015212 0.339880004575 0.0324780579866 0.0216520386578
0 0.353200016329 0.316760005083 0.0238296685978 0.0158864457319
0 0.47960001355 0.337240004633 0.0224755628784 0.0149837085856
0 0.470200013757 0.327100004856 0.0240518737155 0.016034582477
0 0.505600012979 0.334540004692 0.0415514666032 0.0277009777355
0 0.407400015138 0.381860003652 0.0235826311183 0.0157217540789
0 0.412600015023 0.408920003057 0.0752487836595 0.050165855773
0 0.401400015269 0.460440001924 0.150515771122 0.100343847415
0 0.229200019055 0.44428000228 0.116914914435 0.0779432762901
0 0.167000020423 0.53840000021 0.0962542905078 0.0641695270052
0 0.185600020014 0.504700000951 0.0338654054333 0.0225769369555
0 0.195000019807 0.48246000144 0.0198695499644 0.0132463666429
0 0.153600020717 0.434920002485 0.0232896883964 0.0155264589309
0 0.130200021232 0.437700002424 0.0236973942245 0.0157982628164
0 0.0102000238701 0.483800001411 0.0204564247454 0.0136376164969
0 0.160800020559 0.41514000292 0.0251373744061 0.0167582496041
0 0.177200020199 0.404820003147 0.0331656472867 0.0221104315244
0 0.181600020102 0.36420000404 0.0205883033838 0.0137255355892
0 0.160800020559 0.385980003561 0.0602253037215 0.040150202481
0 0.107600021729 0.392960003408 0.0269780361223 0.0179853574149
0 0.0924000220629 0.39606000334 0.0275878635245 0.0183919090163
0 0.125000021346 0.394780003368 0.0232583264096 0.0155055509397
0 0.112600021619 0.36286000407 0.0407269530455 0.0271513020303
0 0.0728000224938 0.312160005184 0.0223882044105 0.014925469607
0 0.263400018303 0.289460005683 0.026593085048 0.0177287233653
0 0.197000019763 0.320260005006 0.127723422497 0.0851489483313
0 0.155600020673 0.359960004133 0.0291106512232 0.0194071008155
0 0.130200021232 0.33462000469 0.0656114528831 0.0437409685887
0 0.147000020862 0.287760005721 0.0857232915088 0.0571488610059
0 0.0736000224762 0.27642000597 0.0656474647544 0.0437649765029
0 0.0918000220761 0.341840004532 0.0422133331381 0.0281422220921
0 0.103600021817 0.290360005664 0.0592502130537 0.0395001420358
0 0.0438000231314 0.285120005779 0.0397997462944 0.0265331641963
0 0.0200000236546 0.283200005821 0.0266596674363 0.0177731116242
0 0.0308000234172 0.364940004024 0.0310407490153 0.0206938326768
0 0.252400018545 0.388060003516 0.0243214680813 0.0162143120542
0 0.0124000238217 0.444320002279 0.0218232929136 0.0145488619424
0 0.0290000234567 0.173320008237 0.0209238865357 0.0139492576905
0 0.0430000231489 0.160280008523 0.0285382207642 0.0190254805095
0 0.0310000234128 0.238160006811 0.0275117834998 0.0183411889999
0 0.0418000231753 0.250640006537 0.0227781021704 0.015185401447
0 0.0930000220497 0.192220007821 0.0199145648035 0.0132763765356
0 0.130800021219 0.224980007101 0.0222111130656 0.0148074087104
0 0.137600021069 0.212060007385 0.0442101122522 0.0294734081681
0 0.111000021654 0.249920006553 0.0215343075402 0.0143562050268
0 0.0724000225026 0.132360009137 0.0214254804567 0.0142836536378
0 0.0530000229291 0.117300009468 0.0201324168378 0.0134216112252
0 0.0400000232149 0.104380009752 0.0221448274784 0.0147632183189
0 0.166800020427 0.18136000806 0.0381747600709 0.0254498400473
0 0.2226000192 0.153220008679 0.0257877646304 0.0171918430869
0 0.197800019746 0.199160007669 0.0593651740274 0.0395767826849
0 0.239600018827 0.194040007781 0.0213396059945 0.0142264039963
0 0.147400020854 0.233900006905 0.0245315043524 0.0163543362349
0 0.306200017362 0.137860009016 0.0310685493884 0.0207123662589
0 0.325600016936 0.148960008772 0.0358137070284 0.0238758046856
0 0.324000016971 0.113160009559 0.0310875446612 0.0207250297741
0 0.269400018171 0.116480009486 0.0240873909182 0.0160582606121
0 0.290000017719 0.122260009359 0.0320615470581 0.0213743647054
0 0.266800018229 0.171900008268 0.0307864893748 0.0205243262499
0 0.221200019231 0.220960007189 0.0520008452896 0.0346672301931
0 0.366000016048 0.275160005998 0.0206332192891 0.0137554795261
0 0.377400015797 0.285280005775 0.0258255573084 0.0172170382056
0 0.385600015617 0.292900005608 0.0222419803838 0.0148279869225
0 0.464000013893 0.257660006382 0.0690915451447 0.0460610300965
0 0.424000014773 0.238320006808 0.0204356486658 0.0136237657772
0 0.354600016298 0.24596000664 0.0346785416142 0.0231190277428
0 0.346200016483 0.229720006997 0.0419301848537 0.0279534565691
0 0.342800016558 0.193840007786 0.0243658893181 0.0162439262121
0 0.356000016268 0.18638000795 0.025323072984 0.016882048656
0 0.34360001654 0.206520007507 0.0288603489313 0.0192402326209
0 0.305000017389 0.199400007663 0.0355521262932 0.0237014175288
0 0.30360001742 0.257360006389 0.111415189372 0.0742767929147
0 0.402200015252 0.231800006951 0.0358486306288 0.0238990870859
0 0.45640001406 0.291200005645 0.0760978327779 0.0507318885186
0 0.404000015212 0.31646000509 0.026915213215 0.0179434754767
0 0.316800017129 0.174800008204 0.0230574909738 0.0153716606492
0 0.33680001669 0.17318000824 0.0305696266776 0.0203797511184
0 0.412400015028 0.156060008616 0.0257145536833 0.0171430357889
0 0.50780001293 0.145840008841 0.0230903369662 0.0153935579775
0 0.537000012288 0.161200008503 0.0397374180557 0.0264916120371
0 0.514200012789 0.208360007466 0.0676231709877 0.0450821139918
0 0.476200013625 0.187960007915 0.0932019876179 0.0621346584119
0 0.521200012636 0.288820005697 0.0232367588604 0.0154911725736
0 0.514400012785 0.309140005251 0.0266575898283 0.0177717265522
0 0.519000012684 0.299240005468 0.0295885010533 0.0197256673689
0 0.611800010644 0.316500005089 0.050936318546 0.0339575456973
0 0.65880000961 0.276480005969 0.0304441787305 0.0202961191537
0 0.667200009426 0.301860005411 0.039982081126 0.0266547207507
0 0.521800012622 0.140840008951 0.020170506317 0.0134470042113
0 0.529400012455 0.111740009591 0.0215107613167 0.0143405075445
0 0.509000012904 0.11542000951 0.0388738256816 0.0259158837877
0 0.517000012728 0.0982200098878 0.0294746283506 0.0196497522337
0 0.424800014755 0.110760009612 0.0225149384959 0.0150099589973
0 0.579400011356 0.121880009368 0.0208400896814 0.013893393121
0 0.610400010675 0.163740008447 0.0218298225386 0.0145532150258
0 0.703200008634 0.15954000854 0.0251382648095 0.0167588432064
0 0.700000008705 0.183700008008 0.0201645702943 0.0134430468629
0 0.731400008014 0.14044000896 0.0217517638397 0.0145011758931
0 0.707000008551 0.160580008517 0.0813844546249 0.0542563030833
0 0.689000008946 0.113900009543 0.0811024935451 0.05406832903
0 0.654400009707 0.214340007335 0.106797953022 0.0711986353479
0 0.783600006867 0.214520007331 0.0235209954156 0.0156806636104
0 0.777000007012 0.254440006453 0.0235595795634 0.0157063863756
0 0.737000007891 0.199580007659 0.0892194110318 0.0594796073545
0 0.787800006774 0.162940008465 0.0214022310344 0.0142681540229
0 0.776800007016 0.1431600089 0.0216883473301 0.0144588982201
0 0.900200004303 0.112320009578 0.0201193575878 0.0134129050585
0 0.827200005908 0.33054000478 0.0465736386375 0.031049092425
0 0.840400005618 0.229780006995 0.0325081338352 0.0216720892234
0 0.862400005134 0.209180007448 0.037363701498 0.024909134332
0 0.839800005631 0.208100007472 0.0384166529973 0.0256111019982
0 0.882000004703 0.192460007816 0.0316391001069 0.0210927334046
0 0.923800003784 0.23958000678 0.0351580733174 0.0234387155449
0 0.856800005257 0.276780005962 0.0320306797399 0.0213537864933
0 0.846800005477 0.249940006552 0.0321656253234 0.0214437502156
0 0.825800005939 0.251280006523 0.0296836752845 0.0197891168563
0 0.95720000305 0.334720004688 0.0202730016429 0.0135153344286
0 0.971600002733 0.0690400105293 0.0243137512518 0.0162091675012
0 0.776600007021 0.0114000117965 0.0218035061712 0.0145356707808
0 0.728800008071 0.0180800116497 0.0496137726808 0.0330758484539
0 0.677600009197 0.0123600117754 0.021710409548 0.0144736063653
0 0.630200010239 0.0852600101727 0.0203792564498 0.0135861709666
0 0.607800010732 0.045400011049 0.020337605357 0.0135584035713
0 0.843400005552 0.117460009465 0.0281567323699 0.0187711549132
0 0.660800009566 0.0964000099278 0.0250106403208 0.0166737602138
0 0.735400007926 0.0588800107527 0.0524125084663 0.0349416723108
0 0.729400008058 0.101120009824 0.0342929969376 0.0228619979584
0 0.735800007918 0.081560010254 0.0498296460409 0.0332197640273
0 0.491600013286 0.0318600113467 0.0329772774986 0.0219848516657
0 0.388800015546 0.124700009306 0.0368729902853 0.0245819935235
0 0.364400016083 0.103780009766 0.0271576997437 0.0181051331625
0 0.391400015489 0.0812400102611 0.0377766508129 0.0251844338752
0 0.341600016584 0.0995600098583 0.0283199729951 0.0188799819967
0 0.335200016725 0.0868000101388 0.0213972843487 0.0142648562325
0 0.323800016975 0.0700800105064 0.0239066390259 0.0159377593506
0 0.359800016184 0.0454400110481 0.0306946788899 0.0204631192599
0 0.302400017446 0.0568400107975 0.0280575018565 0.0187050012377
0 0.243000018752 0.0240600115182 0.0438408916381 0.0292272610921
0 0.0912000220893 0.0882000101081 0.0235392981524 0.0156928654349
0 0.0726000224982 0.0913200100395 0.0230236556442 0.0153491037628
0 0.0764000224146 0.0691200105275 0.0198818177447 0.0132545451631
0 0.0608000227576 0.0739800104207 0.0373465859658 0.0248977239772
0 0.0392000232325 0.083380010214 0.0416986799671 0.027799119978
0 0.0532000229247 0.0581600107685 0.0204860059253 0.0136573372836
0 0.073200022485 0.0501600109444 0.0370790692079 0.0247193794719
0 0.048000023039 0.0438600110829 0.0394362638356 0.0262908425571
0 0.0632000227048 0.0314600113555 0.0235138721883 0.0156759147922
0 0.0780000223795 0.0281800114276 0.0228509173826 0.0152339449218
0 0.617600010516 0.816099994105 0.0274263047724 0.0182842031816
0 0.540200012218 0.639019997998 0.0233779372677 0.0155852915118
0 0.772800007104 0.749959995559 0.105350552812 0.0702337018746
0 0.302400017446 0.523200000544 0.100153564908 0.0667690432721
0 0.105400021777 0.26322000626 0.0230466082654 0.0153644055103
0 0.327800016888 0.291560005637 0.0312294156045 0.020819610403
