0 0.863200005117 0.895379992362 0.176945912346 0.117963941564
0 0.667600009417 0.866199993004 0.14324513261 0.0954967550732
0 0.897800004356 0.722199996169 0.247306579151 0.164871052767
0 0.45960001399 0.479000001516 0.152051222336 0.101367481557
0 0.369600015969 0.590099999074 0.16552005792 0.11034670528
0 0.643200009953 0.475800001587 0.526021643926 0.350681095951
0 0.87080000495 0.323400004937 0.111768382725 0.0745122551498
0 0.851400005376 0.166100008395 0.219523024744 0.146348683163
0 0.837800005675 0.103380009774 0.120599205879 0.0803994705859
0 0.487600013374 0.925299991704 0.174475537551 0.116317025034
0 0.277000018004 0.330580004779 0.135435305366 0.0902902035772
0 0.101200021869 0.129160009208 0.132152684794 0.0881017898626
0 0.609600010692 0.13042000918 0.105049794327 0.0700331962178
0 0.974000002681 0.0469200110156 0.0259956243598 0.0173304162399
0 0.899400004321 0.0801400102853 0.0250814768587 0.0167209845725
0 0.752600007548 0.00972001183346 0.0241308228178 0.0160872152119
0 0.801800006467 0.0203800115991 0.0308731553067 0.0205821035378
0 0.730400008036 0.0282600114259 0.054997646367 0.036665097578
0 0.654400009707 0.0694600105201 0.029969890514 0.0199799270093
0 0.475400013643 0.0450200110574 0.0408339993221 0.0272226662147
0 0.453400014126 0.0457000110424 0.0310912052085 0.020727470139
0 0.414400014984 0.0531200108793 0.0235152572603 0.0156768381735
0 0.349800016404 0.0651000106159 0.0269027475673 0.0179351650448
0 0.370800015942 0.0871800101305 0.0302009996658 0.0201339997772
0 0.323200016989 0.0922600100188 0.0261881493638 0.0174587662425
0 0.325000016949 0.0748400104018 0.0240789815526 0.0160526543684
0 0.200000019697 0.0627800106669 0.0443746390156 0.0295830926771
0 0.0838000222519 0.025480011487 0.0241848406247 0.0161232270831
0 0.0260000235227 0.236900006839 0.042533779432 0.0283558529547
0 0.0264000235139 0.265920006201 0.064568394755 0.0430455965033
0 0.0602000227708 0.385960003562 0.0334999443003 0.0223332962002
0 0.0378000232633 0.3887600035 0.0770711426389 0.0513807617592
0 0.087800022164 0.331940004749 0.140461137947 0.0936407586316
0 0.0952000220013 0.367660003964 0.0213130917596 0.0142087278398
0 0.152800020735 0.350160004349 0.0211878416799 0.0141252277866
0 0.0808000223179 0.275580005988 0.0505056600966 0.0336704400644
0 0.17940002015 0.273900006025 0.0198656915496 0.0132437943664
0 0.192000019873 0.321540004978 0.0204482132473 0.0136321421648
0 0.0416000231797 0.173040008243 0.0901285129135 0.0600856752757
0 0.0112000238481 0.134920009081 0.0319548965163 0.0213032643442
0 0.0350000233248 0.114260009535 0.0686423860912 0.0457615907275
0 0.0806000223223 0.180620008076 0.0392840048525 0.0261893365683
0 0.112600021619 0.207600007483 0.0278268873733 0.0185512582488
0 0.124400021359 0.184140007999 0.0248589749399 0.0165726499599
0 0.104400021799 0.192460007816 0.030370769916 0.020247179944
0 0.152400020744 0.0994800098601 0.0208740239447 0.0139160159632
0 0.221000019236 0.236720006843 0.0497045938286 0.0331363958858
0 0.257000018444 0.249000006573 0.0450447170486 0.0300298113657
0 0.317200017121 0.275720005985 0.0886387690747 0.0590925127164
0 0.43820001446 0.277380005949 0.0258298114581 0.0172198743054
0 0.421800014821 0.289700005678 0.0306179063292 0.0204119375528
0 0.406600015155 0.128500009222 0.0284820264157 0.0189880176105
0 0.453200014131 0.103340009775 0.0264148064985 0.017609870999
0 0.4910000133 0.101420009817 0.0274151252629 0.0182767501753
0 0.485600013418 0.120560009397 0.0234798389913 0.0156532259942
0 0.47140001373 0.126900009257 0.021276189485 0.0141841263233
0 0.447600014254 0.130140009186 0.03596992336 0.0239799489067
0 0.465600013858 0.141660008933 0.0218234907811 0.014548993854
0 0.485400013423 0.176440008168 0.0235348461353 0.0156898974235
0 0.377600015793 0.178860008115 0.0805147283607 0.0536764855738
0 0.420800014843 0.147360008807 0.120456741333 0.0803044942222
0 0.371400015929 0.118840009434 0.0379148612089 0.0252765741392
0 0.515200012768 0.177880008136 0.0222024068989 0.0148016045993
0 0.337000016685 0.228280007028 0.110232931511 0.0734886210072
0 0.552600011945 0.197900007696 0.0293443326515 0.0195628884344
0 0.549000012024 0.220720007195 0.0674520156656 0.0449680104437
0 0.595800010995 0.181300008061 0.0308671203503 0.0205780802335
0 0.621400010433 0.182820008028 0.0497664273988 0.0331776182659
0 0.6138000106 0.221260007183 0.0404071003538 0.0269380669025
0 0.630400010235 0.230980006969 0.0210252935907 0.0140168623938
0 0.656600009659 0.230760006974 0.0267587000823 0.0178391333882
0 0.671200009338 0.240060006769 0.0301791353154 0.0201194235436
0 0.742800007764 0.232700006931 0.0254409030353 0.0169606020235
0 0.77800000699 0.237440006827 0.0230874678886 0.0153916452591
0 0.78800000677 0.220380007202 0.0425571277881 0.0283714185254
0 0.795400006607 0.239320006786 0.0365447282281 0.0243631521521
0 0.726200008129 0.285260005776 0.0248991420271 0.016599428018
0 0.50600001297 0.106580009704 0.0202416396561 0.0134944264374
0 0.719000008287 0.111240009602 0.0232162795819 0.0154775197213
0 0.720800008247 0.139720008975 0.040086950861 0.0267246339073
0 0.682200009096 0.207600007483 0.0410297891386 0.0273531927591
0 0.720200008261 0.214200007338 0.154743208646 0.103162139097
0 0.673200009294 0.171700008272 0.108124654103 0.0720831027353
0 0.624400010367 0.292940005607 0.0318837631772 0.0212558421182
0 0.600200010899 0.312580005175 0.0268130146903 0.0178753431268
0 0.581000011321 0.308560005263 0.0380810698454 0.0253873798969
0 0.591800011083 0.347620004405 0.084023115664 0.0560154104427
0 0.544600012121 0.350640004338 0.0268501148324 0.0179000765549
0 0.53600001231 0.386720003545 0.0702784528904 0.046852301927
0 0.507200012943 0.306240005314 0.0286847415921 0.0191231610614
0 0.710000008485 0.359080004153 0.0223390343555 0.0148926895703
0 0.743800007742 0.339860004575 0.0219837633949 0.0146558422633
0 0.757000007451 0.343340004499 0.0215290640534 0.014352709369
0 0.749600007614 0.354540004252 0.0220651858401 0.0147101238934
0 0.496400013181 0.183600008011 0.0202620200008 0.0135080133339
0 0.869800004972 0.188220007909 0.0354502245696 0.0236334830464
0 0.905200004193 0.154840008643 0.0460682852354 0.0307121901569
0 0.892200004479 0.194900007762 0.0540995261273 0.0360663507515
0 0.876000004835 0.199440007662 0.0202540063701 0.0135026709134
0 0.841600005592 0.238240006809 0.0308408039828 0.0205605359886
0 0.865400005068 0.232600006933 0.042503208915 0.02833547261
0 0.873800004884 0.248040006594 0.0392674829226 0.0261783219484
0 0.888000004571 0.270160006108 0.0452590074693 0.0301726716462
0 0.917400003925 0.273640006031 0.0299981855557 0.0199987903705
0 0.984000002461 0.315360005114 0.0230605579189 0.0153737052792
0 0.96540000287 0.392580003416 0.0762473216171 0.0508315477447
0 0.950600003195 0.123460009333 0.0225056387269 0.0150037591513
0 0.967000002835 0.442240002324 0.0728672513385 0.048578167559
0 0.936400003507 0.441880002332 0.0479572266031 0.0319714844021
0 0.901000004286 0.424860002706 0.0285020110256 0.0190013406837
0 0.959400003002 0.51748000067 0.0223589200317 0.0149059466878
0 0.970600002755 0.52570000049 0.0228503237804 0.0152335491869
0 0.867800005016 0.369800003917 0.0467994053688 0.0311996035792
0 0.834200005754 0.39834000329 0.0432102881563 0.0288068587709
0 0.762200007337 0.401080003229 0.0372896990812 0.0248597993875
0 0.749200007623 0.426860002663 0.0271798608952 0.0181199072635
0 0.687400008982 0.381060003669 0.0290510931285 0.019367395419
0 0.661200009558 0.544440000077 0.0376722757465 0.0251148504976
0 0.642800009962 0.429640002601 0.0573253587485 0.0382169058323
0 0.611600010648 0.503100000986 0.0224286682988 0.0149524455325
0 0.624600010362 0.524340000519 0.0283885340576 0.0189256893718
0 0.519400012675 0.508600000865 0.019859359792 0.0132395731947
0 0.443000014355 0.352920004288 0.0820953922811 0.0547302615207
0 0.374200015867 0.349740004358 0.0285657243362 0.0190438162242
0 0.351000016377 0.373240003841 0.0198225564511 0.0132150376341
0 0.410800015063 0.370620003899 0.0401003069122 0.0267335379414
0 0.337200016681 0.505580000932 0.024380036839 0.0162533578926
0 0.306000017367 0.516040000702 0.0224449923613 0.0149633282409
0 0.241000018796 0.419280002829 0.0480554677794 0.0320369785196
0 0.275800018031 0.426460002671 0.0623462446445 0.0415641630963
0 0.385600015617 0.476500001571 0.119217101919 0.079478067946
0 0.360600016166 0.436420002452 0.0246041216972 0.0164027477981
0 0.423000014795 0.551919999913 0.0331447722734 0.0220965148489
0 0.452400014148 0.555159999842 0.0556289423848 0.0370859615898
0 0.345800016492 0.54070000016 0.0716047582367 0.0477365054911
0 0.254200018506 0.567819999563 0.053963492273 0.0359756615153
0 0.248800018624 0.395880003344 0.0330941182127 0.0220627454752
0 0.460600013968 0.404100003163 0.102179727335 0.0681198182232
0 0.154000020709 0.514460000737 0.0289381108291 0.0192920738861
0 0.147600020849 0.456500002011 0.0211506426041 0.0141004284028
0 0.143200020946 0.44060000236 0.0213166533733 0.0142111022488
0 0.0510000229731 0.427960002638 0.0355426286569 0.0236950857712
0 0.0156000237513 0.419300002829 0.0244225783352 0.0162817188901
0 0.0202000236502 0.426020002681 0.0203306799971 0.0135537866648
0 0.0284000234699 0.459560001944 0.0233015604419 0.0155343736279
0 0.0104000238657 0.470080001712 0.0208487958481 0.0138991972321
0 0.0746000224542 0.700259996652 0.0268125200217 0.0178750133478
0 0.176000020225 0.710199996433 0.021055468373 0.0140369789153
0 0.194200019825 0.721079996194 0.0575161029457 0.0383440686304
0 0.0216000236194 0.599099998876 0.0241703963027 0.0161135975352
0 0.0580000228192 0.73491999589 0.0705806953813 0.0470537969209
0 0.25720001844 0.765899995209 0.0365730232698 0.0243820155132
0 0.270800018141 0.66441999744 0.0243265137006 0.0162176758004
0 0.233600018959 0.606739998708 0.0304332960221 0.0202888640148
0 0.163800020493 0.59251999902 0.0201135204988 0.0134090136658
0 0.210600019464 0.538600000206 0.020255787177 0.013503858118
0 0.338200016659 0.640059997975 0.038534680916 0.0256897872773
0 0.252600018541 0.597279998916 0.0589102768185 0.039273517879
0 0.260200018374 0.630899998177 0.0212271183637 0.0141514122425
0 0.231800018998 0.636499998054 0.0621223576537 0.0414149051025
0 0.184800020031 0.543920000089 0.0631211924124 0.0420807949416
0 0.301000017477 0.561279999707 0.0495825096277 0.0330550064185
0 0.34860001643 0.706059996524 0.0490686479264 0.0327124319509
0 0.394000015432 0.623539998338 0.0721936116919 0.0481290744613
0 0.412400015028 0.56659999959 0.0371742434391 0.0247828289594
0 0.366400016039 0.560939999715 0.0211074085719 0.0140716057146
0 0.470600013748 0.614739998532 0.0569204230643 0.0379469487095
0 0.489800013326 0.613559998558 0.0242145207384 0.0161430138256
0 0.48460001344 0.701519996624 0.0344585130382 0.0229723420255
0 0.449200014219 0.719159996236 0.0371270520583 0.0247513680389
0 0.432600014583 0.732359995946 0.0252703413154 0.0168468942102
0 0.432000014597 0.754079995469 0.0296527090326 0.0197684726884
0 0.416800014931 0.738859995803 0.0274447064429 0.0182964709619
0 0.481000013519 0.734759995893 0.0702185979945 0.046812398663
0 0.338200016659 0.823319993946 0.0202811142073 0.0135207428049
0 0.472200013713 0.668139997358 0.133259753034 0.0888398353558
0 0.507600012935 0.612879998573 0.023943046632 0.015962031088
0 0.56920001158 0.631059998173 0.0437409685887 0.0291606457258
0 0.594200011031 0.649319997772 0.0508880388944 0.0339253592629
0 0.60240001085 0.672439997263 0.0303193243856 0.0202128829238
0 0.587200011185 0.692119996831 0.03499077641 0.0233271842733
0 0.574800011457 0.680739997081 0.0325094199734 0.0216729466489
0 0.67200000932 0.673799997233 0.0366353515085 0.0244235676723
0 0.712000008441 0.666379997397 0.0393889735212 0.0262593156808
0 0.69520000881 0.684119997007 0.0400441125636 0.0266960750424
0 0.744000007737 0.639519997987 0.0908266881208 0.0605511254138
0 0.742800007764 0.696819996727 0.0995846960628 0.0663897973752
0 0.711000008463 0.590099999074 0.0273069907155 0.018204660477
0 0.635000010134 0.735219995883 0.192765412932 0.128510275288
0 0.752600007548 0.720119996215 0.0212105964338 0.0141403976225
0 0.79620000659 0.734139995907 0.0273190606284 0.0182127070856
0 0.791600006691 0.74535999566 0.0247872479985 0.016524831999
0 0.771800007126 0.818879994044 0.0296003730988 0.0197335820659
0 0.581200011316 0.807879994286 0.0245838402862 0.0163892268574
0 0.505600012979 0.811939994196 0.0301227430994 0.0200818287329
0 0.7912000067 0.576099999381 0.029950301639 0.0199668677593
0 0.8594000052 0.529680000402 0.0207699456795 0.013846630453
0 0.920600003855 0.539580000184 0.0282850493946 0.0188566995964
0 0.88580000462 0.541180000149 0.0287203577285 0.0191469051523
0 0.935400003529 0.582859999233 0.0867476511653 0.0578317674435
0 0.897200004369 0.598359998892 0.0234165214155 0.015611014277
0 0.843000005561 0.646159997841 0.0392132672483 0.0261421781655
0 0.805400006387 0.59755999891 0.0305556770242 0.0203704513494
0 0.828400005882 0.639979997977 0.0327229189244 0.0218152792829
0 0.966000002857 0.55887999976 0.0259039128085 0.0172692752057
0 0.981200002522 0.798239994498 0.0203111900558 0.0135407933705
0 0.956200003072 0.898439992295 0.0354993946246 0.0236662630831
0 0.93900000345 0.893259992409 0.0461953161219 0.0307968774146
0 0.985600002426 0.932879991538 0.0259035170737 0.0172690113825
0 0.938800003455 0.988779990309 0.0305277777173 0.0203518518115
0 0.911600004053 0.973579990643 0.0244124870966 0.0162749913977
0 0.925600003745 0.964779990836 0.0222610745903 0.0148407163935
0 0.991200002303 0.914519991941 0.0222621628611 0.0148414419074
0 0.813400006211 0.875139992807 0.0269540941639 0.0179693961093
0 0.733000007979 0.889679992487 0.0572442331044 0.0381628220696
0 0.780200006941 0.912839991978 0.0305446953821 0.0203631302547
0 0.59060001111 0.902419992207 0.0202747824497 0.0135165216331
0 0.543600012143 0.859879993142 0.0583374506247 0.0388916337498
0 0.644000009936 0.948619991191 0.0201188629192 0.0134125752795
0 0.777600006999 0.867579992973 0.112949651249 0.0752997674992
0 0.755000007495 0.963899990856 0.0221365170466 0.0147576780311
0 0.437000014487 0.950839991143 0.0211512362064 0.0141008241376
0 0.204600019596 0.786999994745 0.0275480921722 0.0183653947815
0 0.107800021724 0.793559994601 0.0334757055408 0.0223171370272
0 0.139600021025 0.887539992534 0.100656148166 0.0671040987775
0 0.123400021381 0.922859991758 0.0757129806373 0.0504753204249
0 0.162000020533 0.922459991767 0.0310282833675 0.020685522245
0 0.114400021579 0.97413999063 0.040183213363 0.0267888089087
0 0.125400021337 0.992099990236 0.0229619210078 0.0153079473385
0 0.0242000235623 0.775359995001 0.0400539070011 0.0267026046674
0 0.432000014597 0.896559992336 0.0230539293601 0.0153692862401
0 0.36180001614 0.177540008144 0.0230119814662 0.0153413209774
0 0.256600018453 0.681039997074 0.0413572597261 0.0275715064841
