0 0.929600020999 0.574919977422 0.105149731247 0.0700998162075
0 0.704200011088 0.384979981598 0.167293961448 0.111529300276
0 0.277399992321 0.301439983435 0.238014756295 0.158676493731
0 0.0767999835007 0.37079998191 0.128594056128 0.0857293650975
0 0.243199990817 0.510519978838 0.147437962783 0.0982919687058
0 0.0905999841075 0.466599979804 0.154157541405 0.102771687491
0 0.553800004475 0.686179974976 0.12211785447 0.0814118976107
0 0.639000008221 0.933599969536 0.118798627987 0.0791990801011
0 0.508600002487 0.817159972096 0.392201977817 0.261467967966
0 0.929600020999 0.0259999894903 0.0225468970591 0.0150312637147
0 0.74200001275 0.0372599892427 0.0253299027514 0.0168866007205
0 0.784000014597 0.0479999890066 0.0400353127443 0.0266902067359
0 0.860000017938 0.0954199879641 0.0308195373002 0.020546356845
0 0.800400015318 0.0830199882367 0.0294396096999 0.0196264051721
0 0.714000011519 0.0696599885304 0.0716248512284 0.0477498976696
0 0.747200012979 0.0519599889195 0.0524202322106 0.0349468191688
0 0.612400007051 0.127379987261 0.0293026854241 0.0195351223276
0 0.642800008388 0.142159986936 0.0556523970158 0.0371015955634
0 0.58440000582 0.126719987276 0.0289101164021 0.0192734096636
0 0.314999993974 0.0332399893311 0.0322639696893 0.0215093117076
0 0.270199992005 0.0156599897176 0.0232716855306 0.0155144559971
0 0.0743999833952 0.127199987265 0.0493168791158 0.0328779172421
0 0.0305999814693 0.167259986385 0.037592639067 0.025061757725
0 0.0221999810999 0.123479987347 0.0475738647437 0.0317159077373
0 0.0773999835271 0.189059985905 0.0520546720957 0.0347031124416
0 0.1813999881 0.225659985101 0.0295124249217 0.0196749486501
0 0.141799986359 0.139139987003 0.0536940039237 0.0357960002549
0 0.0931999842218 0.11789998747 0.0201066967249 0.0134044635992
0 0.254999991336 0.136159987068 0.041753296884 0.0278355294201
0 0.195599988724 0.0560599888294 0.032681865745 0.0217879090596
0 0.33239999474 0.153559986686 0.0421599144949 0.0281066078095
0 0.43679999933 0.0559599888316 0.038306445895 0.0255376289123
0 0.459800000341 0.116499987501 0.0413271893291 0.0275514577356
0 0.349799995505 0.110119987641 0.0202630120109 0.0135086737829
0 0.333399994784 0.0617399887045 0.0410251446658 0.02735009464
0 0.317999994106 0.0500399889617 0.0282777320301 0.01885182011
0 0.484800001441 0.243319984712 0.0525066013528 0.0350043985931
0 0.443999999647 0.260399984337 0.0488881992842 0.0325921307065
0 0.401799997791 0.281059983883 0.0371364556597 0.0247576354736
0 0.430799999066 0.231399984974 0.0392643222232 0.026176213089
0 0.407799998055 0.0908399880647 0.0934999882928 0.0623333214173
0 0.674600009786 0.152279986714 0.0836900168946 0.0557933409165
0 0.594600006269 0.209459985457 0.0219096649346 0.0146064423263
0 0.625000007605 0.267859984173 0.0616302694988 0.0410868436226
0 0.645600008511 0.100899987844 0.0348299147884 0.0232199416608
0 0.738800012609 0.186359985965 0.0374366205822 0.0249577454087
0 0.868600018317 0.124959987315 0.0523581018312 0.0349053989186
0 0.972400022881 0.241819984745 0.0273693225645 0.0182462138396
0 0.9842000234 0.277599983959 0.0449350054892 0.0299566683503
0 0.854600017701 0.277779983955 0.0377344110954 0.0251562724044
0 0.961800022415 0.171779986285 0.0391551983242 0.0261034638278
0 0.921800020656 0.150819986746 0.0215015633177 0.0143343745997
0 0.853600017657 0.073679988442 0.0378832074182 0.0252554699464
0 0.793800015028 0.296119983552 0.0309004650874 0.0206003086996
0 0.850600017525 0.490259979283 0.0613006223261 0.0408670788553
0 0.802200015397 0.508579978881 0.038317229671 0.0255448180958
0 0.792600014975 0.536559978265 0.020370651904 0.013580433707
0 0.936600021307 0.52771997846 0.0305474695556 0.0203649783606
0 0.621600007456 0.342979982521 0.0716172333316 0.047744819072
0 0.661600009215 0.306079983333 0.0224348051484 0.0149565357791
0 0.639400008239 0.301819983426 0.0399204506893 0.0266136320375
0 0.618200007306 0.317279983086 0.0355237370038 0.0236824897739
0 0.596800006365 0.305439983347 0.0309745664477 0.0206497096032
0 0.512200002645 0.391799981448 0.0289468208142 0.01929787927
0 0.540200003877 0.393039981421 0.0204813587426 0.0136542382612
0 0.464200000535 0.385059981596 0.0517208697066 0.0344805775302
0 0.326199994467 0.39125998146 0.035441918813 0.0236279443169
0 0.394599997475 0.352039982322 0.0204711685689 0.0136474448125
0 0.439799999462 0.412659980989 0.0442048745966 0.029469914454
0 0.197199988795 0.463159979879 0.0587150883495 0.0391433896512
0 0.0485999822607 0.431799980569 0.0377400503177 0.0251600318857
0 0.0549999825422 0.459879979951 0.111126317591 0.0740842068411
0 0.0659999830258 0.524899978522 0.0533424923978 0.035561659253
0 0.0315999815132 0.718539974265 0.0707431538687 0.0471620994685
0 0.0239999811791 0.535219978295 0.0229811171794 0.0153207437758
0 0.0323999815484 0.551459977938 0.0485697316225 0.032379818946
0 0.0583999826917 0.581079977287 0.0551065796534 0.0367377173458
0 0.15659998701 0.587119977154 0.0205891965032 0.0137261300968
0 0.108999984917 0.611979976607 0.0346278921213 0.0230852598916
0 0.107199984837 0.582939977246 0.0350468764479 0.0233645827576
0 0.172799987722 0.62685997628 0.0460910460691 0.0307273620195
0 0.205199989147 0.655139975658 0.0547403270023 0.0364935489279
0 0.173799987766 0.549299977985 0.0307201089062 0.0204800712534
0 0.131199985893 0.64277997593 0.0394525931024 0.0263017270002
0 0.134599986042 0.705079974561 0.0427016755745 0.0284677818388
0 0.115799985216 0.728959974036 0.0396622336663 0.0264414873669
0 0.206999989226 0.717459974288 0.0334530541336 0.0223020346181
0 0.241599990747 0.719739974238 0.093549257288 0.0623661674119
0 0.188399988408 0.773899973047 0.061521046666 0.0410140284056
0 0.153399986869 0.797799972522 0.0272297270781 0.0181531501881
0 0.0923999841867 0.764379973257 0.0782689434175 0.0521792921701
0 0.13159998591 0.769179973151 0.0288412585293 0.0192275044181
0 0.163999987335 0.660019975551 0.0307229779843 0.0204819839719
0 0.3041999935 0.649019975793 0.0359271887355 0.0239514575773
0 0.307999993667 0.61413997656 0.0371339823166 0.0247559865783
0 0.352399995619 0.540259978184 0.0209443685769 0.0139629114637
0 0.357799995856 0.624659976329 0.0561531005994 0.0374353979305
0 0.324999994414 0.629319976226 0.0346923969102 0.0231282630814
0 0.36059999598 0.653579975693 0.0315635189143 0.021042344555
0 0.37539999663 0.671279975304 0.020356603315 0.0135710679816
0 0.399199997677 0.656839975621 0.0467672580815 0.0311781699979
0 0.422799998715 0.672859975269 0.025348799093 0.0168991982807
0 0.398399997642 0.710239974447 0.0554841107491 0.0369894047264
0 0.306399993596 0.738059973835 0.0253878779145 0.0169252508267
0 0.291999992963 0.755419973454 0.0363967281957 0.0242644838634
0 0.388399997202 0.547479978025 0.026962902821 0.0179752673618
0 0.480200001238 0.588339977127 0.0619945434753 0.0413296929242
0 0.474000000966 0.663939975465 0.0696559711615 0.0464373110448
0 0.433599999189 0.65597997564 0.0287605286095 0.019173684475
0 0.542200003965 0.608979976673 0.0717034046063 0.0478022665847
0 0.636800008124 0.595859976962 0.0208850083418 0.0139233379762
0 0.599200006471 0.583459977234 0.02563580583 0.0170905360928
0 0.609400006919 0.541959978147 0.0335777106274 0.0223851389419
0 0.598800006453 0.530339978402 0.0421020382656 0.0280680236591
0 0.661200009197 0.675119975219 0.0219976170163 0.0146650770436
0 0.723200011923 0.592539977035 0.0614184523929 0.040945632228
0 0.730200012231 0.692559974836 0.0720864759906 0.0480576474907
0 0.794200015045 0.557119977813 0.0281102372332 0.0187401569194
0 0.829800016611 0.555079977858 0.0341204610444 0.0227469725293
0 0.809400015714 0.539419978203 0.02850320199 0.0190021334067
0 0.725200012011 0.531299978381 0.0510773058236 0.0340515349698
0 0.927600020911 0.68191997507 0.0334612656328 0.0223075089505
0 0.969000022731 0.857579971208 0.0599729317328 0.0399819518515
0 0.963000022467 0.893219970424 0.0285451498895 0.0190300986712
0 0.920400020594 0.916099969921 0.0266174262523 0.0177449496645
0 0.909800020128 0.806019972341 0.0612665891246 0.0408443900558
0 0.848400017428 0.836059971681 0.0297833054615 0.0198555356647
0 0.920000020577 0.894079970405 0.0222624625989 0.0148416407537
0 0.903200019838 0.895539970373 0.0468497688084 0.0312331771456
0 0.872600018492 0.913339969982 0.0277005526768 0.0184670338998
0 0.811800015819 0.895919970365 0.0213818535102 0.0142545680666
0 0.82820001654 0.908079970098 0.0248250439513 0.0165500282093
0 0.768200013902 0.832579971757 0.0403116346391 0.0268744213202
0 0.82660001647 0.812579972197 0.0339986736285 0.0226657809241
0 0.879000018774 0.811859972213 0.0248623419657 0.0165748935506
0 0.919200020541 0.768439973168 0.0319833936444 0.0213222610233
0 0.963200022476 0.77925997293 0.0756567962687 0.0504378608525
0 0.951600021966 0.736119973878 0.0784784850477 0.052318986581
0 0.821400016241 0.856959971221 0.0233520197155 0.0155680121169
0 0.616200007218 0.825799971906 0.0230300893734 0.015353391903
0 0.639000008221 0.866519971011 0.0571585640495 0.0381057068531
0 0.61920000735 0.863219971084 0.0250874161908 0.0167249430241
0 0.437199999348 0.833939971727 0.0251952539513 0.0167968348597
0 0.354199995698 0.905479970155 0.0669982155654 0.0446654740976
0 0.379999996833 0.856259971237 0.0231986724413 0.0154657806075
0 0.391599997343 0.895399970376 0.0267041911294 0.0178027929121
0 0.335199994863 0.774339973038 0.0198222622647 0.0132148406382
0 0.333199994775 0.800279972468 0.0259522948172 0.017301528737
0 0.126399985682 0.866979971001 0.0335943314933 0.0223962195184
0 0.280199992444 0.859419971167 0.036489923765 0.0243266142388
0 0.275399992233 0.800259972468 0.0300711036684 0.0200474011233
0 0.113599985119 0.804759972369 0.025743148922 0.0171620981494
0 0.167199987476 0.78789997274 0.021174488422 0.0141163246836
0 0.0807999836766 0.91387996997 0.0246265828984 0.0164177208494
0 0.309199993719 0.94161996936 0.0239465124708 0.0159643405942
0 0.480800001265 0.969799968741 0.0352443481636 0.0234962305594
0 0.336799994933 0.942279969346 0.0364869557532 0.0243246355645
0 0.34559999532 0.969039968757 0.0267219992 0.0178146649583
0 0.547200004184 0.939919969397 0.0250555595312 0.0167037052524
0 0.563600004906 0.943499969319 0.0484242001126 0.0322827979458
0 0.522200003085 0.960639968942 0.0920210280335 0.0613473479761
0 0.802800015423 0.948219969215 0.029502234748 0.0196681552014
0 0.789600014843 0.972039968691 0.0432446238589 0.0288297473378
0 0.889000019214 0.945459969276 0.032334311568 0.0215562062903
0 0.882400018923 0.936439969474 0.0290301230109 0.0193534140641
0 0.963000022467 0.952499969121 0.0254054881176 0.0169369909613
0 0.234599990439 0.147259986824 0.0260111603838 0.0173407724455
0 0.72380001195 0.401479981235 0.0208165462039 0.0138776965539
0 0.169399987572 0.570319977523 0.0259808866638 0.0173205899668
0 0.718000011695 0.83019997181 0.0285778969526 0.0190519300452
