0 0.183600020058 0.390519985248 0.167916221355 0.111944154953
0 0.709400008498 0.482879989309 0.210020427832 0.140013627789
0 0.0650000226653 0.0818999716778 0.185215769136 0.123477187568
0 0.164600020476 0.955380010085 0.0416002381796 0.0277334939489
0 0.0726000224982 0.944960009627 0.0299645461172 0.0199763653957
0 0.125200021342 0.917000008398 0.0279406592995 0.0186271074282
0 0.180800020119 0.91546000833 0.0243795405624 0.0162530281136
0 0.234600018937 0.908900008041 0.0223718788724 0.0149145868987
0 0.258000018422 0.922900008657 0.0247122546147 0.0164748374964
0 0.222000019214 0.940080009412 0.0300697126464 0.0200464764198
0 0.260800018361 0.936640009261 0.0209508940573 0.0139672636261
0 0.286200017802 0.952700009967 0.0281146836878 0.0187431236948
0 0.356400016259 0.925780008784 0.0317675139701 0.0211783440436
0 0.265800018251 0.895140007436 0.0320820242206 0.0213880175577
0 0.332400016786 0.894600007413 0.0371420875328 0.0247613933217
0 0.284600017837 0.977040011038 0.0299595004982 0.0199730016495
0 0.490400013313 0.972920010856 0.0521690291596 0.034779355067
0 0.404400015203 0.940760009442 0.021409550717 0.0142730347527
0 0.0856000222124 0.965700010539 0.0254965020999 0.0169976691877
0 0.757200007447 0.9898400116 0.0234412532975 0.015627503229
0 0.85440000531 0.980940011209 0.0327037236272 0.0218024838562
0 0.921000003846 0.933220009111 0.0216404619861 0.0144269756089
0 0.840000005627 0.94252000952 0.0252084071489 0.0168056058743
0 0.862200005139 0.810140003699 0.0922859542895 0.0615239735842
0 0.728800008071 0.785620002621 0.0280124851698 0.0186749913449
0 0.705800008577 0.769860001928 0.0311335467839 0.0207556992249
0 0.797000006572 0.875240006561 0.0275783640692 0.0183855772588
0 0.65520000969 0.870160006338 0.0399806934171 0.0266537973694
0 0.388000015564 0.793260002957 0.0268519928018 0.0179013297153
0 0.33860001665 0.796380003094 0.0339697782592 0.0226465203332
0 0.494400013225 0.731400000237 0.0378998207849 0.0252665488564
0 0.854000005319 0.716959999602 0.0248931054288 0.0165954047137
0 0.921800003828 0.739060000573 0.020357291823 0.0135715287771
0 0.61560001056 0.702579998969 0.0331147931745 0.0220765302391
0 0.949400003222 0.857980005802 0.0255277651509 0.0170185112231
0 0.792600006669 0.894900007426 0.0291896973341 0.0194597995062
0 0.931800003608 0.771860002016 0.0273927644373 0.0182618441627
0 0.689000008946 0.825220004362 0.0730176257652 0.0486784203874
0 0.380600015727 0.839580004993 0.025970493484 0.0173136634646
0 0.270800018141 0.845340005247 0.0259685148098 0.0173123443484
0 0.225400019139 0.870380006348 0.0215573576733 0.0143715727301
0 0.279400017952 0.873880006502 0.0313371523503 0.0208914362781
0 0.367400016017 0.879920006767 0.0361880698087 0.0241253814637
0 0.538800012249 0.875240006561 0.0481006773133 0.0320671203239
0 0.153600020717 0.840500005034 0.0592328957474 0.0394885997694
0 0.304800017393 0.780020002375 0.0244280180782 0.0162853464596
0 0.452000014157 0.776700002229 0.0246248961526 0.0164165985178
0 0.168600020388 0.740540000639 0.0340610940696 0.0227073975441
0 0.297400017556 0.69463999862 0.030517981267 0.0203453221865
0 0.0814000223047 0.869960006329 0.024989170057 0.0166594478035
0 0.186000020005 0.782680002491 0.0200367466165 0.0133578319587
0 0.0326000233776 0.710459999316 0.0401272142353 0.0267514779213
0 0.241600018783 0.791940002899 0.0389287313243 0.0259524892612
0 0.135800021109 0.693459998568 0.0455452196948 0.0303634817992
0 0.229800019042 0.664899997313 0.0493192437666 0.032879498013
0 0.177000020203 0.677719997876 0.0497245751589 0.033149718959
0 0.0520000229511 0.819440004108 0.0247922919826 0.0165281957452
0 0.130400021227 0.811020003738 0.0403784069141 0.0269189397182
0 0.016800023725 0.684419998171 0.0424218826055 0.0282812569357
0 0.9322000036 0.691119998466 0.0314792211517 0.0209861488186
0 0.809800006291 0.689939998414 0.0281583134521 0.0187722102062
0 0.86260000513 0.682239998075 0.0254589072917 0.0169726059806
0 0.878800004774 0.699499998834 0.0202162123587 0.0134774757947
0 0.902800004246 0.646819996518 0.0207897310507 0.0138598216146
0 0.881800004708 0.579459993556 0.0300737689283 0.0200491806079
0 0.788800006752 0.559219992666 0.0198400664096 0.0132267118121
0 0.696800008775 0.638259996141 0.0254437704348 0.0169625147419
0 0.720400008256 0.612119994992 0.108655920971 0.0724372854251
0 0.797200006568 0.652179996753 0.0284216749767 0.0189477845675
0 0.563800011699 0.637579996111 0.029067019539 0.0193780143041
0 0.638600010055 0.663199997238 0.0403694039468 0.0269129377396
0 0.889800004532 0.549159992223 0.0272095392143 0.0181396940059
0 0.345600016496 0.564979992919 0.0210865321678 0.0140576890391
0 0.576800011413 0.547639992157 0.0297423410142 0.0198282286506
0 0.17120002033 0.635939996039 0.0327223231639 0.0218148835481
0 0.322800016997 0.63549999602 0.0234745939563 0.0156497303364
0 0.360800016162 0.649319996628 0.0256883345553 0.0171255574997
0 0.459200013999 0.623259995482 0.0208380106991 0.013892008049
0 0.520000012662 0.595799994274 0.0228710983514 0.0152473999066
0 0.182200020089 0.615459995139 0.059279394589 0.0395195989992
0 0.315600017156 0.61797999525 0.0268736592834 0.0179157740372
0 0.285200017824 0.564499992898 0.0265606330385 0.0177070898602
0 0.593800011039 0.652319996759 0.0270252257205 0.0180168183353
0 0.196200019781 0.479859989176 0.0209064728234 0.0139376494682
0 0.0886000221464 0.48993998962 0.021288851596 0.0141925686668
0 0.247800018646 0.468879988694 0.0459918064424 0.0306612063172
0 0.0390000232369 0.530859991419 0.0314984142906 0.0209989442454
0 0.0650000226653 0.570519993163 0.0353986777708 0.0235991200704
0 0.0338000233512 0.61639999518 0.0388813420792 0.0259208964291
0 0.0476000230478 0.589219993985 0.0754878025294 0.0503252050055
0 0.432800014579 0.543319991967 0.0443551461488 0.0295700993829
0 0.656800009654 0.559959992698 0.0337228397298 0.022481894636
0 0.610000010683 0.57749999347 0.0263666240416 0.0175777505204
0 0.680800009127 0.540299991834 0.04264092183 0.0284272830949
0 0.4000000153 0.449339987834 0.0328163101843 0.0218775415658
0 0.198000019741 0.531439991444 0.0205360650293 0.0136907109225
0 0.219400019271 0.517319990823 0.0202636016037 0.0135090686268
0 0.110600021663 0.507559990394 0.022365646049 0.0149104316827
0 0.0132000238041 0.443239987566 0.0207147393018 0.013809827112
0 0.207400019535 0.365079984129 0.0242166956828 0.0161444648534
0 0.224200019165 0.315899981967 0.0197939633027 0.0131959764055
0 0.111800021636 0.325019982368 0.029150717454 0.0194338129178
0 0.309200017296 0.326979982454 0.0305828817779 0.0203885891967
0 0.417400014918 0.295399981066 0.028857576884 0.0192383858582
0 0.4728000137 0.280879980427 0.0210317228949 0.0140211495214
0 0.409200015098 0.247339978952 0.0223085613008 0.0148723751814
0 0.142000020972 0.281099980437 0.0408268734021 0.0272179173966
0 0.142200020968 0.263759979674 0.0311087144238 0.020739144317
0 0.463800013898 0.343099983163 0.0208488934067 0.0138992631879
0 0.435400014522 0.323119982284 0.0438050747451 0.0292033850895
0 0.351000016377 0.355259983698 0.0542154728622 0.0361436509587
0 0.516400012741 0.382359984889 0.0399075814086 0.0266050560272
0 0.632800010182 0.325279982379 0.0421674251144 0.0281116185971
0 0.662200009536 0.348379983395 0.023489137211 0.0156594258402
0 0.592600011066 0.396339985504 0.0303160575736 0.0202107063821
0 0.662200009536 0.405159985892 0.0267496953501 0.0178331314096
0 0.852200005358 0.401899985748 0.0223398243518 0.0148932172168
0 0.933600003569 0.393999985401 0.0396558940613 0.0264372644512
0 0.97540000265 0.416439986388 0.024453641908 0.0163024290139
0 0.936400003507 0.436939987289 0.022843001179 0.0152286684571
0 0.871400004936 0.425059986767 0.0544375790315 0.036291721748
0 0.785000006836 0.365619984153 0.0693425353991 0.0462283599818
0 0.822200006018 0.332199982684 0.0289380099868 0.0192920079303
0 0.855800005279 0.347739983367 0.0205301290069 0.013686753574
0 0.625800010336 0.270219979958 0.0288028665448 0.0192019122963
0 0.870000004967 0.254519979268 0.0288199820759 0.0192133226511
0 0.774600007065 0.249159979032 0.029562875272 0.0197085848146
0 0.901800004268 0.243699978792 0.0230744071167 0.0153829390924
0 0.789000006748 0.19337997658 0.0228193560234 0.015212905019
0 0.845400005508 0.18951997641 0.0274110671728 0.0182740459872
0 0.720800008247 0.175039975773 0.0379813421584 0.0253208964423
0 0.922200003819 0.1824799761 0.0237858393945 0.0158572273088
0 0.751400007575 0.20657997716 0.0206224341543 0.013748290343
0 0.607000010749 0.118419973284 0.0393702724529 0.026246850033
0 0.772000007122 0.109979972912 0.0227318986275 0.0151546000845
0 0.555600011879 0.0790999715547 0.0333803312406 0.0222535556282
0 0.492600013264 0.0602399707254 0.0360493647533 0.0240329114206
0 0.616600010538 0.064779970925 0.0324259177816 0.0216172799469
0 0.658200009624 0.0449599700535 0.0267985686008 0.0178657135789
0 0.25720001844 0.146019974497 0.0218768146091 0.0145845440346
0 0.877400004804 0.140639974261 0.06308863906 0.0420590954807
0 0.984000002461 0.114559973114 0.0355405487048 0.0236937006993
0 0.2408000188 0.175519975794 0.0408668426192 0.027244563543
0 0.330000016839 0.171199975604 0.0355547951584 0.0237031983356
0 0.597200010965 0.139659974218 0.0261735054481 0.0174490047829
0 0.40640001516 0.146819974532 0.0282439900412 0.018829327936
0 0.432400014588 0.0294199693702 0.0333608413006 0.0222405623339
0 0.918600003899 0.0754199713929 0.0288706361332 0.0192470920249
0 0.922400003815 0.0610799707623 0.0266450234895 0.0177633501646
0 0.0970000219617 0.0100199685172 0.0295774185268 0.0197182803184
0 0.628000010288 0.0300199693966 0.0402115057525 0.0268076722698
0 0.486200013405 0.835080004796 0.0591881777124 0.0394587877441
0 0.140000021016 0.30481998148 0.0342097914293 0.0228065291237
0 0.603600010824 0.184099976172 0.0320674809658 0.0213783220539
0 0.1180000215 0.0948199722459 0.0600940147219 0.0400626791236
