0 0.589600006049 0.301339983437 0.100474123389 0.0669827445084
0 0.116599985251 0.310819983228 0.153770710539 0.102513800264
0 0.46000000035 0.780939972893 0.26693902022 0.177959335076
0 0.0931999842218 0.94343996932 0.057644922243 0.0384299456273
0 0.0969999843889 0.985679968391 0.0234295837561 0.0156197214739
0 0.206799989217 0.977719968566 0.021840708128 0.014560471125
0 0.506200002382 0.963139968887 0.0200390260568 0.0133593498234
0 0.611400007007 0.931379969585 0.027763870261 0.0185092456198
0 0.396799997571 0.918479969869 0.07759817276 0.0517321117613
0 0.27099999204 0.92433996974 0.0234645073612 0.0156430038757
0 0.370999996437 0.957379969014 0.0515666320289 0.0343777524185
0 0.779000014377 0.955359969058 0.0310658822761 0.0207105868181
0 0.902000019785 0.793939972607 0.0264816891812 0.0176544582897
0 0.975400023013 0.813519972176 0.0200056853914 0.0133371227146
0 0.689000010419 0.9170799699 0.0259094565142 0.0172729698702
0 0.706200011176 0.868299970972 0.0288894392535 0.0192596248987
0 0.657200009021 0.841719971556 0.0264499314554 0.0176332864739
0 0.335399994872 0.868739970962 0.0204367396325 0.0136244921897
0 0.491200001722 0.875319970818 0.0321478214959 0.0214318795837
0 0.553600004466 0.866619971009 0.020223339587 0.0134822255021
0 0.436599999321 0.82337997196 0.0485082937791 0.0323388603865
0 0.372799996516 0.712079974407 0.0366182408067 0.0244121589277
0 0.21299998949 0.76011997335 0.0227218118854 0.0151478735912
0 0.70880001129 0.765299973237 0.0405374014002 0.0270249324843
0 0.558600004686 0.834579971713 0.0538246953748 0.0358831278832
0 0.157599987054 0.806399972333 0.0430274643319 0.0286849743293
0 0.230799990272 0.712059974407 0.107815995143 0.0718773253546
0 0.402599997826 0.869159970953 0.0699198274068 0.0466132151968
0 0.156399987001 0.492519979234 0.0229934838951 0.0153289882523
0 0.0559999825861 0.603439976795 0.0225830078689 0.0150553375863
0 0.195999988742 0.547399978027 0.0270850859718 0.0180567227902
0 0.149399986693 0.540959978169 0.0201727844534 0.0134485220819
0 0.0629999828939 0.469779979734 0.0249602863538 0.016640189805
0 0.0451999821112 0.440239980383 0.0412176696952 0.0274784446511
0 0.25939999153 0.478959979532 0.034928353845 0.0232855676942
0 0.470400000808 0.584679977208 0.0208980675935 0.0139320441434
0 0.293799993042 0.687299974951 0.0229590549587 0.0153060356296
0 0.756200013374 0.726619974087 0.023384964646 0.0155899754024
0 0.673400009734 0.741239973766 0.0302039716614 0.0201359797795
0 0.655200008933 0.706159974537 0.0609924437718 0.0406616264994
0 0.663400009294 0.679439975124 0.0487020060132 0.0324680018673
0 0.63920000823 0.593419977015 0.0206201627592 0.0137467742661
0 0.789400014834 0.611819976611 0.0256222519097 0.0170815001465
0 0.896600019548 0.588159977131 0.0263253738953 0.017550248106
0 0.90280001982 0.565339977633 0.0681416915622 0.0454277913786
0 0.977600023109 0.57501997742 0.0238727079117 0.0159151375581
0 0.984600023417 0.66099997553 0.035846359882 0.0238975716785
0 0.729400012196 0.711879974411 0.0307261438635 0.0204840945579
0 0.553400004457 0.563279977678 0.0300020479281 0.0200013639662
0 0.539800003859 0.595559976968 0.0675833096167 0.0450555367728
0 0.682600010138 0.584939977202 0.0200898779916 0.0133932511111
0 0.830400016637 0.585979977179 0.0466514066892 0.0311009357415
0 0.623400007535 0.389199981505 0.0766057685617 0.0510705090061
0 0.556600004598 0.502379979017 0.028943654935 0.019295768684
0 0.72700001209 0.517359978688 0.0371827566432 0.0247885027938
0 0.919600020559 0.475259979613 0.0398550554969 0.0265700352455
0 0.911600020207 0.421179980802 0.0355722145292 0.023714808122
0 0.746400012943 0.441139980363 0.046800203012 0.0312001332835
0 0.931600021087 0.394739981383 0.0294653324684 0.0196435536833
0 0.910000020137 0.451699980131 0.0300961339009 0.0200640879439
0 0.966200022608 0.541299978161 0.0239174259555 0.0159449495854
0 0.927600020911 0.505019978959 0.0311287051917 0.020752468759
0 0.926800020876 0.489739979295 0.0337418416777 0.0224945596348
0 0.767400013867 0.534599978309 0.0233228342666 0.0155485551522
0 0.792800014984 0.522979978564 0.0210638805171 0.0140425860852
0 0.811800015819 0.471199979702 0.0308770177945 0.020584677172
0 0.882400018923 0.350079982365 0.128876017245 0.0859173391631
0 0.868600018317 0.439619980397 0.0238694430988 0.0159129610163
0 0.231799990316 0.426779980679 0.0227033112788 0.0151355398543
0 0.328399994564 0.408839981073 0.0211167111264 0.0140778064891
0 0.247599991011 0.393379981413 0.0423161308471 0.0282107520374
0 0.267199991873 0.413199980978 0.0557098775102 0.0371399158905
0 0.484000001406 0.369979981928 0.0264271766986 0.0176181166371
0 0.132199985937 0.382439981654 0.0223788086599 0.0149192047892
0 0.288199992796 0.310039983246 0.0278463809878 0.0185642527675
0 0.274399992189 0.327359982865 0.0243771709769 0.0162514462461
0 0.282799992559 0.317439983083 0.0274727083074 0.0183151376636
0 0.229999990237 0.35895998217 0.0698921259637 0.0465947475693
0 0.361999996041 0.379479981719 0.0918662956872 0.0612441930854
0 0.316399994036 0.269459984138 0.0242843711426 0.0161895796939
0 0.494000001845 0.266219984209 0.0375028072445 0.0250018698473
0 0.277799992339 0.289439983698 0.0233406423371 0.0155604271984
0 0.64240000837 0.365419982028 0.142284505033 0.0948563304323
0 0.014399980757 0.377059981772 0.0200924502685 0.0133949659622
0 0.0199999810032 0.390259981482 0.0235163486332 0.0156775647214
0 0.0479999822344 0.455519980047 0.0216083128073 0.0144055409214
0 0.0591999827268 0.255539984444 0.0424132837653 0.0282755206453
0 0.0429999820145 0.131839987163 0.0365964753871 0.0243976486489
0 0.0315999815132 0.0866199881575 0.0328210654964 0.0218807088878
0 0.142999986412 0.107279987703 0.0540987417939 0.0360658254838
0 0.149599986702 0.125059987312 0.0885146189419 0.0590097420692
0 0.228999990193 0.154159986673 0.0327696199593 0.0218464118653
0 0.519000002944 0.240159984782 0.0236466443494 0.0157644285265
0 0.590800006102 0.188419985919 0.0211862615353 0.0141241734253
0 0.508600002487 0.179799986109 0.0422527143292 0.0281684743616
0 0.252999991248 0.231119984981 0.0205292426656 0.0136861608744
0 0.30079999335 0.229419985018 0.0264327169872 0.0176218101626
0 0.352399995619 0.231979984962 0.021918865771 0.0146125762169
0 0.255599991363 0.0551199888501 0.0260405437002 0.0173603613218
0 0.331999994722 0.0563399888232 0.0487955973173 0.032530396066
0 0.420599998618 0.0484399889969 0.0449788331295 0.0299858867752
0 0.495200001898 0.0725599884666 0.0371820641071 0.0247880411031
0 0.613000007078 0.0846799882002 0.0304601110762 0.0203067393781
0 0.570000005187 0.0901999880788 0.0238612315996 0.0159074866839
0 0.624800007597 0.128779987231 0.0275325632112 0.0183550409302
0 0.548400004237 0.126879987272 0.0346047416296 0.0230698262315
0 0.573400005336 0.150939986743 0.0492893755402 0.0328595815262
0 0.47000000079 0.115679987519 0.0364349166137 0.0242899428071
0 0.330799994669 0.0981599879038 0.100308904068 0.0668725983015
0 0.374399996586 0.165879986415 0.0247235379492 0.0164823575457
0 0.380799996868 0.152359986712 0.0220907136518 0.0147271414632
0 0.53300000356 0.194999985775 0.0334127881074 0.0222751906024
0 0.0879999839932 0.163739986462 0.041806226427 0.0278708157797
0 0.202399989023 0.216479985303 0.0201425107335 0.0134283396033
0 0.495200001898 0.229659985013 0.132186339693 0.0881242206496
0 0.680200010033 0.24067998477 0.0216849864444 0.0144566566761
0 0.693200010604 0.260099984344 0.0461530775149 0.0307687163139
0 0.629600007808 0.249139984584 0.0207114785876 0.013807651481
0 0.708600011281 0.279079983926 0.0201059052551 0.0134039359527
0 0.860200017947 0.105939987733 0.0238673654905 0.0159115759442
0 0.893600019416 0.0577799887916 0.0352960905019 0.0235307254493
0 0.918200020498 0.0153599897242 0.0270639141545 0.0180426082463
0 0.801800015379 0.0594599887546 0.0212012005278 0.014134132753
0 0.402599997826 0.0289599894252 0.0199136770269 0.013275783809
0 0.349599995496 0.0237599895395 0.0303588029415 0.0202392006261
0 0.501600002179 0.597819976919 0.603304782159 0.402203161579
0 0.65080000874 0.175239986209 0.067111791482 0.0447411913704
0 0.739200012627 0.179319986119 0.0660053166984 0.0440035415633
0 0.549000004264 0.829239971831 0.028548216835 0.0190321433014
0 0.0591999827268 0.772799973072 0.025458615528 0.0169724092326
