0 0.624399988381 0.181400008059 0.158554135241 0.105702756827
0 0.910599982089 0.10450000975 0.137592060293 0.0917280401951
0 0.651599987783 0.169360008324 0.357418811533 0.238279207689
0 0.828999983883 0.281920005849 0.254147845352 0.169431896902
0 0.723199986209 0.61071999862 0.259662410472 0.173108273648
0 0.181999998108 0.770479995108 0.443127065118 0.295418043412
0 0.202399997659 0.971339990692 0.0250814768587 0.0167209845725
0 0.153199998741 0.9891599903 0.0283948658152 0.0189299105435
0 0.114999999581 0.981639990466 0.0401727263895 0.026781817593
0 0.244399996736 0.951599991126 0.0886990197054 0.0591326798036
0 0.307999995338 0.934479991502 0.029624710792 0.0197498071947
0 0.296999995579 0.934099991511 0.0704181472921 0.0469454315281
0 0.49799999116 0.974019990633 0.0212279098334 0.0141519398889
0 0.353799994331 0.949919991163 0.0218020221655 0.0145346814437
0 0.371199993948 0.931279991573 0.0550450356151 0.0366966904101
0 0.412999993029 0.904739992156 0.0412692087222 0.0275128058148
0 0.411199993069 0.876239992783 0.0337752768215 0.0225168512143
0 0.342999994568 0.911779992001 0.0507841584966 0.0338561056644
0 0.316599995149 0.896339992341 0.0337378798782 0.0224919199188
0 0.469199991794 0.937799991429 0.0337973390393 0.0225315593595
0 0.569199989595 0.955399991042 0.0395392538301 0.0263595025534
0 0.609599988707 0.973879990636 0.0238412438421 0.0158941625614
0 0.845399983523 0.958199990981 0.0439623822367 0.0293082548245
0 0.866199983065 0.968199990761 0.0588005593316 0.0392003728878
0 0.961399980972 0.926999991667 0.033288621891 0.022192414594
0 0.969599980792 0.887399992537 0.0728603259787 0.0485735506524
0 0.934399981566 0.924239991727 0.0521555776156 0.034770385077
0 0.898599982353 0.919019991842 0.0258710668161 0.0172473778774
0 0.887999982586 0.930559991589 0.0235517638001 0.0157011758667
0 0.861399983171 0.936119991466 0.0229548967142 0.0153032644761
0 0.970799980766 0.846839993429 0.0260554792557 0.0173703195038
0 0.971999980739 0.857559993193 0.0226357365585 0.015090491039
0 0.931799981623 0.816359994099 0.0359380667047 0.0239587111364
0 0.912599982045 0.793539994601 0.0508121567371 0.0338747711581
0 0.897799982371 0.859279993156 0.0582564239143 0.0388376159429
0 0.87419998289 0.859639993148 0.0552612057764 0.0368408038509
0 0.931399981632 0.879759992705 0.0334288109612 0.0222858739741
0 0.946399981302 0.84087999356 0.0216700445934 0.0144466963956
0 0.958399981038 0.733699995917 0.0225921067914 0.0150614045276
0 0.920399981874 0.738659995808 0.0323129376209 0.0215419584139
0 0.967799980832 0.721039996195 0.0261836973467 0.0174557982312
0 0.965399980884 0.771939995076 0.0386421229275 0.025761415285
0 0.924799981777 0.759799995343 0.0297100905857 0.0198067270571
0 0.951799981183 0.788699994707 0.0283912052679 0.0189274701786
0 0.863599983123 0.758459995372 0.150199183243 0.100132788829
0 0.836199983725 0.722199996169 0.0580905120789 0.0387270080526
0 0.753799985537 0.770439995109 0.0253465202738 0.0168976801825
0 0.76999998518 0.807259994299 0.0341637895094 0.022775859673
0 0.702199986671 0.785779994772 0.0239164334634 0.0159442889756
0 0.679999987159 0.75535999544 0.0292104753389 0.0194736502259
0 0.648599987849 0.749759995563 0.0297675710725 0.0198450473817
0 0.697399986777 0.742999995712 0.0223950308366 0.0149300205578
0 0.787999984785 0.775739994992 0.0445150259533 0.0296766839689
0 0.732599986003 0.876739992772 0.0219055068285 0.014603671219
0 0.706599986574 0.901679992223 0.0491663944341 0.0327775962894
0 0.688199986979 0.893919992394 0.0210346922934 0.0140231281956
0 0.66359998752 0.90547999214 0.0334834223704 0.0223222815803
0 0.681199987133 0.917279991881 0.0312792781955 0.0208528521303
0 0.710599986486 0.841999993536 0.0248075294095 0.0165383529397
0 0.707999986543 0.823119993951 0.0199389024967 0.0132926016644
0 0.675799987251 0.8163199941 0.0218651418739 0.0145767612493
0 0.68859998697 0.824999993909 0.032991919688 0.0219946131253
0 0.725999986148 0.831239993772 0.0256645921586 0.0171097281058
0 0.780999984939 0.817119994083 0.128224027081 0.0854826847206
0 0.739199985858 0.857219993201 0.0206159058895 0.0137439372597
0 0.529999990457 0.874579992819 0.0549297778404 0.0366198518936
0 0.449599992224 0.836719993652 0.033618664755 0.02241244317
0 0.453399992141 0.867499992975 0.0250118275253 0.0166745516835
0 0.456999992062 0.894519992381 0.0311698575097 0.0207799050065
0 0.452199992167 0.90909999206 0.0680136623499 0.0453424415666
0 0.638199988078 0.854179993268 0.147098600701 0.0980657338009
0 0.621799988439 0.760299995332 0.0414833012755 0.0276555341837
0 0.61399998861 0.752739995498 0.0204369348041 0.0136246232027
0 0.584599989256 0.749579995567 0.0225807294145 0.0150538196097
0 0.4961999912 0.736099995864 0.0293313723352 0.0195542482235
0 0.554799989912 0.779979994899 0.0309416174356 0.0206277449571
0 0.482399991503 0.838679993609 0.0199394960989 0.0132929973993
0 0.417999992919 0.841379993549 0.0406534452973 0.0271022968649
0 0.408999993117 0.830519993788 0.0259699015946 0.0173132677297
0 0.427199992717 0.819799994024 0.0258124980584 0.017208332039
0 0.294999995623 0.836059993666 0.0215338128716 0.0143558752478
0 0.360999994172 0.767599995171 0.0667196093939 0.0444797395959
0 0.230599997039 0.82631999388 0.147981089415 0.0986540596097
0 0.199999997712 0.734399995901 0.0258863026078 0.0172575350718
0 0.207199997554 0.721139996193 0.0246417165078 0.0164278110052
0 0.133599999172 0.78947999469 0.0265735951067 0.0177157300711
0 0.0958000000029 0.870179992916 0.170320321637 0.113546881092
0 0.0682000006096 0.649779997762 0.0410440355932 0.0273626903955
0 0.138999999053 0.591099999052 0.030474254579 0.0203161697193
0 0.17459999827 0.561999999691 0.0859453976927 0.0572969317952
0 0.118399999506 0.553519999878 0.0727195433062 0.0484796955374
0 0.134399999154 0.529120000414 0.06211879604 0.0414125306934
0 0.104599999809 0.49246000122 0.0230718363621 0.0153812242414
0 0.0490000010318 0.499160001073 0.0686860158583 0.0457906772389
0 0.0896000001392 0.518660000644 0.0528986687282 0.0352657791521
0 0.0416000011945 0.541900000133 0.0377227319397 0.0251484879598
0 0.0762000004338 0.474120001623 0.0296264915988 0.0197509943992
0 0.0542000009174 0.461820001894 0.0313666366634 0.0209110911089
0 0.259799996397 0.669299997332 0.0430921613039 0.0287281075359
0 0.28059999594 0.681619997062 0.0332569631031 0.0221713087354
0 0.229399997066 0.625319998299 0.0239539293404 0.0159692862269
0 0.194999997822 0.628519998229 0.0211350110776 0.0140900073851
0 0.328399994889 0.675159997204 0.0318891055977 0.0212594037318
0 0.308199995333 0.703579996579 0.0216511482543 0.0144340988362
0 0.379799993759 0.70353999658 0.0279959650875 0.018663976725
0 0.370799993957 0.69579999675 0.0224098708935 0.014939913929
0 0.371599993939 0.649979997757 0.0202967457338 0.0135311638226
0 0.345799994507 0.603619998776 0.0251567654137 0.0167711769425
0 0.169399998385 0.465740001808 0.0545576881487 0.0363717920991
0 0.129199999269 0.495840001146 0.0204392102795 0.0136261401863
0 0.258399996428 0.45926000195 0.0640905449249 0.0427270299499
0 0.215399997373 0.476340001575 0.0378761781274 0.0252507854183
0 0.223399997198 0.509060000855 0.195447505871 0.130298337247
0 0.135799999123 0.46338000186 0.0227076613673 0.0151384409115
0 0.205799997584 0.425020002703 0.0455495757821 0.0303663838548
0 0.291799995694 0.432860002531 0.0252483780313 0.0168322520208
0 0.384999993645 0.50338000098 0.0409327351669 0.0272884901113
0 0.366199994058 0.451760002115 0.0237979108762 0.0158652739174
0 0.388799993561 0.412720002973 0.0337041434824 0.0224694289883
0 0.335399994735 0.419400002827 0.108735075108 0.0724900500717
0 0.282599995896 0.432340002542 0.0582041869143 0.0388027912762
0 0.232399997 0.420000002813 0.0272632620147 0.0181755080098
0 0.311199995267 0.503600000975 0.0363532914949 0.0242355276633
0 0.388999993557 0.638159998017 0.0397807510216 0.0265205006811
0 0.463599991917 0.590119999073 0.0520721764962 0.0347147843308
0 0.43659999251 0.586659999149 0.0749653385739 0.0499768923826
0 0.486399991415 0.557839999783 0.0605846309644 0.0403897539763
0 0.531399990426 0.576719999368 0.0267762113493 0.0178508075662
0 0.436399992515 0.630119998194 0.0322082657534 0.0214721771689
0 0.480599991543 0.645179997863 0.0243322518559 0.0162215012373
0 0.436199992519 0.691539996843 0.0225539183785 0.0150359455857
0 0.438399992471 0.705439996538 0.0240666148386 0.0160444098924
0 0.536999990303 0.653579997678 0.0237227212549 0.0158151475032
0 0.54939999003 0.662419997484 0.0214546659018 0.0143031106012
0 0.479599991565 0.660419997528 0.024407540411 0.0162716936073
0 0.437799992484 0.500940001034 0.156514122095 0.104342748063
0 0.536199990321 0.510580000822 0.0278051219566 0.0185367479711
0 0.543999990149 0.530840000376 0.0302272170995 0.0201514780664
0 0.558799989824 0.521520000581 0.0239086177002 0.0159390784668
0 0.573799989494 0.55067999994 0.0207199841548 0.0138133227699
0 0.581999989314 0.586939999143 0.0325266344393 0.0216844229596
0 0.610199988694 0.562599999678 0.0272423870014 0.0181615913343
0 0.61219998865 0.587139999139 0.0214502138848 0.0143001425899
0 0.586599989212 0.551499999922 0.0246553693601 0.0164369129067
0 0.642599987981 0.517140000678 0.0249822463453 0.0166548308969
0 0.612999988632 0.503580000976 0.0332571609705 0.022171440647
0 0.59079998912 0.5388600002 0.0313345821406 0.0208897214271
0 0.575399989459 0.533340000322 0.0359733860399 0.02398225736
0 0.660999987577 0.666159997401 0.0261898312369 0.0174598874913
0 0.779599984969 0.602259998806 0.129157961324 0.0861053075496
0 0.754199985528 0.540180000171 0.0444079796766 0.0296053197844
0 0.9009999823 0.666359997397 0.0238824002664 0.0159216001776
0 0.755399985501 0.647739997806 0.0399950414423 0.0266633609616
0 0.787599984793 0.690179996873 0.0235931180918 0.0157287453946
0 0.981599980528 0.643599997897 0.0223813779844 0.0149209186562
0 0.971599980748 0.40968000304 0.0494862471257 0.0329908314172
0 0.963599980924 0.38602000356 0.0350664606999 0.0233776404666
0 0.894999982432 0.447220002215 0.0336904906301 0.0224603270867
0 0.86599998307 0.439820002378 0.0247309547163 0.0164873031442
0 0.936999981509 0.35054000434 0.0917286667752 0.0611524445168
0 0.890799982525 0.368960003935 0.0218910625065 0.014594041671
0 0.886599982617 0.415540002911 0.0570416168618 0.0380277445745
0 0.98379998048 0.261640006295 0.0221168292378 0.0147445528252
0 0.972599980726 0.284520005792 0.0233217429192 0.0155478286128
0 0.912799982041 0.281120005867 0.0731764191893 0.0487842794595
0 0.951199981197 0.252700006491 0.0474098263733 0.0316065509155
0 0.882599982705 0.272180006063 0.0593547859876 0.0395698573251
0 0.985999980432 0.221800007171 0.0226504776816 0.0151003184544
0 0.966399980862 0.212340007379 0.0336386493649 0.0224257662433
0 0.974799980678 0.198480007684 0.0405756833995 0.0270504555996
0 0.818999984103 0.489900001277 0.0207939865715 0.0138626577144
0 0.835799983734 0.445980002242 0.0204990651754 0.0136660434502
0 0.819799984086 0.448760002181 0.0198742987826 0.0132495325217
0 0.806999984367 0.409920003035 0.0305969323822 0.0203979549214
0 0.763599985321 0.488900001299 0.0253259420616 0.0168839613744
0 0.737999985884 0.430580002581 0.0224095740923 0.0149397160616
0 0.751999985576 0.413080002965 0.0255189617342 0.0170126411561
0 0.846199983505 0.363260004061 0.0295861266443 0.0197240844295
0 0.771799985141 0.355980004221 0.0266680768018 0.0177787178679
0 0.767399985238 0.316180005096 0.0207417495715 0.0138278330476
0 0.70359998664 0.438640002404 0.0199213912296 0.0132809274864
0 0.650599987805 0.46426000184 0.0205006481147 0.0136670987432
0 0.652999987753 0.447540002208 0.039243936699 0.026162624466
0 0.778599984991 0.447200002215 0.027020775486 0.018013850324
0 0.83139998383 0.467720001764 0.0311113876858 0.0207409251239
0 0.691599986904 0.322120004965 0.031970824844 0.0213138832293
0 0.587799989186 0.353920004266 0.0233658673548 0.0155772449032
0 0.638599988069 0.434840002487 0.0225176097061 0.0150117398041
0 0.473399991701 0.441120002349 0.0501174442098 0.0334116294732
0 0.575399989459 0.456580002009 0.0261834005456 0.0174556003637
0 0.57759998941 0.470940001693 0.0306314602477 0.0204209734985
0 0.480199991552 0.333900004706 0.0808016361262 0.0538677574174
0 0.423999992787 0.397560003307 0.0308212151078 0.0205474767385
0 0.389199993552 0.385500003572 0.0218941294516 0.0145960863011
0 0.361399994164 0.362420004079 0.0207976471189 0.0138650980793
0 0.343999994546 0.374600003811 0.0215545889512 0.0143697259675
0 0.40839999313 0.327340004851 0.104388917129 0.0695926114193
0 0.450399992207 0.283160005822 0.0379934145764 0.0253289430509
0 0.483999991468 0.261380006301 0.0308592056533 0.0205728037689
0 0.53939999025 0.251520006517 0.096479067902 0.0643193786013
0 0.561999989753 0.250520006539 0.0243066280245 0.016204418683
0 0.588399989173 0.269420006124 0.0496283159365 0.0330855439577
0 0.441799992396 0.230620006977 0.020666263149 0.013777508766
0 0.455399992097 0.241480006738 0.0497743420958 0.0331828947305
0 0.401199993289 0.232580006934 0.136534458909 0.0910229726058
0 0.353599994335 0.260660006316 0.0198510493602 0.0132340329068
0 0.324999994964 0.285740005765 0.0199461246577 0.0132974164384
0 0.291799995694 0.295780005544 0.0200487189173 0.0133658126115
0 0.30879999532 0.280680005876 0.0882160253223 0.0588106835482
0 0.3369999947 0.30462000535 0.0244399906686 0.0162933271124
0 0.305799995386 0.33644000465 0.0633058027195 0.0422038684796
0 0.258599996424 0.308540005264 0.0228603160853 0.0152402107235
0 0.264999996283 0.333480004716 0.0633835646173 0.0422557097448
0 0.22739999711 0.324400004915 0.0468308662893 0.0312205775262
0 0.150199998807 0.363940004046 0.0481471793306 0.0320981195537
0 0.146599998886 0.393000003407 0.0826947327098 0.0551298218065
0 0.136999999097 0.422640002755 0.0554175210417 0.0369450140278
0 0.092200000082 0.440760002357 0.0299632619553 0.0199755079702
0 0.064000000702 0.403960003166 0.055782883241 0.0371885888273
0 0.105399999792 0.39652000333 0.0281987791976 0.0187991861317
0 0.137999999075 0.34694000442 0.0253964817985 0.0169309878656
0 0.108399999726 0.3296200048 0.0259585242177 0.0173056828118
0 0.180799998134 0.334440004694 0.107096732833 0.0713978218886
0 0.186399998011 0.290760005655 0.031921654789 0.0212811031927
0 0.147199998873 0.290020005671 0.0304126188763 0.0202750792509
0 0.125599999348 0.343220004501 0.0295966136178 0.0197310757452
0 0.0880000001743 0.359400004146 0.0840669432985 0.0560446288657
0 0.0430000011637 0.352420004299 0.0279314603071 0.0186209735381
0 0.0280000014935 0.375080003801 0.0449165978912 0.0299443985942
0 0.0920000000864 0.274000006023 0.0327057044585 0.0218038029723
0 0.06500000068 0.28186000585 0.0559608649893 0.0373072433262
0 0.0808000003326 0.331320004763 0.022183114825 0.0147887432167
0 0.0158000017617 0.10494000974 0.0222803666642 0.0148535777761
0 0.0900000001304 0.190100007868 0.0244050670682 0.0162700447121
0 0.134399999154 0.190720007854 0.0883534442486 0.0589022961657
0 0.114199999598 0.219420007223 0.060740847296 0.0404938981973
0 0.0360000013176 0.187800007918 0.0838281173172 0.0558854115448
0 0.0648000006844 0.232540006935 0.080655214232 0.0537701428214
0 0.0864000002095 0.204260007556 0.0275107941627 0.0183405294418
0 0.0616000007548 0.128220009228 0.0252112778892 0.0168075185928
0 0.0798000003546 0.139100008989 0.0252217648627 0.0168145099084
0 0.0910000001084 0.125920009279 0.061367592363 0.040911728242
0 0.110999999669 0.101620009813 0.0710148165106 0.0473432110071
0 0.163599998512 0.1022200098 0.0251778382944 0.0167852255296
0 0.256399996472 0.0884800101019 0.0217239634666 0.014482642311
0 0.197399997769 0.0684400105425 0.0223132126566 0.0148754751044
0 0.179999998152 0.0682400105469 0.0213547428525 0.014236495235
0 0.16279999853 0.130500009178 0.0984952380236 0.0656634920158
0 0.222999997206 0.136620009044 0.0464130692225 0.0309420461484
0 0.205399997593 0.131580009154 0.0683386595946 0.0455591063964
0 0.136599999106 0.0455400110459 0.0228065950796 0.0152043967197
0 0.12639999933 0.0634200106529 0.0594655917453 0.0396437278302
0 0.127399999308 0.034940011279 0.0284853901619 0.0189902601079
0 0.103399999836 0.0364200112465 0.0345140148507 0.0230093432338
0 0.103399999836 0.0189800116299 0.0236695938514 0.0157797292343
0 0.067000000636 0.02898001141 0.0244897543258 0.0163265028839
0 0.26739999623 0.0673800105658 0.074837417284 0.0498916115227
0 0.222799997211 0.192780007809 0.0250314164003 0.0166876109335
0 0.202199997664 0.234800006885 0.0300191595027 0.0200127730018
0 0.270999996151 0.189800007874 0.0210391443105 0.014026096207
0 0.223399997198 0.278140005932 0.0516059019104 0.0344039346069
0 0.31199999525 0.159400008543 0.0267480152413 0.0178320101609
0 0.274999996063 0.168420008344 0.0339592935262 0.0226395290175
0 0.403199993245 0.175340008192 0.0314996035726 0.0209997357151
0 0.497799991165 0.166840008379 0.0358831584944 0.0239221056629
0 0.516599990751 0.148980008772 0.0198510493602 0.0132340329068
0 0.337999994678 0.195660007746 0.104170273625 0.0694468490833
0 0.337399994691 0.236640006845 0.0234040557677 0.0156027038452
0 0.410199993091 0.14722000881 0.0213592938032 0.0142395292022
0 0.279199995971 0.125640009285 0.0430183567546 0.028678904503
0 0.329999994854 0.193080007802 0.0420055723424 0.0280037148949
0 0.526399990536 0.190280007864 0.0276231828598 0.0184154552398
0 0.443199992365 0.108540009661 0.0205939426054 0.0137292950703
0 0.296599995588 0.107580009682 0.0206500380202 0.0137666920135
0 0.309599995302 0.0906800100535 0.0223612944408 0.0149075296272
0 0.318199995113 0.075740010382 0.023212124366 0.0154747495773
0 0.3915999935 0.0728400104457 0.0251692310615 0.0167794873743
0 0.398599993346 0.0643600106322 0.0293332520758 0.0195555013839
0 0.371999993931 0.0662000105917 0.0237743646526 0.0158495764351
0 0.355399994295 0.0708600104893 0.0235986583797 0.0157324389198
0 0.443199992365 0.0550800108362 0.0205519947114 0.0137013298076
0 0.520999990655 0.0698400105117 0.023856083899 0.0159040559326
0 0.515399990778 0.0955600099462 0.027109123291 0.0180727488607
0 0.52439999058 0.119460009421 0.0492793767334 0.0328529178223
0 0.543999990149 0.0866200101428 0.0251082878947 0.0167388585965
0 0.591399989107 0.078880010313 0.0260170929753 0.0173447286502
0 0.550599990004 0.040760011151 0.0540426392428 0.0360284261618
0 0.380999993733 0.0875000101234 0.0294556330778 0.0196370887185
0 0.465199991882 0.181220008063 0.0860772763312 0.0573848508874
0 0.593799989054 0.0431200110992 0.0203322629365 0.0135548419577
0 0.6007999889 0.0631800106581 0.030761657013 0.020507771342
0 0.701599986684 0.0653200106111 0.0686693949946 0.0457795966631
0 0.634999988148 0.268740006139 0.0272011316434 0.0181340877622
0 0.74999998562 0.248380006586 0.0227752330928 0.0151834887285
0 0.767399985238 0.260400006322 0.0443011312674 0.0295340875116
0 0.715199986385 0.214600007329 0.0225312625584 0.0150208417056
0 0.771599985145 0.21090000741 0.0276280306117 0.0184186870744
0 0.832399983809 0.197560007704 0.0470758261608 0.0313838841072
0 0.787799984789 0.179720008096 0.0654198182825 0.0436132121883
0 0.766199985264 0.172000008266 0.0637098480002 0.0424732320001
0 0.720199986275 0.250720006535 0.0777822781624 0.0518548521083
0 0.75319998555 0.104120009758 0.0360507522029 0.0240338348019
0 0.869199982999 0.146980008816 0.037260216835 0.0248401445567
0 0.858399983237 0.232200006942 0.0321378249503 0.0214252166335
0 0.906799982173 0.19408000778 0.0199477075971 0.0132984717314
0 0.844799983536 0.263420006256 0.0392594692919 0.0261729795279
0 0.867199983043 0.245060006659 0.0370913369882 0.0247275579921
0 0.860199983197 0.195580007747 0.0267570182091 0.0178380121394
0 0.937999981487 0.18634000795 0.0698699555926 0.0465799703951
0 0.964799980898 0.156120008615 0.039989303287 0.0266595355247
0 0.98059998055 0.166040008397 0.0214856321538 0.0143237547692
0 0.987199980405 0.273860006026 0.0211264038446 0.0140842692298
0 0.672799987317 0.0257400114813 0.0246634819245 0.016442321283
0 0.646399987898 0.00784001187479 0.0228758486781 0.0152505657854
0 0.53939999025 0.00810001186908 0.0209535666494 0.0139690444329
0 0.347799994463 0.0224200115542 0.020755996026 0.013837330684
0 0.286399995812 0.0160000116954 0.027597657962 0.0183984386413
0 0.378999993777 0.0202000116031 0.0281391221691 0.0187594147794
0 0.173999998284 0.0536400108679 0.0258464323217 0.0172309548811
0 0.0276000015023 0.0134600117512 0.0220835875105 0.0147223916737
0 0.734799985954 0.332580004735 0.1475942586 0.0983961723998
0 0.321799995034 0.960439990932 0.106574362832 0.0710495752215
0 0.779199984978 0.51976000062 0.166770580042 0.111180386695
0 0.630999988236 0.900339992253 0.0286073754291 0.0190715836194
0 0.645199987924 0.808619994269 0.0212580846156 0.0141720564104
0 0.470799991758 0.858979993162 0.027844497574 0.0185629983827
0 0.480999991534 0.89457999238 0.0314634927676 0.0209756618451
0 0.479199991574 0.380700003677 0.0209115198217 0.0139410132144
