0 0.800600015327 0.321299982998 0.175112693758 0.116741788139
0 0.234999990457 0.464079979859 0.417427109753 0.278284721481
0 0.046399982164 0.382739981647 0.131911303937 0.0879408634909
0 0.529800003419 0.409159981066 0.160210306718 0.106806864101
0 0.505000002329 0.539279978206 0.134446975316 0.0896313109654
0 0.158999987115 0.220159985222 0.35090803022 0.233938671383
0 0.365399996191 0.121819987384 0.177952091673 0.118634719958
0 0.28919999284 0.722499974178 0.142503148566 0.0950020927779
0 0.880400018835 0.85565997125 0.178428952229 0.118952626974
0 0.719200011747 0.743099973725 0.227219108192 0.15147939547
0 0.73040001224 0.936579969471 0.158670897952 0.105780591658
0 0.0397999818738 0.125099987312 0.0266171294512 0.0177447517971
0 0.0543999825158 0.148179986804 0.0314607267737 0.0209738164658
0 0.0977999844241 0.124159987332 0.0227293308486 0.015152886233
0 0.0295999814253 0.0265199894788 0.0234871631843 0.0156581077568
0 0.094999984301 0.107699987694 0.0246159969898 0.0164106635775
0 0.0479999822344 0.191019985862 0.0381271779847 0.02541811698
0 0.206599989208 0.122639987366 0.0200087523369 0.0133391673448
0 0.34399999525 0.0163399897026 0.0315770728347 0.0210513805013
0 0.425799998846 0.101399987833 0.0300260888234 0.0200173912286
0 0.275599992242 0.092239988034 0.0926900178839 0.0617933411803
0 0.216999989665 0.107239987704 0.0314329263969 0.0209552828825
0 0.32899999459 0.191699985847 0.0814361087651 0.0542907355959
0 0.265799991811 0.182239986055 0.0733143424551 0.0488762250798
0 0.273799992163 0.254599984464 0.0606200572299 0.0404133688211
0 0.493400001819 0.128659987233 0.0558566951585 0.0372377943163
0 0.504600002311 0.0782199883422 0.0267723564661 0.0178482364669
0 0.450199999919 0.14109998696 0.0287123478853 0.0191415639944
0 0.453800000078 0.189519985895 0.0826833662398 0.0551222405242
0 0.478800001177 0.207459985501 0.0344509986205 0.0229673308989
0 0.596200006339 0.15381998668 0.0694441540556 0.0462960996503
0 0.477000001098 0.153279986692 0.0280701690744 0.0187134448154
0 0.559200004712 0.105119987751 0.0956921617777 0.0637947703109
0 0.575000005407 0.128859987229 0.0228685306 0.0152456860611
0 0.48320000137 0.0915199880498 0.0218494142959 0.0145662752365
0 0.638200008186 0.122999987358 0.0501456469326 0.0334304290835
0 0.686600010314 0.0711199884983 0.0274010802903 0.0182673856554
0 0.687400010349 0.0966599879368 0.0293758963808 0.0195839296288
0 0.655000008924 0.049119988982 0.0226739279624 0.0151159509779
0 0.648000008617 0.0599799887432 0.0330344655419 0.0220229755754
0 0.667600009479 0.0215599895879 0.0247059277461 0.016470617411
0 0.695400010701 0.0321599893548 0.0271301008168 0.0180867326849
0 0.674800009795 0.039519989193 0.0277521960814 0.018501462834
0 0.730200012231 0.0853399881857 0.0214927582162 0.0143285045324
0 0.762800013665 0.173779986241 0.0209073673637 0.0139382439898
0 0.680800010059 0.15243998671 0.0442854066489 0.0295236024854
0 0.734600012425 0.0371399892454 0.0219130286812 0.014608684824
0 0.748000013014 0.0435199891051 0.0240024100255 0.0160016056283
0 0.764800013752 0.0371799892445 0.0377373791071 0.0251582510787
0 0.776200014254 0.0603599887349 0.0408850545108 0.0272567012095
0 0.711000011387 0.065219988628 0.0935988230844 0.062399211274
0 0.678200009945 0.216419985304 0.0560030181382 0.037335342963
0 0.669200009549 0.215799985317 0.149046625156 0.0993644102172
0 0.875400018616 0.0335799893236 0.0201692228393 0.0134461476727
0 0.804600015502 0.0327199893425 0.0231615722943 0.0154410471778
0 0.845000017279 0.112539987588 0.0752725376797 0.0501816884767
0 0.85800001785 0.128839987229 0.0241881086279 0.0161254046884
0 0.915200020366 0.111159987618 0.0772523004564 0.0515015302408
0 0.936600021307 0.0725199884675 0.0225541192211 0.015036078489
0 0.969800022766 0.136639987058 0.0436418427659 0.029094559925
0 0.880400018835 0.184619986003 0.167111923394 0.111407941581
0 0.773000014113 0.269119984145 0.0208843158057 0.0139228762855
0 0.909800020128 0.219739985231 0.0249632543655 0.0166421684794
0 0.887600019152 0.240379984777 0.0381352905502 0.0254235253566
0 0.962200022432 0.501019979047 0.025753932698 0.0171692873329
0 0.962000022423 0.340219982582 0.0276318926714 0.018421260566
0 0.941400021518 0.282219983857 0.023497353358 0.0156649012054
0 0.838400016989 0.379319981722 0.130814128923 0.0872094135301
0 0.664800009355 0.35985998215 0.10291580773 0.0686105339611
0 0.643400008414 0.312499983191 0.0531017866441 0.0354011887612
0 0.772000014069 0.385519981586 0.0249703775938 0.0166469172979
0 0.726600012073 0.287499983741 0.0349741601599 0.0233161052354
0 0.706400011185 0.294299983592 0.02268847122 0.0151256464824
0 0.679200009989 0.284299983811 0.027941753099 0.0186278341707
0 0.669600009566 0.281259983878 0.0237662552233 0.0158441691038
0 0.620600007412 0.391919981445 0.021889680322 0.0145931192522
0 0.5612000048 0.285339983789 0.0320832177732 0.0213888104381
0 0.636200008098 0.286899983754 0.0305519215733 0.0203679463721
0 0.683000010156 0.43309998054 0.111019469168 0.0740129745636
0 0.539000003824 0.48859997932 0.0243543172864 0.0162362104534
0 0.781200014474 0.413259980976 0.0532341599686 0.0354894376383
0 0.772200014078 0.445879980259 0.0226563177593 0.0151042108433
0 0.486400001511 0.35123998234 0.0440544953341 0.029369661619
0 0.445999999735 0.352359982315 0.085652960938 0.0571019701925
0 0.405199997941 0.370459981917 0.0243603522436 0.016240233758
0 0.403799997879 0.334079982717 0.0203928130585 0.013595207809
0 0.353599995672 0.381639981671 0.0399701154194 0.0266467418554
0 0.318399994124 0.35579998224 0.0229402575509 0.0152935040252
0 0.317599994089 0.340099982585 0.0328627165948 0.0219084762849
0 0.338399995003 0.315319983129 0.0377073032546 0.0251382005117
0 0.439199999436 0.292659983628 0.0484892985038 0.0323261968704
0 0.422599998706 0.312799983185 0.025398859558 0.0169325719218
0 0.372599996507 0.358999982169 0.0218092472034 0.0145394971766
0 0.378999996789 0.377199981769 0.0256354100951 0.0170902722696
0 0.38039999685 0.33075998279 0.101517874191 0.0676785783304
0 0.33899999503 0.356399982226 0.0351603534308 0.0234402340745
0 0.430799999066 0.266859984195 0.0205550643679 0.0137033753415
0 0.381399996894 0.269499984137 0.0348846251385 0.0232564152251
0 0.265399991794 0.342939982522 0.0417431067102 0.0278287359714
0 0.224199989982 0.321779982987 0.0216444236171 0.014429614793
0 0.0767999835007 0.327899982853 0.0418328395991 0.0278885578933
0 0.116999985268 0.349299982382 0.0270923081337 0.0180615375645
0 0.0119999806514 0.315219983132 0.0285607814181 0.0190405196896
0 0.0921999841779 0.26161998431 0.090212618469 0.0601417416793
0 0.0435999820409 0.233739984923 0.0933956132127 0.0622637380351
0 0.0505999823487 0.363719982065 0.0390138220308 0.0260092129717
0 0.0479999822344 0.408319981085 0.0256496565516 0.0170997699066
0 0.0943999842746 0.433859980523 0.0503994119379 0.0335996057425
0 0.0847999838525 0.471719979691 0.0288325523615 0.0192217003065
0 0.0345999816452 0.437379980446 0.022453305755 0.0149688695161
0 0.0465999821728 0.42993998061 0.0217193164471 0.0144795433431
0 0.0411999819354 0.445119980276 0.0214787096272 0.014319138807
0 0.00959998054589 0.511659978813 0.0274750827168 0.0183167206031
0 0.0421999819793 0.55137997794 0.0432178128194 0.0288118733126
0 0.173399987748 0.596439976949 0.0425310148984 0.0283540080622
0 0.15159998679 0.614059976562 0.0417495374024 0.0278330230992
0 0.284399992629 0.423259980756 0.0362710823646 0.0241807199816
0 0.335399994872 0.555259977854 0.0215610224866 0.014374014043
0 0.199399988892 0.614039976562 0.0450822188724 0.0300548105993
0 0.166999987467 0.641359975961 0.0390643771644 0.0260429163919
0 0.229399990211 0.620279976425 0.0207136551296 0.0138091025089
0 0.332599994748 0.650599975758 0.0236782042078 0.0157854684307
0 0.409199998117 0.681099975088 0.0477128666278 0.0318085756539
0 0.38699999714 0.670899975312 0.0598404594746 0.0398936370185
0 0.386799997132 0.432299980558 0.027748733401 0.0184991543805
0 0.421599998662 0.540939978169 0.044935796959 0.0299571959968
0 0.451399999972 0.558319977787 0.0197891194668 0.013192745441
0 0.451999999998 0.571499977497 0.0210356844054 0.0140237886786
0 0.473400000939 0.517519978684 0.0292406539783 0.0194937680331
0 0.384599997035 0.514659978747 0.0444219351898 0.0296146215066
0 0.517200002865 0.587639977142 0.0420430737653 0.0280287139949
0 0.41359999831 0.436519980465 0.0425724681293 0.0283816435476
0 0.488600001608 0.44949998018 0.04530709523 0.0302047281611
0 0.553800004475 0.457139980012 0.0212120832376 0.0141413878923
0 0.42359999875 0.463299979876 0.059205403892 0.039470266658
0 0.588800006014 0.530679978395 0.0694131877996 0.0462754554809
0 0.569800005178 0.507219978911 0.0251919891384 0.0167946583179
0 0.612800007069 0.515619978726 0.0226430606401 0.0150953727644
0 0.614400007139 0.550479977959 0.090663162654 0.0604421044495
0 0.583400005776 0.612579976594 0.0547922672081 0.0365281757295
0 0.655200008933 0.590639977077 0.0975621081194 0.0650414011231
0 0.691200010516 0.646359975851 0.019923372532 0.0132822474786
0 0.711200011396 0.663479975475 0.0808565550024 0.0539043664463
0 0.81500001596 0.61005997665 0.0475001591184 0.031666770657
0 0.822800016303 0.586639977164 0.046599961152 0.031066638719
0 0.679200009989 0.493999979201 0.100208981006 0.0668059829309
0 0.773600014139 0.520119978627 0.173238889001 0.11549258505
0 0.803000015432 0.574179977438 0.0449451956629 0.029963461799
0 0.818800016127 0.487999979333 0.0327459747989 0.0218306484261
0 0.912400020243 0.417459980884 0.0433534509567 0.0289022987316
0 0.955600022142 0.607219976712 0.0406415786129 0.0270943839549
0 0.865000018158 0.60685997672 0.0393750290618 0.0262500176432
0 0.929600020999 0.649559975781 0.0411673124291 0.0274448731426
0 0.915800020392 0.769199973151 0.0629200684753 0.0419467095503
0 0.891000019302 0.786819972763 0.0237007610971 0.015800506356
0 0.845600017305 0.694279974798 0.10676531898 0.0711768746258
0 0.872000018466 0.735339973895 0.0498272782046 0.0332181832788
0 0.787200014737 0.81107997223 0.0299724667443 0.0199816431783
0 0.748400013031 0.835699971689 0.0272727632486 0.0181818409666
0 0.604200006691 0.893699970414 0.050925541489 0.0339503587535
0 0.584800005838 0.936539969472 0.0212492823183 0.0141661872778
0 0.595200006295 0.949119969195 0.0203501726229 0.0135667808538
0 0.604200006691 0.860499971144 0.0197995075079 0.0131996708013
0 0.518000002901 0.738859973818 0.0350020594704 0.0233347047745
0 0.475600001036 0.736859973862 0.0286878123214 0.0191252069529
0 0.459800000341 0.731539973979 0.0214521953888 0.0143014626493
0 0.340399995091 0.792299972643 0.0308601990613 0.0205734646839
0 0.38539999707 0.837619971647 0.038323363562 0.0255489073562
0 0.323799994361 0.84291997153 0.0473837141237 0.0315891406657
0 0.4019999978 0.771219973106 0.0265967491037 0.0177311648997
0 0.412399998257 0.790359972686 0.0322081710683 0.0214721126293
0 0.371399996454 0.651839975731 0.112208652546 0.07480576343
0 0.418399998521 0.687239974953 0.214106432242 0.14273761208
0 0.283199992576 0.774379973037 0.0359528125704 0.0239685401327
0 0.250799991152 0.823559971956 0.0536192100274 0.0357461376606
0 0.289599992858 0.78879997272 0.122356284748 0.0815708511189
0 0.205599989164 0.715859974324 0.0749465510549 0.0499643640745
0 0.219399989771 0.804919972366 0.119926472455 0.0799509763637
0 0.0215999810735 0.793999972606 0.0272965073427 0.0181976703616
0 0.0451999821112 0.803579972395 0.0322036201169 0.0214690786619
0 0.0431999820233 0.903659970195 0.037322549997 0.0248816983569
0 0.0761999834743 0.882519970659 0.0341431168674 0.0227620764103
0 0.139799986271 0.87703997078 0.0502705012939 0.0335136653188
0 0.150999986763 0.91297996999 0.0812563461863 0.0541708938846
0 0.0681999831226 0.959319968971 0.0342589682598 0.0228393106668
0 0.106399984802 0.959299968971 0.0742929948657 0.0495286599771
0 0.438199999392 0.931759969577 0.023171762468 0.0154478406265
0 0.223599989956 0.894139970404 0.0328066211725 0.0218710793392
0 0.369599996375 0.892219970446 0.0269490520995 0.017966033548
0 0.356999995821 0.933039969549 0.102462691268 0.0683084563398
0 0.303399993464 0.905599970152 0.132575149233 0.0883834269928
0 0.300199993324 0.856999971221 0.0291791172012 0.0194527435178
0 0.458000000262 0.942559969339 0.0322283535482 0.0214855676151
0 0.517400002874 0.95755996901 0.0205240981119 0.0136827311722
0 0.540000003868 0.975519968615 0.0260920881711 0.0173947243001
0 0.567000005055 0.936959969463 0.0228774346353 0.0152516220843
0 0.849000017455 0.924879969728 0.0205381467009 0.0136920968975
0 0.924000020753 0.919459969847 0.104297911872 0.0695319366618
0 0.951800021975 0.00815998988249 0.0225468970591 0.0150312637147
0 0.798200015221 0.31349998317 0.0224564716342 0.0149709801021
0 0.733000012354 0.267259984186 0.0832228518438 0.0554818975698
0 0.514200002733 0.291059983663 0.141613734375 0.0944091500235
0 0.656200008977 0.542679978131 0.0513737112646 0.0342491385841
0 0.231999990325 0.876699970787 0.122555141536 0.081703422302
0 0.982200023312 0.886739970567 0.0237965289432 0.0158643515825
