0 0.564000011695 0.0540399888738 0.0943398242423 0.0628932161615
0 0.595000011013 0.108759987671 0.100263381329 0.0668422542191
0 0.635400010125 0.121839987383 0.0930851469037 0.0620567646025
0 0.109000021698 0.103459987787 0.0713169600678 0.0475446400452
0 0.18440002004 0.0862599881654 0.0772114306428 0.0514742870952
0 0.162400020524 0.1256399873 0.0574065833262 0.0382710555508
0 0.628600010274 0.661819975512 0.109471141927 0.0729807612844
0 0.515600012759 0.392299981437 0.0916175642164 0.0610783761443
0 0.293800017635 0.763479973277 0.0989366802476 0.0659577868318
0 0.168200020396 0.847439971431 0.0901164430006 0.0600776286671
0 0.421000014839 0.841819971554 0.0780474205112 0.0520316136741
0 0.258200018418 0.356179982231 0.274662739922 0.183108493281
0 0.351400016369 0.216559985301 0.0749711756629 0.0499807837753
0 0.354000016312 0.226199985089 0.0717199170777 0.0478132780518
0 0.209600019486 0.246239984648 0.0757122881013 0.0504748587342
0 0.751000007583 0.0655599886205 0.0249598873264 0.0166399248842
0 0.659000009606 0.0698399885264 0.0241744525849 0.0161163017233
0 0.666800009435 0.0260199894898 0.0279235456101 0.0186156970734
0 0.9322000036 0.0252199895074 0.022468835386 0.0149792235907
0 0.97860000258 0.0525599889063 0.0207231500336 0.0138154333557
0 0.79620000659 0.133939987117 0.0324291847328 0.0216194564885
0 0.825000005956 0.151119986739 0.0585599525435 0.0390399683623
0 0.848200005446 0.146299986845 0.0360353185438 0.0240235456959
0 0.733200007975 0.142259986934 0.0488098373352 0.0325398915568
0 0.703800008621 0.137379987042 0.0389942280094 0.0259961520062
0 0.658200009624 0.168099986366 0.0210190607669 0.0140127071779
0 0.517000012728 0.017779989671 0.0201813890254 0.0134542593502
0 0.487000013387 0.0276999894529 0.0212017913334 0.0141345275556
0 0.504600013001 0.03965998919 0.023639122268 0.0157594148453
0 0.505600012979 0.0539799888751 0.0204210064764 0.0136140043176
0 0.478800013568 0.0678199885708 0.03223349385 0.0214889959
0 0.448000014245 0.0952999879667 0.0511515983038 0.0341010655359
0 0.356000016268 0.0519999889187 0.0207599533745 0.0138399689163
0 0.330000016839 0.0648199886368 0.0253039787775 0.016869319185
0 0.327000016905 0.10425998777 0.0238824002664 0.0159216001776
0 0.406000015168 0.0726999884636 0.0855296782339 0.0570197854893
0 0.355400016281 0.0697199885291 0.0269222375086 0.0179481583391
0 0.24580001869 0.133139987135 0.0278562706858 0.0185708471239
0 0.278200017978 0.0986399878933 0.0274758705623 0.0183172470415
0 0.306600017354 0.013139989773 0.0256166093082 0.0170777395388
0 0.293800017635 0.0219799895787 0.0326541599944 0.0217694399963
0 0.261000018356 0.0318399893619 0.0206340107588 0.0137560071726
0 0.168000020401 0.054119988872 0.0210894026363 0.0140596017575
0 0.161600020541 0.0663599886029 0.0199290091254 0.0132860060836
0 0.122200021408 0.0653599886249 0.0243533247367 0.0162355498244
0 0.072200022507 0.122139987377 0.0371877973576 0.0247918649051
0 0.0540000229071 0.0902799880771 0.0440723965247 0.0293815976832
0 0.0574000228324 0.0420199891381 0.0300423099914 0.0200282066609
0 0.233800018954 0.0316199893667 0.0452319985659 0.0301546657106
0 0.518600012693 0.0825399882472 0.0398369453702 0.0265579635801
0 0.112600021619 0.131499987171 0.040129591291 0.0267530608607
0 0.0360000233028 0.161339986515 0.0313121241879 0.0208747494586
0 0.0660000226433 0.167179986386 0.0890198617342 0.0593465744895
0 0.107800021724 0.206559985521 0.055974715709 0.0373164771394
0 0.070200022551 0.256959984413 0.0256018681851 0.0170679121234
0 0.0936000220365 0.288939983709 0.0282415185613 0.0188276790408
0 0.120800021438 0.311099983222 0.0200493125195 0.0133662083464
0 0.120800021438 0.234439984908 0.0288826090165 0.0192550726777
0 0.0540000229071 0.222559985169 0.0524860162144 0.0349906774763
0 0.305200017384 0.156799986615 0.0328404521746 0.021893634783
0 0.302400017446 0.177259986165 0.028599856467 0.019066570978
0 0.277400017996 0.166719986397 0.0343345490967 0.0228896993978
0 0.277400017996 0.187299985944 0.0296917878489 0.0197945252326
0 0.275600018035 0.204279985571 0.0210921727802 0.0140614485201
0 0.293800017635 0.214459985347 0.040120291522 0.0267468610147
0 0.251400018567 0.268379984161 0.0204431676279 0.0136287784186
0 0.421800014821 0.155779986637 0.0445973388019 0.0297315592012
0 0.447200014262 0.21067998543 0.0202089915311 0.0134726610207
0 0.433800014557 0.237559984839 0.0306628222345 0.0204418814897
0 0.40500001519 0.244079984696 0.0307706599809 0.0205137733206
0 0.304600017398 0.244999984675 0.0531462008762 0.0354308005841
0 0.699000008727 0.364099982057 0.0203132676638 0.0135421784425
0 0.864600005086 0.317279983086 0.0305099696491 0.0203399797661
0 0.854000005319 0.348599982398 0.0219120364535 0.0146080243023
0 0.874800004862 0.374639981825 0.0353744413461 0.0235829608974
0 0.886000004615 0.203019985598 0.0205147956356 0.0136765304237
0 0.914800003982 0.308099983288 0.0315137510935 0.0210091673956
0 0.886000004615 0.311439983215 0.0278557760172 0.0185705173448
0 0.87580000484 0.294759983582 0.0232643613661 0.015509574244
0 0.867800005016 0.199359985679 0.0239461135771 0.0159640757181
0 0.974200002676 0.237599984838 0.0541579959512 0.0361053306342
0 0.935800003521 0.213539985367 0.0441400671839 0.0294267114559
0 0.944200003336 0.17021998632 0.0226571062404 0.0151047374936
0 0.878800004774 0.397079981332 0.0208945032232 0.0139296688154
0 0.711200008458 0.456779980019 0.0430266671864 0.0286844447909
0 0.787200006788 0.44811998021 0.0337393638839 0.022492909256
0 0.498800013128 0.561399977719 0.0211006810795 0.0140671207196
0 0.459200013999 0.514299978755 0.0218040997735 0.0145360665156
0 0.49280001326 0.45857997998 0.0249118055422 0.0166078703615
0 0.762000007342 0.398579981299 0.0479921502035 0.0319947668024
0 0.409400015094 0.350159982364 0.0233251066654 0.0155500711103
0 0.5592000118 0.340959982566 0.0824163332436 0.0549442221624
0 0.297600017551 0.46537997983 0.0513941837662 0.0342627891775
0 0.291000017697 0.479279979525 0.0258451461835 0.0172300974556
0 0.303000017433 0.530279978404 0.0693770678383 0.0462513785588
0 0.231200019011 0.56453997765 0.0207556992249 0.0138371328166
0 0.191000019895 0.552239977921 0.024047916367 0.0160319442447
0 0.25580001847 0.461139979924 0.0340705939525 0.0227137293017
0 0.293600017639 0.425959980697 0.0288516427646 0.0192344285097
0 0.290000017719 0.440499980377 0.0237598213969 0.0158398809313
0 0.0672000226169 0.479919979511 0.0225133555565 0.0150089037043
0 0.0514000229643 0.493219979218 0.0207902270905 0.0138601513936
0 0.0364000232941 0.489279979305 0.0262679888696 0.0175119925797
0 0.103600021817 0.422299980778 0.0377230287408 0.0251486858272
0 0.0892000221332 0.410419981039 0.0579388466981 0.0386258977987
0 0.0796000223443 0.387539981542 0.0373228418748 0.0248818945832
0 0.0236000235755 0.40171998123 0.0231572161557 0.0154381441038
0 0.0498000229995 0.418239980867 0.0232307239039 0.0154871492693
0 0.0580000228192 0.448299980206 0.0582119037438 0.0388079358292
0 0.0960000219837 0.45401998008 0.0555579079794 0.0370386053196
0 0.0128000238129 0.737019973858 0.0261394739774 0.0174263159849
0 0.0132000238041 0.746339973653 0.0208168402591 0.013877893506
0 0.0308000234172 0.677199975173 0.0208986584391 0.0139324389594
0 0.0192000236722 0.817379972092 0.0454071112365 0.030271407491
0 0.0464000230742 0.83793997164 0.0199216880307 0.0132811253538
0 0.0648000226697 0.823679971953 0.0407128055246 0.0271418703497
0 0.0892000221332 0.83153997178 0.0415810477832 0.0277206985221
0 0.107800021724 0.841799971555 0.0399766397719 0.0266510931812
0 0.37680001581 0.756019973441 0.0361075401537 0.0240716934358
0 0.426800014711 0.763519973276 0.0233852583624 0.0155901722416
0 0.41320001501 0.771799973094 0.0235770908304 0.0157180605536
0 0.208600019508 0.77197997309 0.044465262296 0.0296435081974
0 0.472000013717 0.614199976559 0.0716516528163 0.0477677685442
0 0.417000014926 0.787059972758 0.0232556551994 0.0155037701329
0 0.491400013291 0.791139972668 0.0201275690859 0.0134183793906
0 0.566200011646 0.714799974347 0.0222599863194 0.0148399908796
0 0.540200012218 0.726099974098 0.0320170268876 0.0213446845917
0 0.763200007315 0.647979975816 0.0247776514284 0.0165184342856
0 0.7548000075 0.730959973992 0.0266747053606 0.017783136907
0 0.736200007909 0.794759972589 0.0330977787601 0.0220651858401
0 0.869800004972 0.799039972495 0.0283793332224 0.0189195554816
0 0.938600003459 0.642759975931 0.0271777832873 0.0181185221915
0 0.980000002549 0.988979968319 0.0211861598068 0.0141241065379
0 0.97860000258 0.945399969277 0.0219013516126 0.0146009010751
0 0.93720000349 0.945179969282 0.0406041763086 0.0270694508724
0 0.633400010169 0.976559968592 0.0202352089648 0.0134901393099
0 0.612400010631 0.96845996877 0.0212287013031 0.0141524675354
0 0.788400006761 0.907099970119 0.0212887540664 0.0141925027109
0 0.861800005147 0.958739968984 0.0265571721104 0.017704781407
0 0.817000006132 0.947779969225 0.0426934584436 0.0284623056291
0 0.870200004963 0.823499971957 0.0356486855964 0.0237657903976
0 0.838400005662 0.847579971428 0.0416675158477 0.0277783438985
0 0.810800006269 0.840679971579 0.0308278436665 0.0205518957777
0 0.641800009984 0.901919970233 0.0237756507909 0.0158504338606
0 0.80620000637 0.824379971938 0.0432722206602 0.0288481471068
0 0.781200006919 0.802979972408 0.0377049238715 0.0251366159143
0 0.63060001023 0.829239971831 0.024935945368 0.0166239635787
0 0.554600011901 0.843859971509 0.0472410454602 0.0314940303068
0 0.36180001614 0.827319971873 0.0313966135782 0.0209310757188
0 0.418000014904 0.872119970888 0.0220350110578 0.0146900073719
0 0.578800011369 0.856779971225 0.0428073311464 0.0285382207642
0 0.529000012464 0.914699969952 0.0429486084874 0.0286324056583
0 0.579800011347 0.914239969962 0.0205319111678 0.0136879407785
0 0.42140001483 0.981739968478 0.0317672192642 0.0211781461761
0 0.340800016602 0.986319968377 0.0289877755526 0.0193251837018
0 0.341200016593 0.961699968919 0.0275187088597 0.0183458059064
0 0.294800017613 0.808539972286 0.045390787174 0.0302605247827
0 0.0372000232765 0.942739969335 0.0219475536562 0.0146317024375
0 0.146800020867 0.961959968913 0.0246876217503 0.0164584145002
0 0.0912000220893 0.238919984809 0.0399898968893 0.0266599312595
0 0.158800020603 0.240859984767 0.040502274585 0.02700151639
0 0.160600020563 0.22297998516 0.0596031096053 0.0397354064035
0 0.0610000227532 0.577119977374 0.0470729570831 0.0313819713888
0 0.19260001986 0.967039968801 0.0277497190777 0.0184998127185
