0 0.820800016215 0.410879981029 0.491438440303 0.32762560526
0 0.534200003613 0.343319982514 0.240724551031 0.160483023436
0 0.0743999833952 0.645459975871 0.150074546562 0.100049691109
0 0.84820001742 0.917659969887 0.0375753256651 0.0250502154579
0 0.837400016945 0.929519969626 0.0298049719473 0.0198699799877
0 0.66240000925 0.955159969062 0.0204734440446 0.0136489617962
0 0.64580000852 0.992059968251 0.0199294074892 0.0132862707832
0 0.626200007658 0.883119970646 0.0856515758658 0.0571010468111
0 0.570200005196 0.922639969777 0.0252206799187 0.0168137855035
0 0.540800003903 0.932859969553 0.0714321283316 0.0476214157468
0 0.475200001019 0.907419970112 0.0244096212388 0.0162730797526
0 0.337799994977 0.981119968492 0.0217413786678 0.0144942514892
0 0.411799998231 0.950959969155 0.0377267931985 0.0251511938068
0 0.493400001819 0.973439968661 0.0492746344152 0.0328497541101
0 0.37879999678 0.962379968904 0.0517707323041 0.0345138192597
0 0.358599995892 0.925459969715 0.0230330573852 0.0153553705773
0 0.436399999313 0.937879969442 0.0446071391236 0.0297380907876
0 0.391599997343 0.910079970054 0.021554789662 0.0143698588269
0 0.395799997527 0.924739969731 0.0199321776335 0.0132881175459
0 0.330199994643 0.893259970423 0.0422913974158 0.0281942630843
0 0.256199991389 0.934579969515 0.0259217242961 0.0172811483909
0 0.236799990536 0.934979969506 0.021055273283 0.0140368479295
0 0.140599986306 0.979659968524 0.0242707182885 0.0161804777918
0 0.0329999815748 0.905059970164 0.0580221565376 0.0386814351404
0 0.0457999821376 0.846619971449 0.0679330403356 0.04528869057
0 0.132799985963 0.865839971026 0.0563436469543 0.0375624288254
0 0.0845999838437 0.851659971338 0.0845967444868 0.0563978259381
0 0.19639998876 0.848659971404 0.0244837225991 0.0163224806561
0 0.116199985233 0.832679971755 0.0265912088151 0.0177274713742
0 0.0835999837997 0.821199972008 0.0269345088419 0.0179563380436
0 0.132599985954 0.680739975096 0.0352373238691 0.0234915476967
0 0.189199988443 0.752659973514 0.0203716412412 0.0135810932651
0 0.0917999841603 0.740299973786 0.0237857451672 0.0158571623989
0 0.0645999829643 0.750719973557 0.0249899664714 0.0166599765488
0 0.0613999828236 0.778979972936 0.0200598021391 0.0133732005441
0 0.20299998905 0.706379974532 0.0340042139171 0.0226694744496
0 0.288199992796 0.725479974112 0.0282634855736 0.018842322473
0 0.271399992057 0.711399974422 0.0476268932205 0.0317512600528
0 0.387199997149 0.790759972677 0.031378512848 0.0209190071856
0 0.369199996358 0.768239973172 0.0363279692567 0.0242186445738
0 0.307999993667 0.688339974929 0.0205241970456 0.013682797128
0 0.313399993904 0.705679974547 0.0265570766799 0.0177047166189
0 0.371799996472 0.710139974449 0.0241086648465 0.0160724421709
0 0.418399998521 0.782139972866 0.0293859876208 0.0195906571217
0 0.229399990211 0.774759973029 0.0204351566929 0.0136234368967
0 0.219799989789 0.7851399728 0.0221681787587 0.0147787848644
0 0.345399995311 0.689339974907 0.0496286192842 0.0330857440073
0 0.338199994995 0.712239974403 0.021570619058 0.0143804117569
0 0.384599997035 0.733419973937 0.0253677943682 0.0169118617967
0 0.214199989542 0.666839975401 0.0418432276402 0.0278954832536
0 0.28919999284 0.664779975447 0.0327243083131 0.0218162041032
0 0.180399988056 0.652939975707 0.033338389946 0.0222255918314
0 0.157799987062 0.647699975822 0.0205749500467 0.0137166324598
0 0.25099999116 0.628779976238 0.0348030048151 0.0232020016798
0 0.230599990263 0.641319975962 0.0332401487567 0.0221600977096
0 0.461800000429 0.769079973153 0.0273655630829 0.0182437075187
0 0.55620000458 0.769079973153 0.0602271914067 0.0401514582896
0 0.60600000677 0.741379973762 0.0524312138542 0.034954140264
0 0.675000009804 0.763179973283 0.0198476882321 0.013231791282
0 0.580800005662 0.817119972097 0.102384533625 0.0682563512479
0 0.638600008203 0.763879973268 0.0607608399209 0.0405072239423
0 0.720000011783 0.810759972237 0.0249683989192 0.0166455981816
0 0.47000000079 0.736799973863 0.0993027480821 0.0662018276883
0 0.556400004589 0.741619973757 0.0381133272632 0.0254088831663
0 0.631400007887 0.695019974782 0.0217120942852 0.0144747285687
0 0.746200012935 0.672619975274 0.0239105995285 0.0159403986343
0 0.765800013796 0.770419973124 0.0209816665914 0.013987776805
0 0.743400012811 0.799939972475 0.026785019983 0.0178566788109
0 0.741000012706 0.784859972807 0.0202541079756 0.0135027377598
0 0.670400009602 0.706559974528 0.0421385448102 0.028092361354
0 0.691600010534 0.702979974607 0.0242049273612 0.0161366171765
0 0.595800006321 0.71327997438 0.0319888349993 0.021325888593
0 0.633000007957 0.668099975374 0.0556481428656 0.0370987594635
0 0.520000002988 0.657099975615 0.0573196281543 0.0382130829158
0 0.437599999365 0.661779975512 0.0469439537148 0.0312959670791
0 0.383999997008 0.664039975463 0.0363747649087 0.0242498416731
0 0.492800001792 0.698039974715 0.0321113149512 0.0214075418889
0 0.619800007377 0.712699974393 0.0340536807798 0.0227024523558
0 0.954600022098 0.841799971555 0.0291070934492 0.0194047276863
0 0.83980001705 0.829319971829 0.024444149109 0.0162960983311
0 0.876800018677 0.696999974738 0.0198780608858 0.0132520397165
0 0.938200021377 0.725279974116 0.0264500303891 0.0176333524297
0 0.779600014403 0.685799974984 0.0314448973777 0.0209632635358
0 0.890600019284 0.514939978741 0.0727720867068 0.0485147212714
0 0.829200016584 0.528439978444 0.0285614739542 0.0190409813803
0 0.826400016461 0.483039979442 0.0198530306533 0.0132353528959
0 0.886800019117 0.454559980068 0.0471440966411 0.0314293956878
0 0.931400021078 0.458499979982 0.0467633996662 0.0311755977213
0 0.925200020805 0.621559976397 0.0207095988468 0.0138063983206
0 0.914200020322 0.640899975972 0.0318401376102 0.0212267570068
0 0.95100002194 0.633559976133 0.0626956867864 0.0417971217675
0 0.868200018299 0.640719975975 0.0612601584325 0.040840102928
0 0.890200019266 0.604419976774 0.0543870346693 0.0362580207215
0 0.785600014667 0.58183997727 0.0216555041943 0.014437001844
0 0.771600014051 0.544759978085 0.044180240099 0.0294534914567
0 0.75860001348 0.573239977459 0.0356268259456 0.0237512157305
0 0.794400015054 0.574319977435 0.023175027281 0.0154500171683
0 0.805800015555 0.622359976379 0.0609023151481 0.0406015407542
0 0.764400013735 0.433419980533 0.0898444860772 0.059896320101
0 0.714000011519 0.436939980456 0.0318438970918 0.0212292633277
0 0.698000010815 0.452379980116 0.0257757970513 0.0171838635675
0 0.635200008054 0.408619981078 0.0263719716799 0.0175813132937
0 0.691000010507 0.52181997859 0.0215654745043 0.0143769820546
0 0.661400009206 0.62777997626 0.0650976987026 0.0433984629394
0 0.584200005811 0.626019976299 0.0639058441141 0.0426038932661
0 0.760600013568 0.642659975933 0.0579611144291 0.0386407404041
0 0.586000005891 0.521439978598 0.0588125380689 0.0392083561266
0 0.534400003622 0.62275997637 0.0522480875286 0.0348320560551
0 0.491800001748 0.588419977125 0.075787784521 0.0505251863483
0 0.513200002689 0.565119977638 0.0198663867062 0.0132442569306
0 0.63580000808 0.571579977496 0.103850731434 0.0692338163893
0 0.578800005574 0.550199977966 0.0215442037533 0.0143628015549
0 0.454200000095 0.589939977092 0.0298590886951 0.0199060578171
0 0.384799997044 0.573379977456 0.0258238788418 0.0172159180924
0 0.406599998002 0.629739976217 0.0489128337818 0.0326085537038
0 0.262999991688 0.59321997702 0.0387285961008 0.0258190623643
0 0.335199994863 0.500579979057 0.0934775303372 0.0623183494479
0 0.239799990668 0.574219977438 0.0210409278928 0.0140272843367
0 0.19139998854 0.567319977589 0.0205562515726 0.0137041668112
0 0.473800000957 0.482479979454 0.0308828548843 0.020588568565
0 0.446399999752 0.46401997986 0.0460720507939 0.0307146985034
0 0.435599999277 0.510719978834 0.0236113250095 0.0157408823015
0 0.319799994186 0.586879977159 0.0869602711839 0.0579735102989
0 0.188199988399 0.582659977252 0.0660096697823 0.0440064436191
0 0.495800001924 0.53409997832 0.0514429648723 0.0342953076529
0 0.480400001247 0.506219978933 0.053322606719 0.0355484021347
0 0.192599988593 0.477019979574 0.0549127684855 0.0366085099091
0 0.205199989147 0.500939979049 0.0198133582295 0.0132089046151
0 0.135399986077 0.483459979433 0.0367396324876 0.0244930867096
0 0.239999990677 0.49905997909 0.039198135561 0.0261320886504
0 0.233199990378 0.478159979549 0.0272586157259 0.0181724092854
0 0.0255999812494 0.559919977752 0.0686817707686 0.0457878441591
0 0.0309999814869 0.264939984237 0.0213878884674 0.0142585913712
0 0.0161999808361 0.254659984463 0.0304912751997 0.0203275154591
0 0.0983999844505 0.272439984072 0.0271891642508 0.018126108305
0 0.0873999839668 0.306719983319 0.0213920436839 0.0142613615153
0 0.130799985875 0.218439985259 0.0390861425839 0.0260574266707
0 0.259199991521 0.305239983351 0.0607696450225 0.0405130940096
0 0.160999987203 0.272939984061 0.038558529027 0.0257056843226
0 0.255799991371 0.386499981565 0.0836579623676 0.0557719712332
0 0.132399985945 0.238159984826 0.0241662442746 0.0161108284538
0 0.275799992251 0.239959984786 0.0451153616704 0.0300769057965
0 0.208399989287 0.235859984876 0.0347190100823 0.0231460051949
0 0.214799989569 0.222199985177 0.0295924623054 0.0197283069024
0 0.176599987889 0.243939984699 0.0249547460652 0.0166364962795
0 0.1813999881 0.212819985383 0.0253616604773 0.0169077725363
0 0.249799991108 0.372299981877 0.021423306741 0.014282203552
0 0.416799998451 0.414659980945 0.0254541635104 0.016969441221
0 0.319399994168 0.404779981163 0.0202266044 0.0134844020439
0 0.295399993113 0.272239984077 0.0321447545504 0.0214298349535
0 0.372799996516 0.235099984893 0.0253329696969 0.0168886453507
0 0.446999999779 0.242099984739 0.0599426580128 0.0399617693728
0 0.429999999031 0.271099984102 0.0485522203531 0.0323681447672
0 0.362399996059 0.214579985344 0.0540775699766 0.0360517109399
0 0.259599991539 0.203779985582 0.0244164476659 0.0162776307036
0 0.565800005002 0.240659984771 0.0213321887801 0.0142214582487
0 0.643000008397 0.236519984862 0.0298719500794 0.0199146320728
0 0.265799991811 0.189279985901 0.0641150889431 0.0427433898095
0 0.313799993922 0.181999986061 0.0338236598685 0.0225491050917
0 0.474200000975 0.183979986017 0.10399616401 0.0693307714337
0 0.547200004184 0.194459985787 0.0232926594803 0.0155284386294
0 0.592000006154 0.181439986073 0.0497780092094 0.0331853372842
0 0.380199996841 0.408439981082 0.0239595717225 0.0159730467615
0 0.372599996507 0.309499983257 0.111245038061 0.0741633538161
0 0.326999994502 0.423019980762 0.0650824629089 0.0433883057442
0 0.165599987405 0.447099980232 0.0249275392907 0.0166183584311
0 0.764200013726 0.275359984008 0.0227324967278 0.015154996819
0 0.79840001523 0.36351998207 0.0235668048331 0.0157112021858
0 0.240799990712 0.336359982667 0.0201652654903 0.0134435094402
0 0.880800018853 0.372259981878 0.0292544057661 0.0195029358911
0 0.887200019134 0.219839985229 0.0210394438869 0.0140262949995
0 0.948200021817 0.225859985096 0.0319783480244 0.0213188972769
0 0.927000020884 0.413619980968 0.0264776328985 0.0176517541014
0 0.974800022986 0.102719987804 0.0275998381444 0.0183998908827
0 0.862400018044 0.185879985975 0.0341305522843 0.0227537000221
0 0.780600014447 0.182239986055 0.0204680026897 0.0136453342265
0 0.715000011563 0.0960799879495 0.0464090190622 0.0309393440009
0 0.694800010675 0.118679987453 0.0277657500017 0.0185104987803
0 0.759800013533 0.0514799889301 0.0285179431151 0.0190119608228
0 0.715600011589 0.0307199893865 0.0597321270454 0.0398214154038
0 0.922200020673 0.170759986308 0.0492936296904 0.0328624176261
0 0.863200018079 0.147839986812 0.0471682364701 0.031445488906
0 0.651400008766 0.019599989631 0.0527807467056 0.0351871621496
0 0.873800018545 0.111599987608 0.0278803152556 0.0185868756112
0 0.737200012539 0.0824399882494 0.0249642437028 0.0166428280375
0 0.639800008256 0.130779987187 0.0258366412924 0.0172244263922
0 0.628400007755 0.169219986342 0.0480598272024 0.0320398826884
0 0.608400006875 0.123939987337 0.0306492723589 0.0204328468916
0 0.608000006858 0.112119987597 0.0256807217413 0.0171204800317
0 0.577400005512 0.142659986925 0.0214430934861 0.0142953947145
0 0.512800002672 0.137779987033 0.0559282242419 0.0372854803687
0 0.444399999664 0.13881998701 0.0207998264043 0.0138665500216
0 0.396799997571 0.123499987347 0.0318230220757 0.0212153466512
0 0.748000013014 0.0717999884833 0.0543468675769 0.0362312426616
0 0.467400000676 0.0307399893861 0.0463404579906 0.0308936366228
0 0.522600003103 0.024099989532 0.0433030936906 0.028868727223
0 0.732800012345 0.134599987103 0.021626813414 0.0144178746584
0 0.343399995223 0.0981599879038 0.050136841831 0.0334245590161
0 0.293799993042 0.0984199878981 0.0627779996458 0.0418519970035
0 0.377999996745 0.0498399889661 0.035376028952 0.0235840177458
0 0.350199995522 0.0715999884877 0.0599786698888 0.0399857772886
0 0.481200001282 0.108819987669 0.0409618270817 0.02730788292
0 0.22279998992 0.0802599882974 0.0290018279655 0.0193345507018
0 0.122599985515 0.0700999885207 0.0270545154506 0.0180363424442
0 0.0375999817771 0.0495599889723 0.0223484360062 0.0148989563548
0 0.159599987141 0.136319987065 0.0394772276 0.0263181499975
0 0.0991999844856 0.160439986535 0.0518819338114 0.034587953593
0 0.0383999818122 0.120499987413 0.0470996753984 0.031399781528
0 0.419599998574 0.0511399889376 0.0393865053739 0.0262576685174
0 0.27419999218 0.0230199895558 0.0224243181735 0.014949544463
0 0.786600014711 0.252699984506 0.0270754894004 0.0180503250764
0 0.202599989032 0.154479986666 0.0261805349215 0.0174536887965
