0 0.84640001734 0.687659996929 0.143518208587 0.0956787994143
0 0.806800015599 0.900839992242 0.152501390843 0.10166758719
0 0.90120001975 0.503940000968 0.212319689163 0.141546450106
0 0.712400011448 0.479460001506 0.191016290097 0.127344184999
0 0.739000012618 0.280600005878 0.143894156743 0.0959294315018
0 0.744800012873 0.195860007741 0.108365077318 0.072243380114
0 0.703600011061 0.237820006819 0.157548989507 0.105032652744
0 0.703000011035 0.76035999533 0.46540205182 0.310268014082
0 0.420399998609 0.601419998825 0.171533271577 0.114355506842
0 0.382399996938 0.679079997117 0.128939334829 0.0859595508831
0 0.502000002197 0.542580000118 0.146869093863 0.0979127227839
0 0.238999990633 0.375640003789 0.158799511795 0.105866334214
0 0.273399992145 0.592239999027 0.400119643852 0.266746411641
0 0.490400001687 0.0604400107184 0.133887010431 0.0892580010666
0 0.328199994555 0.0442000110754 0.113666935656 0.0757779521063
0 0.223599989956 0.205100007538 0.24393000373 0.162619991761
0 0.990000023655 0.0122200117785 0.0203710476389 0.0135806975302
0 0.785200014649 0.0710400104853 0.0887112991878 0.0591408622245
0 0.809800015731 0.105940009718 0.0822543896069 0.0548362561212
0 0.749600013084 0.131680009152 0.0371700931263 0.0247800604498
0 0.716800011642 0.110980009607 0.0349101500396 0.0232734318247
0 0.693600010622 0.0983200098856 0.0259877130909 0.0173251409179
0 0.722800011906 0.0808200102703 0.0702095053545 0.0468063338158
0 0.861800018018 0.104560009748 0.0468962676593 0.0312641763775
0 0.842200017156 0.0681800105482 0.0213712676015 0.0142475107947
0 0.935200021245 0.0968800099172 0.0273344978932 0.0182229973936
0 0.882600018932 0.120260009403 0.0270284958809 0.0180189960655
0 0.923600020735 0.137120009033 0.0424505817798 0.0283003859866
0 0.977400023101 0.101180009823 0.0207536243546 0.0138357486572
0 0.577600005521 0.0581200107694 0.021822009654 0.0145480054764
0 0.649000008661 0.0735800104295 0.139098839079 0.0927325532695
0 0.721200011835 0.040400011159 0.0986558204524 0.0657705426303
0 0.515600002795 0.0346400112856 0.0300464691708 0.020030978126
0 0.518800002936 0.0470800110121 0.0247846789914 0.0165231182378
0 0.496000001933 0.03626001125 0.0198743014042 0.0132495333956
0 0.447599999805 0.0763800103679 0.0332778425061 0.0221852268741
0 0.217799989701 0.0873200101274 0.0292335307501 0.0194890192146
0 0.183399988188 0.0598000107324 0.0260765555762 0.0173843692375
0 0.0889999840372 0.0161400116923 0.0261203832165 0.0174135876625
0 0.0807999836766 0.046400011027 0.0229190857337 0.0152793894813
0 0.0833999837909 0.0661200105935 0.0404827899838 0.0269885248758
0 0.251399991178 0.0586800107571 0.0287414344005 0.0191609550032
0 0.0611999828148 0.0688800105328 0.100336605511 0.066891065929
0 0.0613999828236 0.106260009711 0.022563517925 0.0150423442912
0 0.0887999840284 0.109140009648 0.0577350508668 0.0384900313725
0 0.0441999820673 0.127180009251 0.0318803047027 0.0212535350667
0 0.0675999830962 0.195660007746 0.0479700943135 0.0319800607664
0 0.0777999835447 0.211160007405 0.0275732249723 0.0183821487691
0 0.0935999842394 0.239260006787 0.0435419197034 0.0290279445544
0 0.133399985989 0.183480008013 0.0220116656053 0.014674442769
0 0.135199986069 0.164000008442 0.0377863513011 0.0251908992059
0 0.128799985787 0.224020007122 0.0785219169531 0.0523479411827
0 0.0917999841603 0.305600005328 0.0382879452883 0.0255252951753
0 0.0825999837557 0.31962000502 0.0361436557265 0.0240957688951
0 0.0231999811439 0.317840005059 0.0247369929358 0.0164913275362
0 0.160199987168 0.274840006005 0.0338168334414 0.0225445541407
0 0.1813999881 0.291660005635 0.0409308608256 0.0272872387507
0 0.193199988619 0.317440005068 0.0286319147666 0.0190879419188
0 0.169599987581 0.338380004608 0.0368003777949 0.0245335835785
0 0.218199989718 0.314200005139 0.0221397847796 0.0147598555462
0 0.225199990026 0.282040005846 0.0746229388395 0.0497486226118
0 0.205799989173 0.122040009364 0.0342349273645 0.0228232834043
0 0.0213999810647 0.132480009135 0.0237268796006 0.0158179186905
0 0.324999994414 0.256140006416 0.0202390700494 0.0134927124763
0 0.276999992304 0.250380006542 0.0217705641168 0.0145137084539
0 0.314599993957 0.139940008971 0.0305189766427 0.0203459830866
0 0.185599988285 0.0938400099841 0.0692669637537 0.0461779727901
0 0.326199994467 0.174880008202 0.0809808157613 0.0539872069468
0 0.288399992805 0.144340008874 0.0426306411598 0.0284204255654
0 0.172199987695 0.171480008277 0.0749998763328 0.0499999142574
0 0.359599995936 0.140720008953 0.0408428098101 0.0272285380775
0 0.335999994898 0.136160009054 0.0346815142005 0.023121007942
0 0.387599997167 0.131580009154 0.0252887463217 0.0168591631025
0 0.418399998521 0.0995600098583 0.0262045758167 0.0174697160589
0 0.442399999576 0.183960008003 0.0274772592588 0.018318171631
0 0.444999999691 0.270000006111 0.0206591426469 0.0137727608562
0 0.444199999655 0.260140006328 0.0229913073531 0.0153275372245
0 0.316199994027 0.241700006733 0.0352935182251 0.0235290105982
0 0.3405999951 0.220400007202 0.0543810986458 0.0362540633727
0 0.354999995733 0.256560006407 0.0329410721052 0.0219607132884
0 0.53460000363 0.219400007224 0.0349340920011 0.0232893931313
0 0.536200003701 0.206320007511 0.0254818649535 0.0169879088485
0 0.502000002197 0.180700008074 0.0201396416555 0.0134264268847
0 0.466400000632 0.182440008036 0.02251345746 0.0150089706501
0 0.513000002681 0.149340008764 0.0268062907339 0.0178708593106
0 0.584800005838 0.213900007345 0.0365449309162 0.0243632856706
0 0.410599998178 0.295760005545 0.0570281693996 0.0380187770922
0 0.416799998451 0.312240005182 0.0233984196327 0.0155989453929
0 0.412799998275 0.345740004446 0.0229018712655 0.01526791317
0 0.453600000069 0.351520004319 0.0502579367108 0.0335052889306
0 0.555000004527 0.28004000589 0.0436502521326 0.0291001661691
0 0.55460000451 0.304040005363 0.0216203827218 0.0144135875306
0 0.491200001722 0.212020007386 0.0446085241957 0.029739014169
0 0.560800004782 0.122320009358 0.0256187892293 0.0170791916931
0 0.658400009074 0.0844400101907 0.0262568128237 0.0175045407279
0 0.621000007429 0.200780007633 0.0479721719218 0.0319814458385
0 0.585800005882 0.117560009463 0.075037273281 0.0500248455546
0 0.573000005319 0.175160008196 0.102850511471 0.0685670031249
0 0.539200003833 0.150700008734 0.0503454930577 0.0335636598247
0 0.434599999233 0.230960006969 0.0394392370495 0.0262928229655
0 0.471200000843 0.258580006362 0.0949315592977 0.0632877020243
0 0.450599999937 0.172100008263 0.176141604501 0.117427728589
0 0.524000003164 0.187660007921 0.0333274083025 0.0222182707362
0 0.633000007957 0.297620005504 0.0428026869081 0.0285351227233
0 0.615000007166 0.312200005183 0.0215349039832 0.0143566017085
0 0.704400011097 0.261720006293 0.0273280672011 0.0182187102657
0 0.699400010877 0.288480005705 0.0315960681099 0.0210640440173
0 0.725600012029 0.316640005086 0.0340866257103 0.0227244156414
0 0.765400013779 0.252520006495 0.0331607049753 0.0221071351921
0 0.783200014562 0.290720005656 0.0207224602311 0.0138149725762
0 0.802600015415 0.230880006971 0.035885240836 0.0239234923128
0 0.796000015124 0.246700006623 0.0298700703386 0.0199133789123
0 0.712800011466 0.162120008483 0.0201514147688 0.0134342756264
0 0.688000010376 0.136360009049 0.0353020265255 0.0235346827981
0 0.666600009435 0.166200008393 0.0333939906996 0.022262658998
0 0.659800009136 0.154880008642 0.0605808794746 0.0403872503193
0 0.776200014254 0.150060008748 0.078770438471 0.0525136221837
0 0.806400015582 0.183380008015 0.0249936270192 0.0166624169138
0 0.820800016215 0.161680008493 0.0436444150428 0.0290962747761
0 0.891800019337 0.18498000798 0.0246483483179 0.0164322311282
0 0.855200017727 0.201500007617 0.0216949787507 0.0144633182132
0 0.863800018106 0.23730000683 0.0201094668692 0.0134063103619
0 0.777000014289 0.165220008415 0.0313083688368 0.0208722445146
0 0.978600023153 0.159300008545 0.0374953872151 0.0249969231613
0 0.932200021113 0.188300007907 0.0391061271965 0.0260707497448
0 0.844400017253 0.267560006165 0.0530724033277 0.0353815998849
0 0.988200023575 0.481960001451 0.0206935715833 0.013795713479
0 0.965600022582 0.344680004469 0.0206329252097 0.0137552825659
0 0.954400022089 0.3978800033 0.0261764786387 0.0174509846082
0 0.931800021096 0.389080003493 0.0240512832858 0.0160341877997
0 0.8432000172 0.484660001392 0.0301692459238 0.0201128292893
0 0.835400016857 0.517720000665 0.0234007940421 0.0156005283324
0 0.845000017279 0.458420001969 0.0394179662986 0.0262786424658
0 0.805600015546 0.449880002156 0.040859430676 0.027239618654
0 0.78680001472 0.458680001963 0.0272833491572 0.0181888982385
0 0.77840001435 0.329900004794 0.027523659176 0.0183491049071
0 0.842200017156 0.310960005211 0.022048864686 0.0146992421545
0 0.833000016751 0.376400003772 0.0261487771956 0.0174325169807
0 0.826000016443 0.390940003452 0.0560800875102 0.0373867225409
0 0.908400020067 0.313540005154 0.0803066813572 0.0535377840404
0 0.920200020585 0.357640004184 0.0868261170524 0.0578840742172
0 0.788000014773 0.433860002509 0.0221541301697 0.014769419139
0 0.826200016452 0.525760000488 0.0300075882167 0.0200050574917
0 0.618200007306 0.482980001429 0.0346626178589 0.0231084103818
0 0.597400006392 0.482240001445 0.0240415877808 0.0160277241301
0 0.57440000538 0.475680001589 0.0202119622086 0.0134746405837
0 0.57440000538 0.520000000615 0.0478107120821 0.0318738059525
0 0.550600004334 0.565179999622 0.0276779957874 0.0184519959746
0 0.572200005284 0.36968000392 0.0521884304923 0.0347922847001
0 0.590400006084 0.432300002543 0.0775313924955 0.0516875915879
0 0.637200008142 0.343780004489 0.121745863663 0.0811639037557
0 0.523200003129 0.365320004015 0.0401982565899 0.0267988359591
0 0.490400001687 0.474480001616 0.0384350597378 0.0256233714685
0 0.409399998125 0.479960001495 0.0514551337205 0.0343034202178
0 0.375799996648 0.493960001187 0.0327858450902 0.0218572286185
0 0.296799993174 0.485880001365 0.0506807794527 0.0337871840733
0 0.483400001379 0.367200003974 0.0235608688096 0.0157072448371
0 0.421599998662 0.368200003952 0.177020135981 0.118013416204
0 0.467200000667 0.445320002257 0.0997618005674 0.0665078626584
0 0.318599994133 0.443540002296 0.0381317289361 0.0254211509474
0 0.223399989947 0.427780002642 0.026967948441 0.0179786311082
0 0.214199989542 0.401680003216 0.0350528124715 0.0233685401063
0 0.262999991688 0.508700000863 0.0395223413787 0.026348225848
0 0.283599992594 0.520340000607 0.0249373337295 0.0166248880565
0 0.164599987361 0.444300002279 0.026218525472 0.0174790158285
0 0.311199993807 0.465700001809 0.0712799682621 0.0475199757072
0 0.271199992049 0.463300001861 0.0735550482088 0.0490366955716
0 0.0189999809592 0.450140002151 0.0447645426805 0.0298430264853
0 0.0769999835095 0.335780004665 0.0226000244696 0.015066681986
0 0.081399983703 0.384300003598 0.0284816344379 0.0189877550396
0 0.0639999829379 0.42652000267 0.0548975326918 0.036598352714
0 0.0961999843537 0.41924000283 0.0251047295927 0.0167364852913
0 0.013399980713 0.600679998841 0.0209565374251 0.0139710240286
0 0.0365999817331 0.604099998766 0.0331677292698 0.0221118180548
0 0.0295999814253 0.664279997443 0.0205677278848 0.0137118176855
0 0.0937999842482 0.689139996896 0.0733903235562 0.0489268791438
0 0.099799984512 0.722879996154 0.044003742333 0.0293358262872
0 0.123799985567 0.704539996558 0.0474662248506 0.0316441478133
0 0.118999985356 0.628559998228 0.0384846255342 0.0256564153306
0 0.14319998642 0.629339998211 0.0337420395451 0.0224946915464
0 0.088199984002 0.620559998404 0.0433563200348 0.0289042114501
0 0.0797999836326 0.62803999824 0.0964336700488 0.0642891091256
0 0.148999986675 0.710499996427 0.103276915827 0.0688512726768
0 0.136399986121 0.537440000231 0.0621320613534 0.0414213715036
0 0.19639998876 0.578979999318 0.0366602876399 0.024440190148
0 0.145399986517 0.580499999285 0.0198560975988 0.0132373975261
0 0.130999985884 0.584899999188 0.0202738947207 0.0135159289223
0 0.281799992515 0.669099997337 0.073271899887 0.0488479300362
0 0.286999992743 0.724339996122 0.0243511514072 0.0162340998674
0 0.343199995214 0.675259997201 0.0631348535929 0.0420898996192
0 0.309799993746 0.647539997811 0.0217187228448 0.0144791476082
0 0.249199991081 0.624899998309 0.0277301338606 0.0184867546878
0 0.42519999882 0.53842000021 0.0258650352715 0.0172433557104
0 0.356199995786 0.590399999067 0.0359036425089 0.0239357600939
0 0.358599995892 0.573779999432 0.0399959371217 0.0266639563225
0 0.273599992154 0.706079996524 0.0393227920548 0.0262151929742
0 0.482600001344 0.71215999639 0.0209912631627 0.0139941745188
0 0.494000001845 0.722579996161 0.0209989799933 0.0139993190722
0 0.514600002751 0.70213999661 0.0292268032568 0.0194845342194
0 0.550400004325 0.710299996431 0.0582915530715 0.0388610328179
0 0.541400003929 0.733879995913 0.0375172515683 0.0250114993959
0 0.516000002813 0.779139994918 0.0318169871185 0.0212113233467
0 0.501800002188 0.764959995229 0.112409488008 0.0749396537293
0 0.438999999427 0.749039995579 0.110083556127 0.0733890325773
0 0.432999999163 0.686399996956 0.0345886154324 0.0230590754341
0 0.472400000895 0.627819998244 0.0203265274625 0.0135510174146
0 0.383799997 0.585799999168 0.0422768541582 0.0281845675798
0 0.603200006647 0.593959998989 0.0392567043263 0.0261711344914
0 0.623200007526 0.598739998884 0.0203691678981 0.0135794443698
0 0.626000007649 0.615939998506 0.0558864742098 0.0372576470158
0 0.613000007078 0.64577999785 0.0507277729722 0.0338185130842
0 0.596800006365 0.567599999568 0.0457706986667 0.0305137970986
0 0.526000003252 0.636819998046 0.195974848409 0.130649890322
0 0.660000009144 0.654459997659 0.0354663554432 0.0236442354026
0 0.667200009461 0.670459997307 0.0207432363134 0.0138288232969
0 0.682400010129 0.665079997425 0.0278862512791 0.0185908329599
0 0.720800011818 0.709339996452 0.0247482713805 0.0164988464988
0 0.777000014289 0.670479997306 0.019843038347 0.0132286913589
0 0.707800011246 0.62663999827 0.021571707329 0.0143811372708
0 0.689800010455 0.584619999194 0.0787494645212 0.0524996395515
0 0.636000008089 0.579239999312 0.0608051622299 0.0405367721463
0 0.747600012996 0.585979999164 0.0512381720609 0.034158779121
0 0.630400007843 0.689739996883 0.042408732814 0.0282724866779
0 0.782000014509 0.581259999268 0.021105333748 0.0140702215706
0 0.797800015203 0.569439999528 0.0273966282727 0.0182644176438
0 0.854600017701 0.611539998602 0.0286650575646 0.019110037116
0 0.934000021192 0.633879998111 0.021299441717 0.0141996268748
0 0.945200021685 0.596779998927 0.0347330586713 0.0231553709203
0 0.965400022573 0.573739999433 0.0197867450574 0.0131911625015
0 0.805800015555 0.571679999479 0.0898180707726 0.059878709899
0 0.898800019645 0.620259998411 0.114153689585 0.0761024547039
0 0.979800023206 0.884779992595 0.0372100623513 0.0248067065981
0 0.961800022415 0.86681999299 0.035866146627 0.023910762841
0 0.944000021632 0.958779990968 0.0202285830745 0.0134857211602
0 0.783000014553 0.833179993729 0.030612172212 0.0204081134619
0 0.761200013594 0.852179993312 0.0305101715412 0.0203401130192
0 0.833600016778 0.788399994714 0.0386113596363 0.0257409047264
0 0.733800012389 0.767279995178 0.0206043333631 0.0137362213361
0 0.696400010745 0.946939991228 0.0350325310578 0.0233550191648
0 0.682800010147 0.944839991275 0.0256650902127 0.0171100590133
0 0.629600007808 0.923779991738 0.0227669256642 0.0151779494417
0 0.744800012873 0.885699992575 0.0285333767762 0.0190222499295
0 0.711200011396 0.882439992646 0.0413335210876 0.0275556789076
0 0.702400011009 0.855339993242 0.0266219772037 0.0177479836319
0 0.70880001129 0.862979993074 0.0301387743365 0.0200925148991
0 0.652200008801 0.858759993167 0.0223464573317 0.0148976372385
0 0.703000011035 0.819559994029 0.0270387849883 0.01802585547
0 0.72700001209 0.804319994364 0.0388959919639 0.025930659599
0 0.701400010965 0.769659995126 0.0233054219309 0.0155369469292
0 0.712800011466 0.750619995545 0.0805276992995 0.0536851293255
0 0.534800003639 0.840199993575 0.020328506137 0.0135523365308
0 0.527800003331 0.835999993667 0.0244161508647 0.0162774328362
0 0.49820000203 0.831419993768 0.0222105223932 0.0148070139522
0 0.474200000975 0.814719994135 0.0459740074721 0.0306493362933
0 0.399999997712 0.841919993537 0.0471852530708 0.0314568333058
0 0.500800002144 0.905719992135 0.0378667844198 0.0252445212815
0 0.599200006471 0.918939991844 0.0428571993907 0.028571464376
0 0.423199998732 0.793319994606 0.0306263197347 0.0204175451431
0 0.371199996446 0.838999993602 0.0212768848276 0.0141845889495
0 0.348199995434 0.826139993884 0.0541667092631 0.036111137127
0 0.241399990738 0.976059990588 0.0236158759609 0.0157439162688
0 0.248199991037 0.920819991803 0.0240549438337 0.0160366281647
0 0.182599988153 0.924339991725 0.0808393405342 0.0538928901349
0 0.182399988144 0.892539992424 0.0381132283295 0.0254088172105
0 0.174999987819 0.87455999282 0.0316081380244 0.0210720906265
0 0.129199985805 0.93777999143 0.0301698395262 0.0201132250242
0 0.1449999865 0.973139990652 0.0210985073209 0.0140656706196
0 0.201399988979 0.886119992566 0.0204288249345 0.0136192157247
0 0.272399992101 0.739979995778 0.0288079178639 0.0192052773092
0 0.225399990035 0.727559996052 0.044473380727 0.0296489185291
0 0.172599987713 0.781859994858 0.0524818679215 0.03498790964
0 0.137599986174 0.780299994892 0.0406795691634 0.0271197109869
0 0.196999988786 0.853959993273 0.0365404788986 0.024360317659
0 0.117199985277 0.846619993434 0.0252093025403 0.0168062005851
0 0.0973999844065 0.85773999319 0.0289869879067 0.0193246573299
0 0.0825999837557 0.933839991516 0.102489403374 0.0683262644092
0 0.0127999806866 0.91865999185 0.0265593521556 0.0177062336026
0 0.0565999826125 0.897659992312 0.0334799641068 0.0223199745991
0 0.0749999834216 0.76585999521 0.0459190003209 0.0306126648615
0 0.0265999812934 0.961179990915 0.0228749612922 0.015249973189
0 0.189999988478 0.98599999037 0.0215242191408 0.0143494784808
0 0.227599990131 0.0463200110288 0.0200444674117 0.0133629773931
0 0.0553999825597 0.176600008165 0.0277584289061 0.0185056180502
0 0.641000008309 0.177780008139 0.0417830759353 0.0278553821196
0 0.67900000998 0.179400008103 0.0433171422796 0.0288780929484
0 0.552600004422 0.397640003305 0.0201022447073 0.0134014955876
0 0.102199984618 0.366960003979 0.0593320390604 0.039554690098
0 0.0989999844769 0.497420001111 0.113076301317 0.0753841959056
