0 0.869000018334 0.197099976743 0.194062446699 0.129374964466
0 0.607000006814 0.212559977423 0.109479063844 0.0729860425629
0 0.82660001647 0.337019982896 0.179897116847 0.119931411231
0 0.888200019178 0.247719978969 0.205356720033 0.136904480022
0 0.27419999218 0.291319980886 0.105939215387 0.0706261435913
0 0.238399990606 0.386159985056 0.248030790284 0.165353860189
0 0.751400013163 0.491399989684 0.348557341917 0.232371561278
0 0.353799995681 0.87702000664 0.0782819975061 0.0521879983374
0 0.07359998336 0.888340007137 0.106922616552 0.0712817443677
0 0.370799996428 0.961500010354 0.085227540298 0.0568183601987
0 0.921800020656 0.651179996709 0.191920531688 0.127947021126
0 0.869800018369 0.890120007216 0.0969445574121 0.0646297049414
0 0.0749999834216 0.97800001108 0.0201383541888 0.0134255694592
0 0.614600007148 0.974620010931 0.0692524159284 0.0461682772856
0 0.567600005081 0.949860009842 0.0721808540038 0.0481205693358
0 0.639400008239 0.929480008946 0.020080576897 0.0133870512647
0 0.840400017077 0.986680011461 0.0264238112091 0.0176158741394
0 0.469600000772 0.889820007202 0.0307802585811 0.0205201723874
0 0.461000000394 0.867220006209 0.0276756195526 0.0184504130351
0 0.445799999726 0.872120006424 0.0298139729499 0.0198759819666
0 0.94440002165 0.855740005704 0.021114829993 0.0140765533286
0 0.971000022819 0.720299999749 0.0227188423752 0.0151458949168
0 0.929600020999 0.78538000261 0.0451390038535 0.0300926692357
0 0.815800015995 0.755480001295 0.0318077841841 0.0212051894561
0 0.791400014922 0.752840001179 0.0300566573621 0.0200377715747
0 0.840600017085 0.734240000362 0.0264776311521 0.0176517541014
0 0.820400016197 0.727560000068 0.0209021224976 0.0139347483317
0 0.857800017842 0.807960003603 0.0904275954898 0.0602850636599
0 0.857800017842 0.853940005625 0.0277663417727 0.0185108945152
0 0.764800013752 0.787840002718 0.0279918117178 0.0186612078119
0 0.76520001377 0.805880003512 0.0232106418912 0.0154737612608
0 0.767000013849 0.796940003119 0.0288592625639 0.0192395083759
0 0.809200015705 0.798860003203 0.0376582296431 0.0251054864287
0 0.673000009716 0.823000004264 0.0369724211046 0.0246482807364
0 0.652800008828 0.852260005551 0.0222503912169 0.0148335941446
0 0.635200008054 0.773360002082 0.0217655170613 0.0145103447075
0 0.699400010877 0.764060001673 0.021375124607 0.0142500830713
0 0.656400008986 0.758780001441 0.0551693989302 0.0367795992868
0 0.711000011387 0.746240000889 0.0251312421735 0.016754161449
0 0.627400007711 0.790360002829 0.0296956482223 0.0197970988149
0 0.641800008344 0.80380000342 0.0249997592613 0.0166665061742
0 0.617000007254 0.822880004259 0.022182126951 0.014788084634
0 0.821400016241 0.86816000625 0.0280072453779 0.0186714969186
0 0.505600002355 0.874600006533 0.0976807232134 0.0651204821423
0 0.565400004985 0.834300004761 0.0581603631158 0.0387735754105
0 0.575400005424 0.815720003944 0.030186854136 0.020124569424
0 0.584600005829 0.86770000623 0.037675839845 0.0251172265634
0 0.607200006823 0.836880004875 0.0273953403274 0.0182635602183
0 0.656000008968 0.840560005036 0.0637823706181 0.0425215804121
0 0.756800013401 0.8738400065 0.043209697404 0.028806464936
0 0.752600013216 0.890260007222 0.0418312539005 0.0278875026003
0 0.266999991864 0.814520003892 0.0412837547008 0.0275225031339
0 0.178599987977 0.78424000256 0.0379443459578 0.0252962306385
0 0.166199987432 0.825020004353 0.0225589654857 0.0150393103238
0 0.127199985717 0.844880005226 0.027396527532 0.018264351688
0 0.142399986385 0.825540004376 0.0286090591891 0.0190727061261
0 0.145599986526 0.809580003674 0.0304477423523 0.0202984949015
0 0.0797999836326 0.836160004843 0.024839090902 0.0165593939347
0 0.0145999807657 0.835440004811 0.0282330121241 0.0188220080828
0 0.196199988751 0.816260003968 0.04353894882 0.02902596588
0 0.0199999810032 0.859260005859 0.0224589434961 0.0149726289974
0 0.00919998052831 0.686639998269 0.0219441913573 0.0146294609049
0 0.157599987054 0.490759989656 0.0306716293579 0.0204477529053
0 0.210199989366 0.541319991879 0.0238609332246 0.0159072888164
0 0.110199984969 0.557979992611 0.0276743334143 0.0184495556095
0 0.065799983017 0.69985999885 0.0385757409509 0.0257171606339
0 0.127999985752 0.624179995522 0.0210564590989 0.0140376393993
0 0.20959998934 0.668319997463 0.030030637794 0.020020425196
0 0.205599989164 0.747280000935 0.0298214919126 0.0198809946084
0 0.215199989586 0.737120000488 0.0229239319742 0.0152826213162
0 0.45840000028 0.692999998548 0.0281568331607 0.0187712221071
0 0.208199989278 0.582539993691 0.0322457637571 0.0214971758381
0 0.360399995971 0.553099992397 0.040705388181 0.027136925454
0 0.252599991231 0.599519994438 0.0255895031588 0.0170596687725
0 0.399999997712 0.587399993905 0.0202620213372 0.0135080142248
0 0.562400004853 0.596719994315 0.0232765317479 0.0155176878319
0 0.652600008819 0.660099997102 0.026136111955 0.0174240746367
0 0.5612000048 0.666039997363 0.0226716509914 0.0151144339943
0 0.555000004527 0.652999996789 0.0204069592352 0.0136046394901
0 0.603400006656 0.716739999592 0.0387503589645 0.025833572643
0 0.854000017675 0.694039998594 0.0303108180856 0.020207212057
0 0.617400007271 0.561339992759 0.021571409105 0.0143809394034
0 0.840400017077 0.618079995254 0.0212941968251 0.0141961312167
0 0.849600017481 0.576839993441 0.02325397486 0.0155026499067
0 0.734000012398 0.577199993456 0.0421909769019 0.0281273179346
0 0.75020001311 0.644339996409 0.052788954723 0.035192636482
0 0.509200002514 0.557899992608 0.0336563607192 0.0224375738128
0 0.623000007517 0.608839994848 0.0214951312079 0.0143300874719
0 0.489200001634 0.692999998548 0.118499840321 0.0789998935473
0 0.567000005055 0.734500000373 0.0410553167442 0.0273702111628
0 0.825000016399 0.695279998648 0.0263144894499 0.0175429929666
0 0.942800021579 0.569959993138 0.0280558218338 0.0187038812226
0 0.788200014781 0.58795999393 0.0569172609395 0.0379448406264
0 0.738200012583 0.613859995068 0.0389449615893 0.0259633077262
0 0.761600013612 0.622159995433 0.0402041899617 0.0268027933078
0 0.809200015705 0.706499999142 0.109482031856 0.0729880212372
0 0.793000014992 0.662419997204 0.032460746728 0.0216404978186
0 0.917000020445 0.671799997616 0.0263141926487 0.0175427950992
0 0.95600002216 0.55385999243 0.100708589676 0.0671390597841
0 0.944800021667 0.717719999635 0.0294941202372 0.0196627468248
0 0.839400017033 0.743680000777 0.0223982971265 0.0149321980843
0 0.973400022925 0.715179999523 0.0417070920834 0.0278047280556
0 0.952800022019 0.603719994623 0.0636572194639 0.0424381463093
0 0.920200020585 0.518879990892 0.0202645936139 0.0135097290759
0 0.937200021333 0.433179987124 0.0475296382337 0.0316864254891
0 0.946800021755 0.341479983092 0.0205111364411 0.0136740909607
0 0.949000021852 0.337859982933 0.0942486135758 0.0628324090506
0 0.910000020137 0.449399987837 0.042017842894 0.0280118952627
0 0.854600017701 0.491299989679 0.0274633077922 0.0183088718614
0 0.887600019152 0.475879989001 0.0280804563298 0.0187203042199
0 0.824000016356 0.390459985245 0.0608287044445 0.0405524696297
0 0.744800012873 0.347839983371 0.0628030257361 0.0418686838241
0 0.779000014377 0.385299985018 0.0341093782174 0.0227395854783
0 0.690800010499 0.371419984408 0.0355876458431 0.0237250972288
0 0.661600009215 0.456559988152 0.0198759819666 0.0132506546444
0 0.695800010718 0.519859990935 0.0864951780365 0.0576634520243
0 0.631800007904 0.514799990713 0.0292534144994 0.019502276333
0 0.557000004615 0.531699991456 0.0255190623511 0.017012708234
0 0.514400002742 0.511819990582 0.0388055639796 0.0258703759864
0 0.635600008071 0.377719984685 0.0333756857591 0.0222504571727
0 0.650000008705 0.435899987243 0.086556912677 0.0577046084513
0 0.608000006858 0.416179986376 0.0311423559917 0.0207615706612
0 0.690000010463 0.478439989114 0.0421431919157 0.0280954612771
0 0.475200001019 0.489279989591 0.0766474146047 0.0510982764031
0 0.494400001863 0.454759988073 0.0473671890675 0.031578126045
0 0.444799999682 0.515619990749 0.0297971542177 0.0198647694785
0 0.443999999647 0.527999991293 0.0200089488846 0.0133392992564
0 0.488400001599 0.406339985944 0.022845576469 0.0152303843126
0 0.501000002153 0.390539985249 0.0238406518123 0.0158937678748
0 0.40859999809 0.426179986816 0.0349551625791 0.0233034417194
0 0.436399999313 0.364139984088 0.0294680017354 0.0196453344903
0 0.377199996709 0.399039985623 0.0379818418372 0.0253212278914
0 0.36379999612 0.4235399867 0.024836617559 0.0165577450394
0 0.363599996111 0.328339982514 0.029844543469 0.0198963623127
0 0.622800007509 0.315919981968 0.0398806767014 0.0265871178009
0 0.623000007517 0.334339982778 0.0214436856741 0.0142957904494
0 0.602400006612 0.337939982936 0.0422192719454 0.028146181297
0 0.656000008968 0.331579982656 0.0200154785101 0.0133436523401
0 0.661000009188 0.348539983402 0.0608418626291 0.0405612417527
0 0.483800001397 0.308259981631 0.0529105442634 0.0352736961756
0 0.46660000064 0.420519986567 0.0448700030722 0.0299133353815
0 0.458200000271 0.449219987829 0.0460254499736 0.0306836333158
0 0.219999989797 0.477399989068 0.0226674957752 0.0151116638501
0 0.115399985198 0.466339988582 0.0963605516702 0.0642403677802
0 0.143999986456 0.517939990851 0.0556681238064 0.0371120825376
0 0.0741999833864 0.332059982677 0.0431722015246 0.028781467683
0 0.0947999842922 0.391959985311 0.0711399723487 0.0474266482325
0 0.117999985312 0.313519981862 0.0718251872848 0.0478834581899
0 0.214199989542 0.195979976694 0.0358212283531 0.0238808189021
0 0.186799988337 0.200599976897 0.0241205353027 0.0160803568684
0 0.154399986913 0.229259978157 0.0417944505571 0.0278629670381
0 0.154599986922 0.207339977193 0.0412730698592 0.0275153799061
0 0.202199989015 0.242999978761 0.0255860404787 0.0170573603191
0 0.225199990026 0.260339979524 0.0258505892426 0.0172337261618
0 0.189999988478 0.276139980219 0.0924806680216 0.061653778681
0 0.0705999832281 0.240399978647 0.0328064211413 0.0218709474275
0 0.11839998533 0.161419975174 0.0404710142012 0.0269806761341
0 0.207399989243 0.17087997559 0.0249341662057 0.0166227774705
0 0.189999988478 0.222879977877 0.0257235583477 0.0171490388985
0 0.0625999828763 0.223379977899 0.0261768726471 0.0174512484314
0 0.0703999832193 0.127279973673 0.0944908033194 0.0629938688796
0 0.106599984811 0.0949199722503 0.0264799066277 0.0176532710851
0 0.147799986623 0.106919972778 0.0424288135618 0.0282858757079
0 0.116599985251 0.113899973085 0.0378828091847 0.0252552061231
0 0.286399992717 0.232119978283 0.0279650996137 0.0186433997425
0 0.332599994748 0.275399980186 0.0332038378896 0.0221358919264
0 0.365799996208 0.296119981097 0.0245764218787 0.0163842812525
0 0.360399995971 0.284799980599 0.0242020566869 0.0161347044579
0 0.421599998662 0.249819979061 0.0324778622613 0.0216519081742
0 0.394599997475 0.219479977727 0.0216033646962 0.0144022431308
0 0.382999996964 0.231999978278 0.0325563167003 0.0217042111335
0 0.294599993077 0.177719975891 0.0256424326984 0.0170949551322
0 0.279999992436 0.111779972992 0.0407363544349 0.0271575696233
0 0.433599999189 0.18611997626 0.0238734978069 0.0159156652046
0 0.434199999216 0.226919978054 0.0378544152074 0.0252362768049
0 0.531000003472 0.290419980847 0.0251970330965 0.0167980220643
0 0.548200004228 0.267819979853 0.062743962306 0.041829308204
0 0.524400003182 0.206439977154 0.0612288913369 0.0408192608913
0 0.490400001687 0.257639979405 0.0847858012437 0.0565238674958
0 0.469800000781 0.225019977971 0.0210741682345 0.0140494454897
0 0.490600001696 0.171299975609 0.103450043023 0.0689666953487
0 0.621600007456 0.273119980086 0.0285850182955 0.0190566788637
0 0.681400010085 0.256759979366 0.0215837758199 0.0143891838799
0 0.773400014131 0.228999978146 0.0469968801582 0.0313312534388
0 0.797000015168 0.243499978783 0.0315591637489 0.0210394424993
0 0.806000015564 0.0944999722318 0.0424858983175 0.0283239322117
0 0.731400012284 0.221219977804 0.140637249231 0.093758166154
0 0.826400016461 0.288919980781 0.0366695849915 0.0244463899943
0 0.854400017692 0.268699979891 0.020925569789 0.0139503798593
0 0.960800022371 0.0387199697792 0.0225884477339 0.0150589651559
0 0.943800021623 0.0613399707738 0.0305626043998 0.0203750695999
0 0.73700001253 0.0356399696437 0.0283307586383 0.0188871724255
0 0.301399993376 0.0931799721738 0.0387597576678 0.0258398384452
0 0.189399988452 0.0466399701274 0.0259459613475 0.017297307565
0 0.220199989806 0.0615599707834 0.0635291992318 0.0423527994879
0 0.254999991336 0.0590599706735 0.0245388270656 0.0163592180437
0 0.334199994819 0.0406999698662 0.061559527825 0.0410396852167
0 0.0503999823399 0.188739976376 0.108485769308 0.0723238462053
0 0.161799987238 0.128839973742 0.0502944399382 0.0335296266255
