0 0.245999990941 0.754559973473 0.128814678335 0.0858764465594
0 0.321599994265 0.833239971743 0.119653415374 0.0797689383212
0 0.25439999131 0.869699970941 0.0622194198328 0.0414796104861
0 0.534000003604 0.859379971168 0.162477867701 0.108318571323
0 0.902600019812 0.923919969749 0.216089064097 0.144059366563
0 0.854000017675 0.301019983444 0.157657816605 0.105105204138
0 0.584600005829 0.0170199896877 0.0286887027249 0.0191258005552
0 0.86300001807 0.0198799896248 0.0488663349309 0.0325775544719
0 0.890400019275 0.200579985652 0.0278215486228 0.0185476978585
0 0.746000012926 0.0843999882063 0.0236977930854 0.0157985276816
0 0.714600011545 0.111339987614 0.0320765892137 0.0213843913987
0 0.630600007852 0.0756999883976 0.0275702569606 0.0183801700948
0 0.709600011325 0.0430799891148 0.042204533605 0.0281363538809
0 0.631000007869 0.0333999893276 0.0337281888236 0.0224854577327
0 0.547000004176 0.133719987122 0.0313887030217 0.0209258006343
0 0.477600001124 0.0272599894626 0.0244104127086 0.0162736073991
0 0.450399999928 0.0236999895408 0.0211122591087 0.0140748384775
0 0.46500000057 0.0481999890022 0.0463640042172 0.0309093341062
0 0.469000000746 0.0713199884939 0.037967894687 0.0253119281219
0 0.497000001977 0.102499987808 0.0912506311147 0.0608337500641
0 0.381999996921 0.0886999881118 0.0658298082697 0.0438865359519
0 0.336599994924 0.110979987622 0.0276924401113 0.0184616255232
0 0.351999995601 0.11743998748 0.020952283275 0.0139681879287
0 0.36879999634 0.0166799896952 0.025024296474 0.0166828632157
0 0.427999998943 0.0374799892379 0.0269254069391 0.0179502701088
0 0.386399997114 0.0406199891688 0.0605757349209 0.0403838206171
0 0.316799994054 0.043339989109 0.0770844099246 0.051389603227
0 0.207599989252 0.0566599888162 0.101731571038 0.0678210428854
0 0.229999990237 0.029239989419 0.0337691473859 0.0225127634391
0 0.150799986755 0.070039988522 0.107828856527 0.0718858996102
0 0.25279999124 0.173599986245 0.0201500296966 0.0134333522451
0 0.0767999835007 0.108379987679 0.16866914023 0.11244608607
0 0.305599993561 0.133119987135 0.0469184288137 0.0312789504795
0 0.109399984934 0.238079984828 0.0346640029311 0.0231093337632
0 0.153599986878 0.235819984877 0.0229530200014 0.015302012325
0 0.0387999818298 0.179039986126 0.0518270255938 0.034551348117
0 0.200599988944 0.197239985726 0.0335498113169 0.0223665394027
0 0.250199991125 0.198619985695 0.0392372143825 0.0261581411964
0 0.0771999835183 0.321219983 0.0922690548828 0.0615126991981
0 0.248599991055 0.277859983953 0.0291490413487 0.0194326929508
0 0.267399991882 0.285319983789 0.0200510959713 0.0133673964326
0 0.302799993438 0.289159983705 0.0262043779493 0.0174695841473
0 0.238799990624 0.30027998346 0.0205174695523 0.0136783121327
0 0.173199987739 0.337739982637 0.048063190949 0.032042125186
0 0.243999990853 0.351759982328 0.0330735443634 0.0220490281213
0 0.226599990087 0.373619981848 0.024027440258 0.0160182924489
0 0.167199987476 0.36485998204 0.0274262094565 0.0182841384318
0 0.0623999828675 0.36985998193 0.0251194707178 0.0167463127073
0 0.12339998555 0.395739981361 0.0686873110572 0.0457915376846
0 0.041599981953 0.47037997972 0.0343052692432 0.022870177987
0 0.125199985629 0.48085997949 0.0198086094106 0.0132057387361
0 0.260599991582 0.40125998124 0.0468014891504 0.0312009907091
0 0.307199993632 0.412779980987 0.0211859647341 0.0141239755578
0 0.339799995065 0.407799981096 0.0444659606976 0.0296439718432
0 0.295399993113 0.403399981193 0.0200932417383 0.0133954936087
0 0.298599993253 0.381059981684 0.0416834496739 0.0277889646164
0 0.304399993508 0.35257998231 0.0281321015865 0.018754733154
0 0.348799995461 0.380019981707 0.0354375657291 0.0236250422612
0 0.404399997905 0.43171998057 0.0257099071903 0.0171399369964
0 0.331399994696 0.343619982507 0.0423583755478 0.0282389151693
0 0.487400001555 0.270359984118 0.0397550335006 0.026503353919
0 0.422799998715 0.353619982287 0.0347516582117 0.0231677706131
0 0.502000002197 0.343919982501 0.0409000924371 0.027266726493
0 0.5248000032 0.362179982099 0.0239735213778 0.015982346531
0 0.584800005838 0.365479982027 0.0271248573293 0.0180832370269
0 0.608000006858 0.361079982123 0.0200398175266 0.0133598774699
0 0.666000009408 0.364379982051 0.0305978268218 0.0203985498691
0 0.683800010191 0.376739981779 0.0234174149079 0.0156116089089
0 0.708400011273 0.336279982669 0.0270326510974 0.0180217662096
0 0.639600008247 0.367199981989 0.0226413787668 0.0150942515156
0 0.636200008098 0.303119983398 0.0199640342931 0.0133093553175
0 0.641200008318 0.318439983061 0.0396640144733 0.0264426745715
0 0.540200003877 0.210319985438 0.0447012250963 0.0298008147653
0 0.679400009997 0.201859985624 0.0255136226793 0.0170090806644
0 0.6590000091 0.28843998372 0.052946262828 0.0352975062239
0 0.832600016734 0.226539985081 0.0283264074229 0.0188842703698
0 0.892400019363 0.266079984212 0.0241322110731 0.0160881396543
0 0.696600010754 0.328159982847 0.0274837888847 0.0183225247146
0 0.734400012416 0.26071998433 0.024047622738 0.0160317474346
0 0.804400015494 0.20475998556 0.0252698499802 0.0168465655423
0 0.991000023699 0.305519983345 0.0247280889005 0.016485391513
0 0.824000016356 0.26251998429 0.0541034906127 0.0360689913628
0 0.687600010358 0.180439986095 0.0839798927097 0.0559865914471
0 0.958400022265 0.294079983596 0.0209215148864 0.013947675671
0 0.973000022907 0.533419978335 0.0395587489896 0.026372497587
0 0.959000022292 0.553819977886 0.0368446011701 0.0245630658267
0 0.941800021535 0.535839978281 0.0231073566129 0.0154049033925
0 0.94440002165 0.523079978562 0.0230762914231 0.0153841932674
0 0.96260002245 0.505059978958 0.0212419612226 0.0141613065477
0 0.893400019407 0.486799979359 0.0224084887775 0.014938991533
0 0.875800018633 0.460439979939 0.0220223504477 0.0146815659968
0 0.863800018106 0.405119981155 0.0201959349451 0.0134639557421
0 0.984600023417 0.448419980203 0.0375857137062 0.0250571408182
0 0.913200020278 0.52359997855 0.0266202953304 0.0177468623831
0 0.858200017859 0.518519978662 0.0305567693258 0.0203711782069
0 0.839400017033 0.526219978493 0.019938113657 0.0132920748947
0 0.88620001909 0.515799978722 0.0201069935261 0.0134046614666
0 0.793200015001 0.492399979236 0.0292074122466 0.0194716068801
0 0.721400011844 0.591059977067 0.0356138656276 0.0237425755191
0 0.699400010877 0.582579977254 0.0226850085396 0.0151233380289
0 0.599000006462 0.578859977335 0.0276416871102 0.0184277901914
0 0.492400001775 0.560779977733 0.0363241108414 0.0242160722971
0 0.614800007157 0.490299979283 0.055203237903 0.0368021561747
0 0.697400010789 0.483819979425 0.0207938903808 0.0138625926729
0 0.799200015265 0.395159981374 0.0501394141079 0.0334262738673
0 0.729400012196 0.393399981413 0.0391033570521 0.026068902982
0 0.641000008309 0.37897998173 0.0223552624332 0.0149035073059
0 0.571600005257 0.387199981549 0.0236999696273 0.0157999787095
0 0.547200004184 0.37533998181 0.0433011150161 0.0288674081067
0 0.650400008722 0.393499981411 0.0266000139167 0.0177333414415
0 0.644800008476 0.403479981191 0.0223232079063 0.0148821376226
0 0.665200009373 0.442139980341 0.023049678251 0.0153664511539
0 0.666800009443 0.470959979708 0.0280747200258 0.0187164787827
0 0.677800009927 0.485959979378 0.0203851951616 0.0135901292114
0 0.722400011888 0.473779979646 0.0603099989348 0.0402066633047
0 0.560400004765 0.45357998009 0.0427052371887 0.028470156248
0 0.571800005266 0.409159981066 0.0234211743895 0.0156141152298
0 0.521800003068 0.477519979563 0.040560156157 0.0270401023212
0 0.614400007139 0.527759978459 0.0728993154776 0.0485995404463
0 0.574600005389 0.563119977682 0.0465897709783 0.0310598452703
0 0.776000014245 0.450039980168 0.0751224552185 0.0500816335091
0 0.960400022353 0.475599979606 0.0635592792744 0.0423728500549
0 0.481800001309 0.545659978065 0.0758783088797 0.0505855359167
0 0.243199990817 0.524219978537 0.0243192947476 0.0162128620958
0 0.23939999065 0.540359978182 0.0296863504107 0.0197908989685
0 0.201199988971 0.511559978815 0.0598192876574 0.0398795224746
0 0.454200000095 0.370059981926 0.0207051468292 0.013803430309
0 0.149799986711 0.579059977331 0.0518935090572 0.034595670423
0 0.0873999839668 0.600699976855 0.020058417067 0.0133722771627
0 0.0305999814693 0.540979978168 0.0273711033716 0.0182474010442
0 0.127599985734 0.518199978669 0.0202757744614 0.0135171820828
0 0.109799984952 0.510739978833 0.0241359705547 0.0160906459752
0 0.0239999811791 0.721899974191 0.0373151299676 0.024876751671
0 0.047399982208 0.735259973897 0.0215032451911 0.0143354958485
0 0.0203999810208 0.704219974579 0.0201296493492 0.0134197653477
0 0.0341999816276 0.766879973202 0.0220388723798 0.0146925806175
0 0.195799988733 0.717979974277 0.0216878555225 0.0144585693947
0 0.0597999827532 0.794799972588 0.0395162074878 0.0263441365876
0 0.0767999835007 0.813479972177 0.0246690254665 0.016446015893
0 0.151799986799 0.785659972789 0.0265085002208 0.0176723323149
0 0.213399989507 0.796819972544 0.020923097826 0.013948730964
0 0.187399988364 0.794799972588 0.0234467982243 0.0156311977853
0 0.270799992031 0.680619975098 0.0858446944976 0.0572297925571
0 0.393399997422 0.732759973952 0.04186924721 0.0279128296323
0 0.372799996516 0.745839973664 0.0267167557125 0.0178111693003
0 0.324399994388 0.789639972701 0.024692274892 0.0164615155089
0 0.377199996709 0.784959972804 0.0278316398628 0.0185544253514
0 0.407799998055 0.779799972918 0.0213284292985 0.0142189519278
0 0.429799999022 0.792239972644 0.0212416644214 0.0141611086803
0 0.134799986051 0.720839974214 0.027227253735 0.0181515012928
0 0.0661999830346 0.767359973191 0.0334828331849 0.0223218873177
0 0.32739999452 0.651819975731 0.0312452491201 0.0208301647062
0 0.333399994784 0.70691997452 0.0208947038468 0.0139298016458
0 0.41199999824 0.580839977292 0.03405793493 0.0227052884558
0 0.424199998776 0.593819977007 0.0335147887781 0.0223431910451
0 0.510600002575 0.577899977357 0.0199059601963 0.0132706392556
0 0.511200002602 0.68643997497 0.0251232301993 0.0167488190282
0 0.519200002953 0.718819974258 0.0419500760635 0.0279667155311
0 0.542600003982 0.695899974762 0.0426981139604 0.0284654074295
0 0.581800005706 0.713819974368 0.027744776052 0.018496516148
0 0.463800000517 0.765179973239 0.04720860143 0.0314723988775
0 0.444799999682 0.656799975622 0.0261852837403 0.0174568546755
0 0.426999998899 0.644419975894 0.0303975849618 0.0202650553046
0 0.304599993517 0.657939975597 0.0221575928501 0.0147717275925
0 0.464000000526 0.737579973846 0.0490186928678 0.0326791264232
0 0.453600000069 0.798639972504 0.0241436873853 0.0160957905286
0 0.582200005723 0.775339973016 0.0324178116322 0.021611872996
0 0.652800008828 0.785219972799 0.0240813591383 0.0160542383667
0 0.636000008089 0.771859973092 0.0801481895293 0.0534321228287
0 0.68560001027 0.72281997417 0.0210009586678 0.0140006381884
0 0.676600009874 0.740919973773 0.0449986198745 0.0299990779377
0 0.703000011035 0.712019974408 0.0217233727298 0.0144822475314
0 0.705200011132 0.696859974741 0.0249580108781 0.0166386728213
0 0.578200005548 0.61185997661 0.047067423004 0.0313782799331
0 0.742400012768 0.605679976746 0.0294148762685 0.019609916219
0 0.820200016188 0.738539973825 0.0277895930295 0.0185263941311
0 0.826400016461 0.7942399726 0.0354576492753 0.0236384312911
0 0.775600014227 0.765079973241 0.0310204716962 0.0206803131002
0 0.673200009725 0.812159972206 0.0384406989602 0.0256271309499
0 0.88800001917 0.697399974729 0.0217581974011 0.0145054639774
0 0.901800019776 0.710439974443 0.0270091048707 0.0180060687262
0 0.962800022459 0.770239973128 0.0241825683393 0.0161217111629
0 0.99240002376 0.770239973128 0.0207371024225 0.0138247340365
0 0.952200021993 0.801199972447 0.0229717184755 0.0153144779736
0 0.942800021579 0.769299973149 0.0271188223721 0.0180792137223
0 0.909000020093 0.789799972698 0.0308577257181 0.0205718157886
0 0.909000020093 0.772959973068 0.0318753580164 0.021250237276
0 0.898000019609 0.760099973351 0.0247554935424 0.0165036612731
0 0.921400020638 0.74695997364 0.0420649381186 0.0280432902295
0 0.938800021403 0.739059973813 0.0561446912328 0.0374297916865
0 0.971800022854 0.71555997433 0.0423172191181 0.0282114775513
0 0.933600021175 0.808039972297 0.0256164148199 0.0170776087535
0 0.792200014957 0.79833997251 0.0209403122942 0.0139602072754
0 0.854200017683 0.69645997475 0.0376577374583 0.0251051566497
0 0.83320001676 0.641299975963 0.0354776338878 0.0236517543653
0 0.841400017121 0.665719975426 0.0620720085822 0.0413813363254
0 0.882000018906 0.647239975832 0.025441697861 0.0169611307887
0 0.964400022529 0.829639971822 0.0213026075962 0.0142017374608
0 0.922200020673 0.838059971637 0.0285031030563 0.0190020674509
0 0.893200019398 0.853599971295 0.0212199979356 0.0141466643573
0 0.971000022819 0.850479971364 0.0353459530995 0.0235639671788
0 0.893800019425 0.885299970598 0.0282464689729 0.0188309780733
0 0.780600014447 0.865879971025 0.0371222092033 0.0247481378366
0 0.772000014069 0.904459970177 0.0217318810302 0.0144879197312
0 0.709000011299 0.871999970891 0.0215460834941 0.0143640547154
0 0.700200010912 0.924599969734 0.0293930119152 0.0195953399844
0 0.666600009435 0.887459970551 0.0253143701566 0.016876245658
0 0.562000004835 0.870539970923 0.0231430716877 0.0154287134409
0 0.626000007649 0.836639971668 0.0222019151591 0.0148012757965
0 0.637000008133 0.885359970597 0.0229928902927 0.0153285925175
0 0.496400001951 0.968939968759 0.0202250214604 0.0134833467509
0 0.552000004396 0.93617996948 0.0381012573487 0.0254008365571
0 0.594200006251 0.938599969427 0.031517910467 0.0210119389254
0 0.635200008054 0.933699969534 0.0436935851043 0.029129054815
0 0.847400017384 0.806679972327 0.0253940118054 0.016929340087
0 0.854000017675 0.843119971526 0.0223332991462 0.0148888651155
0 0.745800012917 0.858979971177 0.0252820188284 0.0168546781073
0 0.759800013533 0.844419971497 0.026638795937 0.01775919612
0 0.671600009654 0.847559971428 0.0231052790046 0.0154035183205
0 0.660200009153 0.862959971089 0.0294159645395 0.0196106417329
0 0.686800010323 0.858899971179 0.0230119845017 0.0153413219893
0 0.685400010261 0.878759970742 0.0278649805282 0.0185766524602
0 0.735200012451 0.890559970483 0.0717597968297 0.0478398613978
0 0.597800006409 0.831579971779 0.0495592667428 0.0330395089827
0 0.586600005917 0.852699971315 0.0307376201756 0.0204917454322
0 0.550000004308 0.828039971857 0.0517178027611 0.0344785329
0 0.466800000649 0.921399969805 0.0267267480188 0.0178178308373
0 0.442399999576 0.915139969942 0.0217565155278 0.0145043427286
0 0.339799995065 0.900499970264 0.0335658385804 0.0223772242444
0 0.296199993148 0.916659969909 0.0231805675696 0.0154537106938
0 0.278599992374 0.892079970449 0.085302537683 0.0568683547046
0 0.4201999986 0.832699971755 0.0296696306111 0.0197797524362
0 0.42519999882 0.81379997217 0.0230595716236 0.0153730467351
0 0.372599996507 0.980839968498 0.030098607244 0.0200657368392
0 0.279599992418 0.951939969133 0.0263257696302 0.0175505119292
0 0.263199991697 0.943039969329 0.0231955065621 0.0154636700215
0 0.216599989648 0.957679969007 0.0359553848472 0.0239702549839
0 0.17639998788 0.945779969269 0.051209679148 0.034139783847
0 0.257399991442 0.989519968307 0.0265062247451 0.0176708153312
0 0.341999995162 0.991259968269 0.0207761812439 0.0138507865824
0 0.318599994133 0.980339968509 0.0385575396897 0.0257050247644
0 0.296599993165 0.982919968452 0.0213131935048 0.0142087947327
0 0.147599986614 0.964159968865 0.0275353333555 0.0183568876929
0 0.15979998715 0.918579969867 0.0911831583141 0.0607887682
0 0.152599986834 0.858539971187 0.0224765551805 0.014984369132
0 0.133799986007 0.880319970708 0.0228968256455 0.0152645494235
0 0.0891999840459 0.875259970819 0.0499365010373 0.0332909984958
0 0.087199983958 0.830379971806 0.0249416868134 0.0166277901122
0 0.0325999815572 0.849059971395 0.0255794136066 0.0170529412797
0 0.0505999823487 0.871719970897 0.0479634657539 0.031975641727
0 0.0879999839932 0.937899969442 0.0198525359847 0.0132350231169
0 0.0193999809768 0.922199969787 0.0274338273534 0.0182892170293
0 0.188799988425 0.873279970863 0.0509269265612 0.0339512821348
0 0.207799989261 0.91433996996 0.0426808005585 0.0284538651623
0 0.245599990923 0.962679968897 0.0430567487146 0.0287044972498
0 0.415799998407 0.655399975653 0.225884492237 0.150589651559
0 0.039599981865 0.598259976909 0.0391835923034 0.026122393146
0 0.0467999821816 0.441119980364 0.0641837489484 0.0427891631434
0 0.756200013374 0.401759981229 0.040178766646 0.026785842664
0 0.872800018501 0.63097997619 0.0256776547958 0.0171184354015
0 0.0551999825509 0.611479976618 0.0351062366831 0.0234041562451
0 0.118199985321 0.575199977416 0.0217818425615 0.0145212274166
0 0.0227999811263 0.940339969388 0.032320262979 0.0215468405649
