0 0.586800005926 0.490020001274 0.148513372377 0.0990089083878
0 0.940200021465 0.980699990486 0.0219421151965 0.0146280758328
0 0.511000002593 0.973959990634 0.0254976943495 0.0169984617785
0 0.411599998222 0.967239990782 0.0207666836063 0.0138444548244
0 0.151399986781 0.876739992772 0.0644969731227 0.0429979792458
0 0.197799988821 0.877019992766 0.021696660624 0.014464439462
0 0.216999989665 0.842759993519 0.0213321887801 0.0142214582487
0 0.216599989648 0.934479991502 0.0243517450095 0.0162344956023
0 0.19139998854 0.979479990513 0.0219803036144 0.0146535347765
0 0.105399984758 0.834819993693 0.0218470398865 0.014564692297
0 0.0607999827972 0.803799994375 0.0212506673904 0.0141671106592
0 0.0239999811791 0.966379990801 0.0686720752635 0.0457813804895
0 0.122599985515 0.905719992135 0.0259546692266 0.0173031116765
0 0.286999992743 0.825159993906 0.0235910435958 0.0157273613599
0 0.243799990844 0.822059993974 0.0395010706278 0.0263340453483
0 0.286999992743 0.795459994559 0.0346273974527 0.0230849301126
0 0.35559999576 0.847559993413 0.0433520658846 0.0289013753502
0 0.438199999392 0.864679993037 0.0573922455087 0.0382614944822
0 0.490600001696 0.869319992935 0.0221195033659 0.0147463346047
0 0.477400001115 0.921879991779 0.0206926811798 0.0137951198767
0 0.533200003569 0.939539991391 0.0211898231494 0.0141265478345
0 0.371999996481 0.917359991879 0.135242402467 0.090161595698
0 0.388199997193 0.80631999432 0.172456323234 0.114970874573
0 0.0811999836942 0.960819990923 0.0333229562848 0.0222153027246
0 0.577400005512 0.887119992544 0.035768202239 0.0238454665866
0 0.683200010164 0.910659992026 0.0289373231766 0.019291547512
0 0.612800007069 0.902719992201 0.0616418447446 0.0410945604527
0 0.724000011958 0.960379990933 0.0243738072303 0.0162492037485
0 0.564400004941 0.804899994351 0.0401216818865 0.0267477861602
0 0.545000004088 0.819599994028 0.0230902410784 0.015393493037
0 0.523200003129 0.85453999326 0.0846795520149 0.0564530309532
0 0.450399999928 0.752279995508 0.0765514539465 0.051034299265
0 0.490000001669 0.742419995725 0.0288115784117 0.0192077176743
0 0.510600002575 0.728959996021 0.0274972438713 0.0183314947051
0 0.796400015142 0.848739993387 0.0539015668794 0.0359343755495
0 0.914800020348 0.86773999297 0.02403970804 0.0160264709696
0 0.88800001917 0.830079993798 0.0232521955867 0.0155014627021
0 0.84980001749 0.876859992769 0.068259917364 0.0455066085745
0 0.867000018246 0.921759991782 0.0268630786922 0.017908717947
0 0.951200021949 0.905579992138 0.0203386963107 0.0135591299795
0 0.972000022863 0.892899992417 0.0215678489137 0.0143785649941
0 0.928000020928 0.715319996321 0.0198554050627 0.0132369358354
0 0.953200022036 0.643999997889 0.0226950997796 0.0151300655218
0 0.976400023057 0.681979997054 0.0382085015069 0.0254723326579
0 0.845000017279 0.732799995936 0.0282317278478 0.0188211506572
0 0.840200017068 0.735859995869 0.0309459746011 0.0206306483733
0 0.789600014843 0.678319997134 0.0249570215408 0.0166380132632
0 0.819400016153 0.640399997968 0.0304089623402 0.020272640223
0 0.840800017094 0.601319998827 0.0223576368427 0.0149050902454
0 0.725600012029 0.573799999432 0.0227132046513 0.0151421354355
0 0.711200011396 0.58525999918 0.0266115891625 0.0177410582716
0 0.770000013981 0.699339996672 0.0544260145571 0.0362840073116
0 0.66740000947 0.655799997629 0.0233899113323 0.0155932731931
0 0.757800013445 0.590439999066 0.050503094482 0.033668727434
0 0.515800002804 0.593479998999 0.0347062476318 0.0231374968951
0 0.754000013278 0.761079995315 0.0429606840673 0.0286404541559
0 0.680200010033 0.562679999676 0.0625497595416 0.041699836944
0 0.580400005644 0.588659999105 0.0281086542936 0.0187391016264
0 0.628200007746 0.654119997666 0.0323682458358 0.0215788291339
0 0.635200008054 0.633199998126 0.0294144805336 0.0196096523957
0 0.498400002039 0.669459997329 0.0244563179572 0.0163042108961
0 0.45680000021 0.590919999056 0.0282891094085 0.0188594050284
0 0.388199997193 0.601679998819 0.0300808981072 0.0200539307488
0 0.40699999802 0.643079997909 0.0217207015193 0.0144804667244
0 0.304599993517 0.617279998476 0.0335959144329 0.0223972748114
0 0.348199995434 0.569319999531 0.0350478657852 0.0233652423157
0 0.416999998459 0.724159996126 0.0445691485731 0.0297127637556
0 0.254199991301 0.714639996336 0.0278511298067 0.0185674186465
0 0.329399994608 0.558779999762 0.0226676951377 0.0151117957618
0 0.415999998416 0.563059999668 0.0197969352311 0.0131979559502
0 0.180599988065 0.710439996428 0.0226528550789 0.0151019023899
0 0.150599986746 0.691319996848 0.0429779974693 0.0286519964231
0 0.0853999838789 0.659499997548 0.0444624980172 0.0296416633898
0 0.20959998934 0.661879997496 0.0247493596515 0.0164995720127
0 0.0585999827005 0.604659998754 0.0213035969335 0.0142023970189
0 0.0955999843274 0.766519995195 0.077123884481 0.0514159195962
0 0.271599992066 0.679179997115 0.136986604044 0.0913243966725
0 0.366799996252 0.684699996994 0.104928119702 0.0699520751875
0 0.198799988865 0.757379995396 0.0416379401603 0.0277586249427
0 0.105799984776 0.763639995258 0.164837437049 0.109891617452
0 0.0995999845032 0.70899999646 0.0318569563435 0.0212379694949
0 0.226399990079 0.592299999025 0.0401575948288 0.0267717281201
0 0.0811999836942 0.561279999707 0.0469724466277 0.0313149623531
0 0.134199986025 0.476140001579 0.0243276051806 0.016218402384
0 0.0693999831753 0.433520002516 0.0250910767386 0.0167273833891
0 0.169399987572 0.458640001964 0.0481598491986 0.0321065640148
0 0.239599990659 0.507260000895 0.0219629902125 0.0146419925093
0 0.293799993042 0.519060000635 0.0246457760411 0.016430516277
0 0.0875999839756 0.40014000325 0.0290843386924 0.0193895578494
0 0.0351999816715 0.419500002824 0.0560874086058 0.037391603271
0 0.125399985638 0.389580003482 0.0370586937516 0.0247057942049
0 0.117599985295 0.364800004027 0.0244255495686 0.0162836986384
0 0.0825999837557 0.367980003957 0.0437411722261 0.0291607795608
0 0.142399986385 0.429020002615 0.0270341351032 0.0180227555468
0 0.114199985145 0.459300001949 0.022717656669 0.0151451034471
0 0.261399991618 0.492360001222 0.0357269468756 0.0238179630128
0 0.444799999682 0.491340001245 0.0334969807076 0.0223313189988
0 0.470200000799 0.549239999972 0.0292189874925 0.0194793237102
0 0.434199999216 0.546220000038 0.0216181072461 0.0144120705469
0 0.391199997325 0.558139999776 0.0235501839673 0.0157001216093
0 0.431599999101 0.510400000826 0.0408147126322 0.0272098066268
0 0.335399994872 0.516800000685 0.0474382266064 0.0316254823184
0 0.272399992101 0.398060003296 0.0201623964123 0.0134415967216
0 0.420599998618 0.395460003353 0.0367497237276 0.0244998142025
0 0.464000000526 0.382700003633 0.0362459531984 0.0241639672052
0 0.399999997712 0.459420001947 0.024440884296 0.0162939217893
0 0.584000005803 0.421600002778 0.0206261977164 0.0137507975707
0 0.456000000174 0.431000002572 0.0506417995649 0.0337611974832
0 0.346199995346 0.35782000418 0.0397032911623 0.0264688590291
0 0.395599997519 0.346080004438 0.0248483923105 0.0165655937811
0 0.760400013559 0.450800002136 0.036190649246 0.024127097906
0 0.985600023461 0.397640003305 0.0270224609237 0.0180149727609
0 0.8182000161 0.493700001193 0.0291469637405 0.0194313078787
0 0.820800016215 0.528240000434 0.0345645745372 0.0230430481716
0 0.897800019601 0.512880000771 0.0342878569075 0.022858569764
0 0.678800009971 0.400440003243 0.0199675959072 0.0133117297268
0 0.730800012257 0.383800003609 0.0641961156641 0.04279740762
0 0.727200012099 0.409500003044 0.0323564727225 0.0215709803923
0 0.916000020401 0.536100000261 0.0548883318554 0.0365922188234
0 0.867200018255 0.521740000577 0.0340677293688 0.0227118180812
0 0.715000011563 0.343240004501 0.0979264810296 0.0652843163805
0 0.775000014201 0.512280000785 0.033159023102 0.0221060139433
0 0.881000018862 0.276920005959 0.0199440496806 0.0132960322434
0 0.893000019389 0.300560005439 0.0278931766399 0.0185954498668
0 0.764000013717 0.268400006146 0.051830191473 0.034553458703
0 0.714000011519 0.238920006794 0.031131475336 0.0207543155218
0 0.659400009118 0.244400006674 0.0286467548254 0.0190978352907
0 0.661000009188 0.293800005588 0.0374911330649 0.0249940870614
0 0.843600017217 0.271180006085 0.0324374994435 0.0216249982027
0 0.852800017622 0.341240004545 0.0202630120109 0.0135086737829
0 0.942200021553 0.168660008339 0.0227852284033 0.015190151267
0 0.928000020928 0.175280008194 0.0262820409236 0.0175213594601
0 0.921600020647 0.143500008892 0.026458736557 0.0176391565412
0 0.909000020093 0.157560008583 0.0351444251011 0.0234296151887
0 0.888600019196 0.143040008902 0.0233913953382 0.0155942625303
0 0.842800017182 0.176960008157 0.0324292879443 0.0216195238703
0 0.723200011923 0.217140007273 0.0295949356486 0.0197299557977
0 0.768200013902 0.15634000861 0.0264991015169 0.0176660665127
0 0.956200022168 0.121100009385 0.0890847740007 0.0593898454167
0 0.949200021861 0.100800009831 0.0220445116021 0.0146963400988
0 0.773600014139 0.194660007768 0.0213722569388 0.0142481703528
0 0.680800010059 0.170600008296 0.0244076425643 0.0162717606363
0 0.630000007825 0.164120008439 0.059936820923 0.0399578779799
0 0.550000004308 0.217540007264 0.0240078513804 0.016005233198
0 0.61920000735 0.28368000581 0.0279301778532 0.0186201173407
0 0.586600005917 0.298600005482 0.0360767765282 0.0240511827658
0 0.598000006418 0.319740005018 0.0224360912868 0.0149573932047
0 0.50980000254 0.261460006299 0.0314171959346 0.0209447959083
0 0.502200002206 0.280780005874 0.0300228240104 0.0200152146868
0 0.446399999752 0.186080007956 0.0228443907711 0.0152295928429
0 0.413199998292 0.183420008015 0.025201486776 0.0168009900759
0 0.341799995153 0.23366000691 0.0383629370521 0.0255752896812
0 0.575400005424 0.203380007576 0.0805472881771 0.0536981885764
0 0.516600002839 0.240660006756 0.0343353450957 0.022890228554
0 0.525600003235 0.220840007192 0.0419584854302 0.0279723217752
0 0.566600005037 0.251700006513 0.0220764671954 0.0147176438262
0 0.461800000429 0.311600005197 0.0396729185086 0.0264486105946
0 0.449599999893 0.332500004737 0.0276130952636 0.0184087289616
0 0.334599994836 0.323500004935 0.0344849328883 0.0229899537426
0 0.519000002944 0.156140008614 0.0380064788399 0.0253376508888
0 0.304399993508 0.155920008619 0.0304532846491 0.0203021884271
0 0.371999996481 0.206280007512 0.0544515394582 0.0363010239112
0 0.506200002382 0.184040008001 0.0284253411482 0.0189502261823
0 0.28919999284 0.257040006396 0.0283276935614 0.0188851277953
0 0.267399991882 0.308680005261 0.0357007294384 0.0238004847225
0 0.244199990861 0.326540004868 0.0481036548427 0.0320691011133
0 0.196199988751 0.320520005 0.0337787439572 0.0225191611529
0 0.135799986095 0.267720006161 0.0647472754476 0.0431648474515
0 0.2609999916 0.242660006712 0.0466942449922 0.0311294946083
0 0.192799988601 0.207080007494 0.0239139632751 0.0159426411319
0 0.211999989446 0.189880007873 0.0346117659241 0.0230745090942
0 0.137799986183 0.179760008095 0.0416415017744 0.0277609993519
0 0.118799985347 0.197340007709 0.0366936283053 0.0244624172568
0 0.189199988443 0.22456000711 0.0291966284706 0.0194644176966
0 0.163399987309 0.149860008752 0.0393699834418 0.0262466538967
0 0.0307999814781 0.240860006752 0.032293254072 0.0215288346281
0 0.0585999827005 0.20912000745 0.0203230647821 0.0135487089611
0 0.145799986535 0.301180005426 0.0710784402637 0.0473856237171
0 0.200799988953 0.281840005851 0.0411188349037 0.0274125547944
0 0.0785999835799 0.256800006401 0.0319158219101 0.0212772132034
0 0.225399990035 0.215780007303 0.0331210325515 0.0220806869113
0 0.0295999814253 0.121060009386 0.0420076554917 0.028005101814
0 0.0807999836766 0.153240008678 0.0444375667184 0.029625042525
0 0.231999990325 0.129320009204 0.0291351906272 0.019423459137
0 0.197599988812 0.0924200100153 0.0958115747842 0.0638743789766
0 0.274599992198 0.0643200106331 0.0488899800912 0.0325933179111
0 0.285599992682 0.0466400110218 0.0231202179972 0.0154134776482
0 0.126799985699 0.0606600107135 0.0412197473035 0.0274798297232
0 0.290399992893 0.110120009626 0.0229579666877 0.0153053101157
0 0.335199994863 0.0378000112161 0.0639488802846 0.0426325840445
0 0.362999996085 0.0135200117499 0.0205861295577 0.0137240854666
0 0.416999998459 0.027300011447 0.0228583404263 0.0152388926125
0 0.433999999207 0.0906200100549 0.0238172060918 0.0158781363473
0 0.453000000042 0.0869800101349 0.0273064007152 0.0182042659428
0 0.501400002171 0.0741800104163 0.0199732351295 0.0133154892081
0 0.577000005495 0.0687200105363 0.0329359275515 0.0219572835861
0 0.677400009909 0.0473000110073 0.0243131608567 0.0162087728354
0 0.667800009487 0.0252000114931 0.027200244828 0.018133495356
0 0.498400002039 0.0101800118234 0.0252261212736 0.0168174130732
0 0.746200012935 0.0674800105636 0.022278291995 0.0148521936837
0 0.767600013876 0.178040008133 0.0419937058364 0.0279958020444
0 0.893000019389 0.0960400099357 0.0418457999171 0.0278971981047
0 0.911000020181 0.0763000103697 0.0323012677038 0.0215341770489
0 0.98740002354 0.0903600100606 0.0332088856996 0.0221392556728
0 0.804600015502 0.0303200113806 0.0492172528545 0.0328114997389
0 0.852800017622 0.0861000101542 0.0262114022438 0.01747426701
0 0.874000018554 0.0710600104849 0.0241642656001 0.0161095093376
0 0.662800009267 0.0798400102919 0.115054975822 0.0767033121558
0 0.200399988935 0.942159991334 0.0462886167185 0.030859075777
0 0.0993999844944 0.868859992945 0.028947612284 0.0192984069165
0 0.214999989577 0.910879992021 0.0453855496741 0.0302570311205
0 0.707800011246 0.830159993796 0.0308528779656 0.0205685839538
0 0.882200018915 0.87043999291 0.0434763266435 0.0289842158507
0 0.904800019908 0.752919995494 0.0205602089216 0.0137068050437
0 0.423199998732 0.697039996723 0.045793255556 0.0305288350238
0 0.0827999837645 0.521060000592 0.122601640387 0.0817344215339
0 0.374599996595 0.9209599918 0.224951547208 0.149967688247
