0 0.409199998117 0.302680005393 0.177060698808 0.118040458087
0 0.243999990853 0.342400004519 0.281163711241 0.187442461798
0 0.928400020946 0.405280003137 0.15996099373 0.106640655453
0 0.79340001501 0.536080000261 0.187203384325 0.124802247985
0 0.331399994696 0.677339997156 0.192371682134 0.128247779631
0 0.255199991345 0.951959991118 0.0673867283046 0.0449244825734
0 0.368199996314 0.976079990588 0.0386476683135 0.0257651105096
0 0.910800020172 0.97595999059 0.0361706646335 0.0241137748319
0 0.891400019319 0.983279990429 0.0230646172436 0.0153764104815
0 0.869600018361 0.960459990931 0.0300767428907 0.0200511606046
0 0.909400020111 0.954759991056 0.0231903620084 0.0154602403192
0 0.908000020049 0.928979991623 0.0222916480479 0.0148610977184
0 0.914600020339 0.917179991883 0.0208562186277 0.0139041448347
0 0.911000020181 0.94051999137 0.0334780843661 0.0223187214387
0 0.853800017666 0.940979991359 0.0384374341472 0.025624954408
0 0.834400016813 0.9527599911 0.0342154374206 0.0228102901093
0 0.874000018554 0.907579992094 0.0437596728328 0.0291731132977
0 0.863600018097 0.927639991653 0.0234418515381 0.0156278999946
0 0.838600016997 0.918359991857 0.0262154585265 0.0174769711983
0 0.827400016505 0.935379991483 0.0228864376043 0.0152576240632
0 0.799800015291 0.983799990418 0.0226377182189 0.0150918111506
0 0.827000016487 0.861999993096 0.0487761073734 0.0325174027709
0 0.803000015432 0.893039992413 0.043907974487 0.0292719810607
0 0.795800015116 0.920259991815 0.0467460862643 0.0311640554541
0 0.79340001501 0.945479991261 0.0231701795284 0.0154467853335
0 0.787800014764 0.940319991374 0.0265829973159 0.0177219970417
0 0.855400017736 0.87635999278 0.0971634052065 0.0647755991987
0 0.869800018369 0.829919993801 0.102827756714 0.068551833288
0 0.940800021491 0.802159994411 0.0435080843694 0.0290053876665
0 0.930200021025 0.787379994736 0.0228789186412 0.0152526114215
0 0.978800023162 0.781579994864 0.0209793911157 0.0139862598213
0 0.989400023628 0.740599995765 0.0257255387189 0.0171503580147
0 0.982600023329 0.719699996224 0.02871353509 0.0191423554641
0 0.917600020471 0.780799994881 0.0206077960435 0.0137385297895
0 0.902400019803 0.774799995013 0.0269715100551 0.0179810055175
0 0.848400017428 0.71081999642 0.0234639137588 0.0156426081408
0 0.845600017305 0.720159996214 0.0241950339887 0.0161300215953
0 0.829800016611 0.714399996341 0.0253686847718 0.016912455399
0 0.779200014386 0.886219992563 0.0475615969618 0.0317077292166
0 0.782000014509 0.904659992158 0.0376138108842 0.0250758722689
0 0.751600013172 0.889379992494 0.033948811031 0.0226325391946
0 0.752200013198 0.902679992201 0.0255264840636 0.01701765492
0 0.722800011906 0.880959992679 0.0961745626222 0.0641163708526
0 0.67400000976 0.876039992787 0.0693653038766 0.0462435328677
0 0.673800009751 0.907799992089 0.0372851530488 0.0248567670598
0 0.776000014245 0.987759990331 0.030851295026 0.0205675286608
0 0.628600007764 0.931319991572 0.112358042471 0.0749053567068
0 0.695200010692 0.841019993557 0.0347691694811 0.0231794447919
0 0.471400000851 0.846399993439 0.0290316070168 0.0193544034013
0 0.417799998495 0.872579992863 0.0224437091837 0.0149624718022
0 0.392199997369 0.893919992394 0.0476780419565 0.0317853592079
0 0.356599995804 0.836959993646 0.0208779840473 0.0139186551135
0 0.27599999226 0.845039993469 0.0487132844579 0.03247552083
0 0.253799991284 0.896899992329 0.0217212951216 0.0144808624593
0 0.37539999663 0.908579992072 0.028677523214 0.0191183475483
0 0.380199996841 0.928859991626 0.0313625845183 0.0209083882998
0 0.331199994687 0.870979992898 0.0260777427809 0.0173851607073
0 0.264599991758 0.814379994143 0.0456843295245 0.0304562176742
0 0.162799987282 0.873119992851 0.0348104248445 0.0232069483657
0 0.345799995329 0.935459991481 0.179197667275 0.119465103637
0 0.397599997606 0.752599995501 0.0427663782309 0.0285109169401
0 0.359599995936 0.767019995184 0.0252870644484 0.0168580418537
0 0.277199992312 0.735519995877 0.0429077545243 0.0286051677962
0 0.406599998002 0.790259994673 0.047042590639 0.0313617250241
0 0.43519999926 0.777279994958 0.0229356076658 0.015290404102
0 0.0995999845032 0.988159990322 0.0317363561324 0.0211575693595
0 0.0225999811175 0.923359991747 0.0392354335754 0.0261569539917
0 0.0989999844769 0.941779991342 0.0203265274625 0.0135510174146
0 0.0583999826917 0.895259992365 0.0334122934387 0.0222748608233
0 0.0431999820233 0.910719992025 0.0209051908217 0.0139367929619
0 0.0645999829643 0.970159990718 0.045908513346 0.0306056735454
0 0.0719999832897 0.862839993077 0.0200998702979 0.0133999126481
0 0.0843999838349 0.833579993721 0.0312380269581 0.0208253499319
0 0.0663999830434 0.828499993832 0.0250091596141 0.0166727719764
0 0.0111999806162 0.817859994066 0.0201402352578 0.0134268226196
0 0.132399985945 0.805959994328 0.0582004351105 0.0388002875146
0 0.237199990554 0.865119993027 0.0887755071755 0.0591836675468
0 0.0421999819793 0.809799994243 0.0324920119261 0.0216613398554
0 0.039599981865 0.826159993884 0.0208954953166 0.0139303292923
0 0.0805999836678 0.776839994968 0.0249415878797 0.0166277241564
0 0.0271999813198 0.655919997627 0.0326912644489 0.0217941748618
0 0.0169999808713 0.585119999183 0.0238235378502 0.0158823575193
0 0.0459999821464 0.76993999512 0.0294318928693 0.0196212606187
0 0.0323999815484 0.781079994875 0.0290801834759 0.0193867877053
0 0.193199988619 0.691559996843 0.0703467264314 0.0468978145278
0 0.132599985954 0.633799998113 0.0414675762853 0.0276450490335
0 0.108999984917 0.729659996005 0.0209449621793 0.0139633071986
0 0.173399987748 0.631459998164 0.0338339489759 0.0225559644962
0 0.188199988399 0.626839998266 0.0208801605892 0.0139201061414
0 0.133799986007 0.61211999859 0.0242201631549 0.0161467743716
0 0.127599985734 0.741099995754 0.152384649047 0.101589759331
0 0.339999995074 0.611099998612 0.0441084142144 0.0294056075368
0 0.468800000737 0.792739994619 0.021846842019 0.0145645603854
0 0.461800000429 0.781799994859 0.0261055431577 0.0174036942906
0 0.411399998213 0.541340000146 0.0434399190326 0.0289599441117
0 0.318199994115 0.540000000175 0.040470126467 0.0269800825318
0 0.261599991626 0.570059999514 0.0346646954672 0.0231097954539
0 0.27419999218 0.549379999969 0.0384789863119 0.0256526558493
0 0.247199990993 0.554859999848 0.022457263104 0.0149715077486
0 0.51980000298 0.625679998291 0.0338442380834 0.0225628239008
0 0.49480000188 0.7662999952 0.0801743080328 0.0534495351632
0 0.493000001801 0.743659995698 0.0232361683232 0.0154907778604
0 0.551000004352 0.621579998382 0.0199908453326 0.0133272293427
0 0.530000003428 0.56659999959 0.0317306179763 0.0211537439223
0 0.563200004888 0.578759999323 0.0280663106592 0.0187108725387
0 0.65740000903 0.595239998961 0.0477316640356 0.0318211072583
0 0.691200010516 0.599859998859 0.0436465915848 0.029097725804
0 0.66740000947 0.64301999791 0.0199330680371 0.0132887111482
0 0.545600004114 0.652819997695 0.0237256923959 0.0158171272207
0 0.555800004563 0.671299997288 0.0203485896833 0.0135657255608
0 0.583600005785 0.680119997095 0.0225097969121 0.015006530285
0 0.585000005847 0.703799996574 0.0247741920165 0.0165161269217
0 0.559400004721 0.7025999966 0.0233738840688 0.0155825883514
0 0.603400006656 0.727079996062 0.0313169760709 0.0208779826702
0 0.66240000925 0.735779995871 0.0200585160007 0.0133723431185
0 0.643000008397 0.689319996892 0.023428198684 0.0156187980925
0 0.573800005354 0.753419995483 0.0991315927373 0.0660877241327
0 0.510600002575 0.711799996398 0.0621422515271 0.0414281649523
0 0.721800011862 0.706819996508 0.0213170519201 0.0142113670094
0 0.705800011158 0.720319996211 0.0214825680425 0.0143217110837
0 0.73200001231 0.641299997948 0.030166673647 0.0201111144382
0 0.725200012011 0.656079997623 0.0211610334353 0.0141073546931
0 0.720600011809 0.615079998524 0.0301632109666 0.0201088059848
0 0.752400013207 0.613039998569 0.0354258915495 0.0236172594753
0 0.769000013937 0.587939999121 0.0414022800266 0.0276015181973
0 0.77680001428 0.632859998134 0.0214252854156 0.0142835226683
0 0.761600013612 0.647519997811 0.0202289788094 0.0134859849834
0 0.730200012231 0.574919999407 0.0290822610841 0.0193881727773
0 0.680800010059 0.571039999493 0.0205834583471 0.0137223046597
0 0.638800008212 0.567719999566 0.0234175138417 0.0156116748648
0 0.695200010692 0.551379999925 0.0550037875128 0.0366691892566
0 0.769800013972 0.563179999665 0.0259529873533 0.0173019904277
0 0.802000015388 0.531320000366 0.023239136335 0.0154927565348
0 0.782800014544 0.532360000343 0.0262764017013 0.0175175999788
0 0.776400014263 0.543620000096 0.0227081590313 0.0151387716891
0 0.773400014131 0.520260000609 0.0251727959957 0.0167818628903
0 0.833800016786 0.492380001222 0.0826943478833 0.0551295616194
0 0.81000001574 0.641839997936 0.0467786354599 0.0311857549164
0 0.803800015467 0.676419997176 0.0797394943102 0.0531596593672
0 0.772400014087 0.697059996722 0.0293188116213 0.019545873125
0 0.958400022265 0.687179996939 0.0276146782032 0.0184097842546
0 0.912000020225 0.572559999459 0.0205593185181 0.0137062114414
0 0.971200022828 0.556539999811 0.0381619037223 0.0254412674702
0 0.928800020964 0.665819997409 0.0806476069746 0.0537650677703
0 0.91940002055 0.697319996716 0.07410561439 0.0494037396682
0 0.960800022371 0.487340001333 0.0223642654022 0.0149095092848
0 0.929600020999 0.468920001738 0.0286466558917 0.0190977693348
0 0.925600020823 0.481900001452 0.0315104904376 0.0210069922395
0 0.92600002084 0.496460001132 0.0350381702801 0.0233587786461
0 0.975000022995 0.464760001829 0.0241037181602 0.0160691443803
0 0.928000020928 0.348220004391 0.0206279785235 0.0137519847753
0 0.941800021535 0.348900004376 0.0198485786357 0.0132323848844
0 0.885600019064 0.321600004977 0.0215088844134 0.0143392553299
0 0.82660001647 0.385760003566 0.0208520634112 0.0139013746906
0 0.821000016224 0.41650000289 0.025119371784 0.0167462467515
0 0.790400014878 0.409360003047 0.0199024975159 0.0132683308022
0 0.783000014553 0.365940004002 0.0316539443392 0.0211026281676
0 0.899400019671 0.294480005573 0.0378501635539 0.025233440705
0 0.926400020858 0.294540005572 0.0382969482573 0.0255312971543
0 0.936200021289 0.269180006129 0.0799238078404 0.053282535046
0 0.865200018167 0.408440003067 0.0201598241354 0.0134398818705
0 0.841800017138 0.444020002285 0.0414212753019 0.0276141817133
0 0.851600017569 0.469980001715 0.0646532884086 0.0431021894296
0 0.935000021236 0.526780000466 0.0203686732295 0.0135791145907
0 0.799000015256 0.444880002266 0.051259739613 0.0341731574881
0 0.757200013418 0.462540001878 0.0224044324947 0.0149362873447
0 0.772400014087 0.462240001885 0.0368328280568 0.024555217085
0 0.723600011941 0.504420000957 0.0235024979117 0.0156683309077
0 0.639400008239 0.511480000802 0.0213665187827 0.0142443449157
0 0.709400011316 0.483140001425 0.0226022999453 0.0150681989697
0 0.61600000721 0.456440002012 0.0297984423215 0.0198656269041
0 0.639400008239 0.477600001547 0.0315028725407 0.0210019136419
0 0.604800006717 0.484360001398 0.0240043887001 0.0160029247445
0 0.744600012864 0.475580001591 0.0198934945469 0.0132623288232
0 0.822200016276 0.337580004625 0.0502396339716 0.0334930871053
0 0.703400011053 0.366220003996 0.068233600993 0.0454890643284
0 0.668800009531 0.38560000357 0.0606834737478 0.0404556464969
0 0.643800008432 0.392280003423 0.0278359929467 0.0185573274072
0 0.797400015186 0.400860003234 0.0227082579651 0.0151388376449
0 0.655200008933 0.33826000461 0.0912277774242 0.0608185142715
0 0.652200008801 0.305900005322 0.0209089503033 0.0139392992828
0 0.693400010613 0.31506000512 0.0220856680318 0.0147237777168
0 0.57120000524 0.386520003549 0.0253166456323 0.0168777626417
0 0.515800002804 0.461400001903 0.0497738539929 0.03318256714
0 0.546600004158 0.482040001449 0.117239432477 0.078159616496
0 0.515800002804 0.494200001182 0.0633590374144 0.0422393554904
0 0.490600001696 0.462200001886 0.03136050691 0.0209070032277
0 0.488800001617 0.482320001443 0.0388440517582 0.0258960327975
0 0.493800001836 0.399500003264 0.0198537231894 0.0132358145866
0 0.429399999005 0.420280002807 0.0253045757178 0.0168697160325
0 0.405599997958 0.408480003067 0.0238701356348 0.015913422707
0 0.422999998723 0.406400003112 0.0284175253839 0.0189450156731
0 0.442199999568 0.443680002293 0.0662905426284 0.0441936921708
0 0.455600000157 0.471160001689 0.021499683577 0.0143331214393
0 0.440399999488 0.487260001335 0.0526122625714 0.0350748394009
0 0.47000000079 0.501340001025 0.0607649951374 0.0405099940864
0 0.383199996973 0.448440002188 0.0617148578339 0.0411432358423
0 0.369999996393 0.474980001605 0.0316906487513 0.0211270977741
0 0.488400001599 0.33690000464 0.0220846786946 0.0147231181587
0 0.439999999471 0.34828000439 0.0198666835074 0.013244454798
0 0.504400002303 0.315200005117 0.0269137327596 0.017942487323
0 0.554400004501 0.320600004999 0.0420322899893 0.0280215248113
0 0.354999995733 0.457160001996 0.0392454258817 0.0261636155288
0 0.343799995241 0.436360002454 0.0298806562472 0.0199204361843
0 0.306599993605 0.44970000216 0.0292117653305 0.0194745089359
0 0.305199993544 0.432300002543 0.0472324444578 0.0314882942284
0 0.254599991319 0.487620001327 0.0276412913753 0.0184275263681
0 0.332199994731 0.467080001778 0.0385710936101 0.0257140607107
0 0.232599990351 0.445900002244 0.0236955176097 0.0157970106979
0 0.173799987766 0.46246000188 0.0289646288848 0.0193097513162
0 0.175999987863 0.42878000262 0.020104520183 0.0134030125713
0 0.35219999561 0.34512000446 0.0474749310185 0.0316499519248
0 0.336999994942 0.395760003346 0.0958533248162 0.0639022123294
0 0.366999996261 0.311220005205 0.0228812930506 0.015254194361
0 0.349399995487 0.265600006208 0.0209537672808 0.0139691772659
0 0.373999996569 0.282640005833 0.049715483095 0.0331436532107
0 0.397399997598 0.279720005897 0.0453501314005 0.0302334189396
0 0.461200000403 0.287940005717 0.0474032040676 0.0316021339607
0 0.145999986543 0.49382000119 0.0296472715892 0.0197648464226
0 0.12339998555 0.540880000156 0.0563954882264 0.0375969896712
0 0.139399986253 0.38194000365 0.0322900881928 0.0215267240421
0 0.0993999844944 0.377620003745 0.021080105648 0.0140534028384
0 0.101999984609 0.391620003437 0.021449623112 0.0142997477982
0 0.0335999816012 0.359700004139 0.0203383005758 0.0135588661563
0 0.0163999808449 0.335800004665 0.0208216907576 0.0138811262562
0 0.0529999824542 0.337220004633 0.0227027176765 0.0151351441194
0 0.0781999835623 0.348160004393 0.0222626604664 0.0148417726654
0 0.114399985154 0.20818000747 0.0201901967891 0.0134601303049
0 0.0905999841075 0.186400007949 0.0203445334005 0.0135630213725
0 0.0957999843362 0.168860008335 0.0366099303737 0.0244066186394
0 0.019199980968 0.161220008503 0.0469329720713 0.0312886459839
0 0.0379999817947 0.126540009265 0.0623683150894 0.0415788739839
0 0.0427999820057 0.204240007557 0.0589042496322 0.0392694971648
0 0.0161999808361 0.102400009796 0.0440155154464 0.0293436750289
0 0.0307999814781 0.0887000100971 0.0281979914475 0.0187986597251
0 0.110399984978 0.24458000667 0.0204113136651 0.0136075415459
0 0.177199987915 0.242480006716 0.0357009273058 0.0238006166341
0 0.198599988856 0.240660006756 0.0271110066078 0.0180740032131
0 0.226799990096 0.235680006866 0.0328549997642 0.0219033317315
0 0.184999988258 0.16362000845 0.0221460176043 0.0147640107624
0 0.139799986271 0.159440008542 0.0423791516301 0.02825276589
0 0.146999986587 0.244300006676 0.0341819978215 0.0227879970447
0 0.0439999820585 0.247340006609 0.0395073034525 0.0263382005645
0 0.080399983659 0.249080006571 0.0468397765021 0.0312265156085
0 0.211399989419 0.158400008565 0.0238912085183 0.015927471295
0 0.197799988821 0.118780009436 0.0248730268081 0.0165820167784
0 0.198799988865 0.136080009055 0.0454052374855 0.0302701563271
0 0.162399987265 0.108400009664 0.0259904832352 0.0173269876806
0 0.0737999833688 0.145600008846 0.0201152050253 0.0134101357991
0 0.0769999835095 0.160680008515 0.0223397298384 0.0148931522433
0 0.0859999839052 0.140580008956 0.0245127101806 0.0163418057092
0 0.0875999839756 0.120320009402 0.0501529680282 0.0334353098136
0 0.0743999833952 0.0847400101841 0.0276358500204 0.0184238987985
0 0.0613999828236 0.060640010714 0.0197975288334 0.0131983516851
0 0.0361999817155 0.050540010936 0.0262648264554 0.0175098831487
0 0.0329999815748 0.0729600104431 0.03431793276 0.022878620331
0 0.0195999809856 0.0535200108705 0.0355718187943 0.0237145442988
0 0.102799984644 0.0854000101696 0.0676466272009 0.0450977484928
0 0.193199988619 0.178780008117 0.0577721510138 0.0385147648022
0 0.142199986376 0.115180009515 0.0916961296797 0.0611307490879
0 0.115799985216 0.16452000843 0.026965079363 0.0179767183897
0 0.0965999843713 0.196060007737 0.0333768751651 0.0222512486425
0 0.175799987854 0.0893000100839 0.0326383349058 0.0217588885021
0 0.26599999182 0.164440008432 0.0242105665836 0.0161403766578
0 0.296799993174 0.190580007857 0.0267914506751 0.0178609659387
0 0.266399991838 0.245200006656 0.0336868345264 0.0224578882031
0 0.316599994045 0.230660006976 0.025913117062 0.0172754102353
0 0.334999994854 0.255580006428 0.0324345314317 0.0216230195283
0 0.330799994669 0.266760006182 0.0198586698756 0.0132391123772
0 0.306999993623 0.255000006441 0.0465125037389 0.0310083337807
0 0.346199995346 0.246100006637 0.0213252634193 0.0142168413418
0 0.365599996199 0.248320006588 0.024194935055 0.0161299556394
0 0.358599995892 0.185960007959 0.0331504158679 0.0221002757876
0 0.384199997017 0.201940007607 0.0326203289678 0.0217468845442
0 0.291599992946 0.125640009285 0.0202140398169 0.0134760256558
0 0.396799997571 0.155240008634 0.0562792410992 0.0375194915915
0 0.475400001027 0.119980009409 0.0257326619471 0.0171551068332
0 0.458200000271 0.119820009413 0.0818238300345 0.0545492164252
0 0.514600002751 0.124340009314 0.104700572134 0.0698003768187
0 0.517800002892 0.0836400102083 0.0204548445042 0.0136365621034
0 0.548800004255 0.13634000905 0.0573342703456 0.0382228443761
0 0.573600005345 0.142480008915 0.0596027217327 0.0397351452011
0 0.551000004352 0.17136000828 0.0574246957705 0.0382831279887
0 0.486000001493 0.171500008277 0.0241383449641 0.0160922289147
0 0.447799999814 0.174820008204 0.0299271550981 0.0199514354161
0 0.471200000843 0.187580007923 0.0395692359645 0.0263794889031
0 0.450199999919 0.194800007764 0.0345287605286 0.0230191721675
0 0.469600000772 0.162220008481 0.0455781736373 0.0303854470874
0 0.514000002725 0.178980008112 0.0428927165981 0.0285951425127
0 0.551800004387 0.27280000605 0.0240777975242 0.0160518639574
0 0.550200004316 0.2432200067 0.0615483523742 0.0410322322098
0 0.581600005697 0.23002000699 0.0633473632348 0.0422315727045
0 0.552200004404 0.198960007673 0.110646489023 0.0737643211505
0 0.48320000137 0.227920007036 0.0204622645336 0.0136415087893
0 0.623400007535 0.279480005903 0.0231179425215 0.0154119606645
0 0.801400015362 0.261180006305 0.0640396025107 0.0426930655246
0 0.72700001209 0.193280007798 0.160070810165 0.106713866405
0 0.789000014817 0.294940005563 0.0200115224812 0.0133410141076
0 0.853600017657 0.263500006254 0.0348219011566 0.02321459924
0 0.828600016558 0.297200005513 0.052884330316 0.0352562178853
0 0.83160001669 0.271480006079 0.0469999502034 0.031333298069
0 0.759800013533 0.269920006113 0.0498874299096 0.0332582844128
0 0.824600016382 0.191540007836 0.0241334972116 0.0160889970799
0 0.833000016751 0.21684000728 0.0935817075499 0.0623878009184
0 0.858800017886 0.289520005682 0.0429835377579 0.0286556899486
0 0.882600018932 0.274540006011 0.0437090187654 0.0291393439217
0 0.869800018369 0.249980006551 0.0277439845822 0.0184959885015
0 0.821400016241 0.160180008526 0.0214528879249 0.01430192434
0 0.799800015291 0.155220008635 0.0241335961453 0.0160890630357
0 0.730000012222 0.110120009626 0.0317967057048 0.0211978024051
0 0.674200009769 0.112460009575 0.0461528796475 0.0307685844023
0 0.625000007605 0.18274000803 0.0224103685182 0.0149402446934
0 0.611200006999 0.205380007532 0.0365663995346 0.0243775980819
0 0.652000008793 0.225440007091 0.0537061727719 0.0358041128198
0 0.601800006585 0.160860008511 0.0472229468202 0.0314819624704
0 0.662000009232 0.106200009712 0.181704647873 0.121136423926
0 0.665000009364 0.160700008514 0.0401382038186 0.0267588007809
0 0.607200006823 0.105520009727 0.032572741846 0.0217151597984
0 0.617000007254 0.0785800103196 0.0234733124627 0.015648873943
0 0.686000010288 0.0581600107685 0.0373885387917 0.0249256908838
0 0.734200012407 0.05036001094 0.0460416781402 0.030694450069
0 0.789000014817 0.0598600107311 0.0261344318055 0.0174229533878
0 0.78340001457 0.0636000106489 0.103565802305 0.0690438636493
0 0.804000015476 0.0905800100557 0.0243820187295 0.0162546780809
0 0.819200016144 0.0954400099489 0.0221570981815 0.0147713978134
0 0.809200015705 0.116360009489 0.0246412250897 0.0164274823097
0 0.862000018026 0.119560009419 0.0218838432323 0.0145892278593
0 0.881800018897 0.181840008049 0.0448912767826 0.0299275158812
0 0.941800021535 0.193600007791 0.0277132161936 0.0184754762438
0 0.946800021755 0.234400006894 0.0288178112364 0.0192118728905
0 0.950200021905 0.0181800116475 0.0348886814212 0.0232591194134
0 0.911000020181 0.0925600100122 0.0304656513648 0.0203104329036
0 0.987000023523 0.12540000929 0.0367892972177 0.0245261965275
0 0.733600012381 0.0234800115309 0.0255104568001 0.0170069700784
0 0.38879999722 0.0134800117508 0.0239408732484 0.0159605811129
0 0.625600007632 0.0594800107395 0.0231628584328 0.0154419046034
0 0.590800006102 0.0233000115349 0.0319086986818 0.0212724643849
0 0.443799999638 0.063640010648 0.0537867048243 0.0358578008512
0 0.382999996964 0.0661200105935 0.0690389215169 0.0460259446422
0 0.422599998706 0.0822200102395 0.0550125926143 0.036675059324
0 0.581400005688 0.0434200110926 0.0549942898752 0.0366628574986
0 0.313399993904 0.0756400103842 0.138863376813 0.0925755784358
0 0.210599989384 0.0401400111647 0.0637394375882 0.0424929555894
0 0.0945999842834 0.0334800113111 0.0287651784946 0.0191767843982
0 0.0491999822871 0.0215400115736 0.0311777763194 0.020785182842
0 0.417199998468 0.587379999133 0.103735968312 0.0691573076468
0 0.413199998292 0.685239996982 0.135559979725 0.0903733138561
0 0.934200021201 0.955079991049 0.0472135481163 0.0314756966682
0 0.546400004149 0.422520002758 0.0198667824411 0.0132445207539
0 0.94260002157 0.154100008659 0.106899868847 0.0712665745308
