0 0.270399992013 0.738580000552 0.118291090174 0.0788607267829
0 0.519400002962 0.504159990245 0.123229861415 0.0821532409433
0 0.888600019196 0.697499998746 0.107843689473 0.0718957929821
0 0.799800015291 0.24545997887 0.0817415117837 0.0544943411892
0 0.0125999806778 0.0274199692823 0.0207082124088 0.0138054749392
0 0.0457999821376 0.083519971749 0.0275190074758 0.0183460049839
0 0.0905999841075 0.086179971866 0.056785184425 0.0378567896167
0 0.117999985312 0.110439972933 0.0281851282042 0.0187900854695
0 0.0999999845208 0.123699973516 0.0274678587432 0.0183119058288
0 0.115799985216 0.125319973587 0.0386417297413 0.0257611531609
0 0.0629999828939 0.0657999709699 0.0410414660236 0.0273609773491
0 0.0909999841251 0.047039970145 0.0627865038051 0.0418576692034
0 0.181199988091 0.0363599696754 0.020277949666 0.0135186331106
0 0.196199988751 0.0474399701626 0.0239239540035 0.015949302669
0 0.174999987819 0.0698799711493 0.0289330671181 0.0192887114121
0 0.215799989613 0.077879971501 0.0199876781351 0.0133251187567
0 0.253799991284 0.0151399687423 0.0394444779353 0.0262963186236
0 0.33239999474 0.0862399718686 0.0265673640351 0.0177115760234
0 0.308599993693 0.0847599718036 0.0281773124405 0.0187848749603
0 0.331599994704 0.0158199687722 0.0259325063618 0.0172883375745
0 0.134399986033 0.158079975027 0.0462795117634 0.0308530078423
0 0.409399998125 0.00823996843893 0.0234106858705 0.0156071239137
0 0.409799998143 0.0615199707817 0.0203754983127 0.0135836655418
0 0.445399999708 0.0644799709118 0.0279647038788 0.0186431359192
0 0.450599999937 0.0432399699779 0.0345338038709 0.0230225359139
0 0.427999998943 0.0502999702883 0.0278554810533 0.0185703207022
0 0.482600001344 0.0471199701485 0.0250055963507 0.0166703975671
0 0.486200001502 0.0393799698082 0.0252280982842 0.0168187321895
0 0.467000000658 0.10377997264 0.0210379584935 0.0140253056623
0 0.520800003024 0.0149799687353 0.0233146212296 0.0155430808197
0 0.50980000254 0.121319973411 0.0232669351772 0.0155112901181
0 0.513800002716 0.133899973964 0.0424884705942 0.0283256470628
0 0.560400004765 0.105579972719 0.0215043320437 0.0143362213625
0 0.61920000735 0.0920399721237 0.0224464778475 0.014964318565
0 0.610200006955 0.0442599700228 0.0270999242432 0.0180666161621
0 0.569400005161 0.0468999701388 0.0218908660829 0.0145939107219
0 0.807600015634 0.0743599713463 0.021396593224 0.0142643954827
0 0.821200016232 0.0197999689472 0.0199493907859 0.0132995938573
0 0.913600020295 0.13221997389 0.0544411478264 0.0362940985509
0 0.985200023444 0.047539970167 0.0206029469321 0.0137352979547
0 0.865800018193 0.409879986099 0.03546704564 0.0236446970933
0 0.782800014544 0.302019981357 0.0230459172495 0.015363944833
0 0.690800010499 0.180239976002 0.0255026393537 0.0170017595692
0 0.78840001479 0.21543997755 0.0477230536539 0.0318153691026
0 0.753400013251 0.22385997792 0.0625305622746 0.0416870415164
0 0.733600012381 0.248519979004 0.0221375078438 0.0147583385625
0 0.629400007799 0.172539975663 0.0214057940598 0.0142705293732
0 0.603200006647 0.184459976187 0.0246526008422 0.0164350672281
0 0.597000006374 0.17087997559 0.0224727942167 0.0149818628111
0 0.489000001625 0.161739975188 0.0228822808786 0.0152548539191
0 0.261599991626 0.177599975886 0.0685117981098 0.0456745320732
0 0.23119999029 0.182459976099 0.058100112481 0.0387334083207
0 0.0629999828939 0.579439993555 0.0262497867978 0.0174998578652
0 0.115799985216 0.529439991356 0.0269671551926 0.0179781034617
0 0.25099999116 0.529399991355 0.0224911958884 0.0149941305922
0 0.23119999029 0.608099994815 0.0221130712153 0.0147420474768
0 0.254199991301 0.569479993117 0.0211033536816 0.0140689024544
0 0.340399995091 0.5759199934 0.0238194799965 0.015879653331
0 0.395999997536 0.447319987746 0.0542678159511 0.0361785439674
0 0.377799996736 0.493919989795 0.0204467305902 0.0136311537268
0 0.325999994458 0.515039990723 0.0302820283734 0.0201880189156
0 0.344799995285 0.524179991125 0.0242630987914 0.0161753991943
0 0.404599997914 0.519439990917 0.0272095428035 0.0181396952024
0 0.498800002056 0.439279987392 0.0324483800131 0.0216322533421
0 0.575000005407 0.397759985566 0.0206758610828 0.0137839073885
0 0.618000007298 0.491559989691 0.0204639450572 0.0136426300382
0 0.731400012284 0.449159987826 0.0265478740925 0.0176985827283
0 0.719800011774 0.533979991556 0.0292016721645 0.019467781443
0 0.703400011053 0.5349799916 0.0308594055561 0.0205729370374
0 0.806000015564 0.465259988534 0.0268279554503 0.0178853036335
0 0.835400016857 0.446859987725 0.0227289336146 0.0151526224097
0 0.827800016523 0.443459987576 0.0199820389131 0.0133213592754
0 0.897000019565 0.432559987097 0.02387943383 0.0159196225534
0 0.861600018009 0.493659989783 0.0309527989866 0.0206351993244
0 0.970200022784 0.576939993445 0.0246159953662 0.0164106635775
0 0.831400016681 0.58909999398 0.0288610433708 0.0192406955806
0 0.765800013796 0.631919995862 0.0199734316796 0.0133156211197
0 0.883200018959 0.506839990363 0.0228650664116 0.0152433776077
0 0.865800018193 0.529499991359 0.0711489753171 0.0474326502114
0 0.978400023145 0.724819999947 0.049781270739 0.033187513826
0 0.978400023145 0.870420006349 0.023516742817 0.0156778285447
0 0.928200020937 0.855520005694 0.0230531394109 0.0153687596073
0 0.802400015406 0.74922000102 0.055136750803 0.0367578338687
0 0.799400015274 0.771020001979 0.0212749047499 0.0141832698333
0 0.844600017261 0.742740000735 0.0278308465574 0.0185538977049
0 0.861800018018 0.843000005144 0.0357677052113 0.0238451368075
0 0.909600020119 0.886600007061 0.0220633075547 0.0147088717031
0 0.918200020498 0.884880006985 0.106523913665 0.0710159424433
0 0.847000017367 0.874800006542 0.115058925582 0.0767059503883
0 0.866800018237 0.875460006571 0.0288721239473 0.0192480826316
0 0.863400018088 0.771820002014 0.0222775979896 0.014851731993
0 0.814200015925 0.604739994667 0.0946576055692 0.0631050703795
0 0.645400008502 0.797360003137 0.046752810674 0.0311685404493
0 0.667600009479 0.714799999507 0.0315873598587 0.0210582399058
0 0.54460000407 0.784680002579 0.0261764769122 0.0174509846082
0 0.534400003622 0.691399998478 0.0263005397956 0.017533693197
0 0.608000006858 0.72259999985 0.0509604617329 0.0339736411553
0 0.644800008476 0.729700000162 0.0283282852953 0.0188855235302
0 0.618800007333 0.780320002388 0.0252173145088 0.0168115430059
0 0.56620000502 0.764640001698 0.0264200517278 0.0176133678185
0 0.558000004659 0.745440000854 0.0571805235652 0.0381203490434
0 0.511800002628 0.807480003582 0.0376387397005 0.0250924931337
0 0.472400000895 0.807800003596 0.0480727843497 0.0320485228998
0 0.61420000713 0.826520004419 0.0373959563547 0.0249306375698
0 0.571000005231 0.818760004078 0.0477825128188 0.0318550085459
0 0.436199999304 0.816820003993 0.0553739938606 0.036915995907
0 0.576000005451 0.699619998839 0.0236655391301 0.0157770260867
0 0.371399996454 0.718499999669 0.0217563162254 0.0145042108169
0 0.33059999466 0.753680001216 0.100150603502 0.0667670690015
0 0.33899999503 0.688179998336 0.0919770953931 0.0613180635954
0 0.33559999488 0.817700004031 0.0476689369097 0.0317792912731
0 0.281399992497 0.833840004741 0.0208180288367 0.0138786858911
0 0.248599991055 0.804740003461 0.0450218663305 0.0300145775537
0 0.19299998861 0.821840004213 0.0622208997349 0.0414805998233
0 0.17139998766 0.801000003297 0.0332142259301 0.0221428172867
0 0.0755999834479 0.837820004916 0.023987073716 0.0159913824774
0 0.111199985013 0.810780003727 0.047340971632 0.0315606477547
0 0.451599999981 0.662219997195 0.058686888367 0.0391245922447
0 0.0653999829994 0.729140000137 0.0842774797967 0.0561849865312
0 0.079399983615 0.763380001643 0.0505100165114 0.0336733443409
0 0.018199980924 0.798680003195 0.0247008804969 0.0164672536646
0 0.013399980713 0.783420002524 0.0384410921597 0.0256273947731
0 0.0519999824102 0.886760007068 0.0200176550519 0.0133451033679
0 0.109199984925 0.986120011437 0.0293713434922 0.0195808956615
0 0.130799985875 0.942040009499 0.0206469724369 0.0137646482913
0 0.0787999835887 0.95822001021 0.027750413444 0.0185002756293
0 0.0165999808537 0.890540007234 0.0258208101933 0.0172138734622
0 0.133199985981 0.922660008646 0.0228556677083 0.0152371118055
0 0.15659998701 0.930980009012 0.0362891848429 0.0241927898953
0 0.189599988461 0.937920009317 0.0295251854249 0.0196834569499
0 0.391199997325 0.878780006717 0.0259014411741 0.0172676274494
0 0.353599995672 0.843940005185 0.0309844577766 0.0206563051844
0 0.346599995364 0.913600008248 0.0201984069561 0.0134656046374
0 0.323799994361 0.933720009133 0.0345968246497 0.0230645497665
0 0.376199996665 0.927800008872 0.0240443563392 0.0160295708928
0 0.419799998583 0.867900006239 0.0226113014229 0.0150742009486
0 0.431599999101 0.897580007544 0.0393846230355 0.026256415357
0 0.476800001089 0.881660006844 0.0400432248013 0.0266954832009
0 0.530600003455 0.887300007092 0.0247493580191 0.0164995720127
0 0.45179999999 0.864180006075 0.0356054539125 0.023736969275
0 0.546600004158 0.934140009151 0.0882564950316 0.0588376633544
0 0.49660000196 0.898240007573 0.0214635713516 0.0143090475677
0 0.58440000582 0.866740006188 0.0236111255847 0.0157407503898
0 0.561400004809 0.849760005441 0.0275521502716 0.0183681001811
0 0.556600004598 0.887780007113 0.0254525788921 0.016968385928
0 0.647000008573 0.89476000742 0.0434875032862 0.0289916688575
0 0.60260000662 0.918840008479 0.0952896930984 0.0635264620656
0 0.683200010164 0.909180008054 0.0990554072356 0.0660369381571
0 0.62920000779 0.969320010698 0.0307285162462 0.0204856774974
0 0.710000011343 0.989480011585 0.0232271638222 0.0154847758815
0 0.646400008546 0.946060009675 0.02083514437 0.0138900962467
0 0.743800012829 0.935540009213 0.0253015071035 0.0168676714023
0 0.746800012961 0.955860010106 0.0283774553535 0.018918303569
0 0.821200016232 0.954180010032 0.0598478755567 0.0398985837045
0 0.784200014605 0.92320000867 0.0360034642631 0.0240023095087
0 0.749000013058 0.900480007671 0.0339059704916 0.0226039803278
0 0.824000016356 0.911760008167 0.065080479942 0.043386986628
0 0.740000012662 0.881280006827 0.0223559534948 0.0149039689965
0 0.730600012249 0.873640006491 0.0268706948168 0.0179137965445
0 0.720200011791 0.862880006018 0.0370188210187 0.0246792140125
0 0.742200012759 0.812240003791 0.0247296702091 0.016486446806
0 0.739000012618 0.827180004448 0.0314552833442 0.0209701888961
0 0.627000007693 0.869440006306 0.0247673639559 0.0165115759706
0 0.633200007966 0.857180005767 0.0243524359394 0.016234957293
0 0.869200018343 0.934880009184 0.0602828871181 0.0401885914121
0 0.913200020278 0.929000008925 0.037230143442 0.024820095628
0 0.940600021482 0.981280011224 0.0374604611393 0.0249736407595
0 0.618600007324 0.696879998719 0.0275417622311 0.0183611748208
0 0.120399985418 0.0867999718933 0.0406046736553 0.0270697824368
0 0.355199995742 0.11855997329 0.026651457696 0.017767638464
