0 0.372999996525 0.846519993436 0.136487978068 0.0909919793775
0 0.529200003393 0.710519996426 0.174468635206 0.116312415799
0 0.874400018572 0.942059991336 0.0863654816275 0.0575769839541
0 0.793800015028 0.573159999446 0.172611649182 0.115074425198
0 0.145999986543 0.538320000212 0.0868326466783 0.0578884273008
0 0.390799997307 0.979679990509 0.0432487790754 0.0288325174819
0 0.262799991679 0.988939990305 0.0282169867228 0.0188113232411
0 0.269999991996 0.966119990807 0.0253802600176 0.0169201722291
0 0.959400022309 0.96913999074 0.0223009478181 0.0148672975648
0 0.916600020427 0.979899990504 0.0246331125243 0.016422073933
0 0.529000003384 0.878439992734 0.0213711686678 0.0142474448388
0 0.804000015476 0.886099992566 0.0413368848342 0.0275579214052
0 0.646200008538 0.889899992482 0.0257684759556 0.0171789828374
0 0.701400010965 0.895119992368 0.0242194706188 0.0161463126809
0 0.446599999761 0.92137999179 0.0285904615357 0.0190603064333
0 0.403199997853 0.939039991402 0.0251177888444 0.0167451914585
0 0.473800000957 0.935379991483 0.0251775448145 0.0167850287693
0 0.510400002566 0.949939991162 0.0288418521317 0.0192279001529
0 0.527400003314 0.932899991537 0.0285984751675 0.0190656488542
0 0.519600002971 0.985879990372 0.025419734574 0.0169464885983
0 0.821000016224 0.969779990726 0.0234776655466 0.0156517759988
0 0.570000005187 0.923279991749 0.0297772705043 0.0198515123602
0 0.581000005671 0.913179991971 0.0203430493946 0.0135620320353
0 0.59100000611 0.928139991642 0.0264481506484 0.0176320992693
0 0.402399997818 0.895159992367 0.0582803735606 0.0388535798111
0 0.287399992761 0.908979992063 0.0319332342457 0.0212888214264
0 0.252199991213 0.927019991666 0.0272914617227 0.0181943066151
0 0.188399988408 0.959679990948 0.0203197010355 0.0135464664635
0 0.141199986332 0.918119991862 0.0256996180828 0.0171330775919
0 0.0841999838261 0.903619992181 0.0223764342505 0.0149176218497
0 0.198799988865 0.861199993113 0.0346685538824 0.0231123677306
0 0.539800003859 0.844839993473 0.0337752812768 0.0225168526994
0 0.543000004 0.862779993079 0.0360767765282 0.0240511827658
0 0.736200012495 0.8163399941 0.0223757417144 0.014917160159
0 0.297399993201 0.792639994621 0.0436350163389 0.0290900089739
0 0.345999995338 0.787779994728 0.0312495032703 0.0208330008061
0 0.414199998336 0.761179995312 0.0287960458169 0.0191973626117
0 0.462400000456 0.771479995086 0.0280100173695 0.0186733436814
0 0.194999988698 0.711959996395 0.0220502497582 0.0147001655359
0 0.0449999821024 0.75899999536 0.0215822932376 0.0143881945427
0 0.159999987159 0.793219994608 0.0297551093498 0.0198367382582
0 0.0295999814253 0.808799994265 0.0265478758435 0.0176985827283
0 0.115199985189 0.820879994 0.0331115349139 0.0220743551533
0 0.153799986886 0.810059994238 0.0219519096353 0.0146346054583
0 0.117199985277 0.863119993071 0.0467497468121 0.0311664958191
0 0.0517999824015 0.827119993863 0.0293833164102 0.0195888763148
0 0.167399987484 0.845939993449 0.0287903076608 0.0191935371746
0 0.190199988487 0.826979993866 0.0224871410891 0.0149914264039
0 0.0977999844241 0.880599992687 0.0200864153112 0.0133909426576
0 0.156199986992 0.534700000292 0.0224790285236 0.0149860180273
0 0.0487999822695 0.567759999565 0.0308200319688 0.020546686624
0 0.0909999841251 0.639599997985 0.0447814603475 0.0298543049293
0 0.219199989762 0.650239997751 0.0268179649135 0.0178786420965
0 0.599000006462 0.620859998397 0.0267751266104 0.0178500832296
0 0.313999993931 0.629979998197 0.0374818332947 0.024987887215
0 0.357399995839 0.666779997388 0.0301222524043 0.0200815002784
0 0.399399997686 0.646079997843 0.0482928161254 0.0321952086268
0 0.494000001845 0.645599997853 0.03393763152 0.0226250861878
0 0.72380001195 0.672199997269 0.0266319695099 0.0177546451689
0 0.213799989525 0.576239999378 0.037785658765 0.0251904375152
0 0.611400007007 0.594519998976 0.0236248789299 0.0157499182478
0 0.533200003569 0.59571999895 0.034837631619 0.0232250862141
0 0.527600003323 0.563199999665 0.0415186260876 0.0276790822328
0 0.823800016347 0.622499998361 0.0295025315491 0.0196683530689
0 0.918000020489 0.620239998411 0.024566233326 0.0163774878038
0 0.947800021799 0.632899998133 0.0276451497906 0.0184300986448
0 0.873600018536 0.655619997633 0.0404349060608 0.0269566022626
0 0.867000018246 0.638419998011 0.0297038616801 0.0198025731473
0 0.916000020401 0.649979997757 0.0403636737786 0.0269091140776
0 0.799200015265 0.644299997882 0.0400134483911 0.0266756305013
0 0.789600014843 0.681419997066 0.0202216577137 0.0134811042533
0 0.700000010903 0.696539996734 0.0336620021614 0.0224413332941
0 0.835400016857 0.703139996588 0.0388339605182 0.0258893053046
0 0.959000022292 0.612319998585 0.0217389053247 0.0144926025939
0 0.74200001275 0.553999999867 0.0203161394214 0.0135440920543
0 0.82160001625 0.768619995149 0.0347117879204 0.0231411904206
0 0.704000011079 0.757699995389 0.0596438781625 0.0397625828191
0 0.768000013893 0.757239995399 0.0236074665942 0.0157383100248
0 0.639400008239 0.80041999445 0.0362148880087 0.0241432570801
0 0.984800023426 0.840479993569 0.0209051908217 0.0139367929619
0 0.972000022863 0.547180000017 0.0273121388713 0.0182080913799
0 0.880000018818 0.527760000444 0.0214026295925 0.0142684187872
0 0.861200017991 0.511780000796 0.0311525482195 0.0207683641099
0 0.951200021949 0.521940000572 0.0456264532952 0.0304176335239
0 0.738200012583 0.515980000703 0.0316002233264 0.0210668141615
0 0.799600015283 0.515700000709 0.022402157019 0.014934770361
0 0.440999999515 0.525360000497 0.0639219703113 0.0426146440635
0 0.407599998046 0.557119999799 0.0366365435458 0.024424360753
0 0.713400011492 0.450740002138 0.0202068176549 0.0134712108814
0 0.586800005926 0.516420000694 0.0414260241207 0.0276173475923
0 0.758000013453 0.627039998262 0.0205233066421 0.0136822035257
0 0.750000013102 0.5252000005 0.0295222193605 0.0196814782755
0 0.808800015687 0.54386000009 0.026922933596 0.0179486212135
0 0.928400020946 0.440380002365 0.0273887135747 0.0182591411788
0 0.540400003885 0.352220004304 0.0333572862875 0.0222381893916
0 0.923600020735 0.357200004194 0.0224120503916 0.0149413659422
0 0.556800004607 0.428860002619 0.0423088097514 0.0282058713073
0 0.521200003041 0.440940002353 0.0446497795592 0.0297665177428
0 0.239199990642 0.458940001957 0.0208064549639 0.0138709690611
0 0.319199994159 0.456180002018 0.0456987738484 0.0304658472229
0 0.368599996331 0.422760002753 0.0239236587802 0.0159491048015
0 0.279599992418 0.401080003229 0.0954677800888 0.0636451825281
0 0.323399994344 0.357580004186 0.0277720817601 0.0185147199523
0 0.122399985506 0.432240002544 0.118841169489 0.0792274411005
0 0.0681999831226 0.382340003641 0.0267933304159 0.0178622190991
0 0.109599984943 0.352280004302 0.0254958146088 0.0169972086181
0 0.126399985682 0.328780004819 0.0256180966932 0.0170787300024
0 0.46000000035 0.453540002076 0.0716327659264 0.0477551741346
0 0.0709999832457 0.28826000571 0.0202852720991 0.0135235138408
0 0.290599992902 0.314440005134 0.032252196576 0.0215014629659
0 0.330999994678 0.335720004666 0.0345599246521 0.0230399482484
0 0.413199998292 0.353200004282 0.0465195280334 0.0310130166434
0 0.127199985717 0.281280005863 0.0231410930132 0.0154273943246
0 0.39039999729 0.309760005237 0.0593920918316 0.0395947252762
0 0.499200002074 0.326400004871 0.0339300136232 0.0226200075902
0 0.488600001608 0.294300005577 0.0214256811505 0.0142837864915
0 0.025999981267 0.244720006667 0.0359581549916 0.0239721017466
0 0.0567999826213 0.364040004044 0.0383267273086 0.0255511498538
0 0.141799986359 0.188720007898 0.0208603738442 0.0139069149789
0 0.253599991275 0.225520007089 0.025578918938 0.0170526115006
0 0.192399988584 0.234700006887 0.0295909782995 0.0197273175652
0 0.194399988672 0.224200007118 0.0750032400795 0.0500021567551
0 0.161199987212 0.251740006513 0.0246795124414 0.0164530072091
0 0.609800006937 0.305460005332 0.0472559906844 0.0315039917117
0 0.554000004483 0.22728000705 0.0204882841034 0.013658855168
0 0.435799999286 0.137140009032 0.0295774243792 0.0197182816189
0 0.472600000904 0.152980008684 0.0353316077093 0.023554403586
0 0.615200007174 0.22094000719 0.0342254297269 0.0228169516463
0 0.663400009294 0.244540006671 0.0215560758004 0.0143707162524
0 0.596400006348 0.249620006559 0.0360374009055 0.0240249323524
0 0.733800012389 0.229520007001 0.0275147551407 0.0183431688839
0 0.706200011176 0.211120007406 0.0207341344107 0.0138227553621
0 0.504200002294 0.12904000921 0.0264079835559 0.0176053212094
0 0.734200012407 0.188100007912 0.0244107095098 0.0162738052665
0 0.771000014025 0.175260008194 0.0279591654347 0.0186394423937
0 0.819200016144 0.220420007201 0.0245763245659 0.0163842152967
0 0.811400015801 0.202240007601 0.0503094811817 0.033539651909
0 0.825000016399 0.167060008374 0.0232464574306 0.0154976372649
0 0.840600017085 0.179220008107 0.0232702015247 0.0155134666599
0 0.801800015379 0.149700008756 0.0347400829658 0.023160053783
0 0.648200008625 0.190140007867 0.0204917467837 0.0136611636215
0 0.539200003833 0.210680007415 0.0802319863946 0.0534879874019
0 0.356999995821 0.248060006593 0.0368604305662 0.0245736187567
0 0.772800014104 0.28552000577 0.0278094787083 0.0185396512494
0 0.85640001778 0.311580005197 0.0223826670752 0.0149217770659
0 0.893000019389 0.222020007166 0.0282637823748 0.0188425203404
0 0.856200017771 0.146640008823 0.0222436651911 0.0148291091494
0 0.887800019161 0.0629200106638 0.03183083784 0.0212205571604
0 0.890600019284 0.0461200110332 0.0208892624919 0.0139261740761
0 0.673600009742 0.0989600098715 0.0341045327146 0.0227363536435
0 0.609000006902 0.0757000103829 0.022638410755 0.0150922728413
0 0.695200010692 0.0795800102976 0.0204673101536 0.0136448725358
0 0.756800013401 0.066780010579 0.0454425354999 0.0302950216685
0 0.558200004668 0.0356000112645 0.0223189537561 0.0148793015227
0 0.651400008766 0.0624000106753 0.028095891843 0.0187305933266
0 0.601600006576 0.0467000110204 0.0266731259397 0.0177820827869
0 0.442599999585 0.0577400107777 0.0253035863805 0.0168690564744
0 0.973600022933 0.0893200100834 0.0323140301543 0.0215426853487
0 0.882800018941 0.110180009625 0.113996384962 0.075997584962
0 0.2791999924 0.0474800110033 0.0413665649518 0.027577708149
0 0.376199996665 0.0698400105117 0.0318169871185 0.0212113233467
0 0.266399991838 0.025160011494 0.0255830741545 0.0170553816447
0 0.366999996261 0.0305200113762 0.0506753380978 0.0337835565036
0 0.482200001326 0.033440011312 0.0257615505949 0.0171743659305
0 0.0869999839492 0.919439991833 0.0981816311071 0.065454416421
0 0.162799987282 0.949959991162 0.085909001419 0.0572726638352
0 0.284399992629 0.385220003578 0.0539025562166 0.0359350351076
0 0.034799981654 0.0342200112948 0.0314247148977 0.0209498085501
