0 0.658400009619 0.601199994512 0.370033824774 0.246689232787
0 0.360800016162 0.420339986559 0.169835535246 0.113223697632
0 0.955200003094 0.165319975346 0.024578694112 0.0163857971554
0 0.915400003969 0.156499974958 0.0277320081141 0.0184880066288
0 0.918400003903 0.180159975998 0.0204084405489 0.01360562793
0 0.879000004769 0.124419973547 0.0765237373619 0.0510158282727
0 0.840200005622 0.104419972668 0.0491482863231 0.0327655263765
0 0.816400006146 0.105719972725 0.0374074277316 0.0249382867992
0 0.841600005592 0.130199973802 0.0252114740937 0.0168076505044
0 0.828200005886 0.0165599688048 0.0259460568587 0.01729737238
0 0.936200003512 0.140419974251 0.0247527185004 0.016501813422
0 0.846600005482 0.160979975155 0.020703559793 0.0138023741057
0 0.825000005956 0.17177997563 0.0243882467285 0.0162588322247
0 0.810800006269 0.171259975607 0.0238305574294 0.0158870393341
0 0.803400006431 0.137799974136 0.0199847074873 0.0133231392036
0 0.820000006066 0.129219973758 0.0262807495851 0.017520500879
0 0.792200006678 0.0303799694124 0.0249149697777 0.0166099809473
0 0.692400008872 0.0479599701854 0.0772231986613 0.0514821358364
0 0.658200009624 0.0461199701045 0.0868628042772 0.0579085400042
0 0.725200008151 0.0159599687784 0.0262101109192 0.0174734084319
0 0.765400007267 0.0527799703974 0.0214262705132 0.0142841812843
0 0.737400007882 0.0523799703798 0.0273460677282 0.0182307130212
0 0.72660000812 0.0436799699973 0.0202573687803 0.0135049134109
0 0.707800008533 0.0772399714729 0.0284367128999 0.0189578098503
0 0.744200007733 0.0908599720718 0.0220746820205 0.014716455651
0 0.732800007984 0.10173997255 0.0296150133349 0.0197433435255
0 0.714000008397 0.106399972755 0.0217122878565 0.0144748595257
0 0.688800008951 0.116719973209 0.0227157724335 0.0151438492878
0 0.723200008195 0.120659973382 0.0322125177784 0.0214750132687
0 0.754400007509 0.173719975715 0.0215960407522 0.0143973614511
0 0.723600008186 0.196259976706 0.0574049966006 0.0382700002579
0 0.716200008348 0.219199977715 0.0248219720944 0.0165479824877
0 0.649000009826 0.173039975685 0.0253208947723 0.0168805976282
0 0.62700001031 0.171539975619 0.0207637114861 0.0138424752371
0 0.634400010147 0.214579977512 0.0296091762463 0.0197394521328
0 0.68020000914 0.0956799722837 0.0235779796788 0.0157186541559
0 0.680400009136 0.0735999713128 0.0345450777579 0.0230300533576
0 0.639200010041 0.119379973326 0.0215166959203 0.0143444648929
0 0.674800009259 0.174919975768 0.0301221475104 0.0200814329981
0 0.623200010393 0.0305599694204 0.0231581050317 0.0154387377061
0 0.565400011664 0.0724999712645 0.0225463979293 0.0150309329442
0 0.601400010872 0.0852199718238 0.0254790897677 0.0169860609655
0 0.594200011031 0.108959972868 0.0258169483727 0.0172113000503
0 0.568400011598 0.100799972509 0.0318341952877 0.0212227982583
0 0.60880001071 0.09877997242 0.0209137939177 0.013942530198
0 0.544000012134 0.164119975293 0.0304363609598 0.0202909086448
0 0.6138000106 0.144779974443 0.0652572658892 0.0435048467955
0 0.474200013669 0.105479972715 0.0306795400084 0.0204530280213
0 0.48780001337 0.146619974524 0.0210620955425 0.0140413979545
0 0.490600013308 0.157079974984 0.0256417367799 0.0170944923141
0 0.458400014016 0.185539976235 0.0208243578477 0.0138829061475
0 0.606000010771 0.193479976584 0.025511935758 0.0170079582938
0 0.440600014408 0.118939973306 0.0220608313017 0.0147072218378
0 0.41500001497 0.155499974914 0.0721501750335 0.0481001198615
0 0.384200015648 0.198059976785 0.032411671328 0.0216077823105
0 0.376200015823 0.18973997642 0.0220491571244 0.0146994390524
0 0.351000016377 0.140519974255 0.0227732529165 0.0151821696124
0 0.264200018286 0.163579975269 0.0453287527467 0.0302191704909
0 0.208600019508 0.16221997521 0.0202639973386 0.0135093324501
0 0.161400020546 0.16813997547 0.0488629615158 0.0325753098258
0 0.149800020801 0.144059974411 0.0221707466487 0.0147804987407
0 0.233200018967 0.130699973824 0.0354386469879 0.0236257662169
0 0.321800017019 0.0381799697554 0.0217091219779 0.0144727489398
0 0.444400014324 0.13515997402 0.119144872451 0.079429920206
0 0.472400013708 0.158939975065 0.0241105398166 0.0160736942712
0 0.337600016672 0.115459973153 0.103851700222 0.069234471381
0 0.230000019038 0.0237199691196 0.068929091443 0.0459527306595
0 0.261400018347 0.0253599691917 0.0225627219907 0.0150418156526
0 0.129800021241 0.183659976152 0.0231299089256 0.0154199403008
0 0.142600020959 0.185219976221 0.0259698998817 0.0173132677297
0 0.181400020106 0.0599999707148 0.0215813985638 0.0143875999915
0 0.122800021395 0.0206399689842 0.0203498717951 0.0135665820915
0 0.221800019218 0.114459973109 0.0385261700757 0.0256841150778
0 0.0844000222388 0.210119977316 0.0823728959109 0.0549152675626
0 0.204800019592 0.233619978349 0.118708574809 0.079139055092
0 0.0154000237557 0.0457599700887 0.0249691854485 0.0166461247302
0 0.0546000228939 0.328639982527 0.0202363948347 0.0134909307796
0 0.0316000233996 0.320419982166 0.0205892913629 0.0137261951473
0 0.0978000219442 0.325959982409 0.0198340314535 0.0132226885078
0 0.0240000235667 0.432099987076 0.0211307555343 0.0140871712853
0 0.0674000226125 0.438819987372 0.0233990086051 0.0155993400989
0 0.0688000225817 0.425199986773 0.0524222994462 0.0349482019358
0 0.154800020691 0.265159979736 0.0330150679991 0.0220100467844
0 0.150400020788 0.253399979219 0.0214732640235 0.0143155102932
0 0.153800020713 0.233899978361 0.0253954907864 0.0169303283076
0 0.137600021069 0.271179980001 0.0198000971925 0.0132000656656
0 0.150800020779 0.304179981452 0.02112076323 0.0140805097487
0 0.25400001851 0.232659978307 0.0201248965483 0.0134165985838
0 0.28040001793 0.240999978674 0.0219547743692 0.0146365172115
0 0.291800017679 0.246499978915 0.0221609522119 0.0147739691157
0 0.311800017239 0.282739980509 0.0253819368687 0.0169212923618
0 0.309800017283 0.349359983438 0.0427542998567 0.0285028684511
0 0.282600017881 0.382079984877 0.0225432320507 0.0150288223584
0 0.125200021342 0.385239985016 0.0224481567595 0.0149654388267
0 0.10980002168 0.365199984135 0.019831854912 0.01322123748
0 0.195600019794 0.349379983439 0.021442495641 0.0142949980368
0 0.182800020075 0.43969998741 0.0355229385052 0.0236819605654
0 0.261400018347 0.452439987971 0.0248880598098 0.0165920409675
0 0.222800019196 0.449619987847 0.0589724033002 0.0393149381265
0 0.291400017688 0.480739989215 0.0299450561772 0.0199633721015
0 0.312800017217 0.435719987235 0.0260245112873 0.0173496753358
0 0.208800019504 0.417239986423 0.19015948641 0.126772999301
0 0.299000017521 0.466039988569 0.0533143846706 0.035542925458
0 0.188400019952 0.354699983673 0.0253369220326 0.0168912824691
0 0.162400020524 0.465179988531 0.0213215986526 0.0142144000393
0 0.0988000219222 0.443139987562 0.0365438354144 0.0243625585498
0 0.105000021786 0.421879986627 0.0338566970336 0.0225711328444
0 0.33040001683 0.254459979265 0.0224121448907 0.0149414309126
0 0.319400017072 0.254979979288 0.0209487175158 0.0139658125983
0 0.347400016457 0.225299977983 0.0264210375798 0.0176140262149
0 0.322200017011 0.383779984952 0.0416332820373 0.0277555231888
0 0.380200015736 0.347599983361 0.0280850035761 0.0187233369523
0 0.382800015678 0.245759978883 0.0215439026893 0.0143626027402
0 0.369000015982 0.252639979185 0.0230123756832 0.0153415848007
0 0.345400016501 0.273959980123 0.020212749679 0.0134751673414
0 0.394400015423 0.241079978677 0.0269068020748 0.017937869233
0 0.432000014597 0.296699981123 0.0235911378616 0.0157274262784
0 0.429000014663 0.310459981728 0.0245169594797 0.0163446407311
0 0.39320001545 0.336139982857 0.0252785511462 0.0168523685423
0 0.424800014755 0.330539982611 0.0297989310939 0.0198659553728
0 0.417800014909 0.348099983383 0.0234130571913 0.0156087058237
0 0.485000013431 0.366079984173 0.0361828263223 0.0241218858058
0 0.475400013643 0.321859982229 0.0294602810192 0.0196401886415
0 0.465000013871 0.242419978736 0.0228746599649 0.0152497743157
0 0.496800013172 0.228739978134 0.027066085341 0.0180440580841
0 0.410400015072 0.296059981095 0.0889626721809 0.0593084520324
0 0.346400016479 0.306919981572 0.0402749222579 0.0268499499428
0 0.296200017582 0.381519984852 0.0355669640042 0.0237113109
0 0.275800018031 0.352779983589 0.0651915739086 0.0434610521389
0 0.449800014205 0.29025998084 0.12818147713 0.0854543237231
0 0.426200014724 0.362759984027 0.0201491353062 0.0134327577568
0 0.521400012631 0.359619983889 0.0335539598941 0.0223693080715
0 0.512000012838 0.393279985369 0.0206740775487 0.0137827192749
0 0.512200012833 0.385079985009 0.0250503110871 0.0167002084929
0 0.514800012776 0.369919984342 0.0214036146946 0.0142690774042
0 0.538800012249 0.41329998625 0.0407045913418 0.0271363960177
0 0.556600011857 0.378699984728 0.0198982394285 0.0132654938273
0 0.620800010446 0.377799984689 0.0244779795996 0.0163186541427
0 0.468600013792 0.40965998609 0.0202823000741 0.0135215342746
0 0.491600013286 0.41149998617 0.0338688658794 0.0225792454088
0 0.504600013001 0.455519988106 0.0247597427935 0.0165064962843
0 0.527400012499 0.449139987826 0.0264628865373 0.0176419255218
0 0.560000011783 0.444619987627 0.049644537791 0.0330963607102
0 0.588000011167 0.487479989511 0.0219041203118 0.0146027478377
0 0.584800011237 0.498699990005 0.0321092309896 0.0214061554049
0 0.665600009461 0.492719989742 0.0350004696053 0.0233336479425
0 0.687200008986 0.478999989139 0.0208136730075 0.0138757829202
0 0.617600010516 0.424859986758 0.0312296114121 0.0208197423146
0 0.624400010367 0.408779986051 0.0236799803293 0.0157866545941
0 0.526800012512 0.483299989328 0.0235835199663 0.0157223476812
0 0.567200011624 0.355139983692 0.0198780569526 0.0132520388424
0 0.601600010868 0.36349998406 0.0676146582289 0.0450764417923
0 0.59740001096 0.332639982703 0.0198403632107 0.0132269096795
0 0.613000010617 0.334759982796 0.0228908850926 0.0152605910683
0 0.626200010327 0.343299983172 0.0247565769149 0.0165043856985
0 0.570800011545 0.265659979758 0.0215991076971 0.0143994060811
0 0.548600012033 0.216879977613 0.0237386480168 0.0158257663884
0 0.595400011004 0.291619980899 0.0284462105357 0.0189641416079
0 0.698800008731 0.391159985276 0.106555558399 0.071037043618
0 0.825600005943 0.408119986022 0.0597722823109 0.0398481908355
0 0.830200005842 0.290819980864 0.0890770395447 0.0593846969466
0 0.823200005996 0.311679981781 0.0256594459132 0.0171062984037
0 0.844000005539 0.361259983961 0.020910331238 0.0139402217447
0 0.857800005235 0.352999983598 0.0203024825501 0.0135349892594
0 0.890000004527 0.411519986171 0.0264335032267 0.0176223366468
0 0.859800005191 0.391539985293 0.0219175752958 0.0146117178276
0 0.843000005561 0.384719984993 0.022674912813 0.015116609539
0 0.779000006968 0.321779982225 0.029086509479 0.0193910075983
0 0.747800007654 0.269059979907 0.0296100666497 0.0197400457351
0 0.658600009615 0.237159978505 0.0200372412851 0.0133581617378
0 0.648200009843 0.266519979796 0.0306118693537 0.0204079142485
0 0.621000010441 0.278039980302 0.0232929516726 0.0155286354726
0 0.781200006919 0.275359980184 0.0205990857998 0.0137327247723
0 0.782800006884 0.214939977528 0.0235249512125 0.0156833018427
0 0.831800005807 0.234339978381 0.0241025261864 0.0160683518508
0 0.601000010881 0.254859979283 0.0204978766189 0.0136652519805
0 0.920200003863 0.297679981166 0.0263276441616 0.017551763932
0 0.902400004255 0.298999981224 0.0361193108832 0.024079542177
0 0.910000004088 0.278959980343 0.0375787809099 0.0250525222589
0 0.894400004431 0.265179979737 0.0249820468302 0.0166546989853
0 0.876400004826 0.240859978667 0.0318765389138 0.0212510273442
0 0.867400005024 0.222699977869 0.0262103087866 0.0174735403436
0 0.89260000447 0.216299977587 0.023278705219 0.0155191378362
0 0.880000004747 0.220819977786 0.0207361089822 0.0138240735666
0 0.928000003692 0.213879977481 0.0206755615543 0.013783708612
0 0.97220000272 0.278879980339 0.0219724835025 0.0146483233011
0 0.76980000717 0.563839992869 0.0231603805069 0.0154402546897
0 0.783200006875 0.612719995018 0.0208469147326 0.0138979440717
0 0.83620000571 0.614339995089 0.0229580610788 0.015305375062
0 0.910200004083 0.451579987933 0.0575956418515 0.0383970971002
0 0.888800004554 0.42967998697 0.0353592032222 0.0235728037029
0 0.970000002769 0.65687999696 0.0232269628909 0.0154846429486
0 0.953400003134 0.634919995994 0.103608323306 0.0690722200929
0 0.937600003481 0.687459998305 0.0265107704509 0.0176738481329
0 0.724400008168 0.556039992526 0.0199634367406 0.0133089587049
0 0.752400007553 0.488059989537 0.0252773639418 0.0168515770726
0 0.666600009439 0.557979992611 0.0217090230442 0.014472682984
0 0.716400008344 0.442319987526 0.0209143875199 0.0139429259329
0 0.702600008647 0.463819988471 0.0547407119058 0.0364938103442
0 0.692800008863 0.639239996184 0.0321005248235 0.0214003512938
0 0.676600009219 0.678359997904 0.0236696912239 0.0157797951901
0 0.587200011185 0.703119998993 0.0549688530312 0.0366459044378
0 0.573400011488 0.53383999155 0.0270217630408 0.0180145098821
0 0.585400011224 0.545499992063 0.031713100432 0.0211420683491
0 0.426000014729 0.544699992027 0.0214338884086 0.0142892598815
0 0.439400014434 0.593919994192 0.021260952291 0.0141739691289
0 0.426200014724 0.473959988917 0.0214791011121 0.0143194016858
0 0.453200014131 0.643559996374 0.0221788592126 0.0147859071169
0 0.264200018286 0.619239995305 0.0212200926705 0.0141467293801
0 0.300200017494 0.639479996195 0.0246357788602 0.0164238536567
0 0.314600017178 0.661039997143 0.0225131562042 0.0150087717927
0 0.228600019068 0.612099994991 0.0214727693549 0.0143151805141
0 0.237800018866 0.60797999481 0.0985635947179 0.0657090674792
0 0.199600019706 0.612739995019 0.0235396923346 0.0156931292581
0 0.257800018427 0.565939992961 0.035037569745 0.0233583813706
0 0.152200020748 0.582159993675 0.0261364053084 0.0174242713549
0 0.289800017723 0.525919991202 0.0437060421057 0.0291373633255
0 0.36000001618 0.535519991624 0.0524052828488 0.0349368575368
0 0.341000016597 0.545079992044 0.0302889497382 0.0201926344907
0 0.362200016131 0.513399990651 0.0363284567371 0.0242189727554
0 0.289000017741 0.568159993059 0.0262263360469 0.0174842251845
0 0.324000016971 0.567399993026 0.0273423082474 0.0182282067005
0 0.355400016281 0.572559993252 0.020533789554 0.0136891939389
0 0.328400016874 0.474759988952 0.0309776272637 0.0206517528712
0 0.317600017112 0.538059991735 0.0230780676638 0.0153853794573
0 0.123800021373 0.565099992924 0.0243112763055 0.016207518606
0 0.10300002183 0.499619990045 0.0376612916204 0.0251075294029
0 0.0808000223179 0.606139994729 0.0661002799956 0.0440668562369
0 0.187200019979 0.454939988081 0.0339633475684 0.0226422332056
0 0.0366000232897 0.592639994135 0.023558390805 0.0157055949059
0 0.0862000221992 0.712659999413 0.0892276166448 0.0594850816866
0 0.115200021562 0.694699998623 0.0210378567846 0.0140252387815
0 0.167400020414 0.721979999822 0.02199751373 0.0146650101206
0 0.154200020704 0.710699999326 0.0219048128478 0.0146032095283
0 0.146000020884 0.687719998316 0.0213067585967 0.014204506668
0 0.16260002052 0.658379997026 0.0503626975607 0.0335751339216
0 0.145800020889 0.817180004008 0.0235514654456 0.0157009779993
0 0.156400020656 0.841440005075 0.0201074842161 0.0134049903615
0 0.126000021324 0.855580005697 0.0343668981539 0.0229112669471
0 0.0338000233512 0.850620005479 0.0211774522434 0.0141183024268
0 0.2954000176 0.877340006654 0.139690435116 0.0931269628861
0 0.271200018132 0.781440002437 0.0347342390033 0.0231561608628
0 0.279400017952 0.799500003231 0.0692638831031 0.0461759251143
0 0.25220001855 0.792620002929 0.0301379769033 0.0200919859274
0 0.226000019126 0.783000002506 0.0249593910116 0.0166395951052
0 0.209400019491 0.787240002692 0.0240778916937 0.0160519288545
0 0.0978000219442 0.803240003396 0.0200231926989 0.013348796013
0 0.0876000221684 0.834820004784 0.0364628087094 0.0243085407429
0 0.169200020374 0.886040007036 0.024299997863 0.0161999996438
0 0.224200019165 0.883000006903 0.0233641839407 0.0155761236545
0 0.186400019996 0.774260002121 0.0260119467067 0.0173412989482
0 0.20580001957 0.773200002075 0.0210465629507 0.0140310428926
0 0.219400019271 0.743000000747 0.0332325242843 0.0221550176508
0 0.25220001855 0.75694000136 0.0754946289551 0.0503297559563
0 0.298200017538 0.707799999199 0.0262590831035 0.017506056557
0 0.298200017538 0.764800001705 0.0279011847509 0.0186007910608
0 0.418400014896 0.732900000303 0.048173393587 0.0321155978429
0 0.439000014443 0.813920003865 0.0254805737733 0.0169870503026
0 0.378600015771 0.726100000004 0.0295633699406 0.0197089145936
0 0.391000015498 0.694419998611 0.0231007234824 0.0154004833374
0 0.378800015766 0.706899999159 0.0251054171612 0.016736945878
0 0.297800017547 0.676379997817 0.0205645579365 0.0137097061952
0 0.211600019442 0.730820000211 0.190016032537 0.12667736338
0 0.259400018391 0.667019997406 0.109663066095 0.0731087155522
0 0.371400015929 0.648419996588 0.163203019615 0.108802020253
0 0.46960001377 0.663859997267 0.0293409669701 0.0195606459369
0 0.489000013344 0.680279997989 0.0257402747508 0.017160184299
0 0.435800014513 0.704039999034 0.0549869578994 0.0366579743507
0 0.463800013898 0.771200001987 0.0210806950792 0.0140537976464
0 0.533000012376 0.783480002527 0.0206066047614 0.0137377374137
0 0.515000012772 0.794580003015 0.0307027894292 0.0204685276362
0 0.50280001304 0.823220004274 0.087717789362 0.0584785300983
0 0.487400013379 0.793260002957 0.0210791121399 0.0140527423535
0 0.402400015247 0.753600001213 0.0299403073593 0.0199602062227
0 0.615400010565 0.815080003916 0.063572424881 0.0423816193826
0 0.571200011536 0.867160006206 0.052485221283 0.0349901498298
0 0.542200012174 0.897200007527 0.0295470458791 0.0196980318853
0 0.624400010367 0.925840008786 0.0273258852522 0.0182172580363
0 0.413000015014 0.864120006072 0.0222007235616 0.0148004833505
0 0.416600014935 0.868760006276 0.0241894889138 0.0161263270061
0 0.643200009953 0.776600002224 0.0744474156801 0.0496316137269
0 0.53100001242 0.745940000876 0.0200919516243 0.0133946352997
0 0.713000008419 0.776000002198 0.0367059877581 0.0244706601194
0 0.679800009149 0.807700003592 0.0708685878097 0.0472457283226
0 0.74160000779 0.837080004883 0.0378785500382 0.0252523683576
0 0.942000003384 0.851220005505 0.0298750111136 0.0199166753893
0 0.991400002298 0.933740009134 0.0210549723157 0.0140366491363
0 0.791800006686 0.886820007071 0.0238904123214 0.0159269425981
0 0.702600008647 0.964300010477 0.0215124417709 0.0143416287932
0 0.49600001319 0.940380009426 0.021133525678 0.0140890180479
0 0.453000014135 0.956000010112 0.0299214110215 0.0199476086633
0 0.508000012926 0.984740011376 0.021669746363 0.0144464985282
0 0.420600014847 0.931860009051 0.022847057461 0.0152313726452
0 0.462200013933 0.92206000862 0.0252423414099 0.0168282287165
0 0.31540001716 0.97800001108 0.0478581908006 0.0319054626381
0 0.349800016404 0.889160007173 0.145527523753 0.0970183555674
0 0.259400018391 0.937120009282 0.0211094847876 0.0140729907866
0 0.265200018264 0.921280008586 0.0266567966005 0.0177711989058
0 0.18440002004 0.964080010468 0.027063414131 0.0180422772773
0 0.0746000224542 0.983220011309 0.032014650367 0.0213431016523
0 0.0506000229819 0.0711399712047 0.0953057077889 0.0635371427166
0 0.854000005319 0.374019984522 0.0206543897413 0.013769594069
0 0.601200010877 0.469679988729 0.0340667332908 0.0227111570251
0 0.585400011224 0.456259988139 0.0311347339884 0.0207564906946
0 0.0458000230874 0.598499994393 0.0220619195724 0.0147079473517
0 0.016800023725 0.396959985531 0.0321865971475 0.0214577328469
0 0.0488000230214 0.711539999363 0.0204418801414 0.0136279209931
0 0.162400020524 0.824800004344 0.0388878717038 0.0259252495125
0 0.659200009602 0.745080000838 0.06275651861 0.0418376818327
