0 0.480200013537 0.363860004048 0.134518189853 0.0896787932356
0 0.365400016061 0.339580004581 0.176666919277 0.117777946185
0 0.677200009206 0.239440006783 0.137794874403 0.0918632496018
0 0.401000015278 0.0368000112381 0.0373568750719 0.0249045833812
0 0.679000009166 0.0375800112209 0.041486566088 0.0276577107253
0 0.488000013366 0.0262200114707 0.0572272165059 0.0381514776706
0 0.981800002509 0.123260009337 0.0540662844 0.0360441896
0 0.961800002949 0.10492000974 0.0321974819787 0.0214649879858
0 0.944600003327 0.0980800098908 0.0263974930989 0.0175983287326
0 0.957600003041 0.0258800114782 0.0242257002479 0.0161504668319
0 0.918200003907 0.0868600101375 0.0401394846622 0.0267596564415
0 0.875200004853 0.110560009616 0.0297834994002 0.0198556662668
0 0.843000005561 0.133460009113 0.0247685495269 0.0165123663513
0 0.802000006462 0.0866200101428 0.0283460914951 0.0188973943301
0 0.812800006225 0.0597600107333 0.041850642149 0.0279004280994
0 0.853400005332 0.0788000103147 0.0197927774037 0.0131951849358
0 0.827600005899 0.0338600113027 0.0298492903188 0.0198995268792
0 0.869600004976 0.0375600112214 0.026585862887 0.0177239085913
0 0.899200004325 0.0290000114096 0.0234633170614 0.0156422113743
0 0.914200003995 0.0115400117934 0.0322666366436 0.0215110910957
0 0.940400003419 0.0464600110257 0.0528190270898 0.0352126847266
0 0.850000005407 0.027660011439 0.0348167520102 0.0232111680068
0 0.902000004264 0.166640008384 0.0629935679236 0.0419957119491
0 0.905400004189 0.135560009067 0.077459952128 0.0516399680853
0 0.85260000535 0.166480008387 0.0464747049253 0.0309831366168
0 0.849200005424 0.192020007826 0.0206052210486 0.0137368140324
0 0.804600006405 0.192840007808 0.0222464324009 0.0148309549339
0 0.817800006115 0.21090000741 0.0451692745923 0.0301128497282
0 0.789600006735 0.217800007259 0.0314732872052 0.0209821914701
0 0.812600006229 0.240160006767 0.0471764417461 0.0314509611641
0 0.762600007328 0.214860007323 0.0307323726342 0.0204882484228
0 0.821800006027 0.157800008578 0.0263122122389 0.017541474826
0 0.79620000659 0.158320008566 0.0302757935523 0.0201838623682
0 0.777200007007 0.148400008785 0.0337222483517 0.0224814989011
0 0.804400006409 0.12906000921 0.0412661417772 0.0275107611848
0 0.763400007311 0.14496000886 0.0327114426138 0.0218076284092
0 0.855600005284 0.0714600104761 0.0772795959705 0.051519730647
0 0.733800007962 0.132360009137 0.0358839499641 0.0239226333094
0 0.709600008494 0.122480009354 0.0484304265487 0.0322869510325
0 0.667600009417 0.11220000958 0.0462131241901 0.0308087494601
0 0.646000009892 0.113300009556 0.0338500707079 0.0225667138053
0 0.745000007715 0.0757600103816 0.0513536209442 0.0342357472961
0 0.654600009703 0.0422400111185 0.0282242051616 0.0188161367744
0 0.624600010362 0.0470600110125 0.029817928332 0.019878618888
0 0.651400009773 0.0647000106247 0.0367842467454 0.0245228311636
0 0.639600010033 0.0490600109686 0.0500927107817 0.0333951405212
0 0.624400010367 0.0230200115411 0.0391113655246 0.0260742436831
0 0.546200012086 0.139120008989 0.0438008234846 0.0292005489898
0 0.601800010864 0.163880008444 0.0203792564498 0.0135861709666
0 0.541600012187 0.180160008086 0.0213073536043 0.0142049024029
0 0.507400012939 0.132560009133 0.0326020219281 0.0217346812854
0 0.376400015819 0.119700009416 0.0206746725146 0.0137831150097
0 0.349800016404 0.11358000955 0.049533240639 0.033022160426
0 0.369000015982 0.146380008829 0.0263312075117 0.0175541383411
0 0.392000015476 0.112880009565 0.0256839831662 0.0171226554442
0 0.564000011695 0.147300008809 0.0233933709268 0.0155955806179
0 0.419600014869 0.0973400099071 0.0247579636197 0.0165053090798
0 0.589800011127 0.130500009178 0.122589752169 0.081726501446
0 0.488800013348 0.0870600101331 0.0465944147171 0.0310629431447
0 0.232000018994 0.0746200104066 0.0587632613221 0.0391755075481
0 0.203600019618 0.0424800111132 0.0787604357753 0.0525069571835
0 0.184800020031 0.0833400102149 0.0502762328179 0.0335174885453
0 0.246000018686 0.135440009069 0.0377141247067 0.0251427498045
0 0.211800019438 0.124320009314 0.064267240535 0.0428448270233
0 0.151600020761 0.101380009818 0.0254756287683 0.0169837525122
0 0.138400021052 0.0943600099726 0.0252735071942 0.0168490047961
0 0.121600021421 0.0944000099717 0.0327090682047 0.0218060454698
0 0.33360001676 0.148040008792 0.0659144868437 0.0439429912291
0 0.276200018022 0.160720008514 0.0500997350753 0.0333998233835
0 0.240000018818 0.164380008433 0.0503649763578 0.0335766509052
0 0.22900001906 0.183060008023 0.0536065394392 0.0357376929595
0 0.204800019592 0.149640008757 0.0730272271512 0.0486848181008
0 0.302000017455 0.210260007425 0.0379914359021 0.0253276239348
0 0.410400015072 0.165520008408 0.0990761767819 0.0660507845213
0 0.0924000220629 0.111200009602 0.0893398133596 0.059559875573
0 0.0244000235579 0.11948000942 0.0291442886854 0.0194295257903
0 0.047000023061 0.166200008393 0.0694631401679 0.0463087601119
0 0.141800020977 0.179460008102 0.145744198181 0.0971627987872
0 0.196800019768 0.223760007128 0.0907406157911 0.0604937438608
0 0.0870000221816 0.237900006817 0.0232146966425 0.0154764644284
0 0.0654000226565 0.244960006662 0.0237610086015 0.015840672401
0 0.0212000236282 0.257680006382 0.0201629873549 0.0134419915699
0 0.285600017815 0.117100009473 0.0482837078535 0.032189138569
0 0.105200021781 0.0653800106098 0.0980173881935 0.0653449254624
0 0.0474000230522 0.0794200103011 0.0511727701182 0.0341151800788
0 0.178400020172 0.320000005012 0.0216807294343 0.0144538196229
0 0.191600019882 0.379860003696 0.0296194673053 0.0197463115369
0 0.17440002026 0.392560003417 0.0295103434207 0.0196735622805
0 0.172800020295 0.381840003652 0.0254116186564 0.0169410791043
0 0.157200020638 0.386140003558 0.0232183571899 0.0154789047933
0 0.127600021289 0.414060002944 0.036343991726 0.0242293278173
0 0.151000020775 0.407700003084 0.0209995708256 0.0139997138837
0 0.148200020836 0.425200002699 0.032520896284 0.0216805975227
0 0.134000021148 0.449020002175 0.0235843129914 0.0157228753276
0 0.113600021597 0.433480002517 0.0274918978236 0.0183279318824
0 0.0704000225466 0.446900002222 0.027162745363 0.0181084969087
0 0.132000021192 0.389180003491 0.0421808828805 0.028120588587
0 0.120000021456 0.354340004257 0.0476749687221 0.0317833124814
0 0.19260001986 0.444800002268 0.0213116077539 0.0142077385026
0 0.156600020651 0.45516000204 0.0198649990136 0.0132433326758
0 0.204600019596 0.457740001984 0.0242504336759 0.016166955784
0 0.202800019636 0.433480002517 0.0286505105276 0.0191003403518
0 0.260400018369 0.469360001728 0.0232959212203 0.0155306141468
0 0.217000019324 0.342220004523 0.0443608872296 0.0295739248197
0 0.157800020625 0.277920005937 0.022751093267 0.0151673955113
0 0.266400018237 0.366380003992 0.110613826303 0.0737425508686
0 0.350600016386 0.405360003135 0.0624706043208 0.0416470695472
0 0.411200015054 0.405440003133 0.0427839827903 0.0285226551935
0 0.493200013251 0.206140007515 0.0291176755168 0.0194117836779
0 0.481800013502 0.256720006403 0.0324598541836 0.0216399027891
0 0.533200012372 0.210880007411 0.022775826695 0.0151838844634
0 0.554800011897 0.215620007307 0.0358243918693 0.0238829279129
0 0.63380001016 0.184860007983 0.0324321527442 0.0216214351628
0 0.580000011343 0.22456000711 0.0430672300084 0.0287114866723
0 0.612800010622 0.20502000754 0.0429619645386 0.0286413096924
0 0.594600011022 0.187640007922 0.0777373622571 0.0518249081714
0 0.652400009751 0.299700005458 0.0314358902619 0.0209572601746
0 0.586800011193 0.287240005732 0.0284577876562 0.0189718584375
0 0.560600011769 0.309980005232 0.0198305700818 0.0132203800545
0 0.603000010837 0.315260005116 0.0294079470285 0.019605298019
0 0.608400010718 0.380480003682 0.0204962950314 0.0136641966876
0 0.57920001136 0.385760003566 0.0383701541526 0.0255801027684
0 0.600400010894 0.397840003301 0.0262665048639 0.0175110032426
0 0.603000010837 0.247740006601 0.0222254584539 0.0148169723026
0 0.760000007386 0.293480005595 0.032253082725 0.02150205515
0 0.820000006066 0.373340003839 0.035220104755 0.0234800698366
0 0.815000006176 0.391360003443 0.0298408809533 0.0198939206355
0 0.793400006651 0.391180003447 0.0443318007182 0.0295545338121
0 0.773400007091 0.426780002664 0.0459924030781 0.0306616020521
0 0.674200009272 0.45382000207 0.0287813008952 0.0191875339301
0 0.662600009527 0.435040002483 0.0511565449894 0.0341043633263
0 0.656200009668 0.415220002918 0.0266468060537 0.0177645373691
0 0.592200011075 0.446580002229 0.0457440794604 0.0304960529736
0 0.565400011664 0.469640001722 0.0199440470497 0.0132960313665
0 0.886600004602 0.379000003715 0.0348975808531 0.0232650539021
0 0.844600005526 0.330300004785 0.046506066912 0.031004044608
0 0.903600004228 0.333780004709 0.035769483659 0.0238463224393
0 0.876000004835 0.329960004793 0.0267923375444 0.0178615583629
0 0.944400003331 0.243800006687 0.0385438817513 0.0256959211675
0 0.964000002901 0.438120002415 0.0235053638891 0.0156702425927
0 0.905600004184 0.528740000423 0.0227708800094 0.015180586673
0 0.887000004593 0.53296000033 0.0204150704537 0.0136100469691
0 0.81120000626 0.536880000244 0.0268835544271 0.0179223696181
0 0.854200005314 0.591019999053 0.0744592926358 0.0496395284239
0 0.921000003846 0.622979998351 0.0281819604665 0.0187879736443
0 0.898600004338 0.636939998044 0.0200200281407 0.0133466854271
0 0.756200007469 0.570999999494 0.0311134652938 0.0207423101958
0 0.937400003485 0.413380002959 0.0273569522401 0.0182379681601
0 0.769000007188 0.511700000797 0.0750144096952 0.0500096064635
0 0.686800008995 0.543940000088 0.0210905898408 0.0140603932272
0 0.737000007891 0.502900000991 0.327805972787 0.218537315191
0 0.627600010296 0.486340001355 0.0763929520415 0.0509286346943
0 0.579000011365 0.484400001397 0.0242296575964 0.0161531050642
0 0.697000008771 0.607759998685 0.0294470258448 0.0196313505632
0 0.736000007913 0.607519998691 0.0342239412065 0.0228159608043
0 0.569000011585 0.577959999341 0.0625472779477 0.0416981852985
0 0.65880000961 0.578359999332 0.0574958215347 0.0383305476898
0 0.408000015124 0.562199999687 0.0429224899874 0.0286149933249
0 0.525400012543 0.495240001159 0.0254465422569 0.0169643615046
0 0.514000012794 0.469180001732 0.0302155429215 0.020143695281
0 0.475200013647 0.468420001749 0.0249491035517 0.0166327357012
0 0.387400015577 0.508240000873 0.0267600851542 0.0178400567695
0 0.427800014689 0.480960001473 0.0328053307067 0.0218702204711
0 0.458400014016 0.465880001805 0.0293114866591 0.0195409911061
0 0.509400012895 0.452040002109 0.0513197856146 0.0342131904097
0 0.410800015063 0.453860002069 0.0419723306151 0.0279815537434
0 0.396600015375 0.434540002494 0.0267289210349 0.0178192806899
0 0.440200014416 0.435340002476 0.0788109909023 0.0525406606015
0 0.378400015775 0.578299999333 0.0551449586645 0.0367633057763
0 0.304000017411 0.493300001202 0.0352756065675 0.023517071045
0 0.292000017675 0.51840000065 0.0487360327858 0.0324906885239
0 0.327600016892 0.48836000131 0.020587215113 0.0137248100753
0 0.262600018321 0.455520002032 0.103758709382 0.0691724729213
0 0.198200019737 0.56841999955 0.0374230617253 0.0249487078169
0 0.0830000222695 0.569139999534 0.0233773436654 0.015584895777
0 0.0358000233072 0.567159999578 0.0379551272297 0.0253034181532
0 0.0622000227268 0.523200000544 0.0276865004356 0.0184576669571
0 0.163600020498 0.547220000016 0.053501076102 0.035667384068
0 0.0230000235887 0.593559998998 0.035784620517 0.023856413678
0 0.0652000226609 0.785159994785 0.0276633499469 0.018442233298
0 0.0602000227708 0.775059995007 0.0367213249044 0.0244808832696
0 0.0760000224234 0.837339993638 0.0350270850824 0.0233513900549
0 0.0252000235403 0.719679996225 0.0544811134554 0.0363207423036
0 0.116400021535 0.774659995016 0.0342089032822 0.0228059355215
0 0.0694000225685 0.670439997307 0.0269146196127 0.0179430797418
0 0.122800021395 0.623199998346 0.0218363521637 0.0145575681091
0 0.14120002099 0.771059995095 0.0262512690722 0.0175008460481
0 0.188400019952 0.776399994978 0.0366526649082 0.0244351099388
0 0.16260002052 0.777059994963 0.0279515438507 0.0186343625671
0 0.0872000221772 0.780299994892 0.0418972399275 0.027931493285
0 0.252000018554 0.749139995577 0.025695063742 0.0171300424947
0 0.240200018813 0.734679995895 0.0302929090845 0.020195272723
0 0.226400019117 0.727259996058 0.0342104862216 0.0228069908144
0 0.394800015415 0.807659994291 0.0232188518584 0.0154792345723
0 0.34180001658 0.763799995255 0.0286858298629 0.0191238865753
0 0.289400017732 0.762619995281 0.0220976360977 0.0147317573984
0 0.371200015933 0.705479996537 0.0230356266234 0.0153570844156
0 0.289000017741 0.623579998338 0.0204394081469 0.0136262720979
0 0.261800018339 0.616779998487 0.0495207749913 0.0330138499942
0 0.329400016852 0.694959996768 0.0341699233996 0.0227799489331
0 0.253800018514 0.664799997431 0.0389661308351 0.0259774205567
0 0.349600016408 0.869479992931 0.0213887760495 0.014259184033
0 0.236000018906 0.8345399937 0.0198211713791 0.0132141142527
0 0.211000019455 0.840219993575 0.0250918648985 0.0167279099323
0 0.250200018594 0.768159995159 0.0210877207632 0.0140584805088
0 0.440000014421 0.851299993331 0.0225604480035 0.015040298669
0 0.375200015845 0.896799992331 0.0224447944939 0.0149631963293
0 0.348800016426 0.918719991849 0.0318349888571 0.0212233259047
0 0.301600017464 0.80859999427 0.154193137206 0.102795424804
0 0.329200016857 0.75171999552 0.0275032752005 0.0183355168004
0 0.465200013867 0.758699995367 0.0578128051487 0.0385418700991
0 0.468000013805 0.707859996485 0.0200045944816 0.0133363963211
0 0.475800013634 0.673339997244 0.0310312513789 0.0206875009193
0 0.530200012438 0.808959994262 0.0223415076983 0.0148943384656
0 0.611400010653 0.82903999382 0.0680727257761 0.0453818171841
0 0.606800010754 0.786399994758 0.020122028798 0.0134146858653
0 0.59240001107 0.769219995136 0.0265816087374 0.0177210724916
0 0.640000010024 0.782839994836 0.0298762992222 0.0199175328148
0 0.687600008977 0.885519992579 0.0270753868951 0.0180502579301
0 0.551600011967 0.860359993132 0.0232238974778 0.0154825983185
0 0.585400011224 0.751499995525 0.0298481031143 0.0198987354095
0 0.566200011646 0.669759997322 0.035313597113 0.0235423980754
0 0.548800012029 0.663759997454 0.0238315483383 0.0158876988922
0 0.73340000797 0.71853999625 0.0346801245536 0.0231200830357
0 0.741000007803 0.745479995658 0.0255202478725 0.0170134985817
0 0.734000007957 0.750539995546 0.0210778273919 0.014051884928
0 0.775000007056 0.783159994829 0.0403770245053 0.0269180163369
0 0.77480000706 0.842679993521 0.0293744085001 0.019582939
0 0.767600007218 0.725039996107 0.028713630236 0.0191424201574
0 0.824600005965 0.745319995661 0.0259597114222 0.0173064742815
0 0.844000005539 0.71399999635 0.038182971569 0.0254553143793
0 0.826600005921 0.677739997147 0.0716354276875 0.0477569517916
0 0.771200007139 0.653279997685 0.0298239632885 0.0198826421923
0 0.765200007271 0.690839996859 0.0222829389407 0.0148552926271
0 0.631000010222 0.716179996302 0.0248163345099 0.0165442230066
0 0.666000009452 0.687419996934 0.0357051767461 0.023803451164
0 0.756000007473 0.750499995547 0.0766889617085 0.0511259744723
0 0.697600008757 0.672619997259 0.0309535884148 0.0206357256099
0 0.86440000509 0.778419994933 0.0199217869645 0.0132811913096
0 0.881200004721 0.647819997805 0.0358388361913 0.0238925574609
0 0.847800005455 0.641399997946 0.0507529943772 0.0338353295848
0 0.921400003837 0.665119997424 0.0289520604825 0.019301373655
0 0.94400000334 0.65575999763 0.0325513678674 0.0217009119116
0 0.986200002412 0.89727999232 0.0296357913678 0.0197571942452
0 0.905400004189 0.727379996056 0.0267492024459 0.0178328016306
0 0.949600003217 0.938279991419 0.0397464210235 0.0264976140157
0 0.747000007671 0.911879991999 0.0253679888893 0.0169119925929
0 0.764000007298 0.870159992916 0.0219257882395 0.0146171921597
0 0.489400013335 0.975879990592 0.0245602940627 0.0163735293751
0 0.469200013779 0.974439990624 0.0273464652666 0.0182309768444
0 0.440000014421 0.97051999071 0.0238234357739 0.0158822905159
0 0.380400015731 0.939019991403 0.0213770029377 0.0142513352918
0 0.376200015823 0.962959990876 0.0225378911171 0.0150252607447
0 0.586600011198 0.957039991006 0.0218809712679 0.0145873141786
0 0.553600011923 0.919499991832 0.0236992739651 0.0157995159767
0 0.20080001968 0.900139992257 0.0260287671534 0.0173525114356
0 0.461200013955 0.95093999114 0.029963360889 0.019975573926
0 0.0666000226301 0.886779992551 0.0204676042549 0.0136450695032
0 0.0614000227444 0.893619992401 0.0219780252396 0.0146520168264
0 0.0654000226565 0.959819990945 0.0805248195993 0.0536832130662
0 0.772000007122 0.90367999218 0.0218086507242 0.0145391004828
