0 0.55939998981 0.129200009207 0.228261839546 0.152174559697
0 0.120199999466 0.395980003341 0.195117067272 0.130078044848
0 0.267199996235 0.447360002212 0.32754676646 0.218364510974
0 0.534999990347 0.357640004184 0.132876879567 0.0885845863783
0 0.695999986807 0.393440003397 0.179235238447 0.119490158965
0 0.702599986662 0.542920000111 0.183140152069 0.122093434713
0 0.514199990804 0.924819991715 0.177057707441 0.118038471627
0 0.0582000008295 0.946059991248 0.0248677800403 0.0165785200269
0 0.146799998882 0.989379990295 0.0278450911763 0.0185633941175
0 0.0918000000908 0.979579990511 0.0547161799557 0.0364774533038
0 0.188799997958 0.962899990878 0.0229165104338 0.0152776736226
0 0.221999997228 0.990359990274 0.0252483780313 0.0168322520208
0 0.206199997576 0.947199991223 0.0202773547262 0.0135182364842
0 0.0979999999545 0.91685999189 0.0326076611497 0.0217384407664
0 0.172199998323 0.915159991927 0.0281567323699 0.0187711549132
0 0.200399997703 0.914879991933 0.0331253812658 0.0220835875105
0 0.707399986557 0.975859990593 0.0200383308775 0.0133588872516
0 0.982999980498 0.907399992098 0.0327674390949 0.0218449593966
0 0.964599980902 0.876059992787 0.0576080123643 0.0384053415762
0 0.934999981553 0.926059991687 0.028928514259 0.0192856761727
0 0.921199981856 0.909539992051 0.023607859215 0.01573857281
0 0.949399981236 0.814239994146 0.0211191816836 0.0140794544558
0 0.96239998095 0.778479994932 0.0249295146767 0.0166196764511
0 0.896199982406 0.83361999372 0.0361380117371 0.0240920078247
0 0.900399982314 0.816179994103 0.0442583919037 0.0295055946025
0 0.93919998146 0.766599995193 0.0492657238812 0.0328438159208
0 0.903399982248 0.884879992593 0.0551510925547 0.0367673950364
0 0.889999982542 0.865139993027 0.0289645261303 0.0193096840868
0 0.860199983197 0.891539992446 0.0286235016242 0.0190823344161
0 0.868399983017 0.905099992148 0.0313850383338 0.0209233588892
0 0.839799983646 0.933759991518 0.0832961507465 0.0555307671643
0 0.781999984917 0.85315999329 0.025328217537 0.016885478358
0 0.765999985268 0.843419993504 0.0288170159653 0.0192113439769
0 0.785799984833 0.929779991606 0.0692041317093 0.0461360878062
0 0.820799984064 0.910799992023 0.0315567872583 0.0210378581722
0 0.805799984393 0.885719992574 0.0206526102967 0.0137684068645
0 0.853199983351 0.833659993719 0.0354658560962 0.0236439040641
0 0.837399983699 0.843799993496 0.0199832247998 0.0133221498665
0 0.813199984231 0.819379994033 0.0414421448512 0.0276280965675
0 0.824399983984 0.778839994924 0.143694291663 0.0957961944422
0 0.902199982274 0.771019995096 0.0521330207292 0.0347553471528
0 0.766999985246 0.743419995703 0.0961630736251 0.0641087157501
0 0.797999984565 0.721879996176 0.0392100024357 0.0261400016238
0 0.80959998431 0.803759994376 0.0256157189048 0.0170771459365
0 0.666999987445 0.752779995497 0.0438952062461 0.0292634708307
0 0.679799987163 0.716839996287 0.0220343185218 0.0146895456812
0 0.658199987638 0.729879996001 0.0209353628463 0.0139569085642
0 0.727199986121 0.75671999541 0.0294855110589 0.0196570073726
0 0.598599988949 0.897159992323 0.0221890508478 0.0147927005652
0 0.59399998905 0.918279991859 0.0672468271464 0.0448312180976
0 0.516599990751 0.888959992503 0.0207090025127 0.0138060016751
0 0.482599991499 0.871599992885 0.026138583574 0.0174257223826
0 0.567799989626 0.885379992582 0.0416359559935 0.0277573039957
0 0.536199990321 0.805639994335 0.0236378361298 0.0157585574198
0 0.513999990809 0.800659994444 0.0325419691647 0.0216946461098
0 0.585999989226 0.805339994342 0.145718475416 0.0971456502771
0 0.571199989551 0.71989999622 0.0291609095491 0.019440606366
0 0.374199993882 0.876559992776 0.0268686154365 0.017912410291
0 0.393199993464 0.875039992809 0.131446298088 0.0876308653923
0 0.342199994586 0.853319993287 0.0251376712073 0.0167584474715
0 0.338999994656 0.869939992921 0.0228928652766 0.0152619101844
0 0.34699999448 0.830219993795 0.0248013955194 0.0165342636796
0 0.27239999612 0.860759993123 0.0635033733428 0.0423355822285
0 0.35199999437 0.861999993096 0.0785322946349 0.0523548630899
0 0.345599994511 0.757219995399 0.0215761565005 0.0143841043336
0 0.33379999477 0.785699994773 0.0293635257917 0.0195756838611
0 0.266399996252 0.807359994297 0.0260716054508 0.0173810703005
0 0.446999992282 0.727559996052 0.0244962839508 0.0163308559672
0 0.421799992836 0.68849999691 0.0320727265676 0.0213818177117
0 0.493199991266 0.769639995126 0.0324478832044 0.0216319221363
0 0.464399991899 0.742859995715 0.11838803741 0.0789253582736
0 0.417399992932 0.724159996126 0.0322683185167 0.0215122123445
0 0.3187999951 0.717099996282 0.0700285463333 0.0466856975556
0 0.394599993434 0.688599996908 0.0227766181647 0.0151844121098
0 0.378799993781 0.749579995567 0.031723292696 0.0211488617973
0 0.275799996046 0.715379996319 0.0238261069841 0.0158840713228
0 0.24239999678 0.71443999634 0.0207152353366 0.0138101568911
0 0.257999996437 0.766159995203 0.135508516313 0.0903390108753
0 0.183399998077 0.744679995675 0.0500719347022 0.0333812898014
0 0.179399998165 0.784539994799 0.0452005376454 0.0301336917636
0 0.192399997879 0.807879994286 0.032451444818 0.0216342965454
0 0.226399997132 0.799599994468 0.0367339884196 0.0244893256131
0 0.22599999714 0.734259995904 0.125759588309 0.0838397255394
0 0.229799997057 0.69215999683 0.0453787172611 0.0302524781741
0 0.232799996991 0.898579992292 0.0462294482526 0.0308196321684
0 0.212799997431 0.898979992283 0.037480245411 0.024986830274
0 0.132999999185 0.892439992427 0.0218779043228 0.0145852695485
0 0.0983999999457 0.847039993425 0.023479937925 0.01565329195
0 0.0686000006009 0.87137999289 0.0210017473672 0.0140011649115
0 0.236999996899 0.845719993454 0.109650211946 0.0731001412971
0 0.168599998402 0.822799993958 0.0501151687344 0.0334101124896
0 0.163999998503 0.87907999272 0.0716061433086 0.0477374288724
0 0.0226000016122 0.831079993776 0.0224657684409 0.0149771789606
0 0.052400000957 0.796239994542 0.0956130021851 0.0637420014567
0 0.0304000014407 0.745419995659 0.0243284923749 0.0162189949166
0 0.0794000003634 0.765099995226 0.0212076284224 0.0141384189483
0 0.0720000005261 0.720839996199 0.031431735046 0.0209544900307
0 0.0574000008471 0.707099996501 0.0336747601698 0.0224498401132
0 0.0550000008999 0.665399997418 0.0907943367969 0.0605295578646
0 0.0346000013484 0.627939998242 0.0299768158739 0.0199845439159
0 0.0632000007196 0.631699998159 0.0203009009497 0.0135339339665
0 0.0782000003898 0.61117999861 0.10763394289 0.0717559619269
0 0.121999999427 0.650059997755 0.11349576534 0.0756638435602
0 0.0572000008515 0.570119999513 0.0219487408608 0.0146324939072
0 0.0558000008823 0.544360000079 0.0203807404555 0.0135871603037
0 0.328999994876 0.643559997898 0.0211061224336 0.0140707482891
0 0.310399995285 0.642419997923 0.0267215010065 0.0178143340043
0 0.345999994502 0.678719997125 0.0330168509835 0.022011233989
0 0.406999993161 0.676079997183 0.0268246888683 0.0178831259122
0 0.43479999255 0.680419997088 0.0410875664266 0.027391710951
0 0.493199991266 0.696279996739 0.0833028782389 0.0555352521593
0 0.446799992286 0.703359996584 0.0733043404792 0.0488695603195
0 0.36699999404 0.596799998926 0.0291271731532 0.0194181154355
0 0.506999990963 0.58205999925 0.0201601182772 0.0134400788515
0 0.511799990857 0.565319999618 0.0355752767819 0.0237168511879
0 0.46979999178 0.555119999843 0.0252893365881 0.0168595577254
0 0.449599992224 0.487180001336 0.0816028013278 0.0544018675519
0 0.407999993139 0.532300000344 0.0276985703485 0.0184657135657
0 0.408999993117 0.573319999443 0.158953827439 0.105969218292
0 0.297799995562 0.623759998334 0.196518957975 0.13101263865
0 0.579199989375 0.559979999736 0.0337023626756 0.0224682417837
0 0.57759998941 0.692699996818 0.0258761124354 0.0172507416236
0 0.573199989507 0.619959998417 0.159410901189 0.106273934126
0 0.596999988984 0.685719996971 0.0459723195345 0.030648213023
0 0.630199988254 0.687479996933 0.0252435302794 0.0168290201862
0 0.488399991371 0.505640000931 0.0403708906151 0.0269139270768
0 0.597599988971 0.468920001738 0.0200410020877 0.0133606680585
0 0.508999990919 0.449440002166 0.0285132894688 0.0190088596458
0 0.679399987172 0.453200002083 0.0624194555915 0.0416129703944
0 0.687599986992 0.49248000122 0.12743354672 0.0849556978134
0 0.75819998544 0.483460001418 0.0211141360643 0.0140760907096
0 0.693399986864 0.657559997591 0.0604086278903 0.0402724185935
0 0.751999985576 0.698399996693 0.0560255676371 0.0373503784247
0 0.721199986253 0.605339998739 0.0277348790209 0.0184899193473
0 0.703399986645 0.724559996118 0.0313887978149 0.0209258652099
0 0.818399984116 0.697939996703 0.0227523794052 0.0151682529368
0 0.781999984917 0.684839996991 0.031120588521 0.020747059014
0 0.806799984371 0.622499998361 0.0550753093311 0.0367168728874
0 0.860399983193 0.641119997952 0.031231295345 0.0208208635634
0 0.848799983448 0.566059999602 0.0308229959146 0.0205486639431
0 0.948399981258 0.576879999364 0.0599672846 0.0399781897334
0 0.939799981447 0.548219999994 0.0300751559838 0.0200501039892
0 0.923799981799 0.528740000423 0.026551137154 0.0177007581027
0 0.840199983637 0.523480000538 0.0363690219552 0.0242460146368
0 0.876199982846 0.548959999978 0.120945473872 0.0806303159145
0 0.877399982819 0.529480000406 0.0222803666642 0.0148535777761
0 0.885199982648 0.506700000907 0.0220812131014 0.0147208087343
0 0.981599980528 0.580199999291 0.0474702748715 0.0316468499143
0 0.965799980876 0.627659998248 0.0264265796103 0.0176177197402
0 0.881399982731 0.672639997259 0.0211172030094 0.0140781353396
0 0.907599982155 0.712899996374 0.144628225907 0.0964188172712
0 0.844799983536 0.733579995919 0.0274194783463 0.0182796522309
0 0.802399984468 0.672439997263 0.0334555230635 0.0223036820424
0 0.986599980418 0.476420001573 0.0270551054841 0.0180367369894
0 0.918599981913 0.58933999909 0.0298535444684 0.019902362979
0 0.953799981139 0.425800002686 0.0265577657127 0.0177051771418
0 0.904999982212 0.457720001984 0.0351933926527 0.0234622617684
0 0.931399981632 0.442400002321 0.0337059242892 0.0224706161928
0 0.82779998391 0.448400002189 0.0290073644277 0.0193382429518
0 0.855199983307 0.370760003896 0.107376715239 0.0715844768257
0 0.846399983501 0.399200003271 0.0321986691833 0.0214657794555
0 0.785599984837 0.361640004096 0.0473447279907 0.0315631519938
0 0.769199985198 0.349020004374 0.0318350877908 0.0212233918605
0 0.79959998453 0.339960004573 0.0276962948731 0.0184641965821
0 0.818999984103 0.341240004545 0.0407617777122 0.0271745184748
0 0.822199984033 0.293880005586 0.0766075392633 0.0510716928422
0 0.789999984741 0.307700005282 0.0674014605386 0.0449343070257
0 0.762999985334 0.282720005831 0.0238405513061 0.0158937008708
0 0.818799984108 0.26416000624 0.0298863904609 0.0199242603073
0 0.666399987458 0.297080005516 0.0207042536945 0.0138028357964
0 0.73179998602 0.314220005139 0.034040518104 0.022693678736
0 0.58899998916 0.382000003649 0.0219375613513 0.0146250409008
0 0.500199991112 0.394960003364 0.0261563916422 0.0174375944281
0 0.481799991517 0.385460003573 0.0203894466222 0.0135929644148
0 0.396799993385 0.398520003286 0.0202828950141 0.0135219300094
0 0.391199993508 0.42468000271 0.0341678457916 0.0227785638611
0 0.360799994177 0.38148000366 0.0257039677761 0.0171359785174
0 0.374999993865 0.361240004105 0.0341088812991 0.0227392541994
0 0.440999992414 0.330960004771 0.0250890947546 0.0167260631697
0 0.276199996037 0.384300003598 0.0218951187887 0.0145967458591
0 0.207999997536 0.475940001583 0.0213527641782 0.0142351761188
0 0.110999999669 0.432100002547 0.0230355276897 0.0153570184598
0 0.0352000013352 0.179760008095 0.0343088263316 0.0228725508877
0 0.0946000000292 0.185420007971 0.0286394299519 0.0190929533012
0 0.0400000012296 0.251140006526 0.0209541602516 0.0139694401678
0 0.141599998996 0.297760005501 0.0228341975853 0.0152227983902
0 0.21599999736 0.272400006058 0.0311953824075 0.020796921605
0 0.194799997826 0.255440006431 0.0320974599957 0.0213983066638
0 0.186399998011 0.235120006878 0.0255818835752 0.0170545890501
0 0.202999997646 0.147860008796 0.0255166862588 0.0170111241726
0 0.338599994665 0.208580007461 0.0200676152563 0.0133784101709
0 0.439999992436 0.252640006493 0.146557433295 0.0977049555303
0 0.461799991956 0.313140005163 0.0297637126577 0.0198424751051
0 0.533999990369 0.271680006074 0.0252774645427 0.0168516430284
0 0.329999994854 0.165340008412 0.0263110250344 0.0175406833563
0 0.272799996111 0.207440007487 0.103341209116 0.0688941394109
0 0.344599994533 0.151760008711 0.0216603490896 0.0144402327264
0 0.385999993623 0.127340009248 0.072091808902 0.0480612059347
0 0.383999993667 0.184660007987 0.0312143776802 0.0208095851202
0 0.301799995474 0.0828600102255 0.0204724520068 0.0136483013378
0 0.450599992202 0.166980008376 0.167247440535 0.11149829369
0 0.512999990831 0.16362000845 0.0208101127666 0.0138734085111
0 0.510399990888 0.173500008233 0.03540332999 0.0236022199934
0 0.533799990373 0.182760008029 0.0220002853248 0.0146668568832
0 0.521799990637 0.204400007553 0.0621282936764 0.0414188624509
0 0.561199989771 0.147880008796 0.0217543361162 0.0145028907441
0 0.581199989331 0.110900009609 0.0242416285755 0.016161085717
0 0.502199991068 0.0910200100461 0.0200262609646 0.0133508406431
0 0.380799993737 0.106220009712 0.0213555343222 0.0142370228815
0 0.322199995025 0.28734000573 0.188211494158 0.125474329439
0 0.50299999105 0.229560007 0.0512457831979 0.0341638554652
0 0.6371999881 0.18454000799 0.0218918539762 0.0145945693175
0 0.646799987889 0.163460008453 0.0387302728651 0.0258201819101
0 0.634799988153 0.294240005578 0.0224570622742 0.0149713748495
0 0.591799989098 0.306260005314 0.0551388247743 0.0367592165162
0 0.639399988052 0.304360005356 0.0209875998464 0.0139917332309
0 0.609399988711 0.33238000474 0.0207950748424 0.0138633832282
0 0.595999989006 0.340200004568 0.0457325042161 0.030488336144
0 0.539999990237 0.255120006438 0.0272071665998 0.0181381110665
0 0.64539998792 0.317840005059 0.0344636575912 0.0229757717275
0 0.750399985611 0.266760006182 0.153825103796 0.102550069198
0 0.921399981852 0.278120005933 0.03670015309 0.0244667687267
0 0.906599982177 0.267440006167 0.037370923659 0.024913949106
0 0.853999983334 0.212460007376 0.0249628553377 0.0166419035585
0 0.851999983378 0.239280006787 0.0300810920066 0.0200540613377
0 0.845199983527 0.227560007044 0.0241111350091 0.0160740900061
0 0.713999986412 0.240780006754 0.0236931400749 0.0157954267166
0 0.8327999838 0.207860007477 0.0413465748852 0.0275643832568
0 0.8145999842 0.176280008172 0.0262840161309 0.0175226774206
0 0.796799984591 0.182180008042 0.0239453221074 0.0159635480716
0 0.770199985176 0.202400007597 0.0514186203931 0.0342790802621
0 0.959599981012 0.279240005908 0.0643269964972 0.0428846643314
0 0.742399985787 0.148900008774 0.0216320540479 0.0144213693653
0 0.742199985792 0.128300009226 0.0323069026645 0.0215379351096
0 0.755399985501 0.138000009013 0.019917829616 0.0132785530773
0 0.674999987269 0.0947200099647 0.0418607333877 0.0279071555918
0 0.768799985207 0.0838600102035 0.0388709566039 0.0259139710693
0 0.74319998577 0.111040009606 0.111137185641 0.0740914570937
0 0.659399987612 0.109060009649 0.0518949862175 0.0345966574784
0 0.817399984138 0.0608600107091 0.0209642514903 0.0139761676602
0 0.853799983338 0.0696600105157 0.0239133665183 0.0159422443456
0 0.868599983013 0.0943600099726 0.0214110361347 0.0142740240898
0 0.924799981777 0.0806400102743 0.0202542042376 0.013502802825
0 0.901399982292 0.163220008459 0.0278538962767 0.0185692641845
0 0.94059998143 0.151820008709 0.0252643063589 0.0168428709059
0 0.927799981711 0.129080009209 0.0749025156666 0.0499350104444
0 0.941199981417 0.191400007839 0.0710416275466 0.0473610850311
0 0.975799980656 0.166680008383 0.058971318919 0.0393142126126
0 0.961599980968 0.247560006604 0.0240967896208 0.0160645264139
0 0.950199981219 0.23592000686 0.0436522250489 0.0291014833659
0 0.925999981751 0.22276000715 0.0292292727442 0.0194861818295
0 0.98699998041 0.262480006276 0.0217755079306 0.0145170052871
0 0.902599982265 0.0388800111924 0.0972965571662 0.0648643714441
0 0.934999981553 0.0645000106291 0.0215810042524 0.0143873361682
0 0.636199988122 0.0264000114667 0.021848619944 0.0145657466293
0 0.63539998814 0.0965600099243 0.0325384075511 0.0216922717007
0 0.639599988047 0.0683600105442 0.0469968770584 0.0313312513723
0 0.554599989916 0.0522200108991 0.0272418923328 0.0181612615552
0 0.569399989591 0.0336400113076 0.0245684066271 0.0163789377514
0 0.407799993143 0.0839000102026 0.111783222782 0.074522148521
0 0.353199994344 0.0655600106058 0.0458657679264 0.0305771786176
0 0.288599995764 0.0363400112482 0.0749235885474 0.0499490590316
0 0.212999997426 0.0532200108771 0.0220413428154 0.0146942285436
0 0.0674000006272 0.0425200111123 0.0236461465616 0.0157640977077
0 0.0144000017925 0.0273400114461 0.0285602829821 0.0190401886547
0 0.691999986895 0.899519992271 0.0902560384686 0.0601706923124
0 0.377199993816 0.933299991528 0.0347553141749 0.0231702094499
0 0.182599998095 0.64391999789 0.0210972183995 0.0140648122664
0 0.733999985972 0.744239995685 0.0223972073783 0.0149314715855
0 0.656999987665 0.690459996867 0.0687598204076 0.0458398802717
