0 0.809199984319 0.904379970179 0.179546879641 0.11969791976
0 0.670199987375 0.962479968902 0.0212031764053 0.0141354509369
0 0.724599986179 0.957179969018 0.0227944262329 0.0151962841553
0 0.757599985453 0.96391996887 0.0258422771058 0.0172281847372
0 0.800999984499 0.968319968773 0.0392154437899 0.0261436291933
0 0.859999983202 0.959419968969 0.0263417934189 0.0175611956126
0 0.860599983189 0.951719969138 0.0307647239581 0.0205098159721
0 0.915999981971 0.959579968965 0.0240577108045 0.0160384738697
0 0.835199983747 0.988439968331 0.0294020110058 0.0196013406705
0 0.522399990624 0.976239968599 0.0350056164668 0.0233370776446
0 0.551799989978 0.952339969124 0.030959029769 0.0206393531793
0 0.503199991046 0.940379969387 0.0221302842227 0.0147535228151
0 0.546599990092 0.918739969863 0.0237256892662 0.0158171261775
0 0.406999993161 0.985939968386 0.0365471026372 0.0243647350915
0 0.505999990985 0.984479968418 0.0401810368213 0.0267873578809
0 0.464599991895 0.978899968541 0.02405306092 0.0160353739467
0 0.914999981993 0.940359969388 0.0312383196386 0.0208255464257
0 0.872599982925 0.811579972219 0.0323403422592 0.0215602281728
0 0.836999983707 0.823019971968 0.0198929972542 0.0132619981695
0 0.925599981759 0.712739974392 0.0208627455015 0.013908497001
0 0.869399982995 0.700619974659 0.0282712976086 0.0188475317391
0 0.811599984266 0.68871997492 0.0214394301102 0.0142929534068
0 0.791799984701 0.681039975089 0.0257392871114 0.0171595247409
0 0.794999984631 0.731339973983 0.0223466522514 0.0148977681676
0 0.979199980581 0.727299974072 0.0513792447757 0.0342528298504
0 0.675799987251 0.867699970985 0.0403497188007 0.0268998125338
0 0.478599991587 0.781559972879 0.0242987133275 0.0161991422183
0 0.443399992361 0.777219972974 0.0267781900236 0.0178521266824
0 0.741999985796 0.794379972597 0.02366662584 0.01577775056
0 0.699199986737 0.761759973314 0.108599535922 0.0723996906145
0 0.852999983356 0.73147997398 0.0226883692934 0.015125579529
0 0.983599980484 0.67327997526 0.0210353848294 0.0140235898863
0 0.927799981711 0.665399975433 0.0694103095656 0.0462735397104
0 0.947199981285 0.630719976195 0.0400441125636 0.0266960750424
0 0.910199982098 0.66417997546 0.0219966247775 0.0146644165183
0 0.97879998059 0.768639973163 0.0200543581389 0.0133695720926
0 0.709599986508 0.817779972083 0.0747770677195 0.0498513784797
0 0.733799985976 0.838019971638 0.0668910615172 0.0445940410115
0 0.747799985668 0.673459975256 0.0319125528875 0.0212750352583
0 0.676799987229 0.673239975261 0.0259219187442 0.0172812791628
0 0.580399989349 0.681819975072 0.0291931619393 0.0194621079595
0 0.625999988346 0.710879974433 0.0538950301441 0.0359300200961
0 0.646399987898 0.702479974618 0.020032988457 0.013355325638
0 0.67859998719 0.657579975605 0.0357681975208 0.0238454650138
0 0.763399985325 0.64003997599 0.0295398256669 0.0196932171113
0 0.842999983575 0.611639976615 0.0670921937542 0.0447281291694
0 0.891199982516 0.650379975763 0.026274023826 0.017516015884
0 0.858599983232 0.68461997501 0.0205038139935 0.013669209329
0 0.874399982885 0.849139971393 0.0345755516198 0.0230503677465
0 0.698999986741 0.885999970583 0.0590624368679 0.0393749579119
0 0.740799985822 0.859859971158 0.0303818504918 0.0202545669945
0 0.429999992655 0.90521997016 0.0465903584349 0.0310602389566
0 0.288199995773 0.96391996887 0.0290334829277 0.0193556552851
0 0.256999996459 0.897099970339 0.0198720233072 0.0132480155381
0 0.605999988786 0.892559970439 0.0214211273734 0.0142807515823
0 0.0928000000688 0.931239969588 0.0311243480021 0.0207495653347
0 0.21919999729 0.874539970835 0.0394594143243 0.0263062762162
0 0.259799996397 0.880419970706 0.0405454096835 0.0270302731223
0 0.215399997373 0.921319969806 0.0231273381746 0.0154182254497
0 0.159799998596 0.92389996975 0.0401620415486 0.0267746943657
0 0.349999994414 0.905439970156 0.0337803224408 0.0225202149605
0 0.360399994186 0.797159972536 0.0290089473671 0.0193392982447
0 0.540199990233 0.747779973622 0.0962039332482 0.0641359554988
0 0.373999993887 0.738439973827 0.04108845683 0.0273923045533
0 0.339599994643 0.728379974048 0.0289976689239 0.0193317792826
0 0.266199996257 0.751779973534 0.039853863035 0.0265692420233
0 0.312799995232 0.755939973442 0.0336762441755 0.0224508294504
0 0.387799993583 0.785199972799 0.0434083534482 0.0289389022988
0 0.422999992809 0.725299974116 0.0255249966907 0.0170166644604
0 0.410799993077 0.714399974356 0.0252169171108 0.0168112780738
0 0.424199992783 0.691059974869 0.0466654491224 0.031110299415
0 0.497399991174 0.667759975381 0.0302333509897 0.0201555673265
0 0.565599989674 0.657599975604 0.0295168730457 0.0196779153638
0 0.533399990382 0.652459975717 0.0336263815846 0.022417587723
0 0.570999989555 0.610519976639 0.0319228419936 0.0212818946624
0 0.557999989841 0.629459976223 0.0355409467838 0.0236939645225
0 0.507999990941 0.627099976275 0.0455940959526 0.0303960639684
0 0.522999990611 0.60641997673 0.0249376272411 0.0166250848274
0 0.448399992251 0.630259976205 0.0210212373085 0.0140141582057
0 0.37519999386 0.676259975194 0.021179926983 0.014119951322
0 0.420399992866 0.656159975636 0.0431026482774 0.0287350988516
0 0.470999991754 0.681639975076 0.0250071776408 0.0166714517605
0 0.497199991178 0.709219974469 0.0238050341034 0.0158700227356
0 0.506599990971 0.693559974814 0.0335785966015 0.0223857310677
0 0.265399996274 0.690119974889 0.0242264917176 0.0161509944784
0 0.383199993684 0.663519975474 0.0717960960361 0.0478640640241
0 0.420199992871 0.6213999764 0.0228433984205 0.0152289322803
0 0.326399994933 0.644839975885 0.0282694178681 0.0188462785787
0 0.296999995579 0.669779975337 0.0242616131854 0.0161744087903
0 0.214399997395 0.68825997493 0.0354915788613 0.0236610525742
0 0.165999998459 0.698679974701 0.0326691979187 0.0217794652791
0 0.165999998459 0.87565997081 0.0228785198883 0.0152523465922
0 0.260399996384 0.812859972191 0.0411200166842 0.0274133444561
0 0.243199996762 0.790459972683 0.0252547097888 0.0168364731926
0 0.130999999229 0.793919972607 0.0432981412928 0.0288654275285
0 0.162999998525 0.775879973004 0.0284627343418 0.0189751562279
0 0.209599997501 0.765679973228 0.0449511257568 0.0299674171712
0 0.313399995219 0.803699972392 0.0240757167401 0.0160504778267
0 0.322399995021 0.821939971991 0.0272359563101 0.0181573042067
0 0.192999997866 0.854019971286 0.0493621842506 0.0329081228337
0 0.205199997598 0.83381997173 0.0452911609258 0.0301941072838
0 0.140599999018 0.818639972064 0.035293315702 0.0235288771347
0 0.133399999176 0.870419970925 0.025700900831 0.0171339338873
0 0.424199992783 0.846899971443 0.173570294084 0.11571352939
0 0.0486000010406 0.974999968626 0.0236696927851 0.0157797951901
0 0.290399995725 0.928979969638 0.044563602406 0.0297090682707
0 0.0294000014627 0.944879969288 0.0212972623657 0.0141981749105
0 0.038800001256 0.923159969766 0.034274991002 0.0228499940013
0 0.0488000010362 0.882999970649 0.026683510461 0.017789006974
0 0.0118000018496 0.895619970371 0.0214511042882 0.0143007361921
0 0.0184000017045 0.878099970757 0.0209533687819 0.0139689125213
0 0.0122000018408 0.670779975315 0.0313575347618 0.0209050231746
0 0.0496000010186 0.684099975022 0.0214367588999 0.0142911726
0 0.108999999713 0.675919975202 0.0198907217788 0.0132604811859
0 0.0850000002403 0.67555997521 0.0316800586637 0.0211200391092
0 0.0490000010318 0.621639976395 0.058060238363 0.0387068255753
0 0.0714000005393 0.600119976868 0.024081949564 0.0160546330427
0 0.184399998055 0.639859975994 0.0412050996767 0.0274700664511
0 0.158799998618 0.618159976471 0.037523578377 0.025015718918
0 0.184399998055 0.598939976894 0.0374494770265 0.0249663180177
0 0.0394000012428 0.783179972843 0.020473738145 0.0136491587633
0 0.063000000724 0.759499973364 0.0201664500348 0.0134443000232
0 0.131199999225 0.740979973771 0.0328672632106 0.021911508807
0 0.0740000004821 0.738559973824 0.0409622174132 0.0273081449421
0 0.113599999612 0.71009997445 0.0387136520015 0.0258091013343
0 0.0686000006009 0.703519974595 0.0547324050845 0.0364882700563
0 0.272799996111 0.615259976535 0.0722904677962 0.0481936451975
0 0.346399994493 0.619239976448 0.0263657353773 0.0175771569182
0 0.478199991596 0.59773997692 0.0254692970107 0.0169795313405
0 0.300999995491 0.582059977265 0.0282889078094 0.0188592718729
0 0.277999995997 0.580699977295 0.0332351976864 0.0221567984576
0 0.344599994533 0.578979977333 0.025268758376 0.0168458389173
0 0.343399994559 0.570499977519 0.0272305149559 0.0181536766373
0 0.402399993262 0.571339977501 0.029707914044 0.0198052760293
0 0.410399993086 0.593899977005 0.0464486853589 0.0309657902393
0 0.526799990527 0.586119977176 0.02336547162 0.01557698108
0 0.293399995659 0.655919975641 0.0236234907415 0.0157489938277
0 0.328599994885 0.554659977868 0.0199947011104 0.0133298007402
0 0.209799997497 0.554599977869 0.0237319220901 0.0158212813934
0 0.210199997488 0.578819977336 0.0324226551078 0.0216151034052
0 0.312199995245 0.544839978083 0.0429950083985 0.0286633389323
0 0.242599996775 0.519259978646 0.0217917330594 0.0145278220396
0 0.263799996309 0.524639978528 0.0362422878698 0.0241615252465
0 0.286999995799 0.535639978286 0.0204360444007 0.0136240296004
0 0.0746000004689 0.566419977609 0.0486512465945 0.0324341643963
0 0.113999999603 0.547119978033 0.0256843789011 0.0171229192674
0 0.160799998574 0.521899978588 0.0400311522473 0.0266874348315
0 0.273799996089 0.502419979016 0.0271461244994 0.0180974163329
0 0.145399998912 0.540539978178 0.0256594476056 0.0171062984037
0 0.17279999831 0.544159978098 0.026653929281 0.0177692861873
0 0.41659999295 0.550859977951 0.0332102663909 0.0221401775939
0 0.147599998864 0.677719975162 0.0253743206469 0.0169162137646
0 0.55579998989 0.570699977515 0.0257541271682 0.0171694181121
0 0.564199989705 0.593799977007 0.0239250406964 0.0159500271309
0 0.58759998919 0.639099976011 0.0315801356144 0.0210534237429
0 0.607999988742 0.648019975815 0.0215040338242 0.0143360225495
0 0.796799984591 0.596799976941 0.0503302506248 0.0335535004165
0 0.711199986473 0.581939977268 0.0424294043656 0.0282862695771
0 0.545199990123 0.545539978068 0.0201448824855 0.013429921657
0 0.933999981575 0.542959978125 0.0307484988293 0.0204989992195
0 0.975399980665 0.525839978501 0.0275747053408 0.0183831368939
0 0.984399980467 0.493119979221 0.023348257154 0.0155655047694
0 0.901399982292 0.526559978485 0.0267991639706 0.0178661093137
0 0.881399982731 0.575879977401 0.0347196980385 0.023146465359
0 0.934599981562 0.576039977397 0.0345774313603 0.0230516209069
0 0.708199986539 0.518499978663 0.0409077049377 0.0272718032918
0 0.564799989692 0.495219979174 0.0269103654631 0.0179402436421
0 0.92239998183 0.460999979927 0.025550323721 0.0170335491473
0 0.907799982151 0.438599980419 0.0265902159703 0.0177268106469
0 0.770599985167 0.516019978717 0.0324128606703 0.0216085737802
0 0.697599986772 0.476059979596 0.024371429606 0.0162476197373
0 0.509799990901 0.489539979299 0.0370147622949 0.0246765081966
0 0.702199986671 0.440759980372 0.0495933923361 0.0330622615574
0 0.648999987841 0.422719980768 0.0336755516395 0.0224503677597
0 0.563199989727 0.455579980046 0.10897152668 0.0726476844532
0 0.55939998981 0.412719980988 0.0263067708848 0.0175378472565
0 0.551199989991 0.39623998135 0.0198200831083 0.0132133887389
0 0.307599995346 0.505179978955 0.0226980647972 0.0151320431982
0 0.824999983971 0.571179977504 0.0387555009617 0.0258370006412
0 0.774599985079 0.553439977894 0.0395421229077 0.0263614152718
0 0.976999980629 0.453239980097 0.0236537644574 0.015769176305
0 0.958599981034 0.395399981369 0.02536640595 0.0169109373
0 0.818199984121 0.40171998123 0.0272975920128 0.0181983946752
0 0.97879998059 0.344459982489 0.0299081558776 0.0199387705851
0 0.712199986451 0.418699980857 0.022011563768 0.0146743758453
0 0.747999985664 0.336859982656 0.06276720759 0.04184480506
0 0.869999982982 0.271579984091 0.0251710118683 0.0167806745789
0 0.81639998416 0.291319983657 0.0264286572182 0.0176191048122
0 0.939399981456 0.303439983391 0.0410887536311 0.0273925024207
0 0.767599985233 0.295859983557 0.0222407931793 0.0148271954528
0 0.725999986148 0.307019983312 0.019872419042 0.0132482793614
0 0.785199984846 0.244899984678 0.0222918429748 0.0148612286499
0 0.823599984002 0.24933998458 0.0200421892922 0.0133614595282
0 0.874599982881 0.245979984654 0.027762679394 0.0185084529294
0 0.643999987951 0.359619982156 0.108398700486 0.0722658003239
0 0.550399990008 0.380299981701 0.0742861586394 0.0495241057596
0 0.900199982318 0.404099981178 0.024508947466 0.0163392983107
0 0.980799980546 0.119219987441 0.02523848466 0.01682565644
0 0.988599980374 0.176259986187 0.022861107555 0.01524073837
0 0.924999981773 0.164219986451 0.0324460034639 0.0216306689759
0 0.886599982617 0.170579986312 0.0271676920486 0.0181117946991
0 0.838599983672 0.165439986425 0.0331653504855 0.022110233657
0 0.885599982639 0.219899985227 0.0228025387973 0.0152016925316
0 0.937799981491 0.223699985144 0.0259688133238 0.0173125422158
0 0.850399983413 0.137039987049 0.0211997137254 0.0141331424836
0 0.952199981175 0.177419986161 0.0230196982957 0.0153464655305
0 0.709399986513 0.234179984913 0.0385784096168 0.0257189397446
0 0.677599987212 0.244299984691 0.0284694618342 0.0189796412228
0 0.638199988078 0.240979984764 0.0240123991643 0.0160082661095
0 0.510599990883 0.332499982752 0.0210618990643 0.0140412660428
0 0.499999991116 0.360059982146 0.0266797509799 0.0177865006533
0 0.671399987348 0.312679983188 0.023868450613 0.0159123004087
0 0.595999989006 0.252119984519 0.0285992628647 0.0190661752431
0 0.450199992211 0.283679983825 0.0372919745566 0.0248613163711
0 0.444399992339 0.305999983334 0.0319025605826 0.0212683737217
0 0.477799991604 0.306819983316 0.0258587990358 0.0172391993572
0 0.44979999222 0.322079982981 0.0219135204592 0.0146090136395
0 0.40839999313 0.323579982948 0.0358226110625 0.0238817407083
0 0.418199992915 0.346459982445 0.0313443765781 0.0208962510521
0 0.318999995096 0.336499982664 0.0298432553624 0.0198955035749
0 0.774599985079 0.13609998707 0.0272905677192 0.0181937118128
0 0.715399986381 0.13655998706 0.0198214681802 0.0132143121202
0 0.741199985814 0.144799986878 0.0230021870286 0.0153347913524
0 0.526399990536 0.23751998484 0.019811574809 0.0132077165393
0 0.4961999912 0.229519985016 0.0279780580856 0.0186520387237
0 0.444599992334 0.243799984702 0.0431766506941 0.0287844337961
0 0.509199990914 0.247779984614 0.0457903804377 0.0305269202918
0 0.365999994062 0.382419981654 0.0412597110859 0.0275064740572
0 0.308399995329 0.360079982145 0.0693394730276 0.0462263153517
0 0.262999996327 0.353479982291 0.0264506205023 0.0176337470016
0 0.433599992576 0.429799980613 0.0198773657277 0.0132515771518
0 0.384599993654 0.404139981177 0.0263634599019 0.0175756399346
0 0.340599994621 0.405519981146 0.0282154989949 0.0188103326633
0 0.302999995448 0.394839981381 0.0374297892178 0.0249531928118
0 0.256199996476 0.383279981635 0.031989721183 0.0213264807887
0 0.156399998671 0.372479981873 0.034464745862 0.0229764972414
0 0.180199998147 0.367019981993 0.0233599313321 0.0155732875547
0 0.253199996542 0.427359980666 0.0254623716508 0.0169749144339
0 0.274599996072 0.43355998053 0.0254941293724 0.0169960862483
0 0.461599991961 0.402579981211 0.0448381434574 0.0298920956383
0 0.338599994665 0.444819980282 0.0654074515685 0.0436049677123
0 0.350599994401 0.424639980726 0.0232650539021 0.0155100359347
0 0.261399996362 0.412119981001 0.0755139260083 0.0503426173388
0 0.165999998459 0.458039979992 0.0551719675679 0.036781311712
0 0.0508000009922 0.535179978296 0.0516480476718 0.0344320317812
0 0.0979999999545 0.516119978715 0.0219477515236 0.0146318343491
0 0.0977999999589 0.404039981179 0.0286041106166 0.0190694070777
0 0.0478000010582 0.400459981258 0.0277234027103 0.0184822684735
0 0.0190000016913 0.64733997583 0.0386368794408 0.0257579196272
0 0.0158000017617 0.207339985503 0.0247316472522 0.0164877648348
0 0.0486000010406 0.288399983721 0.0380545556105 0.0253697037404
0 0.0380000012736 0.270819984108 0.02390248381 0.0159349892067
0 0.12459999937 0.236419984864 0.020192865336 0.013461910224
0 0.22239999722 0.22431998513 0.0203488838002 0.0135659225335
0 0.206199997576 0.270759984109 0.0303623605505 0.0202415737003
0 0.128999999273 0.314779983141 0.0727382417778 0.0484921611852
0 0.109399999704 0.341779982548 0.0204856101905 0.0136570734603
0 0.121599999436 0.216639985299 0.0249849175556 0.0166566117037
0 0.416399992954 0.222839985163 0.0469711542933 0.0313141028622
0 0.153399998737 0.283059983839 0.0719443976708 0.0479629317805
0 0.260399996384 0.215039985334 0.031724677768 0.0211497851786
0 0.288199995773 0.217639985277 0.0367296353363 0.0244864235575
0 0.308599995324 0.20705998551 0.0328435191196 0.0218956794131
0 0.343799994551 0.188519985917 0.0459376927352 0.0306251284902
0 0.0961999999941 0.162779986483 0.0378922053888 0.0252614702592
0 0.5143999908 0.0744799884244 0.0264769368698 0.0176512912465
0 0.497799991165 0.118039987467 0.0378022746443 0.0252015164296
0 0.58579998923 0.132199987155 0.0241010437705 0.0160673625136
0 0.65039998781 0.133399987129 0.0213286243525 0.0142190829016
0 0.6189999885 0.0968399879328 0.0205661422322 0.0137107614882
0 0.528199990496 0.035699989277 0.0227013296097 0.0151342197398
0 0.793999984653 0.084779988198 0.0264000653754 0.0176000435836
0 0.645799987911 0.0692799885388 0.0209998676267 0.0139999117511
0 0.901199982296 0.0776599883545 0.0232368577941 0.0154912385294
0 0.948999981245 0.0688399885484 0.0203752001676 0.0135834667784
0 0.899399982335 0.0520599889173 0.0237676371602 0.0158450914401
0 0.946599981298 0.0354599892823 0.0286456627757 0.0190971085172
0 0.66039998759 0.0269999894683 0.0235549296789 0.0157032864526
0 0.186999997998 0.0604399887331 0.036040759898 0.0240271732653
0 0.0991999999281 0.0191799896402 0.0304273599994 0.0202849066663
0 0.0424000011769 0.0324999893474 0.0231204128148 0.0154136085432
0 0.00900000191118 0.0320799893566 0.0251894135388 0.0167929423592
0 0.140399999022 0.0956399879592 0.0272544569143 0.0181696379428
0 0.753399985545 0.816659972107 0.0331937444609 0.022129162974
0 0.930799981645 0.691979974849 0.0314380668036 0.0209587112024
0 0.587399989195 0.795139972581 0.0592328007204 0.0394885338136
0 0.717599986332 0.8306199718 0.027335681492 0.0182237876613
0 0.742399985787 0.84063997158 0.0280011096405 0.018667406427
0 0.240399996824 0.719319974247 0.0518633274296 0.0345755516198
0 0.936199981526 0.506079978936 0.0926923800661 0.0617949200441
0 0.492599991279 0.578439977345 0.0582818498784 0.0388545665856
0 0.563799989714 0.568059977573 0.0518475969694 0.0345650646463
0 0.526399990536 0.533919978324 0.0244234687386 0.0162823124924
0 0.447799992264 0.520399978621 0.112254147252 0.0748360981678
0 0.320599995061 0.479979979509 0.136620531238 0.0910803541589
0 0.961799980964 0.921019969813 0.0354052097306 0.0236034731537
0 0.777399985018 0.776759972985 0.048805088517 0.032536725678
0 0.531799990417 0.856199971238 0.0448103430843 0.0298735620562
0 0.502399991064 0.817699972085 0.0535977343388 0.0357318228926
0 0.080600000337 0.367819981975 0.0661431226527 0.0440954151018
0 0.875799982854 0.358419982182 0.114300096421 0.0762000642805
