0 0.239199990642 0.676159997182 0.215841729784 0.143894477032
0 0.39699999758 0.808739994267 0.181274286168 0.120849516142
0 0.758800013489 0.471760001675 0.0906595021061 0.0604396640844
0 0.910000020137 0.0759400103776 0.0783211804244 0.0522141168391
0 0.46660000064 0.102640009791 0.0687307429626 0.0458204922863
0 0.693400010613 0.979539990512 0.0362707855635 0.0241805221141
0 0.754000013278 0.974979990612 0.0282023445314 0.0188015617809
0 0.779600014403 0.957559990995 0.0262558234864 0.0175038811698
0 0.54460000407 0.972139990674 0.0253866907098 0.0169244593569
0 0.584600005829 0.979999990502 0.0312208124899 0.0208138736205
0 0.633200007966 0.964799990836 0.0528135927024 0.0352090594793
0 0.945600021702 0.989859990285 0.0247828981843 0.0165219310332
0 0.896000019521 0.968299990759 0.0266434458221 0.0177622960432
0 0.823800016347 0.957939990987 0.0313132165893 0.0208754763494
0 0.869400018352 0.938359991417 0.0472669723279 0.0315113128069
0 0.953600022054 0.927119991664 0.0224412358405 0.0149608229069
0 0.927000020884 0.903799992177 0.0219086755973 0.0146057827682
0 0.900800019732 0.901319992231 0.0315581764931 0.0210387829411
0 0.816000016004 0.912799991979 0.0323963430138 0.0215975605847
0 0.879000018774 0.915079991929 0.0289715542455 0.0193143682231
0 0.925200020805 0.880099992698 0.0210353876042 0.0140235908112
0 0.892800019381 0.838559993611 0.0530634003587 0.0353755979059
0 0.851600017569 0.849479993371 0.0203202946378 0.0135468621984
0 0.94760002179 0.837219993641 0.0205065868425 0.0136710569933
0 0.958400022265 0.867479992975 0.0229035531388 0.0152690344188
0 0.835400016857 0.884519992601 0.0334944084307 0.0223296041477
0 0.787800014764 0.888459992514 0.0275986509397 0.018399099413
0 0.782800014544 0.87681999277 0.044468335107 0.0296455547827
0 0.844400017253 0.826859993868 0.0233393561987 0.0155595697729
0 0.800800015335 0.798799994485 0.02735220703 0.018234803484
0 0.792200014957 0.790119994676 0.0341243194596 0.022749544806
0 0.758800013489 0.838099993621 0.0243891419577 0.0162594268994
0 0.76860001392 0.826839993869 0.0269667612363 0.0179778396385
0 0.776000014245 0.810799994222 0.0227702894108 0.0151801919393
0 0.741800012741 0.77401999503 0.0259245933741 0.0172830611095
0 0.726400012064 0.760779995321 0.0256326399508 0.0170884255068
0 0.753800013269 0.750479995548 0.0316980687807 0.02113204446
0 0.792800014984 0.719399996231 0.021654514857 0.0144363422859
0 0.83660001691 0.700239996652 0.0242282757204 0.0161521827483
0 0.819800016171 0.719939996219 0.0275280122599 0.0183520069628
0 0.855000017719 0.712819996376 0.0296244178987 0.0197496106299
0 0.71540001158 0.743819995694 0.0247934840929 0.0165289883051
0 0.695200010692 0.744079995688 0.0244624518481 0.0163083001565
0 0.862800018062 0.770019995118 0.104813356581 0.069875566445
0 0.687600010358 0.870559992908 0.0249464356322 0.0166309559912
0 0.631400007887 0.798319994496 0.104137639237 0.0694250882456
0 0.628000007737 0.73945999579 0.0200617808137 0.0133745196603
0 0.658200009065 0.735019995888 0.0330731486285 0.0220487642981
0 0.613600007104 0.850399993351 0.0222791823985 0.014852787286
0 0.720000011783 0.846499993437 0.0277395325645 0.01849302049
0 0.749800013093 0.907679992092 0.0212281105011 0.014152072734
0 0.67240000969 0.888919992504 0.0272345748307 0.0181563820229
0 0.666000009408 0.926499991678 0.0276429732487 0.018428647617
0 0.704800011114 0.923499991744 0.0205508102177 0.0137005392415
0 0.742400012768 0.958959990964 0.0499450093377 0.0332966706957
0 0.862000018026 0.901999992216 0.0258345636841 0.0172230413201
0 0.568800005134 0.883579992621 0.0211954623717 0.0141303073158
0 0.488000001581 0.866839992989 0.0215918898089 0.0143945922566
0 0.592400006172 0.919619991829 0.0296494481312 0.0197662974504
0 0.554200004492 0.904339992165 0.0418194835462 0.0278796538586
0 0.683000010156 0.912899991977 0.0210689261371 0.0140459498316
0 0.476000001054 0.956039991028 0.0342491738209 0.0228327810413
0 0.4634000005 0.936179991465 0.0346385769637 0.0230923831194
0 0.453600000069 0.9163799919 0.0296085885026 0.0197390576999
0 0.378399996762 0.913879991955 0.0269082914047 0.0179388597533
0 0.409999998152 0.878479992734 0.0815070442461 0.0543380259135
0 0.426199998864 0.948499991194 0.0283133481712 0.0188755642025
0 0.386399997114 0.983159990432 0.032508632792 0.0216724204319
0 0.335199994863 0.943419991306 0.0279353224069 0.0186235470429
0 0.3405999951 0.931159991575 0.0215760604129 0.0143840393265
0 0.333399994784 0.903019992194 0.027714502332 0.0184763336694
0 0.511000002593 0.919299991836 0.0590024908214 0.0393349912866
0 0.45179999999 0.97779999055 0.0570132304071 0.0380088177645
0 0.22459999 0.987439990338 0.0360920123219 0.0240613399609
0 0.293599993034 0.957999990985 0.0319827011084 0.0213217993326
0 0.270199992005 0.933499991524 0.0310451061938 0.0206967360975
0 0.298399993245 0.927399991658 0.0243840963377 0.016256063153
0 0.32739999452 0.915379991922 0.0224997056722 0.0149998027921
0 0.309199993719 0.938139991422 0.0275563073053 0.0183708703252
0 0.262399991662 0.911319992012 0.0212596703594 0.0141731126381
0 0.159399987133 0.945399991262 0.0428514612346 0.0285676389389
0 0.207799989261 0.959779990946 0.0272809747478 0.018187315299
0 0.282999992567 0.969919990723 0.0227483261238 0.015165549749
0 0.183199988179 0.971119990697 0.0397278267262 0.0264852160706
0 0.299399993289 0.880039992699 0.0234042567225 0.0156028367859
0 0.275399992233 0.877659992752 0.035129683976 0.0234197877727
0 0.231799990316 0.866559992996 0.0293121830617 0.0195414540856
0 0.163999987335 0.896299992342 0.0665381737428 0.0443587795695
0 0.0889999840372 0.886019992568 0.0528334783812 0.0352223165977
0 0.0425999819969 0.914919991932 0.0242196684863 0.0161464445926
0 0.0647999829731 0.976699990574 0.0290852290959 0.0193901514517
0 0.0931999842218 0.956059991028 0.025962089256 0.0173080583625
0 0.133599985998 0.956719991013 0.0205340904182 0.0136893927092
0 0.108599984899 0.971039990699 0.0219771377352 0.0146514241905
0 0.0229999811351 0.937139991444 0.0333245392244 0.0222163580176
0 0.240599990703 0.84541999346 0.0480348959036 0.0320232618236
0 0.201599988988 0.921439991789 0.0253342558354 0.0168895027763
0 0.223599989956 0.905139992147 0.0313183611431 0.0208789060516
0 0.338599995012 0.960759990925 0.0292109738607 0.0194739812894
0 0.0769999835095 0.963739990859 0.022692428569 0.0151282847149
0 0.102599984635 0.85179999332 0.0484367646957 0.032291174334
0 0.0863999839228 0.83087999378 0.039176172274 0.02611744646
0 0.0941999842658 0.799399994472 0.02717719327 0.0181181276517
0 0.0989999844769 0.78855999471 0.0388276287598 0.0258850841326
0 0.163599987317 0.79311999461 0.0224431155813 0.0149620760674
0 0.175199987827 0.78403999481 0.0245388286841 0.0163592180437
0 0.222599989912 0.79313999461 0.0396407650479 0.0264271749556
0 0.204799989129 0.84543999346 0.0460567160665 0.0307044753525
0 0.253799991284 0.777179994961 0.0404187798636 0.0269458514651
0 0.193799988645 0.769719995125 0.0333854823992 0.0222569867982
0 0.204199989103 0.7480799956 0.0371063798072 0.0247375849066
0 0.141199986332 0.746459995636 0.0287719059879 0.0191812693935
0 0.148799986667 0.771079995095 0.0221751041195 0.0147834017713
0 0.0273999813286 0.776179994983 0.0201187666394 0.0134125102083
0 0.422199998688 0.762899995275 0.0426932662079 0.0284621755947
0 0.460800000385 0.756179995422 0.03005468067 0.0200364524585
0 0.404799997923 0.704099996567 0.0330807665253 0.0220538428956
0 0.548600004246 0.735519995877 0.0263375427435 0.0175583606709
0 0.586200005899 0.725739996092 0.0403653556519 0.0269102353264
0 0.460800000385 0.717039996283 0.0201516126362 0.0134344075381
0 0.809000015696 0.666719997389 0.0233284734889 0.0155523146335
0 0.773600014139 0.665439997417 0.0313363670811 0.0208909100095
0 0.696600010754 0.722959996153 0.0274267041252 0.0182844682108
0 0.534200003613 0.663659997456 0.0280716530803 0.0187144341526
0 0.79180001494 0.622339998365 0.0257502721502 0.0171668469679
0 0.683200010164 0.668079997359 0.020960197973 0.0139734643937
0 0.741800012741 0.608079998678 0.0439964212374 0.029330945557
0 0.787000014729 0.607659998688 0.0251731917306 0.0167821267135
0 0.826800016479 0.591139999051 0.0327923747161 0.0218615817022
0 0.907600020031 0.59255999902 0.0493693139903 0.0329128738227
0 0.865600018185 0.570379999507 0.0464326642226 0.03095510744
0 0.643000008397 0.57343999944 0.0999151478416 0.0666100941678
0 0.641000008309 0.613359998562 0.0314878346145 0.0209918883584
0 0.544200004053 0.591879999035 0.0205332989484 0.0136888650627
0 0.399999997712 0.607119998699 0.0423693571913 0.0282462362645
0 0.404399997905 0.63391999811 0.0286758413406 0.0191172262995
0 0.404399997905 0.648159997797 0.0322687185082 0.0215124775866
0 0.444199999655 0.642359997925 0.0212517556614 0.0141678361731
0 0.471400000851 0.657919997583 0.0476872427929 0.0317914930984
0 0.482600001344 0.637479998032 0.0199990568318 0.0133327036752
0 0.886800019117 0.529100000415 0.0319081050795 0.02127206865
0 0.825800016435 0.603999998768 0.0200930438708 0.0133953616971
0 0.624400007579 0.691199996851 0.0247875480694 0.0165250309564
0 0.683000010156 0.609119998655 0.0217499859019 0.0144999896449
0 0.613800007113 0.697679996708 0.113075311979 0.0753835363475
0 0.903000019829 0.298080005494 0.0249020143896 0.0166013418314
0 0.961200022388 0.313480005155 0.0224430166476 0.0149620101116
0 0.935400021254 0.300200005447 0.0285924402102 0.0190616255496
0 0.983800023382 0.506660000908 0.0297468978506 0.0198312639257
0 0.923800020744 0.500360001047 0.0424970806307 0.0283313852185
0 0.951600021966 0.471220001687 0.0310737969741 0.0207158632831
0 0.936800021315 0.378060003735 0.0199768956774 0.0133179295732
0 0.785000014641 0.375340003795 0.0222253624519 0.014816907324
0 0.767600013876 0.390500003462 0.0211897242156 0.0141264818787
0 0.788200014781 0.435820002466 0.0331133157209 0.0220755423579
0 0.932800021139 0.533840000311 0.0395259029928 0.0263506002573
0 0.640400008283 0.468520001747 0.0248574942132 0.0165716617158
0 0.650000008705 0.456640002008 0.0218483260249 0.0145655497226
0 0.514400002742 0.462180001886 0.0229815129143 0.015321007599
0 0.503000002241 0.468500001747 0.0270183057072 0.0180122026168
0 0.53300000356 0.479580001503 0.019852041316 0.0132346933378
0 0.531800003507 0.538580000206 0.0397440518571 0.0264960328238
0 0.449199999875 0.591559999042 0.0432485812079 0.0288323855703
0 0.49320000181 0.545340000058 0.0232085658138 0.0154723761887
0 0.479600001212 0.509060000855 0.0205502166154 0.0137001435067
0 0.445799999726 0.490100001272 0.0293548234973 0.0195698810408
0 0.438199999392 0.46884000174 0.0277018388152 0.0184678913254
0 0.358999995909 0.503060000987 0.0286877133877 0.019125140997
0 0.359399995927 0.487180001336 0.0229486669175 0.0152991102693
0 0.356399995795 0.493940001188 0.0220875477726 0.0147250308772
0 0.297599993209 0.494180001182 0.0250168764446 0.0166779165298
0 0.357399995839 0.594519998976 0.0219276708726 0.0146184462842
0 0.310999993799 0.60527999874 0.0283849761883 0.0189233162108
0 0.206599989208 0.675379997199 0.024150612746 0.0161004074354
0 0.243199990817 0.644079997887 0.0260979252608 0.017398615693
0 0.310399993772 0.631719998159 0.0245390265515 0.0163593499553
0 0.0731999833424 0.652019997712 0.0251007722437 0.0167338470588
0 0.0869999839492 0.600559998844 0.0205774233898 0.0137182813551
0 0.131399985902 0.574139999425 0.0458638942359 0.0305759274739
0 0.18299998817 0.552819999893 0.0227175577352 0.0151450374913
0 0.192599988593 0.537360000233 0.0209831505972 0.0139887661422
0 0.0977999844241 0.565139999622 0.0275370152289 0.0183580089418
0 0.110399984978 0.55297999989 0.0349568467579 0.0233045629682
0 0.285999992699 0.467040001779 0.0251311448973 0.0167540954932
0 0.316599994045 0.463780001851 0.0251315406322 0.0167543593164
0 0.236399990518 0.478700001523 0.0209097417731 0.0139398269293
0 0.137399986165 0.454380002057 0.0275215815677 0.018347719835
0 0.287199992752 0.418180002853 0.0220915051216 0.0147276691097
0 0.278599992374 0.418140002854 0.0414010928219 0.0276007267275
0 0.0125999806778 0.632379998144 0.0213123031013 0.0142082011304
0 0.0783999835711 0.443640002294 0.0303874937218 0.0202583278117
0 0.233399990386 0.407700003084 0.0265333325858 0.0176888872239
0 0.133799986007 0.386120003558 0.0823450128993 0.0548966716455
0 0.046399982164 0.380940003672 0.0867970305372 0.0578646832083
0 0.174399987792 0.314920005124 0.0206742795069 0.0137828520955
0 0.293599993034 0.34600000444 0.0236209215808 0.0157472800153
0 0.291799992954 0.29918000547 0.0355313549007 0.0236875683714
0 0.291399992937 0.31826000505 0.0502734693056 0.0335156439932
0 0.23779999058 0.378980003715 0.032547513746 0.0216983410662
0 0.264999991776 0.354020004264 0.025393813938 0.0169292081754
0 0.348599995452 0.321560004978 0.0240619681282 0.0160413110274
0 0.278199992356 0.277060005956 0.0288418521317 0.0192279001529
0 0.145999986543 0.471980001671 0.0201086753994 0.0134057827154
0 0.375999996657 0.377340003751 0.0234155351671 0.0156103557485
0 0.496800001968 0.3296200048 0.0381071933722 0.0254047939059
0 0.536000003692 0.314100005142 0.0441300807002 0.0294200518597
0 0.425799998846 0.35740000419 0.0476376769966 0.0317584492364
0 0.428799998978 0.423860002728 0.0230123802366 0.0153415858125
0 0.163599987317 0.343960004485 0.0228957373745 0.0152638239096
0 0.532400003534 0.282820005829 0.0811067583936 0.0540711686961
0 0.560600004774 0.258440006365 0.0504563977637 0.0336375962905
0 0.691800010543 0.363620004053 0.0253755111988 0.0169170063501
0 0.654000008881 0.372680003854 0.0276066645715 0.0184044418338
0 0.590600006093 0.377700003743 0.0288385873187 0.0192257236111
0 0.585400005864 0.320800004994 0.0231895705386 0.0154597126727
0 0.256199991389 0.23776000682 0.0212143587132 0.014142904876
0 0.259999991556 0.227660007042 0.0256443141304 0.0170962082927
0 0.383399996982 0.209880007433 0.0536593771199 0.0357729157205
0 0.0429999820145 0.297900005498 0.0210051138843 0.0140034083326
0 0.0901999840899 0.28826000571 0.0224125450602 0.0149416957213
0 0.141999986368 0.281240005864 0.0461244856683 0.0307496550841
0 0.107399984846 0.302700005392 0.0528629606313 0.0352419714298
0 0.14319998642 0.25550000643 0.0596631702389 0.0397754442025
0 0.111199985013 0.237200006832 0.0734300949137 0.0489533933804
0 0.200199988927 0.19502000776 0.0198618357548 0.0132412229632
0 0.0231999811439 0.226300007072 0.0206985182696 0.0137990112696
0 0.318399994124 0.171700008272 0.0234247360036 0.0156164896391
0 0.33239999474 0.181280008062 0.0243570874307 0.0162380572161
0 0.179199988003 0.2705000061 0.0204458415352 0.0136305601245
0 0.204799989129 0.273000006045 0.0248434456242 0.0165622959904
0 0.458600000289 0.271460006079 0.0219688273023 0.0146458839022
0 0.277399992321 0.379980003693 0.0202458964764 0.0134972634274
0 0.729400012196 0.259720006337 0.0320648161003 0.021376542657
0 0.846600017349 0.254440006453 0.0249051802688 0.0166034524174
0 0.758000013453 0.206920007498 0.0221991450147 0.0147994290337
0 0.939800021447 0.240440006761 0.0244690804077 0.0163127191959
0 0.959600022318 0.227160007053 0.021320316733 0.0142135435512
0 0.883400018967 0.235800006863 0.0281076649563 0.0187384420683
0 0.915800020392 0.152640008691 0.0263372459423 0.0175581628035
0 0.802200015397 0.13224000914 0.0210841619308 0.0140561070268
0 0.943600021614 0.103920009762 0.0228549766797 0.0152366501148
0 0.673600009742 0.154200008657 0.0250415109422 0.0166943395271
0 0.603800006673 0.123380009335 0.0220423350602 0.0146948890709
0 0.685800010279 0.142400008916 0.020550711284 0.0137004732857
0 0.769200013946 0.110720009613 0.0439703027339 0.0293135332225
0 0.824000016356 0.105160009735 0.0232836565113 0.0155224366504
0 0.843000017191 0.0775000103433 0.0254871084409 0.0169914045066
0 0.825200016408 0.0601000107258 0.0211757745604 0.0141171821091
0 0.95420002208 0.0676400105601 0.0205201407629 0.0136800929397
0 0.767000013849 0.0771600103508 0.0324283975408 0.021618930268
0 0.938000021368 0.0824400102347 0.0256911097825 0.017127405392
0 0.719600011765 0.0495800109571 0.0297049499511 0.0198032986612
0 0.654600008907 0.0424800111132 0.0545269269569 0.0363512822404
0 0.590200006075 0.0332400113164 0.0321962000875 0.021464131976
0 0.541600003938 0.118020009452 0.020555756904 0.0137038370322
0 0.517400002874 0.109080009649 0.0233753680747 0.0155835776886
0 0.53960000385 0.104900009741 0.0342104907344 0.0228069923187
0 0.516600002839 0.162200008481 0.0250562520673 0.0167041669431
0 0.587200005943 0.0810400102655 0.0722784074177 0.048185601767
0 0.381199996885 0.0985600098803 0.0291789193337 0.0194526116061
0 0.335199994863 0.0738600104233 0.0350213515468 0.023347566158
0 0.303399993464 0.0598400107316 0.0274788421984 0.018319226924
0 0.425799998846 0.0320200113432 0.0359553848472 0.0239702549839
0 0.302799993438 0.135040009078 0.023447985429 0.015631989255
0 0.278599992374 0.025980011476 0.0303418852745 0.0202279221822
0 0.216599989648 0.0170400116725 0.0458635974347 0.0305757296065
0 0.145599986526 0.0125200117719 0.027075291533 0.0180501931648
0 0.17639998788 0.0197800116123 0.020390834384 0.0135938886927
0 0.122999985532 0.0427600111071 0.02315375653 0.0154358366686
0 0.0649999829819 0.0421200111211 0.0265753794191 0.0177169184442
0 0.112399985066 0.0317400113493 0.0212292977058 0.0141528642037
0 0.0323999815484 0.11040000962 0.0237240105226 0.0158160059719
0 0.079399983615 0.142340008918 0.0372927709457 0.0248618456573
0 0.113999985136 0.119700009416 0.0225376962227 0.0150251298241
0 0.23439999043 0.150360008741 0.0247760717573 0.0165173800821
0 0.172799987722 0.127340009248 0.029357791509 0.0195718597152
0 0.192799988601 0.145120008857 0.0487492963339 0.0324995287457
0 0.203199989059 0.205560007528 0.019925153339 0.0132834346832
0 0.0527999824454 0.183580008011 0.0209282423797 0.0139521606662
0 0.0293999814165 0.0320200113432 0.0289404890558 0.019293658098
0 0.860800017974 0.973479990645 0.0366776010418 0.0244517324152
0 0.908600020075 0.979959990502 0.0315691581367 0.0210461040363
0 0.502400002215 0.80449999436 0.0451210008927 0.0300806652778
0 0.327999994546 0.715499996317 0.0318917810148 0.0212611859409
0 0.275199992224 0.680939997077 0.0218743455946 0.0145828961013
0 0.0585999827005 0.458240001973 0.0205043113669 0.0136695400097
0 0.0733999833512 0.067780010557 0.127362331248 0.0849082152318
