0 0.0695999831841 0.297019981137 0.207499624382 0.138333082921
0 0.423799998758 0.483159989321 0.0662053563243 0.0441369042162
0 0.348199995434 0.46469998851 0.0783308707631 0.0522205805088
0 0.624800007597 0.900060007653 0.124564477281 0.083042984854
0 0.53460000363 0.757320001376 0.16255700396 0.108371335973
0 0.481800001309 0.809500003671 0.253951973352 0.169301315568
0 0.745000012882 0.610559994923 0.614861190057 0.409907460038
0 0.521200003041 0.228039978104 0.179171932689 0.119447955126
0 0.21119998941 0.0625599708274 0.158483902758 0.105655935172
0 0.53960000385 0.0767599714518 0.196797964023 0.131198642682
0 0.863600018097 0.0720599712451 0.131818297541 0.0878788650271
0 0.925000020797 0.0882599719575 0.20212158743 0.134747724953
0 0.96420002252 0.895400007448 0.0449333206522 0.0299555471015
0 0.903200019838 0.947340009732 0.0243634175822 0.0162422783881
0 0.919000020533 0.939000009365 0.0232834571082 0.0155223047388
0 0.898800019645 0.985020011388 0.0207192929853 0.0138128619902
0 0.881200018871 0.990920011648 0.0239379036578 0.0159586024385
0 0.874000018554 0.979220011133 0.0422591422341 0.0281727614894
0 0.830800016655 0.982160011263 0.0503069055868 0.0335379370578
0 0.938400021386 0.877560006663 0.0236383323574 0.0157588882383
0 0.940800021491 0.847260005331 0.0352370247439 0.0234913498292
0 0.943200021597 0.8283600045 0.0255307365299 0.0170204910199
0 0.927000020884 0.829120004533 0.0201021444477 0.0134014296318
0 0.867800018281 0.836800004871 0.0387075206643 0.0258050137762
0 0.83480001683 0.845060005234 0.0460388060257 0.0306925373504
0 0.843600017217 0.899580007632 0.0441297809884 0.0294198539923
0 0.820800016215 0.90886000804 0.0512589447624 0.0341726298416
0 0.759000013497 0.91524000832 0.0221772791987 0.0147848527992
0 0.763400013691 0.926580008819 0.0251293624329 0.0167529082886
0 0.749800013093 0.883560006927 0.0517057294363 0.0344704862909
0 0.739000012618 0.845020005233 0.0270131593718 0.0180087729145
0 0.807600015634 0.884360006962 0.0914181198821 0.0609454132547
0 0.785000014641 0.862760006013 0.0533291328275 0.0355527552183
0 0.716800011642 0.832120004665 0.028841652362 0.0192277682413
0 0.8182000161 0.830720004604 0.0414567897749 0.02763785985
0 0.886400019099 0.793020002946 0.0664671349441 0.0443114232961
0 0.86800001829 0.77696000224 0.0236726623578 0.0157817749052
0 0.877200018695 0.769260001901 0.0336591308633 0.0224394205755
0 0.815800015995 0.792180002909 0.0526554931364 0.035103662091
0 0.640600008291 0.794520003012 0.035853282878 0.0239021885853
0 0.611800007025 0.781560002442 0.0458959457358 0.0305972971572
0 0.605000006726 0.803200003394 0.0235823358726 0.0157215572484
0 0.617200007262 0.850120005457 0.111357815164 0.0742385434424
0 0.625600007632 0.817080004004 0.0395887232973 0.0263924821982
0 0.745800012917 0.954060010027 0.0220127524244 0.014675168283
0 0.784000014597 0.941460009473 0.038700595304 0.0258003968693
0 0.740200012671 0.991820011687 0.0217932185025 0.014528812335
0 0.850600017525 0.956560010137 0.0409017716127 0.0272678477418
0 0.802200015397 0.97938001114 0.0274016720854 0.0182677813903
0 0.522800003112 0.965220010518 0.0224544914787 0.0149696609858
0 0.478000001142 0.957920010197 0.022092394068 0.014728262712
0 0.533800003595 0.951480009914 0.0202176990312 0.0134784660208
0 0.410399998169 0.978020011081 0.0323976270154 0.0215984180103
0 0.33239999474 0.960120010294 0.0367375524563 0.0244917016375
0 0.36879999634 0.860520005914 0.0715301669355 0.047686777957
0 0.255199991345 0.853420005602 0.0205840505918 0.0137227003945
0 0.153599986878 0.921880008612 0.0387915153915 0.025861010261
0 0.112399985066 0.917760008431 0.0310971432823 0.0207314288549
0 0.0975999844153 0.931640009041 0.0340513041245 0.0227008694163
0 0.0971999843977 0.942900009536 0.0282521063319 0.0188347375546
0 0.221799989876 0.883600006929 0.0218563382151 0.0145708921434
0 0.11179998504 0.859700005878 0.0281100375117 0.0187400250078
0 0.0681999831226 0.939440009384 0.0447118080559 0.0298078720373
0 0.024999981223 0.868880006282 0.0348856121748 0.0232570747832
0 0.102999984653 0.844180005196 0.0250046070135 0.016669738009
0 0.115399985198 0.834640004776 0.0263619776349 0.0175746517566
0 0.0539999824982 0.82518000436 0.0300594275062 0.0200396183375
0 0.0533999824718 0.758200001415 0.0314462803758 0.0209641869172
0 0.0217999810823 0.627939995687 0.0199219861458 0.0132813240972
0 0.0643999829555 0.622379995443 0.0510803694 0.0340535796
0 0.0611999828148 0.679939997974 0.0198999239266 0.013266615951
0 0.0859999839052 0.77082000197 0.0778124580768 0.0518749720512
0 0.180399988056 0.814340003884 0.036138211988 0.0240921413254
0 0.198399988848 0.776660002227 0.0228492370166 0.0152328246777
0 0.125799985655 0.756540001342 0.0232983960997 0.0155322640665
0 0.136799986139 0.799360003225 0.0251882279955 0.016792151997
0 0.13499998606 0.779980002373 0.0435680353333 0.0290453568889
0 0.0663999830434 0.728460000107 0.0551922526192 0.0367948350795
0 0.0773999835271 0.699519998835 0.0217053653602 0.0144702435735
0 0.152199986816 0.711259999351 0.0233397503942 0.0155598335961
0 0.224199989982 0.715799999551 0.0482424556774 0.0321616371182
0 0.225799990052 0.698439998787 0.0393461378189 0.0262307585459
0 0.210799989393 0.59569999427 0.0237619995059 0.0158413330039
0 0.198199988839 0.616899995202 0.020976916389 0.013984610926
0 0.241399990738 0.615439995138 0.0460208000889 0.0306805333926
0 0.267999991908 0.572979993271 0.0388781813291 0.0259187875528
0 0.212799989481 0.650699996688 0.0795678390488 0.0530452260325
0 0.158999987115 0.68097999802 0.0317527770365 0.0211685180243
0 0.159599987141 0.735080000398 0.0279545137058 0.0186363424705
0 0.143999986456 0.743240000757 0.0214178639735 0.0142785759823
0 0.15479998693 0.759180001458 0.0242125436611 0.0161416957741
0 0.218399989727 0.809540003673 0.0486964625128 0.0324643083418
0 0.280799992471 0.794940003031 0.026578642479 0.017719094986
0 0.315999994018 0.803360003401 0.0330517767638 0.0220345178426
0 0.374999996613 0.683199998117 0.0692170965908 0.0461447310606
0 0.501000002153 0.69577999867 0.0612460068702 0.0408306712468
0 0.531200003481 0.686999998284 0.0225497646499 0.0150331764332
0 0.474200000975 0.59137999408 0.021713181124 0.0144754540827
0 0.421399998653 0.561039992746 0.0632583187098 0.0421722124732
0 0.366799996252 0.532219991479 0.0312680018146 0.0208453345431
0 0.35059999554 0.574419993334 0.0611281768112 0.0407521178741
0 0.358399995883 0.606059994725 0.0288971541782 0.0192647694521
0 0.362799996076 0.625799995593 0.0449765546873 0.0299843697916
0 0.335999994898 0.646379996498 0.0668639580901 0.0445759720601
0 0.429599999014 0.602539994571 0.0473498756667 0.0315665837778
0 0.44339999962 0.616999995206 0.0270422458851 0.0180281639234
0 0.392799997395 0.618019995251 0.150978790853 0.100652527235
0 0.320599994221 0.725379999972 0.0263910641482 0.0175940427655
0 0.308599993693 0.74012000062 0.0322985943629 0.0215323962419
0 0.285999992699 0.725119999961 0.0424394984034 0.0282929989356
0 0.422199998688 0.688659998357 0.0277272629538 0.0184848419692
0 0.319199994159 0.844320005202 0.0205388378823 0.0136925585882
0 0.297399993201 0.815720003944 0.0265242289337 0.0176828192891
0 0.383799997 0.791000002857 0.217313849283 0.144875899522
0 0.675200009813 0.724099999916 0.0528043883832 0.0352029255888
0 0.706800011202 0.676719997832 0.0199010121975 0.013267341465
0 0.552400004413 0.611239994953 0.0435719926821 0.0290479951214
0 0.588200005987 0.628759995724 0.0259259767363 0.0172839844909
0 0.610200006955 0.639479996195 0.0381883165082 0.0254588776722
0 0.531000003472 0.641779996296 0.0785620788639 0.0523747192426
0 0.622400007491 0.651159996708 0.0628969138352 0.0419312758901
0 0.543000004 0.666779997395 0.0351691562128 0.0234461041419
0 0.738800012609 0.636259996053 0.022708355401 0.0151389036007
0 0.639800008256 0.687099998289 0.124692101778 0.0831280678522
0 0.675200009813 0.777000002242 0.026574784064 0.0177165227093
0 0.80500001552 0.729400000149 0.0568488977399 0.0378992651599
0 0.764600013744 0.722579999849 0.0303847215735 0.020256481049
0 0.909000020093 0.712999999428 0.0203013969573 0.0135342646382
0 0.820600016206 0.651779996736 0.0283395637392 0.0188930424928
0 0.911000020181 0.626019995603 0.0300936585729 0.0200624390486
0 0.928800020964 0.618479995272 0.040558669476 0.027039112984
0 0.887400019143 0.656899996961 0.0220160172372 0.0146773448248
0 0.920600020603 0.647419996544 0.0201283618832 0.0134189079221
0 0.865600018185 0.730140000181 0.0559556251932 0.0373037501288
0 0.861200017991 0.708619999235 0.0630318594276 0.0420212396184
0 0.929000020972 0.733920000347 0.0286304288724 0.0190869525816
0 0.958400022265 0.786020002638 0.0363481493393 0.0242320995595
0 0.972400022881 0.801380003314 0.0201384531225 0.013425635415
0 0.990600023681 0.773460002086 0.0229644947989 0.0153096631993
0 0.905600019943 0.557459992588 0.0304824680876 0.0203216453917
0 0.929000020972 0.469379988716 0.0449939670218 0.0299959780146
0 0.930800021052 0.425879986803 0.0200891841306 0.0133927894204
0 0.900600019724 0.457619988198 0.0432076197959 0.0288050798639
0 0.906400019979 0.498659990003 0.0300627912526 0.0200418608351
0 0.897000019565 0.511239990556 0.0349464564118 0.0232976376079
0 0.893200019398 0.523579991099 0.0324616371314 0.021641091421
0 0.816200016013 0.52541999118 0.0492809629232 0.0328539752821
0 0.887200019134 0.423459986696 0.0404793246336 0.0269862164224
0 0.785400014658 0.512619990617 0.0240942189335 0.0160628126223
0 0.796000015124 0.475899989002 0.024210466053 0.016140310702
0 0.742800012785 0.446779987722 0.0271748170683 0.0181165447122
0 0.717000011651 0.447939987773 0.0214001548379 0.0142667698919
0 0.728400012152 0.463659988464 0.0229876452891 0.0153250968594
0 0.740800012697 0.506499990348 0.0257812367058 0.0171874911372
0 0.674400009778 0.512419990608 0.039871673733 0.026581115822
0 0.675200009813 0.452239987962 0.0734102043931 0.0489401362621
0 0.739200012627 0.525539991185 0.0422573614272 0.0281715742848
0 0.617200007262 0.58387999375 0.0213361447218 0.0142240964812
0 0.653400008854 0.494659989827 0.0600138863368 0.0400092575578
0 0.8000000153 0.416099986373 0.020143201941 0.013428801294
0 0.834000016795 0.404159985848 0.0412958246145 0.027530549743
0 0.782800014544 0.345619983274 0.0449227347443 0.0299484898295
0 0.754000013278 0.353399983616 0.0353661332468 0.0235774221646
0 0.709400011316 0.360619983933 0.0250302308467 0.0166868205644
0 0.725600012029 0.362139984 0.0431042340598 0.0287361560398
0 0.788200014781 0.388859985175 0.0431892181242 0.0287928120828
0 0.682000010112 0.389679985211 0.0529609015263 0.0353072676842
0 0.69880001085 0.40261998578 0.0233632966193 0.0155755310795
0 0.605400006744 0.385839985042 0.0466914717683 0.0311276478456
0 0.593000006198 0.415019986325 0.0296566683371 0.0197711122247
0 0.658200009065 0.419759986534 0.0223302307279 0.0148868204853
0 0.888800019205 0.41035998612 0.0256231406232 0.0170820937488
0 0.872400018484 0.370859984384 0.0671795566529 0.044786371102
0 0.635200008054 0.455019988084 0.073818998519 0.0492126656794
0 0.583800005794 0.504939990279 0.0295546676731 0.019703111782
0 0.465400000588 0.45629998814 0.0356329574863 0.0237553049909
0 0.540400003885 0.418859986494 0.0218974946421 0.0145983297614
0 0.558600004686 0.444059987602 0.0226771912796 0.0151181275198
0 0.542800003991 0.380199984794 0.0398499083148 0.0265666055432
0 0.483400001379 0.384799984996 0.0275637255167 0.0183758170111
0 0.481000001274 0.423039986678 0.0881667621487 0.0587778414325
0 0.484400001423 0.518359990869 0.0674701249849 0.0449800833233
0 0.42679999889 0.50791999041 0.0951346639611 0.0634231093074
0 0.467000000658 0.457379988188 0.110849295849 0.0738995305661
0 0.343399995223 0.381819984865 0.0461032118766 0.0307354745844
0 0.389799997263 0.465499988545 0.0529385425058 0.0352923616705
0 0.0565999826125 0.27525998018 0.0492520742773 0.0328347161849
0 0.0923999841867 0.359259983873 0.0198914156268 0.0132609437512
0 0.12999998584 0.205499977113 0.0254350676238 0.0169567117492
0 0.0727999833248 0.188899976383 0.0199791698353 0.0133194465569
0 0.014399980757 0.201699976945 0.0211793347776 0.0141195565184
0 0.0743999833952 0.139959974231 0.0768076872291 0.0512051248194
0 0.138599986218 0.364939984123 0.0515849313657 0.0343899542438
0 0.164599987361 0.327319982469 0.0316989570935 0.0211326380623
0 0.0721999832984 0.367379984231 0.0224823907874 0.0149882605249
0 0.224799990008 0.320719982179 0.0365229652203 0.0243486434802
0 0.294999993095 0.320819982183 0.0226132800973 0.0150755200649
0 0.199799988909 0.234259978377 0.026331703917 0.017554469278
0 0.285399992673 0.249999979069 0.0293663968063 0.0195775978708
0 0.310399993772 0.281379980449 0.0453374648934 0.0302249765956
0 0.232399990343 0.191499976497 0.0680841076436 0.0453894050957
0 0.132799985963 0.163659975273 0.109805545116 0.0732036967441
0 0.270799992031 0.21317997745 0.033231143596 0.0221540957306
0 0.241999990765 0.225479977991 0.0454020686117 0.0302680457411
0 0.291799992954 0.233239978332 0.0530831836026 0.0353887890684
0 0.254599991319 0.261079979556 0.0416393224861 0.027759548324
0 0.207599989252 0.248679979011 0.0350325287472 0.0233550191648
0 0.319799994186 0.317299982028 0.037666342208 0.0251108948054
0 0.389399997246 0.302259981367 0.0668051914611 0.0445367943074
0 0.280799992471 0.344479983224 0.0639068292363 0.0426045528242
0 0.414399998345 0.206499977157 0.0974779090899 0.0649852727266
0 0.477600001124 0.174539975751 0.0729738077596 0.0486492051731
0 0.461000000394 0.15721997499 0.047107389122 0.0314049260813
0 0.319199994159 0.141939974318 0.0465181398931 0.031012093262
0 0.359999995953 0.127319973675 0.0267531615589 0.0178354410393
0 0.381799996912 0.244059978808 0.0401823256099 0.0267882170732
0 0.427199998908 0.249159979032 0.0256401572228 0.0170934381486
0 0.439999999471 0.327779982489 0.0418321443039 0.0278880962026
0 0.434599999233 0.369119984307 0.117994289018 0.0786628593454
0 0.51480000276 0.346199983299 0.0245970000922 0.0163980000615
0 0.412399998257 0.326739982444 0.0238756743487 0.0159171162325
0 0.402399997818 0.337539982918 0.0203415640471 0.0135610426981
0 0.549200004272 0.312439981815 0.02278680984 0.01519120656
0 0.538800003815 0.302299981369 0.026052018294 0.017368012196
0 0.517200002865 0.291939980913 0.0209453565327 0.0139635710218
0 0.495000001889 0.310539981731 0.0264162922465 0.0176108614977
0 0.612200007043 0.243999978805 0.037437013848 0.024958009232
0 0.663000009276 0.24181997871 0.0311118844064 0.0207412562709
0 0.659800009136 0.326059982414 0.0218293293099 0.0145528862066
0 0.690000010463 0.366659984199 0.0216269109213 0.0144179406142
0 0.57440000538 0.305859981525 0.0272620766082 0.0181747177388
0 0.675800009839 0.294699981035 0.0606248020501 0.0404165347001
0 0.641800008344 0.286599980679 0.0569882953496 0.0379921968997
0 0.626000007649 0.265359979745 0.0328057286053 0.0218704857369
0 0.621200007438 0.191099976479 0.0286403222443 0.0190935481628
0 0.626400007667 0.370279984358 0.020409135777 0.013606090518
0 0.914200020322 0.330479982608 0.0199189192006 0.013279279467
0 0.934600021219 0.325019982368 0.0271416742725 0.018094449515
0 0.905800019952 0.29755998116 0.0353955165613 0.0235970110409
0 0.95100002194 0.310899981747 0.0235415751805 0.0156943834536
0 0.885800019073 0.346539983314 0.0263474343783 0.0175649562522
0 0.841200017112 0.340939983068 0.0440939669823 0.0293959779882
0 0.823000016312 0.282939980518 0.0950151520288 0.0633434346859
0 0.748400013031 0.303659981429 0.108562937609 0.072375291739
0 0.716400011624 0.227479978079 0.0378047504806 0.0252031669871
0 0.763400013691 0.237479978519 0.0636194267833 0.0424129511889
0 0.812000015828 0.231559978258 0.0580339258232 0.0386892838821
0 0.739000012618 0.217079977622 0.0323877336435 0.021591822429
0 0.867600018273 0.201859976953 0.0228840616856 0.0152560411237
0 0.944200021641 0.218579977688 0.0245096416185 0.016339761079
0 0.910400020155 0.256099979337 0.0338011007497 0.0225340671665
0 0.885200019046 0.244379978822 0.0244045740092 0.0162697160061
0 0.888400019187 0.271939980034 0.0435764446994 0.0290509631329
0 0.849400017472 0.228039978104 0.0307414765633 0.0204943177089
0 0.867600018273 0.2347799784 0.0290556459956 0.0193704306638
0 0.847600017393 0.244139978812 0.0383585814382 0.0255723876255
0 0.986600023505 0.261739979585 0.0206282739641 0.0137521826427
0 0.910000020137 0.242499978739 0.0261816214656 0.0174544143104
0 0.903200019838 0.225019977971 0.033370442272 0.0222469615147
0 0.846600017349 0.211779977389 0.0210941528457 0.0140627685638
0 0.986600023505 0.134519973992 0.0243240419621 0.0162160279748
0 0.953600022054 0.158039975026 0.034418743956 0.022945829304
0 0.944000021632 0.195259976662 0.0199802581062 0.0133201720708
0 0.834000016795 0.157639975008 0.0397658146539 0.0265105431026
0 0.975600023021 0.235419978428 0.023003177883 0.015335451922
0 0.97920002318 0.119219973319 0.0275418611649 0.0183612407766
0 0.899400019671 0.199199976836 0.0379320781766 0.0252880521178
0 0.96420002252 0.0590399706726 0.0533622756233 0.0355748504155
0 0.922400020682 0.0692999711238 0.0324981436737 0.0216654291158
0 0.77840001435 0.0775399714861 0.0242495448719 0.0161663632479
0 0.759800013533 0.0789999715503 0.0292844796871 0.0195229864581
0 0.779800014412 0.149599974655 0.0373610327519 0.024907355168
0 0.676600009874 0.0466199701265 0.0359070038873 0.0239380025915
0 0.682400010129 0.127159973668 0.0292321437499 0.0194880958333
0 0.702200011 0.16723997543 0.0387301764859 0.0258201176573
0 0.802600015415 0.0657599709681 0.0380298246908 0.0253532164605
0 0.629800007816 0.0433999699849 0.0200113232939 0.0133408821959
0 0.594800006277 0.0302199694054 0.0495284950875 0.033018996725
0 0.61920000735 0.147059974543 0.0389890860279 0.0259927240186
0 0.511800002628 0.138939974186 0.0677966062569 0.0451977375046
0 0.476000001054 0.122219973451 0.0249351555429 0.0166234370286
0 0.443999999647 0.135139974019 0.079577633487 0.053051755658
0 0.472400000895 0.097959972384 0.0568029924944 0.0378686616629
0 0.45340000006 0.0301399694019 0.0206371779988 0.0137581186659
0 0.425799998846 0.0376399697317 0.0397069490912 0.0264712993941
0 0.395199997501 0.0496799702611 0.04334899608 0.02889933072
0 0.38879999722 0.0399199698319 0.0444990016269 0.0296660010846
0 0.382199996929 0.0206199689833 0.0231485115158 0.0154323410105
0 0.285999992699 0.113359973061 0.102142139261 0.0680947595073
0 0.275399992233 0.0895399720137 0.0215379695081 0.0143586463387
0 0.310999993799 0.0591199706762 0.0398398170755 0.0265598780503
0 0.464600000552 0.0711199712038 0.0775567144138 0.0517044762759
0 0.317599994089 0.0356999696464 0.0709683223466 0.0473122148978
0 0.10339998467 0.115479973154 0.0470416971328 0.0313611314218
0 0.0567999826213 0.0652599709461 0.0218967031723 0.0145978021149
0 0.0557999825773 0.0533799704238 0.0223095535807 0.0148730357205
0 0.114399985154 0.0382799697598 0.0466051026319 0.0310700684212
0 0.0679999831138 0.0155999687626 0.028254876476 0.0188365843173
0 0.0603999827796 0.0361599696666 0.0236548542884 0.015769902859
0 0.0523999824278 0.105719972725 0.0602686406626 0.0401790937751
0 0.918200020498 0.901180007702 0.0895718188225 0.0597145458817
0 0.0157999808185 0.924040008707 0.0197899096313 0.0131932730875
0 0.89960001968 0.149159974635 0.0260835781503 0.0173890521002
0 0.714400011536 0.145439974472 0.0839676193896 0.0559784129264
