0 0.824399983984 0.847059993424 0.168383199552 0.112255466368
0 0.302999995448 0.502120001008 0.103310539666 0.0688736931104
0 0.561999989753 0.652039997712 0.108217651793 0.072145101195
0 0.269999996173 0.0375000112227 0.0786292496729 0.0524194997819
0 0.11819999951 0.0213000115789 0.0201822794288 0.0134548529525
0 0.0963999999897 0.0768800103569 0.0534636791588 0.0356424527725
0 0.0770000004162 0.114780009524 0.0301675600711 0.020111706714
0 0.204399997615 0.0920600100232 0.0282320209249 0.0188213472833
0 0.604599988817 0.0274600114434 0.0242579526381 0.0161719684254
0 0.988999980366 0.275780005984 0.0257583813178 0.0171722542119
0 0.954599981122 0.27370000603 0.0245026157084 0.0163350771389
0 0.912799982041 0.292860005609 0.035647102657 0.0237647351047
0 0.914399982006 0.318060005055 0.0237555672473 0.0158370448315
0 0.933799981579 0.322040004967 0.0203150484706 0.0135433656471
0 0.991399980313 0.322420004959 0.0211569743617 0.0141046495745
0 0.951999981179 0.170280008304 0.0238025607606 0.0158683738404
0 0.811799984261 0.150960008728 0.0499443102134 0.0332962068089
0 0.930999981641 0.147360008807 0.0851068355478 0.0567378903652
0 0.951399981192 0.242360006719 0.0401874675126 0.0267916450084
0 0.883799982678 0.228260007029 0.0235708580066 0.0157139053377
0 0.80639998438 0.215060007319 0.0305466740564 0.0203644493709
0 0.813999984213 0.179460008102 0.0248691651123 0.0165794434082
0 0.822399984028 0.182200008041 0.0274762662971 0.0183175108647
0 0.75319998555 0.195940007739 0.0302089143628 0.0201392762419
0 0.777399985018 0.172340008258 0.0447945136903 0.0298630091269
0 0.747399985677 0.177460008146 0.0447186315331 0.029812421022
0 0.687199987001 0.19138000784 0.0318860386526 0.0212573591017
0 0.710399986491 0.256100006417 0.0198466962769 0.0132311308512
0 0.64039998803 0.215140007317 0.0213235787331 0.0142157191554
0 0.616199988562 0.119920009411 0.0199771898433 0.0133181265622
0 0.597599988971 0.14180000893 0.0355591505868 0.0237061003912
0 0.577199989419 0.132040009144 0.0277718802293 0.0185145868195
0 0.52259999062 0.114900009521 0.0229874459055 0.015324963937
0 0.641199988012 0.131980009146 0.0412168727885 0.0274779151923
0 0.658799987625 0.0974600099045 0.075134812023 0.050089874682
0 0.750599985607 0.109980009629 0.0292411447897 0.0194940965265
0 0.777199985022 0.14132000894 0.0205942394065 0.0137294929377
0 0.485599991433 0.178860008115 0.0227683077329 0.0151788718219
0 0.58399998927 0.16724000837 0.036668197501 0.0244454650006
0 0.551399989986 0.18726000793 0.0495007903814 0.033000526921
0 0.432999992589 0.0901800100645 0.0268772226695 0.0179181484463
0 0.357199994256 0.144140008878 0.0207217649616 0.0138145099744
0 0.376799993825 0.208540007462 0.0249295146767 0.0166196764511
0 0.492799991275 0.134800009084 0.0416045940067 0.0277363960045
0 0.534599990356 0.230680006976 0.0215141250629 0.0143427500419
0 0.505799990989 0.26278000627 0.0300901939081 0.0200601292721
0 0.508199990936 0.277080005955 0.027088149344 0.0180587662293
0 0.361199994168 0.23638000685 0.0315697475746 0.0210464983831
0 0.342999994568 0.219880007213 0.0221949868705 0.0147966579137
0 0.402399993262 0.269180006129 0.0825218955145 0.0550145970097
0 0.347599994467 0.29736000551 0.0221562048553 0.0147708032369
0 0.603599988839 0.267580006164 0.0526032526634 0.035068835109
0 0.654399987722 0.275720005985 0.0416898748667 0.0277932499111
0 0.586399989217 0.220620007197 0.0747739018407 0.0498492678938
0 0.333399994779 0.131280009161 0.0210981088029 0.0140654058686
0 0.193999997844 0.154280008655 0.0449549841716 0.0299699894477
0 0.307799995342 0.209320007445 0.0336970202551 0.0224646801701
0 0.291199995707 0.196980007716 0.0227778053693 0.0151852035795
0 0.246799996683 0.211100007406 0.0324588648465 0.021639243231
0 0.207399997549 0.209200007448 0.0368158065996 0.0245438710664
0 0.106999999757 0.237000006837 0.0417469596186 0.0278313064124
0 0.150999998789 0.228280007028 0.0241284484087 0.0160856322725
0 0.149399998824 0.249840006554 0.037934746885 0.0252898312567
0 0.1231999994 0.258100006373 0.0237140150882 0.0158093433921
0 0.117399999528 0.274040006022 0.0267930300804 0.0178620200536
0 0.143399998956 0.270420006102 0.0259014394657 0.0172676263105
0 0.193199997861 0.272740006051 0.0433389019822 0.0288926013215
0 0.240799996815 0.43244000254 0.16543398559 0.110289323727
0 0.276199996037 0.375380003794 0.087003196944 0.058002131296
0 0.357399994252 0.419980002814 0.0325541380113 0.0217027586742
0 0.335399994735 0.4615400019 0.0387117722609 0.025807848174
0 0.457199992057 0.433540002516 0.0211464873882 0.0140976582588
0 0.447799992264 0.447960002199 0.0238825981338 0.0159217320892
0 0.398799993341 0.399640003261 0.0248433434134 0.0165622289422
0 0.381599993719 0.34508000446 0.0395281732543 0.0263521155029
0 0.335599994731 0.325360004894 0.0607982288491 0.0405321525661
0 0.422599992818 0.348380004388 0.0569141902404 0.0379427934936
0 0.608399988733 0.298000005496 0.0280664058906 0.0187109372604
0 0.640799988021 0.310420005222 0.0236611844858 0.0157741229906
0 0.665599987476 0.305100005339 0.0261949757899 0.0174633171933
0 0.713799986416 0.329800004796 0.0427403530232 0.0284935686821
0 0.746999985686 0.334560004692 0.0298190166029 0.0198793444019
0 0.73679998591 0.294120005581 0.0302595684234 0.0201730456156
0 0.837599983694 0.296920005519 0.0224015604617 0.0149343736411
0 0.808799984327 0.308140005273 0.0250200390234 0.0166800260156
0 0.7963999846 0.352280004302 0.0670476735837 0.0446984490558
0 0.580999989336 0.397280003313 0.0272227981264 0.0181485320842
0 0.498399991152 0.42108000279 0.0204650319783 0.0136433546522
0 0.600399988909 0.40334000318 0.0402254580581 0.0268169720388
0 0.643199987968 0.458180001974 0.0200606898964 0.0133737932643
0 0.667599987432 0.447060002218 0.022502868583 0.0150019123887
0 0.682799987098 0.424880002706 0.0199753101028 0.0133168734018
0 0.487199991398 0.441140002349 0.0280084307352 0.0186722871568
0 0.555399989898 0.352260004303 0.0223640645847 0.0149093763898
0 0.570599989564 0.362040004088 0.026559051851 0.0177060345673
0 0.794799984635 0.415580002911 0.0338765849428 0.0225843899619
0 0.775599985057 0.445320002257 0.0226129818047 0.0150753212031
0 0.783399984886 0.430480002583 0.0476256007997 0.0317504005331
0 0.843599983562 0.383380003618 0.0226379131002 0.0150919420668
0 0.873599982903 0.414200002941 0.0308257660586 0.0205505107057
0 0.940399981434 0.442160002326 0.0214965148621 0.0143310099081
0 0.807199984363 0.457240001995 0.0207758817022 0.0138505878015
0 0.873599982903 0.334100004702 0.112114650717 0.0747431004783
0 0.962799980942 0.491640001238 0.0205465533572 0.0136977022382
0 0.949999981223 0.598079998898 0.0284121792149 0.0189414528099
0 0.896399982401 0.596839998925 0.0287546877266 0.0191697918177
0 0.935799981535 0.662559997481 0.0252441238816 0.0168294159211
0 0.921199981856 0.636539998053 0.0308255681911 0.0205503787941
0 0.864199983109 0.625219998302 0.0265647900063 0.0177098600042
0 0.899599982331 0.668299997354 0.0542184444494 0.0361456296329
0 0.814199984209 0.677639997149 0.043071484158 0.028714322772
0 0.706199986583 0.675919997187 0.0219404304289 0.0146269536193
0 0.829399983874 0.548639999985 0.0329037697504 0.0219358465003
0 0.843599983562 0.518540000647 0.0224232269446 0.0149488179631
0 0.691399986908 0.479940001496 0.0629204559103 0.0419469706069
0 0.875799982854 0.592479999021 0.0253205007075 0.016880333805
0 0.669199987396 0.616439998495 0.0370404850601 0.0246936567067
0 0.719799986284 0.646539997833 0.0383756944405 0.0255837962936
0 0.703199986649 0.665559997415 0.0382365936411 0.0254910624274
0 0.74819998566 0.57481999941 0.0202265027981 0.0134843351988
0 0.691999986895 0.586899999144 0.0200267556331 0.0133511704221
0 0.729599986069 0.585639999172 0.0228724849319 0.0152483232879
0 0.791999984697 0.500360001047 0.0331313172885 0.022087544859
0 0.716399986359 0.699339996672 0.0536575892347 0.0357717261565
0 0.689599986948 0.531220000368 0.0767685044131 0.0511790029421
0 0.472799991714 0.531840000355 0.0276899631155 0.0184599754104
0 0.505999990985 0.579959999297 0.0267368357318 0.0178245571546
0 0.488799991363 0.575439999396 0.0298420681578 0.0198947121052
0 0.4233999928 0.630019998196 0.0200896774741 0.0133931183161
0 0.38659999361 0.61301999857 0.0304311194805 0.020287412987
0 0.32699999492 0.606699998709 0.0444047148641 0.0296031432428
0 0.295999995601 0.600219998851 0.0282876216712 0.0188584144474
0 0.303599995434 0.575739999389 0.0235140700558 0.0156760467038
0 0.401199993289 0.496840001124 0.15424656141 0.10283104094
0 0.529999990457 0.417180002875 0.0344905675609 0.0229937117073
0 0.446999992282 0.381680003656 0.0788764850198 0.0525843233465
0 0.49799999116 0.410900003013 0.0599883574807 0.0399922383205
0 0.488999991358 0.668259997355 0.15842057473 0.105613716486
0 0.459999991996 0.707219996499 0.0350487515654 0.0233658343769
0 0.454399992119 0.737419995835 0.186278329421 0.124185552947
0 0.369399993988 0.648359997793 0.0215183792125 0.0143455861417
0 0.409399993108 0.64847999779 0.0399315259991 0.0266210173327
0 0.390999993513 0.634719998093 0.0419031759502 0.0279354506335
0 0.394399993438 0.604999998746 0.141091345694 0.0940608971296
0 0.48119999153 0.614319998541 0.0198444208015 0.0132296138677
0 0.239399996846 0.499160001073 0.024375881623 0.0162505877487
0 0.209999997492 0.521800000575 0.0267325815822 0.0178217210548
0 0.154999998701 0.504060000965 0.0251888199365 0.0167925466243
0 0.0770000004162 0.509620000843 0.0208791684978 0.0139194456652
0 0.0999999999105 0.535440000275 0.0286542700087 0.0191028466725
0 0.0838000002667 0.52842000043 0.0283838841732 0.0189225894488
0 0.0898000001348 0.663719997455 0.0216201820024 0.0144134546683
0 0.171199998345 0.51886000064 0.0283590518114 0.0189060345409
0 0.238199996872 0.569739999521 0.0425794868071 0.0283863245381
0 0.192599997875 0.644919997868 0.0210347912271 0.0140231941514
0 0.191399997901 0.675439997197 0.0224578537439 0.0149719024959
0 0.15779999864 0.674579997216 0.0298643282431 0.019909552162
0 0.0362000013132 0.659799997541 0.0221541272474 0.0147694181649
0 0.266399996252 0.633759998114 0.023867065541 0.0159113770273
0 0.238399996868 0.521300000586 0.0414598539857 0.0276399026571
0 0.158399998627 0.544540000075 0.0294913481479 0.0196608987653
0 0.079600000359 0.556919999803 0.0435825757155 0.029055050477
0 0.0716000005349 0.619139998435 0.129564578882 0.0863763859212
0 0.0924000000776 0.647799997805 0.0337574687533 0.0225049791688
0 0.157999998635 0.540820000157 0.0883327671027 0.0588885114018
0 0.34699999448 0.697279996717 0.0497433758438 0.0331622505626
0 0.332199994806 0.764299995244 0.0199524564152 0.0133016376102
0 0.330999994832 0.787239994739 0.0459402650118 0.0306268433412
0 0.349999994414 0.755899995428 0.085670955575 0.0571139703833
0 0.370399993966 0.75945999535 0.0253991530087 0.0169327686725
0 0.251399996582 0.72351999614 0.0446326581371 0.0297551054248
0 0.289799995738 0.730299995991 0.0231102226424 0.0154068150949
0 0.263799996309 0.694479996779 0.0228773326838 0.0152515551225
0 0.190199997927 0.714719996334 0.0208199072041 0.0138799381361
0 0.152599998754 0.726799996068 0.0221380010523 0.0147586673682
0 0.177199998213 0.762719995279 0.0287118494292 0.0191412329528
0 0.153999998723 0.770019995118 0.0270105853136 0.0180070568757
0 0.090200000126 0.756779995409 0.0270061332966 0.0180040888644
0 0.100999999889 0.68667999695 0.0256533137154 0.0171022091436
0 0.156199998675 0.644459997879 0.0235976690426 0.0157317793617
0 0.154199998719 0.47838000153 0.0242683406778 0.0161788937852
0 0.0394000012428 0.838499993613 0.0252193904536 0.016812926969
0 0.105399999792 0.929179991619 0.0930428032749 0.0620285355166
0 0.0564000008691 0.925079991709 0.0299996695614 0.0199997797076
0 0.176799998222 0.9345999915 0.040473385941 0.026982257294
0 0.181399998121 0.790259994673 0.0318552702681 0.0212368468454
0 0.144399998934 0.71397999635 0.0249854122241 0.0166569414828
0 0.208599997523 0.809339994254 0.0233158068964 0.0155438712643
0 0.213799997409 0.838579993611 0.0208461246379 0.0138974164253
0 0.461799991956 0.830479993789 0.0468791459409 0.0312527639606
0 0.383999993667 0.85907999316 0.0269487517435 0.0179658344956
0 0.395999993403 0.876959992767 0.0264512141046 0.0176341427364
0 0.608199988738 0.801039994436 0.0244017033219 0.0162678022146
0 0.750999985598 0.783699994817 0.0234894355614 0.0156596237076
0 0.69039998693 0.798999994481 0.0200987793756 0.0133991862504
0 0.653799987735 0.772439995065 0.0549532251302 0.0366354834201
0 0.648199987858 0.853519993282 0.0202584583872 0.0135056389248
0 0.617799988527 0.873999992832 0.0371890834959 0.0247927223306
0 0.58579998923 0.832059993754 0.0332282723265 0.022152181551
0 0.712399986447 0.853439993284 0.0460773871369 0.0307182580913
0 0.538599990268 0.844219993487 0.0234582714421 0.015638847628
0 0.565399989679 0.864039993051 0.0250080680442 0.0166720453628
0 0.587799989186 0.865279993024 0.0430311192034 0.0286874128023
0 0.717799986328 0.768959995141 0.036144937097 0.0240966247313
0 0.617399988535 0.760079995337 0.0225272062762 0.0150181375175
0 0.603399988843 0.747299995618 0.0278448933089 0.0185632622059
0 0.475999991644 0.759799995343 0.035693502568 0.0237956683787
0 0.422399992822 0.912579991984 0.0471291514317 0.0314194342878
0 0.372599993917 0.926139991686 0.0569449586249 0.03796330575
0 0.402199993267 0.966759990793 0.0232020331274 0.0154680220849
0 0.441199992409 0.946179991245 0.0555368350987 0.0370245567324
0 0.669999987379 0.977619990554 0.0478609641011 0.0319073094007
0 0.321199995047 0.929219991618 0.0334981634935 0.0223321089957
0 0.334199994762 0.944479991283 0.0308668235492 0.0205778823661
0 0.977599980616 0.777039994964 0.0308037038407 0.0205358025605
0 0.914599982001 0.756399995417 0.0214929532485 0.014328635499
0 0.88919998256 0.764199995246 0.0294160595929 0.0196107063953
0 0.928599981694 0.770959995097 0.0277684175493 0.0185122783662
0 0.908399982138 0.7981399945 0.021591788027 0.0143945253513
0 0.856199983285 0.943259991309 0.0557762546823 0.0371841697882
0 0.89099998252 0.925779991694 0.0334439478192 0.0222959652128
0 0.187599997985 0.964659990839 0.0249120034097 0.0166080022731
0 0.261799996353 0.930759991584 0.0413416281996 0.0275610854664
0 0.271999996129 0.946099991247 0.0536711431533 0.0357807621022
0 0.275799996046 0.972559990665 0.0390288548086 0.0260192365391
0 0.377999993799 0.965199990827 0.024586313629 0.0163908757526
0 0.397999993359 0.985559990379 0.0293292947273 0.0195528631515
0 0.118399999506 0.592119999029 0.052071879695 0.0347145864633
0 0.0744000004733 0.0629200106638 0.0644578857984 0.0429719238656
0 0.0312000014231 0.0686600105376 0.0246434973146 0.0164289982098
0 0.347999994458 0.440920002353 0.0232008459228 0.0154672306152
0 0.276599996028 0.247120006614 0.0236968006223 0.0157978670815
