0 0.26220001833 0.567319999574 0.109759039029 0.0731726926861
0 0.510200012877 0.286080005758 0.180720233468 0.120480155645
0 0.692600008867 0.550939999935 0.120838625462 0.0805590836417
0 0.150400020788 0.971579990687 0.0842132662589 0.0561421775059
0 0.275200018044 0.949519991172 0.0242965367858 0.0161976911906
0 0.0162000237381 0.688359996913 0.0244946020777 0.0163297347185
0 0.00680002394482 0.6798799971 0.0199789706501 0.0133193137668
0 0.0442000231226 0.6753399972 0.0206020551698 0.0137347034465
0 0.151000020775 0.689919996879 0.0231951077675 0.0154634051783
0 0.159200020594 0.627599998249 0.0271075403516 0.0180716935677
0 0.145200020902 0.619639998424 0.0287256012152 0.0191504008101
0 0.0182000236942 0.664239997444 0.0248206875933 0.0165471250622
0 0.0876000221684 0.740339995771 0.0793660090279 0.0529106726853
0 0.171000020335 0.870479992909 0.0522124645001 0.0348083096667
0 0.250400018589 0.896519992337 0.0472953600683 0.0315302400455
0 0.395600015397 0.82677999387 0.020373023626 0.0135820157506
0 0.561400011752 0.848339993396 0.028728767094 0.019152511396
0 0.508800012908 0.812159994192 0.0227102336438 0.0151401557626
0 0.589800011127 0.859239993157 0.0259752440151 0.0173168293434
0 0.579400011356 0.957299991001 0.0270717263478 0.0180478175652
0 0.309600017288 0.862459993086 0.0245043965152 0.0163362643435
0 0.283800017855 0.700259996652 0.0233137292885 0.0155424861923
0 0.3636000161 0.759699995345 0.0303746283308 0.0202497522205
0 0.420400014852 0.717799996266 0.0201590300064 0.0134393533376
0 0.181000020115 0.72581999609 0.0211544020852 0.0141029347235
0 0.2954000176 0.723119996149 0.0388704619354 0.0259136412902
0 0.205400019579 0.747999995602 0.0452784974106 0.0301856649404
0 0.246000018686 0.78631999476 0.030950422536 0.020633615024
0 0.308800017305 0.739299995793 0.0318434971563 0.0212289981042
0 0.429600014649 0.706339996518 0.0205687145088 0.0137124763392
0 0.255000018488 0.824559993919 0.0598286784692 0.0398857856461
0 0.732200007997 0.965779990814 0.0213198192521 0.0142132128347
0 0.868200005007 0.922879991757 0.0216679669854 0.0144453113236
0 0.894400004431 0.811539994205 0.0329000102693 0.0219333401795
0 0.928200003688 0.849219993377 0.0310407490153 0.0206938326768
0 0.891600004492 0.662639997479 0.0205848407039 0.0137232271359
0 0.962800002927 0.648659997786 0.0268680218343 0.0179120145562
0 0.901200004281 0.623679998335 0.0697822013899 0.0465214675932
0 0.978800002575 0.604919998748 0.0381122339648 0.0254081559765
0 0.858400005222 0.64983999776 0.0278028464812 0.0185352309875
0 0.940200003424 0.785999994767 0.0348386163606 0.0232257442404
0 0.820600006053 0.691759996839 0.0223678240658 0.0149118827105
0 0.838800005653 0.717459996274 0.0323359891759 0.0215573261172
0 0.943600003349 0.74127999575 0.0244763982747 0.0163175988498
0 0.742600007768 0.741799995738 0.021511354919 0.0143409032793
0 0.782400006893 0.717899996264 0.0263951186898 0.0175967457932
0 0.703600008625 0.814739994135 0.0274021649466 0.0182681099644
0 0.783600006867 0.76035999533 0.0221704513099 0.0147803008732
0 0.60380001082 0.676579997172 0.0347639214079 0.0231759476052
0 0.504800012996 0.612959998571 0.0256960530791 0.0171307020527
0 0.600200010899 0.590639999062 0.0262862916063 0.0175241944042
0 0.210400019469 0.526720000467 0.047154478462 0.0314363189747
0 0.0886000221464 0.536100000261 0.0202005821655 0.013467054777
0 0.498000013146 0.578619999326 0.0210466632726 0.0140311088484
0 0.473600013682 0.58709999914 0.0292633059412 0.0195088706275
0 0.451800014161 0.563479999659 0.0386671531567 0.0257781021045
0 0.557600011835 0.595899998946 0.0222334720846 0.014822314723
0 0.522400012609 0.596539998932 0.0280407820591 0.0186938547061
0 0.531400012411 0.550559999943 0.0370487954919 0.0246991969946
0 0.526200012526 0.566579999591 0.0316148613474 0.0210765742316
0 0.463600013902 0.513800000751 0.0326726605986 0.0217817737324
0 0.386400015599 0.499940001056 0.0600528622611 0.0400352415074
0 0.455000014091 0.530920000375 0.0219142129952 0.0146094753301
0 0.565200011668 0.51292000077 0.0366030001846 0.0244020001231
0 0.588400011158 0.479620001503 0.0231566225534 0.015437748369
0 0.613200010613 0.494960001165 0.0398710775009 0.0265807183339
0 0.666800009435 0.525120000502 0.0550318774314 0.0366879182876
0 0.85260000535 0.559279999751 0.0365200937338 0.0243467291558
0 0.830000005847 0.584119999205 0.0411089361084 0.0274059574056
0 0.662600009527 0.611919998594 0.0262236665665 0.0174824443777
0 0.679600009153 0.591339999046 0.0320923154426 0.0213948769617
0 0.664400009487 0.602679998797 0.0387157296094 0.0258104864063
0 0.311200017252 0.596419998935 0.0248023848565 0.0165349232377
0 0.193000019851 0.503200000984 0.052236208591 0.0348241390607
0 0.301600017464 0.512340000783 0.0314045282752 0.0209363521834
0 0.603400010828 0.638739998004 0.0219705062774 0.014647004185
0 0.61060001067 0.619079998437 0.0602383629716 0.0401589086477
0 0.276400018018 0.649439997769 0.0479408036069 0.0319605357379
0 0.317200017121 0.680179997093 0.0252798389517 0.0168532259678
0 0.016800023725 0.502240001005 0.0200534677354 0.0133689784903
0 0.0886000221464 0.491360001244 0.0315333399685 0.0210222266457
0 0.1180000215 0.470780001697 0.0669060994414 0.0446040662943
0 0.0698000225597 0.446500002231 0.0216476855744 0.0144317903829
0 0.071200022529 0.350460004342 0.0262018022161 0.0174678681441
0 0.0256000235315 0.327880004839 0.0210996917423 0.0140664611616
0 0.0370000232809 0.29144000564 0.0257554133065 0.0171702755376
0 0.107200021737 0.294300005577 0.0252819165597 0.0168546110398
0 0.159200020594 0.294360005576 0.0226111020642 0.0150740680428
0 0.159800020581 0.338380004608 0.0468907211852 0.0312604807901
0 0.312600017222 0.286320005752 0.0230841041424 0.0153894027616
0 0.237200018879 0.303020005385 0.0527910288493 0.0351940192328
0 0.2226000192 0.319220005029 0.028379827891 0.0189198852606
0 0.322000017015 0.451700002116 0.0532486962021 0.0354991308014
0 0.294200017626 0.430560002581 0.0434306135335 0.0289537423556
0 0.332600016782 0.365860004004 0.062067944112 0.041378629408
0 0.287600017771 0.340940004551 0.0249353517657 0.0166235678438
0 0.350400016391 0.341860004531 0.0199855002751 0.0133236668501
0 0.315600017156 0.323160004942 0.0401531375145 0.026768758343
0 0.0384000232501 0.196440007728 0.0286752439557 0.0191168293038
0 0.213200019407 0.179580008099 0.0380360550064 0.0253573700042
0 0.267800018207 0.194680007767 0.0262232708316 0.0174821805544
0 0.415200014966 0.211940007388 0.0234495652754 0.0156330435169
0 0.684200009052 0.254280006457 0.0250084637791 0.0166723091861
0 0.575000011453 0.3569200042 0.0362284371501 0.0241522914334
0 0.63060001023 0.403580003174 0.0287440028857 0.0191626685905
0 0.848600005438 0.305240005336 0.0266530388776 0.0177686925851
0 0.807000006352 0.33098000477 0.028688896808 0.0191259312053
0 0.581000011321 0.434800002488 0.0209808723539 0.013987248236
0 0.584400011246 0.410280003027 0.0203976581203 0.0135984387469
0 0.415200014966 0.406260003115 0.103720125234 0.0691467501562
0 0.572600011506 0.457640001986 0.0695439690108 0.0463626460072
0 0.535800012315 0.481060001471 0.0284519505672 0.0189679670448
0 0.725200008151 0.483900001408 0.0332037367659 0.0221358245106
0 0.781800006906 0.429600002602 0.0320394848403 0.0213596565602
0 0.827800005895 0.442340002322 0.0272916559901 0.0181944373267
0 0.84940000542 0.410460003023 0.0349506093228 0.0233004062152
0 0.803200006436 0.38104000367 0.0228993949016 0.0152662632678
0 0.829800005851 0.367360003971 0.0199953936464 0.0133302624309
0 0.868800004994 0.355860004223 0.0213641415551 0.0142427610368
0 0.960800002971 0.386460003551 0.0418397594407 0.0278931729605
0 0.912600004031 0.348020004396 0.0202253155936 0.0134835437291
0 0.989000002351 0.417380002871 0.0273065949806 0.0182043966537
0 0.806600006361 0.507380000892 0.0206241173876 0.0137494115917
0 0.860200005183 0.520840000596 0.0201998896296 0.0134665930864
0 0.859000005209 0.510340000827 0.0250065840385 0.0166710560257
0 0.729800008049 0.451180002128 0.0761580834086 0.0507720556058
0 0.756000007473 0.453400002079 0.0295211271953 0.0196807514635
0 0.868800004994 0.497400001112 0.0274290749164 0.0182860499442
0 0.92400000378 0.51566000071 0.0335777061981 0.0223851374654
0 0.952400003156 0.308740005259 0.0206824882778 0.0137883255186
0 0.881200004721 0.274380006015 0.024441573608 0.0162943824053
0 0.820600006053 0.207980007475 0.0253483010806 0.0168988673871
0 0.752200007557 0.264700006228 0.0375205114319 0.0250136742879
0 0.782200006897 0.24914000657 0.030087126963 0.020058084642
0 0.681600009109 0.110700009613 0.0301058254346 0.0200705502898
0 0.733000007979 0.12588000928 0.0216644053718 0.0144429369145
0 0.760000007386 0.115200009514 0.0220620199613 0.0147080133075
0 0.741000007803 0.149440008762 0.0270366048799 0.0180244032533
0 0.565400011664 0.0985800098799 0.0253386055768 0.0168924037179
0 0.622800010402 0.179920008092 0.0472746829224 0.0315164552816
0 0.520800012644 0.168900008334 0.032909408972 0.0219396059813
0 0.925400003749 0.243400006696 0.0240487078367 0.0160324718911
0 0.940600003415 0.187920007916 0.0524886874247 0.0349924582831
0 0.447000014267 0.18820000791 0.0444197527884 0.0296131685256
0 0.261000018356 0.160820008511 0.0437541267725 0.0291694178483
0 0.0960000219837 0.158240008568 0.0373232376097 0.0248821584065
0 0.157200020638 0.10766000968 0.0496999439442 0.0331332959628
0 0.102400021843 0.0130800117596 0.0206006700978 0.0137337800652
0 0.0328000233732 0.0527200108881 0.0318988011015 0.021265867401
0 0.295600017595 0.0212800115793 0.0254966027153 0.0169977351435
0 0.161800020537 0.0383600112038 0.0350932717359 0.0233955144906
0 0.318200017099 0.0315400113537 0.0859754735413 0.0573169823608
0 0.408600015111 0.12634000927 0.060423171146 0.0402821140973
0 0.23900001884 0.145340008852 0.084317740259 0.0562118268394
0 0.46140001395 0.602379998804 0.0221705502436 0.0147803668291
