0 0.224199989982 0.222299977851 0.126906238404 0.0846041589361
0 0.760800013577 0.441459987488 0.148864577283 0.0992430515222
0 0.839000017015 0.237659978527 0.170165006933 0.113443337955
0 0.716000011607 0.291959980914 0.534339036357 0.356226024238
0 0.987800023558 0.909480008067 0.0230674848002 0.0153783232001
0 0.977400023101 0.94026000942 0.025763923305 0.01717594887
0 0.9228000207 0.953720010012 0.0209430810572 0.0139620540381
0 0.893600019416 0.952360009952 0.0349356726365 0.0232904484243
0 0.820400016197 0.972300010829 0.0736694107363 0.0491129404908
0 0.782600014535 0.97482001094 0.0312686943506 0.0208457962337
0 0.954000022072 0.924660008734 0.0446029809653 0.0297353206435
0 0.921400020638 0.91568000834 0.0284097077458 0.0189398051639
0 0.967400022661 0.894380007403 0.0382157211483 0.0254771474322
0 0.972200022872 0.915560008334 0.0222444551938 0.0148296367959
0 0.906400019979 0.929080008929 0.0503420270569 0.0335613513713
0 0.901800019776 0.908220008012 0.0248686720839 0.0165791147226
0 0.859600017921 0.907940007999 0.0280594823814 0.0187063215876
0 0.827600016514 0.866420006174 0.141514791316 0.094343194211
0 0.763000013673 0.967940010637 0.0259319127595 0.0172879418396
0 0.611600007016 0.988360011535 0.0318697166921 0.0212464777947
0 0.752600013216 0.851820005532 0.0441178100085 0.029411873339
0 0.703600011061 0.880160006778 0.0210145112021 0.0140096741348
0 0.680800010059 0.855000005671 0.0204253609069 0.0136169072713
0 0.645400008502 0.932900009097 0.0957139208844 0.0638092805896
0 0.578000005539 0.921260008585 0.091290792186 0.060860528124
0 0.550600004334 0.949980009848 0.0470646497555 0.0313764331703
0 0.552200004404 0.877080006642 0.0850526254832 0.0567017503222
0 0.564800004958 0.834340004763 0.0267297142675 0.0178198095117
0 0.531000003472 0.835160004799 0.0338590759089 0.0225727172726
0 0.509000002505 0.81586000395 0.0198088059716 0.0132058706477
0 0.506800002408 0.942640009525 0.0198376946175 0.013225129745
0 0.424199998776 0.890600007237 0.0232029250611 0.0154686167074
0 0.408799998099 0.90296000778 0.0426016507685 0.0284011005123
0 0.402399997818 0.888060007125 0.0208915365897 0.0139276910598
0 0.383799997 0.909960008088 0.0282465660436 0.0188310440291
0 0.425999998855 0.950500009871 0.116311426462 0.0775409509746
0 0.370799996428 0.951480009914 0.0304449722082 0.0202966481388
0 0.468800000737 0.93342000912 0.0917120519605 0.0611413679737
0 0.348799995461 0.956840010149 0.0246391458564 0.0164260972376
0 0.24779999102 0.943280009553 0.0207531283172 0.0138354188781
0 0.282199992532 0.875840006588 0.0214054972587 0.0142703315058
0 0.171999987687 0.913240008232 0.0280492922084 0.0186995281389
0 0.322799994317 0.851420005514 0.037658625378 0.025105750252
0 0.291999992963 0.835720004824 0.0354088726133 0.0236059150756
0 0.24439999087 0.823560004289 0.0383561080952 0.0255707387302
0 0.0457999821376 0.917880008436 0.0378483802506 0.0252322535004
0 0.0161999808361 0.927920008878 0.0219131261696 0.0146087507798
0 0.0237999811703 0.894020007387 0.044185876407 0.029457250938
0 0.124199985585 0.90272000777 0.0291632858816 0.0194421905878
0 0.123999985576 0.878460006703 0.0362429827962 0.0241619885308
0 0.122199985497 0.841700005087 0.0908091828431 0.0605394552287
0 0.0111999806162 0.789340002784 0.0284097077458 0.0189398051639
0 0.0773999835271 0.829880004567 0.0286960219279 0.0191306812853
0 0.0837999838085 0.814500003891 0.0231389149451 0.0154259432967
0 0.145999986543 0.808840003642 0.0939372691629 0.0626248461086
0 0.250199991125 0.78310000251 0.0282511169947 0.0188340779964
0 0.269999991996 0.774800002145 0.0236246795042 0.0157497863361
0 0.293399993025 0.792940002943 0.0275006058041 0.0183337372028
0 0.328799994581 0.773440002085 0.0223082674424 0.0148721782949
0 0.146799986579 0.750680001084 0.0316525571794 0.0211017047863
0 0.166999987467 0.745320000849 0.0285965935406 0.0190643956937
0 0.202799989041 0.741320000673 0.0282671442571 0.0188447628381
0 0.216599989648 0.754140001237 0.0368859530344 0.0245906353563
0 0.144399986473 0.710279999308 0.0428599667081 0.0285733111388
0 0.180399988056 0.710939999337 0.023325405005 0.0155502700033
0 0.323399994344 0.706839999157 0.0599553175753 0.0399702117168
0 0.288399992805 0.687279998297 0.0552987053006 0.0368658035337
0 0.279599992418 0.707979999207 0.0198573824275 0.0132382549517
0 0.263799991723 0.712979999427 0.0240443563392 0.0160295708928
0 0.212399989463 0.70485999907 0.0229446091215 0.015296406081
0 0.16819998752 0.69439999861 0.0241977036033 0.0161318024022
0 0.197399988804 0.669919997533 0.0543556690934 0.0362371127289
0 0.234599990439 0.664039997275 0.0252679685728 0.0168453123819
0 0.0755999834479 0.718359999663 0.090032849952 0.060021899968
0 0.0501999823311 0.659319997067 0.0294629561158 0.0196419707438
0 0.0343999816364 0.667639997433 0.0462220312728 0.0308146875152
0 0.0343999816364 0.690199998425 0.0234191941704 0.0156127961136
0 0.0257999812582 0.701339998915 0.022849434884 0.0152329565893
0 0.163999987335 0.661059997144 0.0215166987586 0.014344465839
0 0.213199989498 0.617799995242 0.0451576033927 0.0301050689284
0 0.27259999211 0.653739996822 0.0429088399652 0.0286058933101
0 0.301399993376 0.655559996902 0.0471926699876 0.0314617799917
0 0.286199992708 0.752440001162 0.0213477199669 0.0142318133113
0 0.250399991134 0.746100000883 0.063314908797 0.042209939198
0 0.421999998679 0.723659999896 0.0431537998529 0.0287691999019
0 0.438599999409 0.820040004134 0.030150941196 0.020100627464
0 0.432399999137 0.836840004873 0.0245600978151 0.0163733985434
0 0.394799997483 0.831900004656 0.0732190644485 0.0488127096323
0 0.396199997545 0.681239998031 0.0315128627685 0.021008575179
0 0.409599998134 0.670899997576 0.0201549750535 0.0134366500357
0 0.449599999893 0.644919996434 0.0402710691556 0.0268473794371
0 0.344399995267 0.695619998663 0.123113119627 0.0820754130846
0 0.260199991565 0.687959998327 0.0227658358916 0.0151772239278
0 0.253399991266 0.626739995635 0.0225802362353 0.0150534908235
0 0.412399998257 0.721659999808 0.121635049869 0.0810900332457
0 0.499000002065 0.703259998999 0.0202791368706 0.0135194245804
0 0.55620000458 0.708899999247 0.0212169295907 0.0141446197271
0 0.558000004659 0.801660003326 0.0363968247289 0.0242645498193
0 0.627000007693 0.790800002849 0.0555498980125 0.0370332653417
0 0.659800009136 0.681779998055 0.0204395084287 0.0136263389525
0 0.630600007852 0.694779998626 0.0207778617469 0.0138519078312
0 0.794400015054 0.743460000767 0.0300863374777 0.0200575583185
0 0.893200019398 0.81312000383 0.0230987478553 0.0153991652369
0 0.873200018519 0.677939997886 0.0264476542354 0.0176317694902
0 0.883200018959 0.668659997478 0.0217547332859 0.0145031555239
0 0.89960001968 0.675499997779 0.024154172767 0.0161027818447
0 0.873800018545 0.486259989458 0.0244975717049 0.0163317144699
0 0.659800009136 0.637619996113 0.0225346277909 0.0150230851939
0 0.667200009461 0.651259996713 0.0200986817676 0.0133991211784
0 0.663600009303 0.589699994006 0.0228708045673 0.0152472030448
0 0.62420000757 0.536819991681 0.0287630000555 0.0191753333704
0 0.698600010842 0.540039991822 0.0237655611197 0.0158437074132
0 0.617800007289 0.662239997196 0.0298490944201 0.0198993962801
0 0.614600007148 0.508799990449 0.0371156771294 0.0247437847529
0 0.454000000086 0.477339989066 0.0447710693535 0.029847379569
0 0.455400000148 0.460059988306 0.0276021117996 0.0184014078664
0 0.455600000157 0.442819987548 0.0198071240984 0.0132047493989
0 0.36379999612 0.437239987302 0.0445134459498 0.0296756306332
0 0.329199994599 0.429779986974 0.0230746080279 0.0153830720186
0 0.280399992453 0.445339987658 0.0454060259605 0.0302706839736
0 0.253199991257 0.453459988015 0.0550757086985 0.0367171391323
0 0.297199993192 0.485579989428 0.0344742457722 0.0229828305148
0 0.341799995153 0.459279988271 0.036257130318 0.024171420212
0 0.346999995382 0.497699989961 0.0244429602921 0.0162953068614
0 0.237999990589 0.500219990072 0.0247515345609 0.0165010230406
0 0.379999996833 0.568519993075 0.0293915259708 0.0195943506472
0 0.38039999685 0.590259994031 0.0229584598421 0.0153056398947
0 0.356399995795 0.604219994644 0.0204938230403 0.0136625486935
0 0.329999994634 0.599199994424 0.0242686390796 0.0161790927198
0 0.270199992005 0.610199994907 0.030211092897 0.020140728598
0 0.289799992866 0.627019995647 0.0366241744146 0.0244161162764
0 0.254599991319 0.588639993959 0.0364313525967 0.0242875683978
0 0.241399990738 0.603139994597 0.0358053989581 0.0238702659721
0 0.417399998477 0.601639994531 0.0200071680777 0.0133381120518
0 0.435799999286 0.565159992927 0.0215575583844 0.0143717055896
0 0.367599996287 0.617459995227 0.0202298678786 0.0134865785858
0 0.245399990914 0.556159992531 0.0235285159296 0.0156856772864
0 0.158999987115 0.592999994151 0.0207233492678 0.0138155661785
0 0.179999988038 0.614679995104 0.062296485096 0.041530990064
0 0.33059999466 0.546379992101 0.0523013104233 0.0348675402822
0 0.326799994493 0.621219995392 0.105535565814 0.0703570438763
0 0.416999998459 0.571899993223 0.0392835127749 0.0261890085166
0 0.120999985444 0.632959995908 0.0280467199317 0.0186978132878
0 0.143599986438 0.587339993902 0.0295875136677 0.0197250091118
0 0.0723999833072 0.555839992517 0.0213501933099 0.0142334622066
0 0.053199982463 0.533919991553 0.0264434000855 0.0176289333903
0 0.0459999821464 0.557119992573 0.0754583302389 0.0503055534926
0 0.0661999830346 0.501719990138 0.0393516781071 0.0262344520714
0 0.0883999840108 0.550279992273 0.0207807308247 0.0138538205498
0 0.126799985699 0.529919991377 0.0563681788004 0.0375787858669
0 0.19799998883 0.552559992373 0.0311431474615 0.0207620983077
0 0.0885999840196 0.63913999618 0.0280804563298 0.0187203042199
0 0.137599986174 0.47539998898 0.0762329812568 0.0508219875045
0 0.0775999835359 0.454739988072 0.152773448512 0.101848965674
0 0.0509999823663 0.403639985825 0.0385053001431 0.0256702000954
0 0.0241999811879 0.409999986105 0.0384725530822 0.0256483687215
0 0.0129999806954 0.48925998959 0.0240588006621 0.0160392004414
0 0.0131999807042 0.505119990287 0.0280247566461 0.0186831710974
0 0.0261999812758 0.503419990212 0.025745620567 0.0171637470447
0 0.132999985972 0.44059998745 0.0275749050269 0.018383270018
0 0.154399986913 0.436539987272 0.05342816548 0.0356187769866
0 0.185399988276 0.42263998666 0.0359756638881 0.0239837759254
0 0.16819998752 0.411699986179 0.0371806765826 0.0247871177218
0 0.127599985734 0.411199986157 0.0686437756906 0.0457625171271
0 0.0343999816364 0.239059978588 0.0815088196772 0.0543392131181
0 0.0273999813286 0.374159984529 0.0227232943926 0.0151488629284
0 0.0869999839492 0.358739983851 0.0218109276382 0.0145406184254
0 0.108999984917 0.323459982299 0.0422233282279 0.0281488854853
0 0.0967999843801 0.396879985528 0.0599037731078 0.0399358487385
0 0.189199988443 0.390059985228 0.0429884816088 0.0286589877392
0 0.172599987713 0.389639985209 0.0302355295256 0.0201570196837
0 0.14159998635 0.352939983596 0.115635709163 0.0770904727752
0 0.220599989824 0.286379980669 0.0200904702689 0.0133936468459
0 0.0739999833776 0.214899977526 0.0243453127117 0.0162302084745
0 0.0791999836062 0.225299977983 0.0242833802037 0.0161889201358
0 0.0703999832193 0.201979976958 0.0423295830419 0.0282197220279
0 0.115399985198 0.26979997994 0.0217578002312 0.0145052001541
0 0.137599986174 0.264079979688 0.020755304859 0.013836869906
0 0.146799986579 0.160779975146 0.0480697174044 0.0320464782696
0 0.087199983958 0.166159975383 0.0246753555975 0.016450237065
0 0.0885999840196 0.182059976082 0.0342188978441 0.0228125985627
0 0.122399985506 0.142479974342 0.0252691557775 0.0168461038516
0 0.0983999844505 0.13833997416 0.0294114116483 0.0196076077655
0 0.0737999833688 0.14015997424 0.0382465884686 0.0254977256457
0 0.0551999825509 0.168319975478 0.0256176003349 0.0170784002233
0 0.0631999829027 0.180099975996 0.0291963297437 0.0194642198291
0 0.0419999819705 0.16291997524 0.0332282745181 0.0221521830121
0 0.158799987106 0.123279973497 0.0224383652825 0.0149589101884
0 0.0343999816364 0.114859973127 0.0281309125264 0.0187539416842
0 0.0989999844769 0.0958799722925 0.0478368274304 0.031891218287
0 0.231999990325 0.278019980301 0.140009020117 0.0933393467446
0 0.230199990246 0.350179983474 0.0208913387223 0.0139275591482
0 0.277199992312 0.40785998601 0.0223556566937 0.0149037711291
0 0.270399992013 0.41763998644 0.0238966482971 0.0159310988647
0 0.277799992339 0.427159986859 0.022739321655 0.01515954777
0 0.261599991626 0.431419987046 0.0252306705609 0.0168204470406
0 0.260399991574 0.39351998538 0.0270552062023 0.0180368041348
0 0.249999991116 0.397819985569 0.0391909108142 0.0261272738761
0 0.226799990096 0.416319986382 0.078300300244 0.0522002001627
0 0.324599994397 0.386759985083 0.0300948457775 0.0200632305183
0 0.303799993482 0.346479983312 0.0353029146005 0.0235352764004
0 0.362399996059 0.37873998473 0.0244305935772 0.0162870623848
0 0.448599999849 0.405899985924 0.0291711016454 0.019447401097
0 0.469600000772 0.406539985952 0.039914215232 0.0266094768213
0 0.44179999955 0.438059987338 0.0219976155655 0.0146650770436
0 0.421799998671 0.450639987891 0.0724031580698 0.0482687720466
0 0.319799994186 0.28595998065 0.0257323634487 0.0171549089658
0 0.357999995865 0.288819980776 0.0383881626201 0.0255921084134
0 0.361999996041 0.312959981838 0.0384388166841 0.0256258777894
0 0.337799994977 0.278139980307 0.0427486662745 0.0284991108497
0 0.381999996921 0.266119979778 0.0343557231771 0.0229038154514
0 0.27759999233 0.227799978093 0.0280908443703 0.0187272295802
0 0.304799993526 0.211519977377 0.0236843365366 0.0157895576911
0 0.455200000139 0.282619980504 0.0248856886836 0.0165904591224
0 0.466200000623 0.270419979967 0.0235994514059 0.015732967604
0 0.478000001142 0.249959979067 0.0468286928363 0.0312191285575
0 0.499000002065 0.319319982117 0.0215812035432 0.0143874690288
0 0.433999999207 0.326339982426 0.0392207887972 0.0261471925315
0 0.426399998873 0.202139976965 0.0224255038991 0.0149503359327
0 0.529200003393 0.348319983392 0.0292948677276 0.0195299118184
0 0.507400002434 0.399999985665 0.0262630439162 0.0175086959441
0 0.710800011378 0.441159987475 0.0297201837846 0.0198134558564
0 0.702600011017 0.370879984384 0.0219845563146 0.0146563708764
0 0.691800010543 0.362179984002 0.0215159072888 0.0143439381925
0 0.904200019882 0.413719986268 0.0940316519306 0.0626877679537
0 0.874200018563 0.437139987298 0.0736217246838 0.0490811497892
0 0.731600012293 0.349899983462 0.0260519193603 0.0173679462402
0 0.667800009487 0.300619981295 0.0501341673138 0.0334227782092
0 0.744400012855 0.299639981252 0.0333839961914 0.022255997461
0 0.656800009004 0.278819980336 0.0249132911911 0.0166088607941
0 0.822200016276 0.315399981945 0.0203947903878 0.0135965269252
0 0.83160001669 0.446559987712 0.0255567560979 0.0170378373986
0 0.965600022582 0.234119978371 0.0308312094462 0.0205541396308
0 0.967200022652 0.221159977801 0.0208079375974 0.0138719583982
0 0.935600021263 0.298899981219 0.082575127298 0.0550500848653
0 0.950000021896 0.191299976488 0.0458957478683 0.0305971652456
0 0.954400022089 0.168299975477 0.024462351301 0.0163082342006
0 0.922200020673 0.0898799720287 0.0229590534444 0.0153060356296
0 0.81500001596 0.106799972773 0.0258326822395 0.0172217881597
0 0.805400015538 0.124299973542 0.0290856229124 0.0193904152749
0 0.777000014289 0.0701799711625 0.0248896460323 0.0165930973549
0 0.764000013717 0.0748799713691 0.0213857105149 0.0142571403433
0 0.923000020709 0.0439999700113 0.116622078339 0.0777480522259
0 0.955200022124 0.0372799697158 0.0817752481818 0.0545168321212
0 0.62920000779 0.178519975926 0.0256665725257 0.0171110483505
0 0.580800005662 0.188399976361 0.0221213816476 0.0147475877651
0 0.594200006251 0.248039978983 0.0329088175402 0.0219392116935
0 0.673800009751 0.133199973933 0.0337217559073 0.0224811706049
0 0.629000007781 0.12425997354 0.0221454225413 0.0147636150275
0 0.598800006453 0.134539973992 0.0233041342554 0.0155360895036
0 0.639400008239 0.089999972034 0.0214851389023 0.0143234259349
0 0.631600007896 0.0664799709998 0.0213403988717 0.0142269325812
0 0.578800005574 0.101079972521 0.0279330450888 0.0186220300592
0 0.676200009857 0.192299976532 0.0205230084873 0.0136820056582
0 0.679800010015 0.081539971662 0.0214058929936 0.014270595329
0 0.668600009522 0.0165399688039 0.0321476215081 0.0214317476721
0 0.614400007139 0.0474199701617 0.0504993316698 0.0336662211132
0 0.547400004193 0.173719975715 0.0266863812987 0.0177909208658
0 0.425799998846 0.159159975075 0.0560366519088 0.0373577679392
0 0.501800002188 0.140139974239 0.0310483689589 0.0206989126393
0 0.523800003156 0.157719975012 0.0215898107767 0.0143932071845
0 0.452600000025 0.0931199721712 0.0444871295806 0.0296580863871
0 0.412799998275 0.110059972916 0.0205586246261 0.0137057497507
0 0.384799997044 0.137279974113 0.0310179963073 0.0206786642048
0 0.543800004035 0.0693599711264 0.0214361667115 0.0142907778077
0 0.535400003666 0.044379970028 0.0354411250057 0.0236274166704
0 0.409599998134 0.0388199697835 0.0201624940162 0.0134416626774
0 0.403799997879 0.0716799712284 0.0962335207754 0.0641556805169
0 0.36879999634 0.0614199707773 0.027664934711 0.0184432898073
0 0.417599998486 0.0543999704686 0.0350307479402 0.0233538319602
0 0.324999994414 0.184919976208 0.0294566243578 0.0196377495718
0 0.224999990017 0.135879974051 0.0280090261849 0.0186726841232
0 0.23439999043 0.0927399721544 0.0233035406531 0.0155356937687
0 0.201399988979 0.0891399719961 0.0221977584785 0.0147985056523
0 0.188599988417 0.0742199713401 0.0341681448464 0.0227787632309
0 0.158399987089 0.0628999708424 0.0411396082726 0.0274264055151
0 0.344599995276 0.0776799714922 0.0321346611909 0.0214231074606
0 0.360799995988 0.0897199720217 0.0418786431517 0.0279190954345
0 0.346599995364 0.127719973693 0.0216962634581 0.0144641756387
0 0.323599994353 0.109679972899 0.0215246134561 0.014349742304
0 0.321399994256 0.095799972289 0.0243003968034 0.0162002645356
0 0.357799995856 0.178439975923 0.0996371375019 0.0664247583346
0 0.356799995812 0.216039977576 0.0568914392389 0.0379276261593
0 0.417999998503 0.225579977995 0.0273830725462 0.0182553816975
0 0.302999993447 0.236879978492 0.109381119463 0.0729207463085
0 0.302999993447 0.0446399700395 0.0377445987796 0.0251630658531
0 0.265799991811 0.0325999695101 0.0403470502516 0.0268980335011
0 0.301599993385 0.0249999691759 0.0251354963234 0.016756997549
0 0.296199993148 0.0295199693746 0.0399121376239 0.0266080917493
0 0.293599993034 0.00877996846268 0.0205501163263 0.0137000775508
0 0.307599993649 0.00757996840991 0.0216345288176 0.0144230192117
0 0.337799994977 0.0470199701441 0.0311786646665 0.0207857764444
0 0.328799994581 0.0298599693896 0.0215950542638 0.0143967028426
0 0.167799987502 0.0363599696754 0.0224591413635 0.014972760909
0 0.0517999824015 0.0905599720586 0.020471068285 0.0136473788567
0 0.0717999832809 0.154699974879 0.0320963738418 0.0213975825612
0 0.13499998606 0.0494799702523 0.0575830848668 0.0383887232445
0 0.0757999834567 0.0184599688883 0.0245648466336 0.0163765644224
0 0.0519999824102 0.755500001296 0.0334340566531 0.0222893711021
0 0.139399986253 0.733440000326 0.0266790602035 0.0177860401357
0 0.481800001309 0.807180003569 0.0358510074025 0.0239006716017
0 0.386399997114 0.8465600053 0.145827312117 0.0972182080782
0 0.979600023197 0.781600002444 0.0415453354532 0.0276968903022
0 0.884400019011 0.528039991295 0.0218276474366 0.0145517649578
0 0.737800012565 0.598399994389 0.0619385429016 0.0412923619344
0 0.825600016426 0.349719983454 0.0204365404171 0.0136243602781
0 0.402399997818 0.384279984974 0.138973184081 0.0926487893877
