0 0.566200011646 0.62709999826 0.0838802553835 0.0559201702557
0 0.400400015291 0.335440004672 0.202769589914 0.135179726609
0 0.471200013735 0.287360005729 0.101927446369 0.0679516309124
0 0.303000017433 0.620999998394 0.826224121662 0.550816081108
0 0.259800018383 0.20500000754 0.124767283175 0.0831781887836
0 0.337600016672 0.991359990252 0.025475035166 0.0169833567773
0 0.417800014909 0.987839990329 0.0218164664875 0.0145443109917
0 0.46780001381 0.988519990314 0.0283311525045 0.018887435003
0 0.533200012372 0.98505999039 0.0215568644266 0.0143712429511
0 0.695000008815 0.972039990677 0.0415088261733 0.0276725507822
0 0.62560001034 0.970319990714 0.0310095848959 0.0206730565973
0 0.584200011251 0.975759990595 0.0291961299506 0.0194640866337
0 0.580800011325 0.956019991029 0.0514325700466 0.034288380031
0 0.619200010481 0.943779991298 0.0215551825535 0.0143701217023
0 0.732400007992 0.958799990968 0.0199616572505 0.0133077715003
0 0.790800006708 0.941599991346 0.0304245898555 0.0202830599036
0 0.814600006185 0.954959991052 0.044253148417 0.0295020989447
0 0.832400005794 0.980719990486 0.0559784751901 0.0373189834601
0 0.723800008181 0.943539991303 0.0410403750458 0.0273602500306
0 0.799800006511 0.919419991833 0.0396962616314 0.0264641744209
0 0.732200007997 0.918339991857 0.036219533116 0.0241463554107
0 0.672400009311 0.925119991708 0.0427063198262 0.0284708798841
0 0.569000011585 0.941759991342 0.0344801795212 0.0229867863474
0 0.580400011334 0.9300599916 0.0240944152117 0.0160629434745
0 0.527400012499 0.935099991489 0.0266097059116 0.0177398039411
0 0.466800013832 0.94731999122 0.0353623714332 0.0235749142888
0 0.454400014104 0.933559991523 0.0292366927726 0.0194911285151
0 0.551400011972 0.919759991826 0.023474100836 0.0156494005573
0 0.753600007526 0.902379992208 0.0308530717632 0.0205687145088
0 0.855400005288 0.905139992147 0.025835351746 0.0172235678306
0 0.862200005139 0.93593999147 0.021342178271 0.0142281188474
0 0.812600006229 0.899839992264 0.0537036923446 0.0358024615631
0 0.898000004352 0.971339990692 0.0298274259684 0.0198849506456
0 0.930000003648 0.977659990553 0.0230512581499 0.0153675054333
0 0.926200003732 0.986739990353 0.0271678899161 0.0181119266107
0 0.921800003828 0.942219991332 0.051605011507 0.0344033410047
0 0.976800002619 0.90547999214 0.0199080351785 0.0132720234523
0 0.913600004009 0.799619994467 0.0338186097874 0.0225457398583
0 0.968000002813 0.807079994303 0.0877359000168 0.0584906000112
0 0.967800002817 0.849199993377 0.0363466629362 0.0242311086241
0 0.916800003938 0.845299993463 0.0285046822358 0.0190031214905
0 0.894800004422 0.816019994107 0.0268311195596 0.0178874130397
0 0.874800004862 0.846019993447 0.03104807011 0.0206987134066
0 0.842000005583 0.869939992921 0.039887203696 0.0265914691307
0 0.796000006594 0.867059992985 0.0202693410955 0.0135128940637
0 0.761000007364 0.87907999272 0.0446617446485 0.0297744964324
0 0.722200008217 0.864499993041 0.0233243151957 0.0155495434638
0 0.724400008168 0.814659994137 0.0279141469075 0.0186094312716
0 0.780200006941 0.804219994366 0.0315679667678 0.0210453111785
0 0.934400003551 0.726519996074 0.0327272720078 0.0218181813385
0 0.898000004352 0.700179996654 0.0357870938598 0.0238580625732
0 0.712600008428 0.721619996182 0.0432091998855 0.028806133257
0 0.659600009593 0.752999995492 0.0202728037755 0.013515202517
0 0.661600009549 0.76581999521 0.0300189616353 0.0200126410902
0 0.636000010112 0.774059995029 0.0406983612026 0.0271322408018
0 0.611600010648 0.747599995611 0.045751103754 0.030500735836
0 0.634400010147 0.727999996042 0.0348048799647 0.0232032533098
0 0.620200010459 0.71717999628 0.0235744196202 0.0157162797468
0 0.691000008902 0.747979995603 0.024597987807 0.016398658538
0 0.646400009883 0.849019993381 0.0381009555216 0.0254006370144
0 0.594000011035 0.837039993645 0.0305131355279 0.0203420903519
0 0.589800011127 0.858379993175 0.0426482457371 0.0284321638247
0 0.439400014434 0.863259993068 0.0240587990753 0.0160391993836
0 0.408800015107 0.874779992815 0.0244549296591 0.0163032864394
0 0.53100001242 0.837779993628 0.0246219297654 0.0164146198436
0 0.489000013344 0.826879993868 0.0272691980374 0.0181794653583
0 0.474400013665 0.817559994073 0.0217657134931 0.0145104756621
0 0.386400015599 0.801899994417 0.0363990978037 0.0242660652025
0 0.296200017582 0.79587999455 0.0310702312615 0.0207134875077
0 0.286600017793 0.766679995191 0.0472618215398 0.0315078810265
0 0.483000013475 0.7435399957 0.023734692234 0.015823128156
0 0.466800013832 0.756079995425 0.0220461905673 0.0146974603782
0 0.431200014614 0.770179995115 0.0322208303348 0.0214805535565
0 0.366200016043 0.858659993169 0.028949488206 0.019299658804
0 0.37500001585 0.885739992574 0.0241932499903 0.0161288333268
0 0.284800017833 0.821539993985 0.0427180929379 0.0284787286253
0 0.20580001957 0.807999994283 0.0219910844896 0.0146607229931
0 0.17440002026 0.822779993958 0.0340411117063 0.0226940744708
0 0.193600019838 0.77811999494 0.0466186534766 0.0310791023177
0 0.262600018321 0.752759995498 0.0410807400004 0.0273871600003
0 0.654200009712 0.694399996781 0.0348392099629 0.0232261399752
0 0.67700000921 0.685519996976 0.02129577836 0.0141971855733
0 0.589200011141 0.704579996557 0.0365960748248 0.0243973832165
0 0.619400010477 0.706059996524 0.02768155375 0.0184543691667
0 0.397000015366 0.828799993826 0.0209043965944 0.0139362643963
0 0.218600019288 0.873979992832 0.032044728327 0.021363152218
0 0.225600019134 0.828719993828 0.0221138612265 0.014742574151
0 0.19440001982 0.858659993169 0.0200002413983 0.0133334942655
0 0.833400005772 0.818059994062 0.0578237867907 0.0385491911938
0 0.681200009118 0.870619992906 0.0397765958057 0.0265177305372
0 0.637800010072 0.88183999266 0.042903395781 0.028602263854
0 0.581000011321 0.87773999275 0.065462953381 0.0436419689207
0 0.599000010925 0.904339992165 0.0222230840448 0.0148153893632
0 0.543400012148 0.897799992309 0.0346368905213 0.0230912603476
0 0.505000012992 0.888539992512 0.0328814107314 0.0219209404876
0 0.495200013207 0.909779992045 0.0552767383692 0.0368511589128
0 0.468800013788 0.889139992499 0.0222218968402 0.0148145978935
0 0.414200014988 0.937259991441 0.0308080569241 0.0205387046161
0 0.391600015485 0.947619991213 0.0245170600304 0.0163447066869
0 0.354200016307 0.939039991402 0.0452003397779 0.030133559852
0 0.332000016795 0.921259991793 0.0455739134753 0.0303826089836
0 0.352400016347 0.89999999226 0.0234660872053 0.0156440581369
0 0.380600015727 0.913279991968 0.023600637054 0.015733758036
0 0.354800016294 0.972539990666 0.023311157012 0.0155407713413
0 0.346400016479 0.956939991009 0.0306022748026 0.0204015165351
0 0.28220001789 0.973399990647 0.0468690547022 0.0312460364682
0 0.299600017508 0.959319990956 0.0259304270434 0.0172869513623
0 0.288000017763 0.946339991242 0.026745739766 0.0178304931773
0 0.28220001789 0.930599991588 0.0295633718904 0.0197089145936
0 0.277000018004 0.904979992151 0.0291103544221 0.0194069029481
0 0.267400018215 0.91273999198 0.0484208299787 0.0322805533191
0 0.229800019042 0.902939992196 0.0293119813276 0.0195413208851
0 0.187000019983 0.897199992322 0.0274401554921 0.0182934369948
0 0.278800017965 0.896499992337 0.0211804216515 0.014120281101
0 0.191400019886 0.968119990763 0.0256973392174 0.0171315594783
0 0.228000019082 0.966319990802 0.0256483670298 0.0170989113532
0 0.187000019983 0.987259990342 0.020042288226 0.013361525484
0 0.125600021333 0.975599990598 0.0277641633997 0.0185094422665
0 0.139000021038 0.956139991026 0.0358448711477 0.0238965807652
0 0.158200020616 0.921599991786 0.0577684828456 0.0385123218971
0 0.0660000226433 0.923479991744 0.0401318667664 0.0267545778442
0 0.0738000224718 0.902319992209 0.0283326365102 0.0188884243401
0 0.0738000224718 0.887079992544 0.0237617011375 0.0158411340917
0 0.00980002387886 0.91595999191 0.0288181042362 0.0192120694908
0 0.0960000219837 0.951979991118 0.0227267555738 0.0151511703825
0 0.0772000223971 0.967859990768 0.0229608327369 0.0153072218246
0 0.0310000234128 0.987519990336 0.0212343405247 0.0141562270165
0 0.035400023316 0.971739990683 0.0308411997177 0.0205607998118
0 0.0226000235975 0.850799993342 0.0220431236222 0.0146954157481
0 0.108400021711 0.833839993715 0.075673209285 0.05044880619
0 0.144600020915 0.804659994356 0.0409032529207 0.0272688352804
0 0.0418000231753 0.757879995385 0.045122973615 0.03008198241
0 0.075200022441 0.740999995756 0.0312267443943 0.0208178295962
0 0.102000021852 0.731159995972 0.0373428264847 0.0248952176565
0 0.118600021487 0.712579996381 0.0260205556553 0.0173470371035
0 0.166400020436 0.725319996101 0.0215687364721 0.014379157648
0 0.278800017965 0.731199995972 0.0414972509289 0.0276648339526
0 0.356600016254 0.69625999674 0.0209044955281 0.0139363303521
0 0.34360001654 0.695399996759 0.0201879186504 0.0134586124336
0 0.386200015604 0.697879996704 0.0227226003579 0.0151484002386
0 0.28720001778 0.656739997609 0.027724886716 0.0184832578106
0 0.312600017222 0.663079997469 0.020132021103 0.013421347402
0 0.326200016923 0.639279997992 0.0290076612288 0.0193384408192
0 0.362600016122 0.650999997735 0.0272563366548 0.0181708911032
0 0.0788000223619 0.709279996453 0.0265508403528 0.0177005602352
0 0.0632000227048 0.719499996229 0.0216787507601 0.0144525005067
0 0.016800023725 0.698019996701 0.0366557318532 0.0244371545688
0 0.0398000232193 0.774859995012 0.0284233587243 0.0189489058162
0 0.087800022164 0.772539995063 0.0341998013807 0.0227998675871
0 0.109200021694 0.772319995067 0.0249210063775 0.0166140042516
0 0.0922000220673 0.63117999817 0.0571240286441 0.0380826857627
0 0.108400021711 0.606039998723 0.0254302181943 0.0169534787962
0 0.154000020709 0.598739998884 0.0387233475053 0.0258155650035
0 0.365200016065 0.634519998097 0.0386445962703 0.0257630641802
0 0.395200015406 0.634139998105 0.0328501476784 0.0219000984522
0 0.427600014693 0.662719997477 0.0200882924021 0.0133921949348
0 0.357400016237 0.583999999208 0.0362919525933 0.0241946350622
0 0.374200015867 0.56843999955 0.0230005051555 0.0153336701037
0 0.316600017134 0.585479999175 0.0302199949386 0.0201466632924
0 0.271600018123 0.59071999906 0.0248265246823 0.0165510164549
0 0.225200019143 0.58161999926 0.0204681978571 0.0136454652381
0 0.22900001906 0.572899999452 0.0243097939033 0.0162065292688
0 0.20260001964 0.567119999579 0.0292101785378 0.0194734523585
0 0.254600018497 0.560819999717 0.0335305148174 0.0223536765449
0 0.318800017085 0.570879999496 0.0212180164622 0.0141453443081
0 0.342200016571 0.559379999749 0.0285598872472 0.0190399248315
0 0.312200017231 0.548819999981 0.0295596124094 0.0197064082729
0 0.182000020093 0.699319996672 0.0219055068285 0.014603671219
0 0.22760001909 0.694259996784 0.0340978007234 0.0227318671489
0 0.468000013805 0.696379996737 0.0216949758889 0.0144633172592
0 0.480400013533 0.711959996395 0.0417219293894 0.027814619593
0 0.530600012429 0.692699996818 0.028258436226 0.018838957484
0 0.432600014583 0.644899997869 0.0283379789307 0.0188919859538
0 0.480200013537 0.64575999785 0.0445634045386 0.029708936359
0 0.562200011734 0.672299997266 0.0464021865142 0.0309347910095
0 0.618000010507 0.67211999727 0.0259214240756 0.0172809493837
0 0.653600009725 0.65073999774 0.0438864011457 0.0292576007638
0 0.640800010006 0.656979997603 0.0450591613706 0.0300394409137
0 0.711200008458 0.677919997143 0.0374395836553 0.0249597224369
0 0.685600009021 0.605859998727 0.0201499281049 0.0134332854032
0 0.703200008634 0.593019999009 0.0304954263934 0.0203302842623
0 0.719800008269 0.576519999372 0.0270838951944 0.0180559301296
0 0.753800007522 0.602619998798 0.0201638777583 0.0134425851722
0 0.679600009153 0.57617999938 0.0299971962186 0.0199981308124
0 0.481600013506 0.570439999506 0.0290843348558 0.0193895565705
0 0.616000010551 0.566479999593 0.0199939096407 0.0133292730938
0 0.53420001235 0.579199999313 0.0217631412166 0.0145087608111
0 0.518800012688 0.582639999238 0.0394496198868 0.0262997465912
0 0.456600014056 0.553199999885 0.0252928982018 0.0168619321345
0 0.473800013678 0.541220000148 0.0343108050058 0.0228738700039
0 0.584400011246 0.519180000633 0.0259684175889 0.0173122783926
0 0.626800010314 0.515020000724 0.0346268982164 0.0230845988109
0 0.418400014896 0.540380000167 0.0372448821096 0.0248299214064
0 0.433600014562 0.592299999025 0.0717654265853 0.0478436177236
0 0.440800014403 0.523100000547 0.0325909413523 0.0217272942349
0 0.506400012961 0.518500000648 0.0245272502028 0.0163515001352
0 0.540200012218 0.512220000786 0.0293208853617 0.0195472569078
0 0.587000011189 0.50386000097 0.0385802893574 0.0257201929049
0 0.748800007632 0.562639999677 0.0255488397153 0.0170325598102
0 0.734000007957 0.632799998135 0.0781955242784 0.052130349519
0 0.834200005754 0.709919996439 0.048968032341 0.032645354894
0 0.792000006682 0.679599997106 0.0465000319556 0.0310000213037
0 0.775800007038 0.659199997554 0.042926744137 0.0286178294247
0 0.828200005886 0.661879997496 0.0287831806357 0.0191887870905
0 0.783400006871 0.60437999876 0.0285300092661 0.0190200061774
0 0.810000006286 0.645239997861 0.0261473886743 0.0174315924496
0 0.942800003367 0.628299998234 0.026069824644 0.017379883096
0 0.9822000025 0.630959998175 0.0205824662948 0.0137216441965
0 0.958000003032 0.480100001492 0.0311840050306 0.0207893366871
0 0.901600004272 0.507000000901 0.0350610193457 0.0233740128971
0 0.817800006115 0.488460001308 0.032640902877 0.021760601918
0 0.925000003758 0.440880002354 0.0402771014559 0.0268514009706
0 0.880000004747 0.425820002685 0.0253268324651 0.0168845549767
0 0.844800005521 0.424900002706 0.0252777613438 0.0168518408959
0 0.899200004325 0.463720001852 0.0299576227337 0.0199717484891
0 0.807200006348 0.43836000241 0.0234913153019 0.015660876868
0 0.760200007381 0.438240002412 0.0468862691682 0.0312575127788
0 0.972000002725 0.38924000349 0.0203953826449 0.0135969217633
0 0.942600003371 0.40422000316 0.0282875227374 0.0188583484916
0 0.917200003929 0.383200003622 0.0265941733188 0.0177294488792
0 0.884400004651 0.387720003523 0.0267789814933 0.0178526543288
0 0.839000005649 0.362920004068 0.0204892707378 0.0136595138252
0 0.811600006251 0.378640003723 0.0473498725437 0.0315665816958
0 0.877200004809 0.349900004355 0.029363426858 0.0195756179053
0 0.956600003063 0.335180004678 0.0224017583291 0.0149345055527
0 0.984400002452 0.335400004673 0.0307316800982 0.0204877867322
0 0.976600002623 0.256280006413 0.0214429917238 0.0142953278159
0 0.932600003591 0.280420005882 0.0197952507465 0.013196833831
0 0.895200004413 0.264320006236 0.0292852692253 0.0195235128169
0 0.864600005086 0.26778000616 0.0282304379855 0.0188202919903
0 0.88580000462 0.284080005802 0.0329592715629 0.0219728477086
0 0.883800004664 0.295340005554 0.0345130255136 0.0230086836757
0 0.87940000476 0.31554000511 0.043895601981 0.029263734654
0 0.879800004752 0.326240004875 0.0427483666539 0.0284989111026
0 0.844800005521 0.297440005508 0.0232716824608 0.0155144549738
0 0.80800000633 0.297120005515 0.0211418375038 0.0140945583358
0 0.81440000619 0.286940005739 0.0308177524279 0.0205451682853
0 0.757400007443 0.317400005069 0.0337092880354 0.0224728586903
0 0.752600007548 0.298760005479 0.0275691650529 0.0183794433686
0 0.770000007166 0.284420005794 0.0261507524206 0.017433834947
0 0.757200007447 0.3569200042 0.0256478723613 0.0170985815742
0 0.769200007183 0.356200004216 0.0363913809741 0.0242609206494
0 0.720400008256 0.349820004356 0.0208567105451 0.0139044736967
0 0.630200010239 0.332020004748 0.0530932713402 0.0353955142268
0 0.676200009228 0.379520003703 0.0219245021013 0.0146163347342
0 0.699600008713 0.377060003757 0.0202754749857 0.0135169833238
0 0.697200008766 0.388040003516 0.0283841809743 0.0189227873162
0 0.675400009245 0.396740003325 0.0213408921328 0.0142272614218
0 0.669600009373 0.428100002635 0.0387591615091 0.0258394410061
0 0.67200000932 0.444860002267 0.0243876547348 0.0162584364899
0 0.76800000721 0.415840002905 0.0427766616956 0.0285177744637
0 0.748600007636 0.40832000307 0.0462276674458 0.0308184449639
0 0.727200008107 0.521780000576 0.0332409358417 0.0221606238945
0 0.69340000885 0.507820000883 0.0288897322438 0.0192598214959
0 0.668200009404 0.501020001032 0.0340325044733 0.0226883363155
0 0.700000008705 0.490300001268 0.0241988892119 0.0161325928079
0 0.657400009641 0.457240001995 0.0233490486237 0.0155660324158
0 0.636600010098 0.446580002229 0.0247738919474 0.0165159279649
0 0.502200013053 0.458920001958 0.0338091121511 0.0225394081007
0 0.640000010024 0.488040001317 0.0216020771331 0.0144013847554
0 0.487200013383 0.500780001037 0.031383950063 0.0209226333753
0 0.381400015709 0.506740000906 0.0235262389024 0.0156841592682
0 0.461800013942 0.465700001809 0.0243602500965 0.016240166731
0 0.473000013695 0.414420002936 0.023214201974 0.0154761346493
0 0.495600013198 0.38330000362 0.029737495224 0.019824996816
0 0.578400011378 0.399640003261 0.115864238411 0.0772428256075
0 0.627200010305 0.425520002692 0.0252856760408 0.0168571173605
0 0.419800014865 0.432380002541 0.0320622395941 0.0213748263961
0 0.39180001548 0.414480002935 0.0764876316041 0.0509917544027
0 0.596600010978 0.469060001735 0.03724062796 0.0248270853066
0 0.646800009874 0.469120001733 0.0209486199638 0.0139657466425
0 0.562800011721 0.468260001752 0.0420462340981 0.0280308227321
0 0.343000016553 0.463920001848 0.0248318671027 0.0165545780685
0 0.324200016967 0.476500001571 0.0239800478404 0.0159866985603
0 0.310800017261 0.471760001675 0.0243961630341 0.0162641086894
0 0.29860001753 0.45290000209 0.026046773089 0.0173645153927
0 0.271200018132 0.461280001906 0.0290220066171 0.0193480044114
0 0.218000019302 0.491640001238 0.0206148176187 0.0137432117458
0 0.221000019236 0.516180000699 0.0343833234169 0.0229222156113
0 0.179600020146 0.533080000327 0.0384231826223 0.0256154550816
0 0.211800019438 0.549139999974 0.0308189396324 0.020545959755
0 0.121600021421 0.553619999876 0.0345632838394 0.0230421892263
0 0.165800020449 0.547700000006 0.0262705611461 0.0175137074307
0 0.133400021161 0.52384000053 0.0289237654408 0.0192825102939
0 0.226000019126 0.475680001589 0.0428403750063 0.0285602500042
0 0.182000020093 0.463040001867 0.0287602280145 0.019173485343
0 0.279200017956 0.430720002578 0.0236009338551 0.0157339559034
0 0.290600017705 0.393160003403 0.0224403424769 0.0149602283179
0 0.296200017582 0.407700003084 0.048971495021 0.0326476633473
0 0.261800018339 0.382780003632 0.0252966576828 0.0168644384552
0 0.214200019385 0.402820003191 0.0295868191802 0.0197245461202
0 0.0436000231358 0.402740003193 0.0528665152717 0.0352443435145
0 0.0404000232061 0.380180003689 0.0318503235825 0.021233549055
0 0.0340000233468 0.527520000449 0.0255854451888 0.0170569634592
0 0.0546000228939 0.52706000046 0.0225181043747 0.0150120695831
0 0.0844000222388 0.523640000535 0.0448047038627 0.0298698025751
0 0.0164000237338 0.341700004535 0.0243342305302 0.0162228203535
0 0.146600020871 0.335720004666 0.0218827520747 0.0145885013831
0 0.198400019732 0.337860004619 0.0246434973146 0.0164289982098
0 0.115200021562 0.35422000426 0.0215372755516 0.014358183701
0 0.368400015995 0.17682000816 0.0405776620737 0.0270517747158
0 0.130800021219 0.207860007477 0.0268864235048 0.0179242823365
0 0.168400020392 0.198600007681 0.0553991193712 0.0369327462475
0 0.559000011805 0.175780008183 0.0206410350524 0.0137606900349
0 0.504000013014 0.202180007602 0.0364709236788 0.0243139491192
0 0.506600012957 0.249660006558 0.0220960531583 0.0147307021055
0 0.450800014183 0.174740008205 0.033507265395 0.02233817693
0 0.341400016589 0.354040004263 0.0254495102682 0.0169663401788
0 0.390600015507 0.274780006006 0.0463336254516 0.0308890836344
0 0.553800011919 0.269740006117 0.0240159607779 0.0160106405186
0 0.632800010182 0.218120007252 0.0330098266899 0.0220065511266
0 0.761000007364 0.198120007691 0.0199136744001 0.0132757829334
0 0.91080000407 0.234000006903 0.0337728034787 0.0225152023191
0 0.910200004083 0.21412000734 0.0286549625447 0.0191033083631
0 0.943400003353 0.188800007896 0.030425084524 0.0202833896827
0 0.841800005587 0.219680007217 0.0347770795916 0.0231847197277
0 0.876400004826 0.205260007534 0.0309690220739 0.0206460147159
0 0.917200003929 0.200620007636 0.0203507635407 0.0135671756938
0 0.98360000247 0.141460008937 0.0477313609381 0.0318209072921
0 0.942800003367 0.131720009151 0.0212056497481 0.0141370998321
0 0.888400004563 0.15772000858 0.0227614813068 0.0151743208712
0 0.97720000261 0.0789400103116 0.0331297343491 0.0220864895661
0 0.880400004738 0.0341800112957 0.0343065508562 0.0228710339041
0 0.953800003125 0.0371400112306 0.0201114428908 0.0134076285939
0 0.781400006915 0.121120009384 0.0361582931481 0.0241055287654
0 0.807000006352 0.132160009142 0.040762865983 0.0271752439887
0 0.526600012517 0.0902800100623 0.0213820485571 0.014254699038
0 0.681800009105 0.0674800105636 0.0312907545061 0.0208605030041
0 0.720600008252 0.0531000108797 0.0242590409089 0.0161726939393
0 0.735000007935 0.116180009493 0.0279037588677 0.0186025059118
0 0.495200013207 0.0449800110583 0.0295263706821 0.0196842471214
0 0.865200005073 0.0249000114997 0.0278071995645 0.018538133043
0 0.734000007957 0.101600009813 0.0408286569016 0.0272191046011
0 0.635400010125 0.0270200114531 0.0201419144742 0.0134279429828
0 0.447800014249 0.0277600114368 0.0423298770511 0.0282199180341
0 0.467000013827 0.112600009572 0.0209380340565 0.013958689371
0 0.453800014117 0.104400009752 0.0269104643968 0.0179403095979
0 0.419600014869 0.0504400109382 0.0198783550648 0.0132522367099
0 0.412600015023 0.0879800101129 0.0367954262549 0.0245302841699
0 0.358400016215 0.0380600112104 0.033143189334 0.022095459556
0 0.25080001858 0.0550600108366 0.0339895672422 0.0226597114948
0 0.205200019583 0.0583600107641 0.0393063638715 0.026204242581
0 0.125400021337 0.0604800107175 0.0211776515076 0.0141184343384
0 0.108400021711 0.0742800104141 0.0294358463354 0.0196238975569
0 0.0892000221332 0.0836200102088 0.0213205117881 0.0142136745254
0 0.115000021566 0.0902800100623 0.0205881055164 0.0137254036776
0 0.446200014284 0.130080009187 0.0379467178642 0.0252978119095
0 0.299200017516 0.033120011319 0.0208769919561 0.0139179946374
0 0.195400019798 0.0166800116804 0.021889182766 0.0145927885107
0 0.20760001953 0.0311800113617 0.0311182141119 0.0207454760746
0 0.0558000228675 0.142660008911 0.0229235347274 0.0152823564849
0 0.0336000233556 0.101260009821 0.0277733642349 0.0185155761566
0 0.020800023637 0.0985000098816 0.0248262278811 0.0165508185874
0 0.0148000237689 0.077560010342 0.0316264365917 0.0210842910611
0 0.901200004281 0.633079998129 0.0217736281901 0.0145157521267
0 0.580000011343 0.801939994416 0.0431569628854 0.0287713085903
0 0.598600010934 0.814319994144 0.0277780141194 0.0185186760796
0 0.286600017793 0.846919993427 0.0421306245547 0.0280870830364
0 0.299600017508 0.102480009794 0.027012860789 0.0180085738593
