0 0.4415999924 0.128319987241 0.16149741318 0.10766494212
0 0.230399997044 0.409259981064 0.194165324961 0.129443549974
0 0.241999996789 0.730399974004 0.119721663851 0.0798144425676
0 0.242199996784 0.830079971812 0.13702220211 0.0913481347401
0 0.418599992906 0.832319971763 0.0680002073651 0.0453334715767
0 0.615999988566 0.255659984441 0.159628555356 0.106419036904
0 0.878799982788 0.14697998683 0.14765262949 0.0984350863266
0 0.64539998792 0.845819971466 0.0950860812337 0.0633907208225
0 0.468999991798 0.435119980496 0.0719460795439 0.0479640530293
0 0.986399980423 0.0381399892234 0.022830833839 0.0152205558927
0 0.966399980862 0.051119988938 0.0215956464418 0.0143970976279
0 0.979999980563 0.107239987704 0.0459342300553 0.0306228200369
0 0.941799981403 0.0243999895254 0.027331229475 0.01822081965
0 0.846399983501 0.0247999895167 0.0222161586849 0.0148107724566
0 0.867999983026 0.026739989474 0.0242040337649 0.0161360225099
0 0.910399982094 0.0245599895219 0.0249915461143 0.0166610307429
0 0.834999983751 0.0395999891913 0.0217742217924 0.0145161478616
0 0.703399986645 0.0530399888958 0.0283106732261 0.0188737821507
0 0.735799985932 0.154659986662 0.0522934912104 0.0348623274736
0 0.695799986812 0.145819986856 0.0236231939403 0.0157487959602
0 0.722999986214 0.0805999882899 0.117278990496 0.0781859936642
0 0.628199988298 0.120259987418 0.0200012307354 0.0133341538236
0 0.619599988487 0.144299986889 0.0349026264724 0.0232684176483
0 0.666799987449 0.193699985803 0.0459879510611 0.0306586340407
0 0.787199984802 0.167219986386 0.0244098158863 0.0162732105909
0 0.783599984881 0.182299986054 0.0249976800044 0.016665120003
0 0.781199984934 0.193559985806 0.0218503018171 0.0145668678781
0 0.809199984319 0.190839985866 0.0302441347643 0.0201627565096
0 0.86599998307 0.183699986023 0.0279957672201 0.0186638448134
0 0.752599985563 0.20929998546 0.0198319551537 0.0132213034358
0 0.793399984666 0.114879987536 0.0224606238879 0.0149737492586
0 0.770599985167 0.139539986994 0.0329801465762 0.0219867643842
0 0.723199986209 0.116819987494 0.0850610292391 0.056707352826
0 0.571399989547 0.135559987082 0.104094094667 0.069396063111
0 0.763999985312 0.0178599896692 0.0207649989938 0.0138433326626
0 0.549799990022 0.0686999885515 0.0920314039347 0.0613542692898
0 0.482599991499 0.0645799886421 0.0292332300927 0.0194888200618
0 0.455199992101 0.054119988872 0.0376001530702 0.0250667687135
0 0.350399994405 0.0933399880098 0.0320996365373 0.0213997576916
0 0.273399996098 0.0194599896341 0.0236639546298 0.0157759697532
0 0.386799993605 0.0259799894907 0.0211110691192 0.0140740460795
0 0.517399990734 0.043979989095 0.038287841304 0.025525227536
0 0.489999991336 0.0329599893373 0.0348029012905 0.0232019341936
0 0.578399989393 0.0276599894538 0.0546718576526 0.0364479051017
0 0.663799987515 0.0352199892876 0.0528207089629 0.0352138059753
0 0.622599988421 0.0374599892383 0.0699546428503 0.0466364285669
0 0.0752000004557 0.0260799894885 0.0364342192715 0.0242894795144
0 0.253799996529 0.0737399884407 0.0203165324763 0.0135443549842
0 0.0894000001436 0.109039987665 0.0204638447738 0.0136425631825
0 0.231199997026 0.116579987499 0.0250955254458 0.0167303502972
0 0.29559999561 0.142399986931 0.0244581944716 0.0163054629811
0 0.237199996894 0.142599986927 0.0209915571949 0.0139943714632
0 0.233799996969 0.128779987231 0.0265606347904 0.0177070898602
0 0.0164000017485 0.0573199888017 0.0343904466442 0.0229269644294
0 0.0880000001743 0.213219985374 0.0277392321042 0.0184928214028
0 0.0570000008559 0.270839984107 0.0243797400378 0.0162531600252
0 0.0218000016298 0.301059983443 0.0307084306759 0.0204722871172
0 0.115599999568 0.156259986626 0.030341188736 0.0202274591574
0 0.16959999838 0.352339982316 0.0206238205865 0.0137492137243
0 0.394399993438 0.179079986125 0.0223859289351 0.0149239526234
0 0.383199993684 0.158299986582 0.0579565558325 0.0386377038884
0 0.351599994379 0.173919986238 0.0700448703958 0.0466965802639
0 0.334599994753 0.213779985362 0.0230245460476 0.0153496973651
0 0.36339999412 0.259759984351 0.0240002303177 0.0160001535451
0 0.501799991077 0.333199982736 0.0214931511159 0.0143287674106
0 0.464399991899 0.225259985109 0.0539468714093 0.0359645809395
0 0.531999990413 0.219179985243 0.0417260846053 0.0278173897369
0 0.584399989261 0.328759982834 0.0200997687128 0.0133998458085
0 0.638199988078 0.345699982462 0.0213771018714 0.0142514012476
0 0.68679998701 0.338779982614 0.0221417605333 0.0147611736889
0 0.707199986561 0.337059982652 0.0217623497469 0.0145082331646
0 0.859999983202 0.236819984855 0.020331075732 0.013554050488
0 0.869999982982 0.247619984618 0.0199658124664 0.0133105416443
0 0.895599982419 0.251759984527 0.0237119374802 0.0158079583202
0 0.797399984578 0.320419983017 0.0378914139191 0.0252609426127
0 0.810199984297 0.279059983927 0.0236107282926 0.0157404855284
0 0.776599985035 0.301839983426 0.0639367030024 0.0426244686683
0 0.897199982384 0.438399980424 0.0208743207459 0.0139162138306
0 0.920999981861 0.458679979978 0.0247052319511 0.0164701546341
0 0.981599980528 0.370399981919 0.0210847527518 0.0140565018345
0 0.828599983892 0.379119981727 0.0267145756466 0.0178097170977
0 0.78139998493 0.475539979607 0.021923215963 0.0146154773087
0 0.806999984367 0.450999980147 0.0238219517682 0.0158813011788
0 0.797599984574 0.466679979802 0.0203129708626 0.0135419805751
0 0.694599986838 0.545199978076 0.022818467125 0.0152123114167
0 0.696999986785 0.536019978277 0.0209277449505 0.013951829967
0 0.801599984486 0.490679979274 0.045741111449 0.0304940742993
0 0.878599982793 0.41261998099 0.0296965366671 0.0197976911114
0 0.783399984886 0.362719982087 0.0286030223458 0.0190686815638
0 0.786799984811 0.380679981693 0.0350960418798 0.0233973612532
0 0.839799983646 0.361999982103 0.0236014285237 0.0157342856824
0 0.807599984354 0.58411997722 0.0249702753662 0.0166468502441
0 0.988999980366 0.350839982349 0.0294250625607 0.0196167083738
0 0.633799988175 0.502839979007 0.0328509391481 0.0219006260987
0 0.604599988817 0.519299978645 0.0212157409868 0.0141438273245
0 0.671199987353 0.4667799798 0.0266920187602 0.0177946791735
0 0.669799987383 0.478739979537 0.0397547314553 0.0265031543035
0 0.642599987981 0.466939979796 0.0256322408347 0.0170881605565
0 0.635999988126 0.463539979871 0.0237093652037 0.0158062434691
0 0.62719998832 0.452899980105 0.0233204567809 0.0155469711873
0 0.785599984837 0.44083998037 0.0242275799884 0.0161517199923
0 0.677599987212 0.407079981112 0.0239307788517 0.0159538525678
0 0.530199990452 0.511679978812 0.0266180163435 0.017745344229
0 0.466999991842 0.48087997949 0.0465653282057 0.0310435521371
0 0.518799990703 0.579179977328 0.023176013561 0.0154506757074
0 0.413799993012 0.425639980704 0.041398218283 0.0275988121887
0 0.266599996248 0.370859981908 0.0361129815079 0.0240753210053
0 0.236799996903 0.512359978798 0.0325592825644 0.0217061883763
0 0.367399994032 0.510779978832 0.0217871821087 0.0145247880724
0 0.264399996296 0.581519977277 0.0263375392693 0.0175583595128
0 0.129799999255 0.36897998195 0.0364129485234 0.0242752990156
0 0.413799993012 0.616459976509 0.0301937775048 0.0201291850032
0 0.438399992471 0.714839974346 0.0232016373925 0.0154677582617
0 0.42979999266 0.724719974129 0.020625007791 0.013750005194
0 0.487799991385 0.676799975182 0.0337252163631 0.0224834775754
0 0.608799988724 0.631179976185 0.0211038469583 0.0140692313055
0 0.520399990668 0.677959975157 0.0232673293774 0.0155115529183
0 0.517799990725 0.711319974423 0.0337768597609 0.0225179065072
0 0.468999991798 0.803599972395 0.0204869952625 0.0136579968416
0 0.361799994155 0.869059970955 0.027110508363 0.018073672242
0 0.373799993891 0.843959971507 0.0369708357267 0.0246472238178
0 0.484799991451 0.845139971481 0.020824754956 0.0138831699707
0 0.490999991314 0.856519971231 0.0285226881714 0.0190151254476
0 0.572799989516 0.863579971076 0.0280797619417 0.0187198412945
0 0.525399990558 0.895439970375 0.0620083860172 0.0413389240115
0 0.508999990919 0.839019971616 0.0202427279269 0.0134951519513
0 0.621399988447 0.701239974645 0.076252169369 0.0508347795793
0 0.68539998704 0.752479973518 0.0270645041868 0.0180430027912
0 0.651199987792 0.600099976869 0.0264884131804 0.0176589421203
0 0.701399986689 0.616119976516 0.084300921528 0.056200614352
0 0.809799984305 0.598319976908 0.0270510492019 0.0180340328013
0 0.857199983263 0.658899975576 0.0396633167052 0.0264422111368
0 0.791799984701 0.706679974525 0.0212927114149 0.0141951409433
0 0.735799985932 0.791739972655 0.0215115527864 0.0143410351909
0 0.941999981399 0.645739975865 0.0334998453666 0.0223332302444
0 0.969999980783 0.664359975456 0.0235359344062 0.0156906229374
0 0.991399980313 0.667199975393 0.0201525003814 0.0134350002543
0 0.874399982885 0.625759976304 0.0711469919502 0.0474313279668
0 0.868799983008 0.581559977276 0.0627766062927 0.0418510708618
0 0.858999983224 0.711239974425 0.106173681298 0.0707824541985
0 0.673999987291 0.782299972863 0.0336691209482 0.0224460806322
0 0.678999987181 0.80563997235 0.0433993504804 0.0289329003203
0 0.72179998624 0.837499971649 0.033005671474 0.0220037809827
0 0.746399985699 0.832679971755 0.023356864387 0.0155712429247
0 0.804399984424 0.794119972603 0.0224155101151 0.0149436734101
0 0.869599982991 0.774159973042 0.0215988123206 0.0143992082137
0 0.972199980735 0.801419972442 0.0224409360791 0.0149606240528
0 0.938599981474 0.847759971424 0.0235142679232 0.0156761786155
0 0.844199983549 0.832559971758 0.0444539838528 0.0296359892352
0 0.789399984754 0.860779971137 0.019922974169 0.0132819827793
0 0.717399986337 0.890759970478 0.0207821145261 0.0138547430174
0 0.784999984851 0.840039971593 0.0348325814041 0.0232217209361
0 0.987199980405 0.946219969259 0.0273774315186 0.0182516210124
0 0.917599981935 0.947599969229 0.0396726164742 0.0264484109828
0 0.927599981716 0.913819969971 0.0406906443731 0.0271270962487
0 0.644199987946 0.922619969778 0.0511000538397 0.0340667025598
0 0.639999988038 0.946279969258 0.0198823124133 0.0132548749422
0 0.466799991846 0.92795996966 0.0221623387455 0.014774892497
0 0.434599992554 0.918539969868 0.0452146851662 0.0301431234441
0 0.403799993231 0.906419970134 0.0217744196598 0.0145162797732
0 0.392199993486 0.913479969979 0.0198904249777 0.0132602833185
0 0.528399990492 0.929239969632 0.0402139817475 0.026809321165
0 0.502799991055 0.926299969697 0.0221373085163 0.0147582056775
0 0.475999991644 0.913499969978 0.0251991090426 0.0167994060284
0 0.438599992466 0.936999969462 0.0254742436963 0.0169828291309
0 0.21919999729 0.973379968662 0.032093898382 0.0213959322547
0 0.136599999106 0.947419969233 0.0462451787129 0.0308301191419
0 0.104999999801 0.936199969479 0.0578936339916 0.0385957559944
0 0.108999999713 0.980479968506 0.032121401954 0.0214142679693
0 0.142199998983 0.977799968565 0.0363691208889 0.0242460805926
0 0.135799999123 0.833039971747 0.0243268105018 0.0162178736678
0 0.0392000012472 0.824799971928 0.0234967566561 0.0156645044374
0 0.971799980744 0.147199986826 0.0346746831994 0.0231164554663
0 0.323999994986 0.148039986807 0.0422060120434 0.0281373413623
0 0.0582000008295 0.178879986129 0.0536457171893 0.0357638114595
