0 0.219600019266 0.0835800102096 0.16352951163 0.10901967442
0 0.520600012649 0.165780008402 0.424354393221 0.282902928814
0 0.641200009997 0.176040008177 0.17489897384 0.116599315893
0 0.669000009386 0.187460007926 0.0934195428511 0.062279695234
0 0.835600005723 0.0906000100553 0.108916123801 0.0726107492006
0 0.841800005587 0.247640006603 0.223291409843 0.148860939895
0 0.275200018044 0.467240001775 0.135070239968 0.0900468266451
0 0.384200015648 0.503640000974 0.371922493747 0.247948329165
0 0.771200007139 0.562179999687 0.612299755693 0.408199837129
0 0.376400015819 0.748339995595 0.260918868618 0.173945912412
0 0.490600013308 0.897159992323 0.284041655842 0.189361103894
0 0.228200019077 0.977239990562 0.0468257217363 0.0312171478242
0 0.0854000222168 0.962919990877 0.0264102555478 0.0176068370318
0 0.149600020805 0.953979991074 0.0336971191888 0.0224647461259
0 0.13940002103 0.941699991344 0.0341992077784 0.0227994718523
0 0.163800020493 0.923739991738 0.0533600955621 0.0355733970414
0 0.109000021698 0.937619991433 0.0536300856627 0.0357533904418
0 0.130000021236 0.921959991778 0.0198396719833 0.0132264479889
0 0.0520000229511 0.943919991295 0.0217859949041 0.0145239966027
0 0.290200017714 0.968099990763 0.0286550614784 0.0191033743189
0 0.702200008656 0.931519991567 0.03139186476 0.02092790984
0 0.663600009505 0.912799991979 0.0952184545407 0.0634789696938
0 0.722000008221 0.919519991831 0.0999655908549 0.0666437272366
0 0.858000005231 0.966399990801 0.0880306235456 0.0586870823637
0 0.978800002575 0.873259992848 0.0239976580412 0.0159984386941
0 0.990200002325 0.882399992647 0.0280785747372 0.0187190498248
0 0.930000003648 0.911659992004 0.0217009119116 0.0144672746077
0 0.894400004431 0.896039992347 0.0248529399834 0.0165686266556
0 0.865600005064 0.905419992141 0.0275597663502 0.0183731775668
0 0.845200005512 0.897979992305 0.0274500488634 0.0183000325756
0 0.833800005763 0.789779994684 0.0216515439892 0.0144343626595
0 0.780600006933 0.83177999376 0.133778165686 0.0891854437906
0 0.706400008564 0.725839996089 0.0408979105002 0.0272652736668
0 0.668600009395 0.75037999555 0.0208304931113 0.0138869954076
0 0.568200011602 0.846319993441 0.109546331548 0.0730308876986
0 0.515400012763 0.823039993952 0.0301916009631 0.0201277339754
0 0.604800010798 0.819559994029 0.121390675577 0.0809271170512
0 0.598000010947 0.76399999525 0.0573638439625 0.0382425626417
0 0.576600011418 0.740699995763 0.0406676917518 0.0271117945012
0 0.493000013256 0.67033999731 0.022745948714 0.0151639658093
0 0.385200015626 0.920979991799 0.0415480039233 0.0276986692822
0 0.442800014359 0.88775999253 0.0216296796388 0.0144197864259
0 0.504600013001 0.931959991558 0.0503577541968 0.0335718361312
0 0.295600017595 0.889859992483 0.048506308706 0.0323375391374
0 0.264400018281 0.894019992392 0.0542669219684 0.0361779479789
0 0.269600018167 0.80539999434 0.0216988343036 0.0144658895358
0 0.219800019262 0.838959993602 0.0220701325257 0.0147134216838
0 0.185400020018 0.845759993453 0.0508897207675 0.0339264805117
0 0.14800002084 0.835699993674 0.01993019633 0.0132867975533
0 0.110400021667 0.810239994234 0.0323367806456 0.0215578537637
0 0.0812000223091 0.845019993469 0.0230566995041 0.0153711330027
0 0.0234000235799 0.862299993089 0.0301265025805 0.0200843350537
0 0.0228000235931 0.902439992207 0.026699636656 0.0177997577707
0 0.157800020625 0.817719994069 0.0288512470298 0.0192341646865
0 0.105200021781 0.791659994642 0.0245288331422 0.0163525554281
0 0.0934000220409 0.784639994797 0.028301769192 0.018867846128
0 0.0980000219398 0.727679996049 0.0277231059091 0.0184820706061
0 0.0962000219793 0.755459995438 0.0623033074134 0.0415355382756
0 0.111400021645 0.679959997098 0.106037152775 0.0706914351832
0 0.181800020097 0.691179996851 0.0567005923557 0.0378003949038
0 0.16940002037 0.61573999851 0.098082882311 0.0653885882074
0 0.33360001676 0.516400000694 0.0268322078304 0.0178881385536
0 0.272400018106 0.69125999685 0.0754035159854 0.0502690106569
0 0.564600011681 0.564839999629 0.0215774426387 0.0143849617592
0 0.675800009237 0.676299997179 0.0214990871386 0.0143327247591
0 0.73340000797 0.602819998794 0.0357700772613 0.0238467181742
0 0.764600007284 0.591819999036 0.0418048358403 0.0278698905602
0 0.779400006959 0.57343999944 0.0364436179742 0.0242957453161
0 0.786000006814 0.552919999891 0.0369716271964 0.0246477514643
0 0.710600008472 0.612059998591 0.0473377036971 0.0315584691314
0 0.805600006383 0.509720000841 0.0219692201392 0.0146461467595
0 0.845000005517 0.512700000775 0.0514896547985 0.0343264365323
0 0.835600005723 0.540460000165 0.0318035279366 0.0212023519577
0 0.874600004866 0.571339999486 0.0417137178913 0.0278091452609
0 0.919600003877 0.605339998739 0.0203091124479 0.0135394082986
0 0.876600004822 0.685879996968 0.0439721766742 0.0293147844495
0 0.793800006642 0.596479998933 0.0377892153943 0.0251928102629
0 0.772800007104 0.65211999771 0.0352160484728 0.0234773656485
0 0.776000007034 0.61935999843 0.0353755296169 0.0235836864113
0 0.975600002645 0.383200003622 0.028186610351 0.0187910735673
0 0.921000003846 0.334380004696 0.0323148173614 0.0215432115743
0 0.866600005042 0.348580004384 0.0280357364398 0.0186904909599
0 0.870200004963 0.363900004047 0.024971363637 0.016647575758
0 0.933800003564 0.397780003302 0.103801250878 0.0692008339189
0 0.882200004699 0.447300002213 0.0248473996956 0.0165649331304
0 0.837000005693 0.434780002488 0.0435628879067 0.0290419252711
0 0.79300000666 0.408080003075 0.0302452230352 0.0201634820234
0 0.776000007034 0.388980003495 0.0364491582621 0.0242994388414
0 0.763400007311 0.370080003911 0.0259810811041 0.0173207207361
0 0.755400007487 0.357580004186 0.0209268545471 0.0139512363647
0 0.737600007878 0.374800003807 0.0405322514998 0.0270215009999
0 0.807600006339 0.448780002181 0.0647098699635 0.043139913309
0 0.782800006884 0.471000001692 0.0615039230185 0.0410026153457
0 0.828200005886 0.377020003758 0.0643003833286 0.042866922219
0 0.848600005438 0.353900004267 0.0240154661094 0.0160103107396
0 0.743800007742 0.30962000524 0.0216932940158 0.0144621960105
0 0.851600005372 0.315860005103 0.0207339338082 0.0138226225388
0 0.921000003846 0.305280005335 0.020260239194 0.0135068261293
0 0.850800005389 0.335020004682 0.0252170160445 0.0168113440297
0 0.762000007342 0.273420006036 0.0700732643713 0.0467155095808
0 0.82620000593 0.270320006104 0.0295195442559 0.0196796961706
0 0.614000010595 0.474620001613 0.0300560617774 0.0200373745183
0 0.671000009342 0.371640003877 0.029494415093 0.0196629433953
0 0.698000008749 0.284360005795 0.0259739578768 0.0173159719179
0 0.642400009971 0.345480004452 0.0232048032713 0.0154698688475
0 0.616200010547 0.316960005079 0.0593786290122 0.0395857526748
0 0.618200010503 0.338580004603 0.0569991742992 0.0379994495328
0 0.618600010494 0.292060005626 0.0328481690041 0.0218987793361
0 0.851600005372 0.414300002939 0.0499743860619 0.0333162573746
0 0.529600012451 0.379600003702 0.0935532022963 0.0623688015309
0 0.14940002081 0.444660002271 0.0825807610733 0.0550538407155
0 0.252800018536 0.400700003238 0.167975592657 0.111983728438
0 0.0988000219222 0.318340005048 0.0335052867208 0.0223368578139
0 0.0680000225993 0.385320003576 0.0281950197165 0.018796679811
0 0.0458000230874 0.423860002728 0.0568428590339 0.0378952393559
0 0.0904000221068 0.390200003469 0.104506648247 0.069671098831
0 0.0150000237645 0.377920003738 0.0320655044066 0.0213770029377
0 0.134800021131 0.263980006243 0.0201610086806 0.0134406724538
0 0.098400021931 0.269760006116 0.0231252605667 0.0154168403778
0 0.0612000227488 0.285020005781 0.0308332850207 0.0205555233471
0 0.141600020981 0.329100004812 0.145117947782 0.0967452985216
0 0.0234000235799 0.233380006916 0.0387730122288 0.0258486748192
0 0.047000023061 0.208760007458 0.0232292398982 0.0154861599321
0 0.0292000234523 0.171860008269 0.0359337136213 0.0239558090809
0 0.10480002179 0.137840009017 0.0205698027796 0.0137132018531
0 0.129400021249 0.166100008395 0.0223889958802 0.0149259972535
0 0.102600021839 0.205280007534 0.0257248427894 0.0171498951929
0 0.0920000220717 0.202140007603 0.0228298445019 0.0152198963346
0 0.0704000225466 0.207460007486 0.0298971742355 0.0199314494903
0 0.0632000227048 0.233520006913 0.0251264916978 0.0167509944652
0 0.20760001953 0.0473000110073 0.0330336697146 0.0220224464764
0 0.210000019477 0.0114200117961 0.0297652955971 0.0198435303981
0 0.0652000226609 0.0457800110407 0.0218225014439 0.014548334296
0 0.0886000221464 0.0887600100957 0.0214192476329 0.0142794984219
0 0.160000020577 0.228980007013 0.0788049559458 0.0525366372972
0 0.201000019675 0.130380009181 0.114915464111 0.0766103094073
0 0.288800017745 0.120260009403 0.0222219957739 0.0148146638493
0 0.297000017565 0.145380008851 0.0480432989328 0.0320288659552
0 0.339600016628 0.142020008925 0.0526487621711 0.0350991747807
0 0.226600019112 0.18088000807 0.0482138606527 0.0321425737684
0 0.250200018594 0.166380008389 0.0203004062812 0.0135336041875
0 0.169200020374 0.202620007593 0.0590725281066 0.0393816854044
0 0.270600018145 0.179740008096 0.0211408481666 0.0140938987778
0 0.268600018189 0.163800008446 0.0359034399054 0.0239356266036
0 0.344400016523 0.17864000812 0.0485230285034 0.0323486856689
0 0.329400016852 0.198220007689 0.0202470810103 0.0134980540069
0 0.283200017868 0.200360007642 0.0200973943037 0.0133982628691
0 0.243600018739 0.216620007285 0.0250027256238 0.0166684837492
0 0.228600019068 0.229760006996 0.0359058143145 0.023937209543
0 0.364600016078 0.197560007704 0.0282035280158 0.0188023520105
0 0.383400015665 0.17364000823 0.0852389120537 0.0568259413691
0 0.598400010938 0.241440006739 0.0230740129037 0.0153826752692
0 0.524400012565 0.190040007869 0.0214703963621 0.0143135975747
0 0.5592000118 0.110700009613 0.115422994055 0.0769486627031
0 0.369200015977 0.109900009631 0.0244696707822 0.0163131138548
0 0.743200007755 0.232440006937 0.021559832438 0.0143732216253
0 0.719600008274 0.239540006781 0.0374442335398 0.0249628223598
0 0.677200009206 0.234680006888 0.02919771289 0.0194651419267
0 0.718800008291 0.208520007463 0.030582883795 0.0203885891967
0 0.685000009034 0.087520010123 0.023411178995 0.0156074526634
0 0.793400006651 0.171600008274 0.0205744526641 0.0137163017761
0 0.775800007038 0.183020008023 0.0279543139946 0.0186362093298
0 0.844600005526 0.223700007129 0.02467535397 0.01645023598
0 0.735600007922 0.0746800104053 0.0239722320771 0.0159814880514
0 0.766400007245 0.0908600100496 0.0239924145544 0.0159949430363
0 0.776600007021 0.076240010371 0.021938352821 0.0146255685473
0 0.671600009329 0.0481800109879 0.0248163345099 0.0165442230066
0 0.779600006955 0.0471600110103 0.0306177084617 0.0204118056412
0 0.954800003103 0.210860007411 0.0207390783612 0.0138260522408
0 0.963600002909 0.228880007015 0.0227710778769 0.0151807185846
0 0.980000002549 0.26870000614 0.0415110027149 0.02767400181
0 0.881600004712 0.108620009659 0.0351200827719 0.0234133885146
0 0.845000005517 0.124840009303 0.0486394734827 0.0324263156551
0 0.809000006308 0.171020008287 0.0365249414857 0.0243499609904
0 0.818800006093 0.154180008657 0.0236344723835 0.0157563149224
0 0.973400002694 0.0526400108899 0.052729591014 0.035153060676
0 0.943800003345 0.0568400107975 0.0261308667444 0.0174205778296
0 0.920200003863 0.0349200112794 0.0451216874767 0.0300811249845
0 0.897400004365 0.0242400115142 0.0232250846823 0.0154833897882
0 0.961000002966 0.0287000114162 0.0383759912416 0.0255839941611
0 0.949600003217 0.268180006151 0.027659887267 0.0184399248447
0 0.756800007456 0.0302400113823 0.032398515282 0.021599010188
0 0.798200006546 0.0189200116312 0.0361685822542 0.0241123881695
0 0.589400011136 0.0172200116686 0.0246291519264 0.0164194346176
0 0.0278000234831 0.587339999134 0.0212877647293 0.0141918431529
0 0.100000021896 0.620019998416 0.118547320687 0.0790315471247
0 0.50100001308 0.394800003367 0.303255572095 0.202170381397
