0 0.307599995346 0.890780007245 0.140266229283 0.0935108256895
0 0.217999997316 0.62503999556 0.0768887038022 0.051259139249
0 0.0874000001875 0.544619992024 0.0899282651487 0.05995218072
0 0.204599997611 0.429939986981 0.133870165209 0.0892467826922
0 0.026200001533 0.973740010892 0.037414353091 0.0249429037058
0 0.0884000001655 0.911520008157 0.0207244348049 0.0138162907812
0 0.165599998468 0.926920008834 0.0207283921532 0.0138189290135
0 0.358999994216 0.974840010941 0.055335006676 0.0368900068838
0 0.210399997483 0.987280011488 0.021902042704 0.0146013627657
0 0.221799997233 0.949980009848 0.0753016092952 0.0502010761745
0 0.171399998341 0.976820011028 0.0389089445831 0.0259392980996
0 0.0782000003898 0.981480011233 0.0409548936172 0.0273032642123
0 0.0642000006976 0.958980010243 0.0365119787612 0.0243413207796
0 0.668199987418 0.936820009269 0.0198474864375 0.0132316584977
0 0.891999982498 0.953860010018 0.0747808222684 0.0498538848004
0 0.492399991284 0.859800005882 0.029708802488 0.0198058696316
0 0.3551999943 0.841880005095 0.0501813520781 0.0334542369253
0 0.520399990668 0.944200009594 0.0269464744908 0.0179643175121
0 0.573399989503 0.865300006124 0.0200880932098 0.0133920630231
0 0.717199986341 0.898580007588 0.0213259517357 0.0142173020948
0 0.428799992682 0.934160009152 0.019884982312 0.013256655749
0 0.56759998963 0.885340007005 0.0215256988875 0.0143504668715
0 0.0550000008999 0.809040003651 0.0233619084655 0.0155746066709
0 0.0896000001392 0.85156000552 0.0304643591985 0.0203095741385
0 0.110799999673 0.829920004569 0.0404014584675 0.0269343074215
0 0.0422000011813 0.8693000063 0.0285662171207 0.0190441460032
0 0.116799999541 0.904560007851 0.0344355581457 0.022957040278
0 0.1959999978 0.833980004747 0.0252219610666 0.0168146418201
0 0.0744000004733 0.774960002152 0.0358204321583 0.0238802896805
0 0.231399997022 0.814080003872 0.124348785371 0.0828991957151
0 0.137799999079 0.884120006952 0.0364270936417 0.0242847306962
0 0.0406000012164 0.764520001693 0.102831693716 0.0685544669989
0 0.0993999999237 0.744760000824 0.0337776490027 0.0225184341537
0 0.0394000012428 0.604079994638 0.0344568288924 0.0229712207767
0 0.0256000015462 0.528219991303 0.0238183885836 0.0158789267697
0 0.0704000005613 0.439299987393 0.0203056484287 0.0135370998453
0 0.126599999326 0.46629998858 0.027127622106 0.0180850825968
0 0.308599995324 0.698059998771 0.0322614899627 0.0215076613937
0 0.130199999247 0.68849999835 0.0251264900405 0.0167509944652
0 0.123399999396 0.651139996708 0.0433037776582 0.0288691870096
0 0.434599992554 0.603939994632 0.0318569500401 0.0212379680941
0 0.246999996679 0.597499994349 0.0407481221723 0.0271654165733
0 0.0840000002623 0.694439998612 0.0239048566424 0.0159365721461
0 0.234999996943 0.765220001724 0.0561748549038 0.0374499057393
0 0.243599996753 0.730540000199 0.0511910694786 0.0341273819033
0 0.313199995223 0.720579999761 0.0543122300264 0.0362081557391
0 0.178799998178 0.662979997228 0.0409573669599 0.0273049131075
0 0.541999990193 0.627859995684 0.019823445547 0.0132156312363
0 0.514199990804 0.760860001532 0.0306697455715 0.0204464983963
0 0.451199992189 0.796460003097 0.0318642711343 0.0212428488239
0 0.41159999306 0.800720003285 0.0235407806054 0.015693854772
0 0.491999991292 0.801120003302 0.0240757151522 0.0160504778267
0 0.521799990637 0.782920002502 0.0454401520994 0.0302934367309
0 0.591999989094 0.774760002143 0.0561796037217 0.037453071618
0 0.748599985651 0.755940001316 0.028985992834 0.0193239964972
0 0.66359998752 0.780080002377 0.0435027333404 0.0290018241398
0 0.665599987476 0.814160003876 0.0223910720113 0.0149273823254
0 0.769599985189 0.833380004721 0.0233603255262 0.015573551378
0 0.808799984327 0.815280003925 0.0225220602377 0.0150147078154
0 0.908599982133 0.749360001026 0.0425249715269 0.0283499828878
0 0.806199984385 0.725279999968 0.0240868946609 0.0160579308331
0 0.675199987265 0.626999995646 0.0262920280275 0.0175280198411
0 0.721399986249 0.643199996358 0.0585668740405 0.0390445852689
0 0.831199983835 0.706899999159 0.0288663819838 0.0192442559252
0 0.833599983782 0.683019998109 0.0568736236673 0.0379157516123
0 0.963599980924 0.721799999815 0.0324435279812 0.0216290200807
0 0.820599984068 0.665899997357 0.0400065151143 0.0266710118353
0 0.957999981047 0.843860005182 0.0395248069012 0.0263498730054
0 0.974799980678 0.857540005783 0.024746782478 0.0164978560735
0 0.767799985229 0.868280006255 0.0798591883162 0.0532394623889
0 0.949799981227 0.632399995884 0.0345353822548 0.0230235896884
0 0.867999983026 0.552999992392 0.0254501021919 0.0169667359137
0 0.860199983197 0.533879991552 0.0514855951205 0.0343237323442
0 0.976199980647 0.541559991889 0.0204913469943 0.0136608988972
0 0.897599982375 0.495019989843 0.0616570683384 0.0411047149367
0 0.695799986812 0.519379990914 0.0496663032062 0.033110870988
0 0.717199986341 0.542159991916 0.0235257426821 0.0156838294892
0 0.747599985673 0.561379992761 0.0204077480129 0.0136051662393
0 0.688399986974 0.602219994557 0.0366793745912 0.024452918007
0 0.735199985945 0.600639994487 0.0340928517891 0.0227285693585
0 0.741599985805 0.587199993896 0.0266501680422 0.0177667798666
0 0.658199987638 0.578959993534 0.0338126715346 0.0225417825098
0 0.591799989098 0.605239994689 0.0247920941152 0.0165280638336
0 0.584599989256 0.557619992595 0.0368572573941 0.02457150655
0 0.654199987726 0.454799988074 0.0303978757482 0.0202652518354
0 0.909799982107 0.618019995251 0.0362725591934 0.0241817077238
0 0.510199990892 0.600039994461 0.0406179254156 0.0270786187297
0 0.547999990061 0.484199989367 0.0248102979171 0.0165401997023
0 0.563399989723 0.457519988194 0.0332676457498 0.0221784319627
0 0.619999988478 0.479879989177 0.0421701952582 0.0281134653597
0 0.451199992189 0.444879987638 0.050798302667 0.0338655373449
0 0.341799994594 0.403919985837 0.027096359055 0.0180642405614
0 0.286799995804 0.497339989945 0.0209998662416 0.0139999117511
0 0.511999990853 0.570859993178 0.0199497838892 0.0132998568033
0 0.499199991134 0.562799992823 0.0231081435103 0.015405430023
0 0.534799990351 0.581939993665 0.0253105067332 0.0168736722684
0 0.432199992607 0.529679991367 0.043705250636 0.0291368356791
0 0.398799993341 0.514839990714 0.0737673453871 0.0491782335016
0 0.158999998613 0.525119991166 0.0328845744413 0.0219230510735
0 0.193399997857 0.511939990587 0.0375236748358 0.0250157848738
0 0.691999986895 0.549519992239 0.0241185534468 0.0160790366917
0 0.30879999532 0.443879987594 0.042468777182 0.0283125199887
0 0.261599996358 0.549679992246 0.0563179130423 0.0375452778379
0 0.464399991899 0.562239992799 0.0235787711484 0.0157191818024
0 0.468799991802 0.390639985253 0.0291704052615 0.0194469381236
0 0.332199994806 0.372279984446 0.0317256650126 0.0211504447367
0 0.520199990672 0.454139988045 0.0332926759773 0.0221951187821
0 0.329199994871 0.479959989181 0.0742190766873 0.0494793877217
0 0.157199998653 0.479699989169 0.0252987336222 0.0168658235272
0 0.119999999471 0.497139989936 0.0503382609354 0.033558842837
0 0.259799996397 0.381579984855 0.0221628319523 0.014775222276
0 0.0930000000644 0.341719983102 0.0292867512994 0.019524502154
0 0.0466000010845 0.335059982809 0.0233192680383 0.0155461797176
0 0.0328000013879 0.422319986646 0.0214086603136 0.0142724411504
0 0.0574000008471 0.408019986017 0.0202825968752 0.013521732142
0 0.232399997 0.357559983799 0.0219947435863 0.014663163358
0 0.294999995623 0.352919983595 0.0230169266337 0.0153446187678
0 0.270399996164 0.336779982885 0.0243087040291 0.016205803755
0 0.148399998846 0.322979982278 0.0402003262438 0.0268002192635
0 0.0894000001436 0.31709998202 0.0246542794632 0.0164361873929
0 0.102599999853 0.40147998573 0.068755264922 0.0458368463046
0 0.260799996375 0.357839983811 0.0250179597654 0.0166786409436
0 0.0842000002579 0.253619979228 0.0203488824581 0.0135659225335
0 0.10139999988 0.211859977392 0.0615179675482 0.0410119810704
0 0.131999999207 0.194459976627 0.0484627746762 0.0323085185818
0 0.040800001212 0.201099976919 0.0262691743415 0.0175127840494
0 0.223599997193 0.168899975503 0.0211972389845 0.0141314935884
0 0.243399996758 0.156739974969 0.0337509369022 0.0225006260855
0 0.0616000007548 0.228119978107 0.0274245221568 0.0182830159771
0 0.207599997545 0.132019973882 0.0307101105235 0.020473408366
0 0.217199997334 0.115899973173 0.0215030430689 0.0143353629914
0 0.283399995878 0.107139972788 0.0235675916397 0.015711728796
0 0.387599993588 0.308319981634 0.0260985136992 0.0173990102803
0 0.532399990404 0.346059983293 0.0308580164135 0.0205720122992
0 0.64219998799 0.323599982305 0.0223958208292 0.0149305482042
0 0.59579998901 0.249499979047 0.0384394052158 0.0256262718341
0 0.228599997083 0.237779978532 0.0461102300881 0.0307401554196
0 0.471399991745 0.300479981289 0.0228300408636 0.0152200282462
0 0.544599990136 0.31937998212 0.0227346687713 0.0151564468472
0 0.392199993486 0.235719978441 0.0211565772315 0.0141043857513
0 0.371399993944 0.207839977215 0.0202336246909 0.0134890840169
0 0.480399991547 0.238259978553 0.0400497491437 0.0266998345235
0 0.109199999708 0.297619981163 0.0454646876584 0.0303097937714
0 0.140799999014 0.308799981655 0.0235660087004 0.0157106735031
0 0.455399992097 0.26729997983 0.0236648434724 0.0157765633555
0 0.641199988012 0.223959977924 0.0593805048363 0.0395870058352
0 0.645799987911 0.282619980504 0.0545085144985 0.0363390120625
0 0.675999987247 0.273239980091 0.0424490893746 0.0282993947829
0 0.80639998438 0.323319982293 0.0228226208356 0.0152150815606
0 0.828599983892 0.313899981879 0.0218123098329 0.0145415408477
0 0.955799981096 0.324539982347 0.107831803203 0.0718878735432
0 0.847599983474 0.266379979789 0.0224731869871 0.0149821256462
0 0.792199984692 0.372459984454 0.0201612052183 0.0134408043654
0 0.820799984064 0.380139984792 0.0220761660261 0.0147174449881
0 0.97559998066 0.391659985298 0.0204187296543 0.013612487334
0 0.944199981351 0.441579987493 0.0541198039688 0.0360798716922
0 0.846399983501 0.42217998664 0.0355588514404 0.0237059025238
0 0.822199984033 0.408919986057 0.0228365704882 0.0152243813296
0 0.83459998376 0.400999985709 0.0262923248286 0.0175282177085
0 0.890799982525 0.399119985626 0.0203499707288 0.0135666480473
0 0.684799987054 0.410979986148 0.0829429519232 0.0552953049292
0 0.754799985515 0.456699988158 0.0255957326067 0.0170638228633
0 0.688999986961 0.368839984295 0.0494130329196 0.0329420241191
0 0.599599988927 0.364799984117 0.021693292585 0.0144621960105
0 0.754599985519 0.265359979745 0.0368455832168 0.0245637237647
0 0.963399980928 0.257679979407 0.0248386918906 0.0165591290193
0 0.943599981364 0.223719977914 0.0252336352438 0.0168224246054
0 0.877399982819 0.23205997828 0.0295330962266 0.0196887321163
0 0.966399980862 0.175899975811 0.0513899262271 0.0342599530777
0 0.764599985299 0.149599974655 0.0258620621425 0.0172413758988
0 0.883199982692 0.0897599720234 0.031361786843 0.0209078592743
0 0.899399982335 0.0517999703543 0.0216742973135 0.0144495324953
0 0.756799985471 0.0778599715002 0.0289858939003 0.0193239305414
0 0.818399984116 0.0741199713357 0.0231726482865 0.0154484332099
0 0.899599982331 0.154159974855 0.0269520147783 0.0179680110373
0 0.939799981447 0.0905799720595 0.0270554994345 0.0180370008126
0 0.752399985567 0.128079973708 0.0248279081167 0.0165519398362
0 0.765999985268 0.102619972589 0.0367784072307 0.0245189397709
0 0.706399986579 0.0767599714518 0.0429330730629 0.0286220505964
0 0.717199986341 0.0940399722116 0.0347448249098 0.0231632181343
0 0.634399988162 0.0121399686104 0.0285967876358 0.0190645263479
0 0.811799984261 0.0547599704844 0.025594644336 0.0170630973494
0 0.816199984165 0.0163799687969 0.024778738065 0.0165191597995
0 0.835999983729 0.00893996846971 0.0211032519641 0.0140688355707
0 0.883799982678 0.0507599703086 0.051308602721 0.0342057374034
0 0.732799985998 0.214059977489 0.0582763057468 0.0388508730603
0 0.60399998883 0.180939976033 0.163997457272 0.109331645392
0 0.454599992115 0.173199975692 0.0320950834697 0.0213967237244
0 0.169799998376 0.0403199698495 0.0515362491779 0.034357501718
0 0.216799997343 0.0182999688813 0.0248425503052 0.0165617012958
0 0.195799997804 0.077719971494 0.0862298264281 0.0574865547436
0 0.0987999999369 0.0498799702699 0.020846123263 0.0138974164253
0 0.49439999124 0.079539971574 0.0414733062352 0.0276488726471
0 0.402399993262 0.122159973448 0.0316162443341 0.0210774976129
0 0.334599994753 0.133699973955 0.0685340491561 0.0456893691175
0 0.528999990479 0.107019972782 0.0218617766858 0.0145745187518
