0 0.130600021223 0.142278008919 0.0237048142529 0.015803209502
0 0.112600021619 0.195481007749 0.0276040886533 0.0184027257689
0 0.113400021601 0.21455600733 0.0199549297581 0.0133032865054
0 0.071200022529 0.210646007416 0.0331603048662 0.0221068699108
0 0.203800019614 0.155147608636 0.0341553801439 0.0227702534293
0 0.213600019398 0.0718484104675 0.0350930738685 0.023395382579
0 0.259800018383 0.0727590104475 0.0370403861264 0.0246935907509
0 0.249600018607 0.0966230099229 0.0487673947726 0.0325115965151
0 0.171000020335 0.0361142112532 0.0312735400402 0.0208490266934
0 0.156400020656 0.019475631619 0.0323724957157 0.0215816638105
0 0.187000019983 0.0564738108056 0.0216928982809 0.0144619321873
0 0.0902000221112 0.0398374111713 0.0214786078602 0.0143190719068
0 0.240400018809 0.13225040914 0.0261833016119 0.0174555344079
0 0.281200017912 0.194689807767 0.0216990321711 0.0144660214474
0 0.310800017261 0.157125208593 0.027907419415 0.0186049462767
0 0.303400017424 0.177992008134 0.0262962839113 0.0175308559408
0 0.343800016536 0.183956208003 0.0236452561582 0.0157635041055
0 0.322400017006 0.195694207745 0.0649962830604 0.0433308553736
0 0.336000016707 0.120062809408 0.0235818396486 0.0157212264324
0 0.32680001691 0.0820496102433 0.0311738148582 0.0207825432388
0 0.316200017143 0.0381544112083 0.0431372750767 0.0287581833845
0 0.268400018193 0.11539600951 0.0216073206198 0.0144048804132
0 0.296400017578 0.101463809816 0.0295053967351 0.01967026449
0 0.254200018506 0.153966208662 0.0234800368587 0.0156533579058
0 0.281000017916 0.162991008464 0.0239728256794 0.0159818837863
0 0.261600018343 0.162331608478 0.0241337908292 0.0160891938861
0 0.267400018215 0.146429808828 0.0289265355848 0.0192843570565
0 0.395200015406 0.192953407805 0.028439287052 0.0189595247013
0 0.537600012275 0.0651386106151 0.0265571721104 0.017704781407
0 0.668800009391 0.0674198105649 0.0331277556749 0.0220851704499
0 0.725800008137 0.0808876102688 0.120985047357 0.0806566982377
0 0.81440000619 0.056453610806 0.0278787286385 0.0185858190923
0 0.85440000531 0.109444809641 0.0232768270138 0.0155178846759
0 0.899400004321 0.0946954099653 0.0262972732484 0.0175315154989
0 0.867200005029 0.0335164113103 0.0282291518472 0.0188194345648
0 0.946400003287 0.0608256107099 0.0204295147757 0.0136196765171
0 0.966600002843 0.139851408972 0.0368981194482 0.0245987462988
0 0.926400003727 0.351826004312 0.0227395180227 0.0151596786818
0 0.861600005152 0.401840003213 0.0277183570909 0.0184789047273
0 0.794200006634 0.413994002945 0.0325502795966 0.0217001863977
0 0.876200004831 0.242994006705 0.024859271741 0.0165728478274
0 0.750000007605 0.266628006185 0.0341812018428 0.0227874678952
0 0.716800008335 0.334722004688 0.0726089354159 0.0484059569439
0 0.675400009245 0.356988004199 0.0252815208249 0.0168543472166
0 0.557800011831 0.278470005925 0.0249828399476 0.0166552266317
0 0.517000012728 0.336996004638 0.0231995597846 0.0154663731897
0 0.409200015098 0.376152003777 0.0203703524157 0.0135802349438
0 0.345800016492 0.373126003844 0.0297515438111 0.0198343625407
0 0.311800017239 0.375822003785 0.0230535336253 0.0153690224169
0 0.37500001585 0.288082005714 0.032397822746 0.0215985484973
0 0.430800014623 0.444796002268 0.0458264912427 0.0305509941618
0 0.42140001483 0.409158003052 0.0491451236859 0.0327634157906
0 0.40500001519 0.442254002324 0.0335063749916 0.0223375833277
0 0.566800011633 0.442528002318 0.0285827409348 0.0190551606232
0 0.315800017151 0.484572001394 0.0854408357603 0.0569605571736
0 0.286000017807 0.458676001963 0.0519878849733 0.0346585899822
0 0.266600018233 0.460572001921 0.02919771289 0.0194651419267
0 0.262000018334 0.490312001268 0.0566649762193 0.0377766508129
0 0.288800017745 0.500236001049 0.0353753317495 0.0235835544996
0 0.260000018378 0.521392000584 0.0781078690094 0.0520719126729
0 0.228200019077 0.466468001792 0.036127722631 0.0240851484207
0 0.18760001997 0.480978001473 0.0744476184578 0.0496317456385
0 0.181200020111 0.449094002174 0.0254728586243 0.0169819057495
0 0.152800020735 0.441244002346 0.026462789349 0.017641859566
0 0.137000021082 0.42786200264 0.0342759803391 0.0228506535594
0 0.242000018774 0.389274003489 0.132213034358 0.0881420229055
0 0.173800020273 0.389132003492 0.0594063304517 0.0396042203011
0 0.488800013348 0.314234005139 0.0242992079961 0.0161994719974
0 0.339000016641 0.311686005195 0.026300142326 0.0175334282174
0 0.3136000172 0.255554006429 0.0278236225608 0.0185490817072
0 0.254200018506 0.357006004198 0.0569725611306 0.0379817074204
0 0.276000018026 0.344570004472 0.0365841038456 0.0243894025637
0 0.244600018717 0.256634006405 0.0236026157282 0.0157350771521
0 0.275200018044 0.235882006861 0.0208317792496 0.0138878528331
0 0.134600021135 0.292138005624 0.0303988670903 0.0202659113935
0 0.117400021513 0.281924005849 0.0271768928839 0.0181179285893
0 0.0340000233468 0.613981998549 0.0305644821246 0.0203763214164
0 0.0236000235755 0.549141999974 0.0696823772742 0.0464549181828
0 0.0568000228456 0.594575998975 0.0261612393941 0.0174408262627
0 0.0498000229995 0.477418001551 0.0549379893385 0.0366253262257
0 0.0564000228543 0.460152001931 0.0277420022482 0.0184946681654
0 0.0186000236854 0.485570001372 0.0319601400031 0.021306760002
0 0.0170000237206 0.458712001962 0.0300002631637 0.0200001754424
0 0.161000020555 0.523726000533 0.082410694022 0.0549404626813
0 0.0946000220145 0.523284000543 0.0517160151321 0.0344773434214
0 0.0904000221068 0.548581999986 0.021109090445 0.0140727269633
0 0.0840000222476 0.556963999802 0.0268579305956 0.0179052870638
0 0.0988000219222 0.562747999675 0.025396976467 0.0169313176447
0 0.0776000223883 0.601283998828 0.0248496751709 0.016566450114
0 0.127400021293 0.584237999203 0.0241052979201 0.0160701986134
0 0.132400021183 0.608049998679 0.0281205226312 0.0187470150875
0 0.121400021425 0.596385998935 0.0348860056088 0.0232573370725
0 0.145600020893 0.603049998789 0.0205464544235 0.0136976362823
0 0.183000020071 0.577685999347 0.025446146522 0.0169640976813
0 0.0890000221376 0.610519998625 0.0199298995289 0.0132865996859
0 0.305600017376 0.589699999082 0.0931535100989 0.0621023400659
0 0.292000017675 0.54294600011 0.0247966467012 0.0165310978008
0 0.338000016663 0.515754000708 0.020979487282 0.0139863248546
0 0.398600015331 0.607463998692 0.0201916781314 0.0134611187543
0 0.390400015511 0.636349998057 0.0218730565709 0.0145820377139
0 0.424800014755 0.550903999935 0.155993730769 0.103995820512
0 0.52100001264 0.562365999683 0.131125752861 0.0874171685739
0 0.48780001337 0.635497998076 0.0271364289956 0.0180909526637
0 0.553600011923 0.495386001156 0.172913374235 0.115275582823
0 0.613000010617 0.50340600098 0.0259369566684 0.0172913044456
0 0.624000010376 0.561283999707 0.0245069687918 0.0163379791945
0 0.664800009479 0.504364000959 0.135309659551 0.0902064397009
0 0.64200000998 0.437510002428 0.111243044713 0.0741620298085
0 0.73840000786 0.449788002158 0.0519562261854 0.0346374841236
0 0.788800006752 0.621277998388 0.022838056 0.0152253706667
0 0.821000006044 0.630451998186 0.0201505217071 0.0134336811381
0 0.800000006506 0.594975998966 0.0403223141624 0.0268815427749
0 0.837400005684 0.524666000512 0.0458633935173 0.0305755956782
0 0.809200006304 0.478242001533 0.0521038352841 0.0347358901894
0 0.925400003749 0.433388002519 0.0680380000431 0.0453586666954
0 0.957000003054 0.786421994757 0.0239815318461 0.0159876878974
0 0.908800004114 0.693995996789 0.0215855552031 0.0143903701354
0 0.884400004651 0.683623997018 0.0265039457732 0.0176692971822
0 0.886400004607 0.670515997306 0.0209238865357 0.0139492576905
0 0.945600003305 0.769369995132 0.0271444426263 0.0180962950842
0 0.815000006176 0.796985994525 0.0210404304487 0.0140269536325
0 0.793600006647 0.835669993675 0.021474551578 0.0143163677187
0 0.815800006159 0.904213992168 0.084696953178 0.056464635452
0 0.538800012249 0.824127993928 0.0723317231542 0.0482211487695
0 0.528600012473 0.941185991355 0.0210262829279 0.0140175219519
0 0.7184000083 0.661023997514 0.0201533907848 0.0134355938565
0 0.735600007922 0.731533995964 0.0201080791446 0.0134053860964
0 0.594600011022 0.838107993621 0.0372236113615 0.0248157409076
0 0.461600013946 0.756363995418 0.0253207975086 0.0168805316724
0 0.476200013625 0.814609994138 0.0213210064566 0.0142140043044
0 0.459200013999 0.82680999387 0.0370535443101 0.0247023628734
0 0.461800013942 0.836061993666 0.0271728366017 0.0181152244011
0 0.434400014544 0.859723993146 0.0256706271151 0.0171137514101
0 0.401600015265 0.84724599342 0.066665591587 0.0444437277247
0 0.429200014658 0.779169994917 0.0414966573267 0.0276644382178
0 0.448400014236 0.790339994671 0.0202723091069 0.0135148727379
0 0.37000001596 0.877831992748 0.0632044945981 0.0421363297321
0 0.360600016166 0.854751993255 0.0526048356028 0.0350698904019
0 0.445200014306 0.914357991945 0.0258135863293 0.0172090575528
0 0.481200013515 0.954545991061 0.13407595616 0.0893839707731
0 0.378600015771 0.932219991552 0.026569340957 0.0177128939714
0 0.402000015256 0.758785995365 0.0327300421517 0.0218200281011
0 0.425800014733 0.755651995434 0.0270010876772 0.0180007251182
0 0.27220001811 0.75354799548 0.0286915680182 0.0191277120121
0 0.246200018682 0.788009994723 0.0326922494736 0.0217948329824
0 0.19580001979 0.796483994536 0.0461745400423 0.0307830266949
0 0.169800020361 0.792573994622 0.0308554461722 0.0205702974482
0 0.211800019438 0.822039993974 0.052223841877 0.0348158945847
0 0.34180001658 0.724309996123 0.0228862367179 0.0152574911453
0 0.319600017068 0.705593996534 0.0363483448093 0.0242322298729
0 0.275200018044 0.675605997194 0.0268701983759 0.017913465584
0 0.247400018655 0.655907997627 0.0200121134437 0.0133414089625
0 0.24580001869 0.671129997292 0.0227893806136 0.0151929204091
0 0.296600017573 0.667783997366 0.0345676369228 0.0230450912818
0 0.226400019117 0.654501997658 0.0245352638335 0.0163568425556
0 0.198000019741 0.652003997713 0.0304044073782 0.0202696049188
0 0.163200020506 0.700939996637 0.034390842379 0.0229272282527
0 0.407400015138 0.734673995895 0.0240568204011 0.0160378802674
0 0.14940002081 0.578701999324 0.021998504518 0.0146656696787
0 0.220000019258 0.747717995608 0.176685716683 0.117790477788
0 0.360200016175 0.777403994956 0.0662742098214 0.0441828065476
0 0.332200016791 0.87271799286 0.0518805418956 0.0345870279304
0 0.163800020493 0.823767993936 0.0592475418435 0.039498361229
0 0.16620002044 0.849373993373 0.0630071218422 0.0420047478948
0 0.243400018743 0.900045992259 0.0367010434934 0.024467362329
0 0.271400018128 0.96686799079 0.0440223360663 0.0293482240442
0 0.210600019464 0.95322799109 0.0246902929605 0.016460195307
0 0.134800021131 0.85637399322 0.0208713527345 0.0139142351563
0 0.120400021447 0.882543992644 0.0216130587751 0.0144087058501
0 0.0936000220365 0.735471995878 0.0389267552176 0.0259511701451
0 0.0494000230082 0.724289996123 0.0660012517093 0.0440008344729
0 0.00800002391843 0.798965994482 0.0198827081481 0.0132551387654
0 0.0120000238305 0.774631995017 0.0230990431329 0.0153993620886
0 0.0384000232501 0.803455994383 0.0223726718177 0.0149151145451
0 0.0462000230786 0.81224199419 0.0235622507736 0.0157081671824
0 0.0680000225993 0.675861997188 0.0223072766339 0.0148715177559
0 0.0760000224234 0.693565996799 0.0390545775738 0.0260363850492
0 0.0268000235051 0.709781996442 0.0203477955293 0.0135651970196
0 0.0370000232809 0.750887995539 0.0537263481648 0.0358175654432
0 0.0666000226301 0.776613994973 0.0401436398781 0.0267624265854
0 0.0200000236546 0.735643995874 0.0412097495612 0.0274731663741
0 0.0880000221596 0.933385991526 0.0211583594337 0.0141055729558
0 0.110600021663 0.982741990441 0.0217689783056 0.0145126522037
0 0.741400007794 0.981509990468 0.0281450581918 0.0187633721279
0 0.725600008142 0.955801991034 0.0488601945947 0.0325734630631
0 0.825400005948 0.965731990815 0.0250004501484 0.0166669667656
0 0.904200004215 0.950899991141 0.0518860821834 0.0345907214556
0 0.895200004413 0.979485990513 0.0504342299564 0.0336228199709
0 0.973800002685 0.903179992191 0.0352087273781 0.0234724849187
0 0.961200002962 0.944105991291 0.0232159827808 0.0154773218539
0 0.910000004088 0.894901992372 0.0199018023546 0.0132678682364
0 0.0604000227664 0.0157115117017 0.0341634927083 0.0227756618055
0 0.0926000220585 0.0544570108499 0.0258216988937 0.0172144659291
0 0.18440002004 0.121139809384 0.0287737819331 0.0191825212887
0 0.167400020414 0.0878018101168 0.0220012746619 0.0146675164413
0 0.169000020379 0.113366809555 0.0245846317559 0.0163897545039
0 0.488000013366 0.202346007599 0.0484570397173 0.0323046931449
0 0.823600005987 0.291924005629 0.0266291958529 0.0177527972353
0 0.7730000071 0.255386006432 0.0248085187467 0.0165390124978
0 0.766000007254 0.24503800666 0.0244894575247 0.0163263050165
0 0.428800014667 0.336416004651 0.0323815976172 0.0215877317448
0 0.397400015357 0.31054000522 0.0261019781004 0.0174013187336
0 0.424400014764 0.352080004307 0.0416426834859 0.0277617889906
0 0.237600018871 0.32235200496 0.116308450779 0.0775389671861
0 0.155800020669 0.414420002936 0.0237182692378 0.0158121794919
0 0.0982000219354 0.298190005491 0.0210024399032 0.0140016266021
0 0.0640000226873 0.551257999928 0.0373078039506 0.0248718693004
0 0.10480002179 0.638739998004 0.0423644049167 0.0282429366111
0 0.276600018013 0.648245997795 0.0451406827495 0.0300937884996
0 0.479000013563 0.61662999849 0.0396776620935 0.026451774729
0 0.705600008582 0.601257998828 0.0529543684082 0.0353029122721
0 0.849000005429 0.668823997343 0.0235699676032 0.0157133117354
0 0.833600005767 0.675077997205 0.101750355024 0.0678335700158
0 0.592600011066 0.740767995761 0.167402766464 0.111601844309
0 0.380200015736 0.81678999409 0.0764813987802 0.0509875991868
0 0.411000015058 0.81449199414 0.0618299096003 0.0412199397335
0 0.0538000229115 0.797397994516 0.031265328542 0.0208435523614
0 0.414400014984 0.904179992169 0.0335703851034 0.0223802567356
0 0.840800005609 0.945929991251 0.0485858514107 0.0323905676071
