0 0.0935999842394 0.897499992315 0.222254613857 0.148169732798
0 0.971400022837 0.95457999106 0.0224528110864 0.014968539737
0 0.481000001274 0.953519991084 0.0242121495232 0.0161414319508
0 0.483400001379 0.948059991204 0.019906454865 0.0132709690347
0 0.313199993895 0.9300399916 0.0401446345108 0.0267630879087
0 0.465200000579 0.892179992432 0.0346735005687 0.0231156655212
0 0.773600014139 0.909779992045 0.0418089965713 0.0278726625425
0 0.989400023628 0.499780001059 0.0258512834837 0.0172341878524
0 0.8000000153 0.566119999601 0.0208527559473 0.0139018363813
0 0.802000015388 0.615859998507 0.0419042697487 0.0279361779899
0 0.793800015028 0.632839998134 0.0398582213761 0.0265721458315
0 0.67560000983 0.61389999855 0.0200214158537 0.0133476096888
0 0.722000011871 0.605059998745 0.0703452424256 0.0468968251906
0 0.604200006691 0.585179999182 0.0277273637163 0.018484907925
0 0.301599993385 0.642399997924 0.029886493337 0.0199243275772
0 0.362599996067 0.633619998117 0.0280907472893 0.0187271636244
0 0.358399995883 0.614659998534 0.0294252643097 0.0196168415793
0 0.53140000349 0.74035999577 0.0293783697239 0.0195855785242
0 0.270199992005 0.660359997529 0.0211259119628 0.0140839403796
0 0.572600005301 0.681859997056 0.0452994773331 0.0301996495636
0 0.396799997571 0.829319993814 0.0213111158966 0.0142074096607
0 0.312599993869 0.816559994095 0.0403133165124 0.026875542569
0 0.694600010666 0.841439993548 0.0232332003114 0.0154887991861
0 0.870400018396 0.812619994181 0.0671259390047 0.0447506230516
0 0.416799998451 0.753939995472 0.0263651452528 0.0175767623426
0 0.167399987484 0.795079994567 0.0371584189467 0.0247722776639
0 0.130399985858 0.775299995002 0.0540993353962 0.0360662212187
0 0.37539999663 0.798539994491 0.0276241758408 0.0184161160126
0 0.25099999116 0.731399995967 0.0452606953128 0.0301737948851
0 0.667600009479 0.778599994929 0.020970289213 0.0139801918866
0 0.694600010666 0.789839994682 0.0326123153361 0.0217415421234
0 0.972000022863 0.770579995106 0.0245319033233 0.0163546011368
0 0.83480001683 0.875139992807 0.0708131000124 0.0472087302279
0 0.551600004378 0.782619994841 0.0449041381669 0.0299360901368
0 0.0635999829203 0.7389799958 0.0450235511733 0.0300156988025
0 0.779600014403 0.779159994917 0.0200447642129 0.0133631752606
0 0.0257999812582 0.675199997203 0.033569598062 0.0223797305652
0 0.200999988962 0.646579997832 0.0249190309903 0.0166126862312
0 0.217599989692 0.611979998593 0.0276940230509 0.0184626808162
0 0.108799984908 0.585679999171 0.0303239782702 0.0202159841801
0 0.358199995874 0.508500000868 0.0548800214224 0.0365866785352
0 0.384999997052 0.531300000366 0.0376459643449 0.025097307908
0 0.401599997782 0.570899999496 0.0489987082553 0.0326658033491
0 0.243999990853 0.593459999 0.0443747438029 0.0295831605841
0 0.147199986596 0.476020001582 0.0295216257581 0.0196810825407
0 0.0617999828412 0.516620000689 0.0205448741942 0.0136965818928
0 0.815200015969 0.489520001285 0.0335989813784 0.0223993194415
0 0.908000020049 0.473500001637 0.0447349614966 0.0298233056974
0 0.52640000327 0.446720002226 0.0245206248786 0.0163470821742
0 0.654600008907 0.443400002299 0.0338353340481 0.0225568878776
0 0.42679999889 0.380260003687 0.0313148984627 0.0208765975982
0 0.37879999678 0.371140003888 0.0232871191917 0.0155247451039
0 0.300599993341 0.374240003819 0.0208890646245 0.0139260421645
0 0.769800013972 0.279520005902 0.021045182043 0.0140301204366
0 0.762200013638 0.267840006159 0.0240598905199 0.0160399259554
0 0.949200021861 0.312760005171 0.0206315401376 0.0137543591845
0 0.79840001523 0.30416000536 0.0820219942862 0.0546813259176
0 0.548400004237 0.295780005544 0.0210156997929 0.0140104656045
0 0.620600007412 0.302040005407 0.0455820320525 0.0303880193641
0 0.810200015749 0.351360004322 0.138608127801 0.0924054124395
0 0.946200021729 0.406860003102 0.0344803819369 0.0229869197752
0 0.977600023109 0.0256000114843 0.027338158441 0.0182254377586
0 0.448799999858 0.0928800100052 0.0221248457871 0.0147498962185
0 0.431599999101 0.103720009767 0.0198788523556 0.013252567363
0 0.203599989076 0.115000009519 0.0252601544751 0.0168401018727
0 0.585600005873 0.0160400116945 0.025038345063 0.0166922289411
0 0.958000022248 0.0986000098794 0.0539834840039 0.0359889869623
0 0.8432000172 0.195540007748 0.0243347284088 0.0162231512025
0 0.752200013198 0.189060007891 0.0239558122409 0.0159705404406
0 0.877600018712 0.264800006225 0.0205842498169 0.0137228323062
0 0.718400011712 0.228720007019 0.052742063619 0.0351613734269
0 0.0989999844769 0.223240007139 0.0214174696513 0.0142783121591
0 0.297199993192 0.344020004484 0.0453585407671 0.0302390251836
0 0.186799988337 0.374800003807 0.0283133481712 0.0188755642025
0 0.243399990826 0.361420004101 0.0237350910998 0.0158233930229
0 0.160399987177 0.360240004127 0.0338996409695 0.0225997591558
0 0.0581999826829 0.320280005006 0.030194770825 0.020129845889
0 0.0233999811527 0.228900007015 0.0375705768463 0.0250470495789
0 0.0631999829027 0.0351400112746 0.0374358291124 0.0249572177622
0 0.322199994291 0.0590400107491 0.0211498539244 0.0140999016863
0 0.276999992304 0.0115000117943 0.0277186575485 0.0184791038135
0 0.347999995426 0.0259200114773 0.0271280232085 0.0180853476129
0 0.956200022168 0.697539996712 0.0918245456551 0.0612163597325
0 0.864600018141 0.658819997563 0.0577001272617 0.0384667489707
0 0.868400018308 0.693019996811 0.0263551529466 0.0175701008055
0 0.0313999815045 0.835099993687 0.020266573625 0.0135110481922
