0 0.887599982595 0.815100003917 0.101345709456 0.0675638107604
0 0.206999997558 0.407959986015 0.373088897607 0.248725948143
0 0.839999983641 0.981840011249 0.0380603901893 0.025373595133
0 0.780999984939 0.949100009809 0.0327864322052 0.0218576229118
0 0.822599984024 0.947700009747 0.0238213565948 0.015880905444
0 0.737999985884 0.941600009479 0.0263237857471 0.0175491916555
0 0.546999990083 0.965880010547 0.0249062636116 0.0166041768362
0 0.792399984688 0.928360008897 0.0364226416249 0.0242817626848
0 0.703399986645 0.923320008675 0.0319917966809 0.0213278658607
0 0.646399987898 0.93456000917 0.0391404494545 0.0260936346907
0 0.589999989138 0.918400008459 0.0220976346402 0.0147317573984
0 0.568399989613 0.947860009755 0.0442245536573 0.0294830377161
0 0.438599992466 0.9648200105 0.0208911380991 0.013927426318
0 0.739799985844 0.897740007551 0.0250873122931 0.0167248759652
0 0.507999990941 0.977200011045 0.0373197724683 0.0248798499532
0 0.414999992985 0.957480010178 0.0209703839973 0.0139802569203
0 0.483599991477 0.955140010075 0.0246689216516 0.0164459488525
0 0.505799990989 0.932380009074 0.0200378348873 0.0133585574726
0 0.974399980687 0.774900002149 0.0243244344883 0.0162162907285
0 0.913999982015 0.778000002286 0.0232076708183 0.015471781566
0 0.915199981988 0.763840001663 0.0226463209721 0.0150975483105
0 0.95739998106 0.763020001627 0.0205723736993 0.0137149167041
0 0.9555999811 0.711659999369 0.0250592151207 0.0167061445156
0 0.946399981302 0.728020000088 0.0199750119842 0.0133166755344
0 0.890799982525 0.729140000137 0.0461279392215 0.0307519615092
0 0.975999980651 0.914300008279 0.0205782107879 0.0137188080968
0 0.965199980889 0.96596001055 0.0253525535581 0.0169017034868
0 0.888399982577 0.932180009065 0.0256140353423 0.0170760246878
0 0.943199981373 0.905760007903 0.0263558402677 0.0175705613374
0 0.897799982371 0.883640006931 0.0252308651001 0.0168205778428
0 0.87919998278 0.870100006335 0.0288629193041 0.0192419474719
0 0.862199983153 0.850280005464 0.0267866965561 0.0178577988819
0 0.703999986631 0.857520005782 0.027864183545 0.0185761235885
0 0.684999987049 0.880740006803 0.0230990416094 0.0153993620886
0 0.629999988258 0.894640007414 0.0242149148761 0.0161432776488
0 0.562399989745 0.908620008029 0.0207412535349 0.0138275032686
0 0.604399988821 0.877960006681 0.0234838937246 0.0156559301823
0 0.576199989441 0.889400007184 0.0228052085034 0.0152034733384
0 0.68039998715 0.829240004539 0.0247581598542 0.0165054409914
0 0.384799993649 0.866420006174 0.0384545420728 0.0256363630727
0 0.507199990958 0.868920006283 0.0248965681085 0.016597713167
0 0.545199990123 0.869140006293 0.0244296010175 0.0162864017525
0 0.449999992216 0.831020004617 0.021017575375 0.0140117178408
0 0.562999989731 0.829840004565 0.0275803427433 0.0183868963749
0 0.552399989964 0.820600004159 0.0250680202205 0.0167120145826
0 0.595599989015 0.811880003775 0.0223637663086 0.0149091785224
0 0.297799995562 0.839680004998 0.039294588168 0.0261963938398
0 0.378999993777 0.831140004622 0.0265173000754 0.0176782012163
0 0.615799988571 0.846800005311 0.0237277653092 0.0158185112495
0 0.641599988003 0.86520000612 0.0296426158388 0.019761745196
0 0.967799980832 0.873140006469 0.0432763730218 0.0288509172507
0 0.608599988729 0.777960002284 0.0403940384396 0.0269293607359
0 0.494599991235 0.819560004113 0.0286831567609 0.0191221057684
0 0.443199992365 0.813220003834 0.0426009526129 0.0284006369484
0 0.433999992567 0.804500003451 0.043426554387 0.0289510381675
0 0.36699999404 0.818280004057 0.0218100343577 0.0145400238641
0 0.398799993341 0.923980008705 0.031104954943 0.0207366379963
0 0.429599992664 0.981160011219 0.0203618427735 0.0135745627443
0 0.315799995166 0.937120009282 0.0441730091966 0.0294486747401
0 0.322799995012 0.919460008506 0.0329507610904 0.0219671755091
0 0.292599995676 0.906280007926 0.0348094286196 0.023206287277
0 0.237799996881 0.896080007478 0.0267805626663 0.0178537096218
0 0.310999995272 0.891040007256 0.0294105173652 0.01960701287
0 0.447799992264 0.882440006878 0.0358605992428 0.0239070677387
0 0.190199997927 0.871640006403 0.0210483437574 0.0140322300971
0 0.240999996811 0.869100006291 0.0252776607429 0.0168517749401
0 0.165199998477 0.848760005397 0.0212797496951 0.0141865007324
0 0.198799997738 0.917140008404 0.0520143957776 0.0346762661388
0 0.156799998662 0.889580007192 0.0436222452569 0.029081498756
0 0.0552000008955 0.863300006036 0.0277214222076 0.0184809493573
0 0.0510000009878 0.85314000559 0.0370928185474 0.0247285473293
0 0.175799998244 0.822760004254 0.0295440778679 0.019696053211
0 0.115199999576 0.868660006272 0.0218459472929 0.0145639658225
0 0.178799998178 0.966340010567 0.0369598516469 0.0246399027231
0 0.225599997149 0.9420600095 0.0312466280095 0.0208310867136
0 0.14959999882 0.935740009222 0.0221844984338 0.014789666598
0 0.0488000010362 0.933100009106 0.0209303158465 0.013953544818
0 0.240199996828 0.98732001149 0.0317384274606 0.021158953036
0 0.137399999088 0.989400011581 0.0303642382883 0.0202428268607
0 0.0568000008603 0.985040011389 0.0204343611798 0.0136229083517
0 0.0418000011901 0.760080001498 0.0329156396249 0.0219437611972
0 0.00900000191117 0.697839998761 0.0220592483624 0.0147061665449
0 0.0266000015242 0.837440004899 0.0465932244394 0.031062151675
0 0.128199999291 0.772820002058 0.039351079314 0.0262340546063
0 0.226999997118 0.812520003804 0.0219837619449 0.0146558422633
0 0.266199996257 0.803040003387 0.0284205867059 0.0189470590536
0 0.29059999572 0.791660002886 0.0223206312129 0.01488042179
0 0.301999995469 0.784680002579 0.0227570277888 0.0151713528598
0 0.344999994524 0.764360001686 0.025294776274 0.0168631852949
0 0.480999991534 0.745000000835 0.0209408028193 0.0139605361337
0 0.493599991257 0.734820000387 0.0221524439132 0.0147682969162
0 0.579999989358 0.76604000176 0.0298263357303 0.0198842251317
0 0.248799996639 0.713259999439 0.0302791553014 0.0201861048656
0 0.179199998169 0.698419998787 0.0247242255931 0.0164828181492
0 0.467599991829 0.711859999377 0.0247117599462 0.0164745077174
0 0.529199990474 0.719979999735 0.0269686356409 0.0179790916131
0 0.529799990461 0.709479999273 0.0272624687468 0.0181749803633
0 0.477599991609 0.684839998189 0.0463840785855 0.0309227210966
0 0.416799992946 0.64617999649 0.033693852154 0.0224625695842
0 0.511999990853 0.642499996328 0.025617498022 0.0170783331411
0 0.424999992765 0.620819995374 0.0252497614379 0.0168331754022
0 0.29379999565 0.620699995369 0.0270841902092 0.018056127997
0 0.185199998037 0.63755999611 0.0385721742489 0.0257147845286
0 0.209999997492 0.622239995437 0.0251873342696 0.0167915572872
0 0.0834000002755 0.6736999977 0.0288191906062 0.0192127950047
0 0.0482000010494 0.671019997582 0.0216279963392 0.0144186651771
0 0.0754000004514 0.659459997073 0.0215031420026 0.0143354289472
0 0.0882000001699 0.651179996709 0.0211514326788 0.0141009560492
0 0.0344000013528 0.656039996923 0.0244276223434 0.0162850826364
0 0.136199999115 0.619459995315 0.0262717466179 0.0175144989004
0 0.376799993825 0.68599999824 0.0356227626142 0.0237485099758
0 0.63899998806 0.755920001315 0.0312473205455 0.0208315484043
0 0.215199997378 0.729020000132 0.0212055494158 0.0141370338763
0 0.338999994656 0.715299999529 0.0278966338004 0.0185977570936
0 0.401999993271 0.707679999194 0.0259416048419 0.0172944043686
0 0.626599988333 0.669319997507 0.0261735054481 0.0174490047829
0 0.594399989041 0.611179994951 0.0347220701575 0.0231480482984
0 0.659599987608 0.627459995666 0.0202455956693 0.0134970646697
0 0.634599988157 0.632459995886 0.0347419558323 0.0231613054158
0 0.536399990316 0.587239993898 0.0323003709091 0.0215335820263
0 0.434599992554 0.594979994238 0.0317797817496 0.0211865225638
0 0.412399993042 0.589719994007 0.0356661945111 0.0237774645756
0 0.518599990707 0.632379995883 0.036749716456 0.0244998125866
0 0.391199993508 0.771920002018 0.029192764279 0.0194618441363
0 0.508399990932 0.790220002823 0.0211730991603 0.0141154003712
0 0.425999992743 0.746800000914 0.0267827392078 0.0178551606496
0 0.364399994098 0.727020000044 0.0226873784599 0.0151249199709
0 0.714199986407 0.738820000563 0.0418780440252 0.0279186978582
0 0.589999989138 0.714299999485 0.028855895011 0.0192372646095
0 0.61719998854 0.687079998288 0.0365938958695 0.0243959321887
0 0.375799993847 0.665219997327 0.0266307770359 0.0177538525282
0 0.343599994555 0.632819995902 0.0265866526031 0.0177244362378
0 0.302999995448 0.638759996163 0.0359503321139 0.0239668896567
0 0.251199996586 0.608999994855 0.0311418572152 0.0207612395128
0 0.213199997422 0.604979994678 0.0332857506179 0.0221905018756
0 0.332799994792 0.586179993851 0.0282649639868 0.0188433105674
0 0.523999990589 0.666639997389 0.0257090116998 0.0171393422636
0 0.579199989375 0.654779996868 0.0413666557004 0.0275777722859
0 0.700799986702 0.654859996871 0.0527904317652 0.035193623498
0 0.766199985264 0.650779996692 0.0260536967305 0.0173691322992
0 0.816799984151 0.654419996852 0.025180804645 0.0167872042039
0 0.935799981535 0.675019997758 0.0285934238898 0.0190622838504
0 0.92419998179 0.697259998736 0.0320904335855 0.0213936238014
0 0.797799984569 0.725139999961 0.0273148046772 0.0182098709858
0 0.794199984648 0.686119998246 0.0753850104091 0.0502566769208
0 0.743399985765 0.701359998916 0.0695640479662 0.0463760350363
0 0.872199982933 0.670259997548 0.0219858395527 0.0146572273352
0 0.933999981575 0.643099996354 0.031072010019 0.0207146747122
0 0.778399984996 0.634179995962 0.0267836296112 0.0178557542518
0 0.710399986491 0.636719996074 0.0393523654521 0.0262349120318
0 0.727399986117 0.607799994802 0.0259348773499 0.0172899193736
0 0.879799982766 0.623539995494 0.0346291714078 0.0230861157945
0 0.948199981263 0.630779995812 0.0235045708691 0.0156697149463
0 0.973599980704 0.568499993074 0.0221957768763 0.0147971855601
0 0.921399981852 0.586119993849 0.0298647220082 0.0199098159853
0 0.920999981861 0.564679992906 0.0304137051411 0.0202758047647
0 0.91099998208 0.545359992056 0.0341526077474 0.0227684066666
0 0.862599983145 0.603039994593 0.0207228518656 0.0138152354883
0 0.858999983224 0.593859994189 0.0244598747315 0.0163065842298
0 0.86099998318 0.587999993931 0.0367746477498 0.0245164334502
0 0.844999983531 0.564139992882 0.0343855966243 0.0229237325948
0 0.751399985589 0.587539993911 0.0199929189849 0.0133286135357
0 0.676399987238 0.599079994418 0.0450552999841 0.0300368686372
0 0.641599988003 0.58683999388 0.0522070197026 0.0348046820973
0 0.478799991582 0.621899995422 0.0272562359234 0.0181708251474
0 0.542199990189 0.607379994783 0.0229735936706 0.0153157301239
0 0.625799988351 0.562099992792 0.0285227852239 0.0190151914034
0 0.966199980867 0.60593999472 0.0242167946165 0.0161445308092
0 0.984999980454 0.685779998231 0.0290192345592 0.0193461576488
0 0.744599985739 0.619159995301 0.0221868728428 0.0147912495374
0 0.78319998489 0.607879994805 0.0474691834698 0.0316461244004
0 0.87599998285 0.530159991388 0.028539208219 0.0190261400676
0 0.833199983791 0.539659991806 0.0464365134496 0.0309576776749
0 0.686199987023 0.552979992391 0.039662027951 0.0264413537113
0 0.746399985699 0.562639992816 0.0587419866996 0.0391613270493
0 0.565399989679 0.573299993285 0.0306148373649 0.0204098929227
0 0.507799990945 0.567119993013 0.031198744096 0.0207991641025
0 0.939799981447 0.52929999135 0.0263329865817 0.0175553255457
0 0.802399984468 0.506379990342 0.0197932707668 0.0131955147148
0 0.904599982221 0.492839989747 0.0461844303674 0.0307896222757
0 0.966799980854 0.481219989236 0.0217689768698 0.0145126522037
0 0.922599981825 0.511499990568 0.0435476492428 0.0290317680767
0 0.66539998748 0.533439991532 0.0254732526791 0.0169821695728
0 0.662799987537 0.524239991128 0.0339479139103 0.0226319440996
0 0.780599984947 0.483379989331 0.0476025461051 0.0317350328298
0 0.601199988891 0.517779990844 0.0340952261981 0.0227301522979
0 0.430799992638 0.533939991554 0.0338842006038 0.0225894685591
0 0.524999990567 0.524619991144 0.0269974253492 0.0179982847533
0 0.535599990334 0.551719992336 0.0219376588381 0.0146251068567
0 0.577199989419 0.554299992449 0.0205286450013 0.0136857642369
0 0.610999988676 0.537199991698 0.0224532023785 0.014968802573
0 0.41479999299 0.562699992819 0.0554140547069 0.0369427055745
0 0.358199994234 0.552299992362 0.029172581803 0.0194483891514
0 0.360799994177 0.528639991321 0.0330083405071 0.0220055617895
0 0.664399987502 0.502359990166 0.0359369760636 0.0239579856226
0 0.735999985928 0.506259990337 0.0353224988174 0.0235483340981
0 0.751799985581 0.521339991 0.0249892689907 0.0166595137593
0 0.469399991789 0.505159990289 0.0461417899403 0.0307611953224
0 0.301599995478 0.527259991261 0.0363733726395 0.0242489166923
0 0.611799988658 0.480559989207 0.0264978101354 0.0176652079221
0 0.543599990158 0.484119989364 0.0254064724277 0.0169376494023
0 0.672599987322 0.477739989083 0.0382429228763 0.0254952835991
0 0.761599985365 0.465199988532 0.0224687349703 0.0149791576348
0 0.866799983052 0.455219988093 0.039009856963 0.0260065730239
0 0.967599980836 0.216479977595 0.024821774227 0.0165478505761
0 0.983599980484 0.30617998154 0.0211506412091 0.0141004284028
0 0.985799980436 0.330159982594 0.0228575444338 0.0152383639609
0 0.917999981927 0.335639982835 0.0204048789355 0.0136032535209
0 0.843199983571 0.331679982661 0.0376760327426 0.0251173568183
0 0.851199983395 0.298819981216 0.0275240494647 0.0183493675201
0 0.862999983136 0.282899980516 0.0239639200647 0.0159759477635
0 0.887799982591 0.299639981252 0.0322027233415 0.0214684836437
0 0.826599983936 0.27297998008 0.0259019324259 0.0172679560895
0 0.692999986873 0.263459979661 0.0322889935329 0.0215259971084
0 0.744799985734 0.269459979925 0.0263893787939 0.0175929203563
0 0.728999986082 0.293239980971 0.0320270170802 0.0213513461284
0 0.699199986737 0.280599980415 0.0343244555942 0.0228829719054
0 0.694799986834 0.306259981543 0.0222599848513 0.0148399908796
0 0.727799986108 0.315759981961 0.0288049441526 0.0192032973683
0 0.56579998967 0.301679981342 0.0214965134443 0.0143310099081
0 0.590599989125 0.307159981583 0.0288929951507 0.0192619980376
0 0.580199989353 0.337359982911 0.0412446704413 0.0274964487744
0 0.712199986451 0.342299983128 0.0288651947794 0.0192434644555
0 0.749799985624 0.332379982692 0.0234152337329 0.0156101568515
0 0.806199984385 0.347899983374 0.0201616009531 0.0134410681886
0 0.911599982067 0.374599984548 0.0300259839485 0.0200173239526
0 0.91099998208 0.347539983358 0.0200798817122 0.0133865886911
0 0.971599980748 0.371359984406 0.0215822889672 0.0143881935938
0 0.81639998416 0.375179984573 0.0400714156252 0.0267142788455
0 0.724599986179 0.363779984072 0.023413848661 0.0156092334702
0 0.743999985752 0.371399984407 0.0265933800951 0.0177289212327
0 0.651199987792 0.384499984983 0.0252688556431 0.0168459048731
0 0.678999987181 0.356799983765 0.026383640639 0.0175890949194
0 0.700999986697 0.392559985338 0.0206414294258 0.0137609538582
0 0.677199987221 0.401779985743 0.0215746710718 0.0143831149965
0 0.698999986741 0.377779984688 0.0227034057203 0.0151356048118
0 0.778799984987 0.255219979299 0.0335456494628 0.0223637677836
0 0.945399981324 0.25615997934 0.0215164980529 0.0143443329813
0 0.648399987854 0.24183997871 0.0261899284432 0.0174599534471
0 0.581799989318 0.270899979988 0.0271532459357 0.0181021651511
0 0.646199987902 0.310179981715 0.0216349216986 0.0144232820837
0 0.985199980449 0.350659983495 0.0440225310302 0.0293483559558
0 0.87099998296 0.384119984967 0.020901229337 0.0139341538104
0 0.821999984037 0.400439985684 0.0309938523914 0.0206625696238
0 0.947599981276 0.386299985062 0.0277979968959 0.0185319991529
0 0.892999982476 0.420059986547 0.0233129362812 0.0155419585459
0 0.958599981034 0.427919986892 0.0390302373063 0.0260201599204
0 0.737199985902 0.448799987811 0.0487703595673 0.0325135751893
0 0.695999986807 0.420759986578 0.0241068792695 0.0160712539063
0 0.761199985374 0.411859986186 0.0294046802766 0.0196031214773
0 0.834399983765 0.420719986576 0.0304505084797 0.0203003403254
0 0.637599988091 0.429359986956 0.0289949958013 0.0193299984758
0 0.646999987885 0.464499988501 0.0201251933494 0.0134167964512
0 0.918599981913 0.409979986104 0.0225833002015 0.0150555344607
0 0.56759998963 0.462919988431 0.0510364360966 0.0340242929752
0 0.546399990096 0.362419984012 0.0364384710178 0.0242923156141
0 0.573799989494 0.382699984904 0.031275714519 0.0208504777212
0 0.539199990255 0.392659985342 0.0232834540369 0.015522303715
0 0.505799990989 0.375419984584 0.0318775282508 0.0212516869022
0 0.336599994709 0.387439985113 0.0308678108504 0.0205785419242
0 0.334799994748 0.574759993349 0.0218016249927 0.0145344176204
0 0.156199998675 0.594399994213 0.0228304365984 0.0152202920695
0 0.211199997466 0.569859993134 0.0233401430502 0.0155600963931
0 0.248999996635 0.560699992731 0.0227209169862 0.0151472789898
0 0.296599995588 0.557419992587 0.0255097592165 0.017006507266
0 0.253399996538 0.54749999215 0.0220191802116 0.0146794544426
0 0.224399997176 0.532059991472 0.0297082088857 0.0198054738968
0 0.38659999361 0.495679989872 0.0341413293049 0.0227608877045
0 0.325199994959 0.505959990324 0.0325856957163 0.021723798577
0 0.270199996169 0.506019990327 0.0338421537789 0.0225614373406
0 0.342199994586 0.459179988267 0.0222866969518 0.0148577989478
0 0.300199995509 0.454619988067 0.0269547849221 0.0179698577999
0 0.25919999641 0.440959987466 0.0242561702314 0.0161707812208
0 0.308399995329 0.37213998444 0.0206091770378 0.0137394522647
0 0.460399991987 0.374799984557 0.0215958428848 0.0143972295395
0 0.394999993425 0.375739984598 0.0313253792393 0.0208835875369
0 0.328999994876 0.478299989108 0.029817035962 0.0198780252857
0 0.208599997523 0.50177999014 0.0465823417318 0.0310548965361
0 0.12459999937 0.51313999064 0.0341067025079 0.0227378031716
0 0.0676000006228 0.569479993117 0.0639487686975 0.0426325152768
0 0.064000000702 0.448639987804 0.0242155084784 0.0161436733837
0 0.0782000003898 0.434899987199 0.0221281062216 0.0147520717874
0 0.0510000009878 0.415059986327 0.0224981182809 0.0149987465099
0 0.297399995571 0.357419983793 0.0266365151908 0.0177576779651
0 0.172599998314 0.373139984484 0.0478801540833 0.0319201048275
0 0.280199995949 0.318659982088 0.0322016350708 0.0214677581298
0 0.233599996973 0.335039982809 0.0297645021643 0.0198430027516
0 0.325599994951 0.343119983164 0.030115222151 0.0200768160915
0 0.376999993821 0.354999983686 0.0271392962832 0.0180928653822
0 0.330599994841 0.326239982422 0.025629271133 0.0170861818822
0 0.373599993895 0.301079981315 0.0389491116677 0.0259660761577
0 0.417599992928 0.331179982639 0.0554840997706 0.0369894022867
0 0.449199992233 0.354499983664 0.0491952798333 0.0327968553854
0 0.0542000009174 0.357619983801 0.0375802649154 0.0250535115961
0 0.223599997193 0.351199983519 0.0417707009545 0.0278471358064
0 0.135599999128 0.487539989514 0.0294376252006 0.0196250847615
0 0.152399998758 0.456399988145 0.0211678556739 0.0141119047134
0 0.0452000011153 0.506059990328 0.0356997330373 0.0237998235946
0 0.0594000008031 0.520179990949 0.0417623905233 0.0278415955185
0 0.0760000004382 0.536919991685 0.0356689646548 0.0237793113383
0 0.162999998525 0.552519992371 0.0328396585389 0.0218931071366
0 0.13959999904 0.524319991131 0.0366226855779 0.0244151253289
0 0.183199998081 0.525579991187 0.0227295242186 0.0151530171451
0 0.0174000017265 0.352039983556 0.0339086372291 0.0226057596437
0 0.101599999875 0.325799982402 0.0214847403333 0.0143231611669
0 0.144999998921 0.300559981292 0.0341888174837 0.0227925464924
0 0.124199999378 0.286499980674 0.0242488491372 0.016165900491
0 0.0876000001831 0.313999981883 0.0235280181574 0.0156853464728
0 0.0636000007108 0.255499979311 0.0252750884665 0.016850060089
0 0.0482000010494 0.235399978427 0.0418927851474 0.0279285252736
0 0.0328000013879 0.198359976799 0.0402538493786 0.0268359013557
0 0.0366000013044 0.136719974088 0.0199810469402 0.0133206988387
0 0.0736000004909 0.129859973787 0.0204148712398 0.0136099150575
0 0.0985999999413 0.137879974139 0.0307241591097 0.0204827740907
0 0.0424000011769 0.121379973414 0.0224535981133 0.0149690663962
0 0.346199994498 0.282219980486 0.0292235326614 0.0194823563926
0 0.53939999025 0.204019977047 0.0251697240699 0.0167798171534
0 0.642999987973 0.20429997706 0.0252072199444 0.0168048144046
0 0.687599986992 0.195119976656 0.024610649699 0.0164071008815
0 0.66039998759 0.180719976023 0.0229150249168 0.0152766842854
0 0.6189999885 0.18337997614 0.0283822004281 0.0189214682
0 0.583799989274 0.157839975017 0.0291075823584 0.0194050561854
0 0.564799989692 0.154399974866 0.0372995899923 0.0248663949683
0 0.68539998704 0.141879974315 0.0266762865405 0.0177841922
0 0.632999988192 0.159479975089 0.0212565002742 0.0141710011175
0 0.281799995914 0.255859979327 0.0229015699328 0.0152677142955
0 0.248799996639 0.288739980773 0.0256737913005 0.0171158619959
0 0.205599997589 0.303499981422 0.0414245319183 0.0276163564336
0 0.125799999343 0.345939983288 0.0220418360302 0.0146945583226
0 0.340999994612 0.206959977177 0.036151662205 0.0241011097263
0 0.27059999616 0.213079977446 0.0347478918546 0.0231652627643
0 0.174199998279 0.218019977663 0.0648420411263 0.0432280302687
0 0.349599994423 0.246779978928 0.0211232365727 0.0140821586439
0 0.48619999142 0.301739981344 0.0561563543009 0.0374375720031
0 0.428999992677 0.274399980142 0.0222826406699 0.0148550947597
0 0.46799999182 0.24455997883 0.0298351408302 0.0198900951986
0 0.479199991574 0.21543997755 0.0250919621772 0.0167279758881
0 0.41839999291 0.22955997817 0.0418627093008 0.027908474708
0 0.544999990127 0.125939973614 0.0375177388134 0.0250118275253
0 0.384599993654 0.258139979427 0.03510177772 0.0234011866901
0 0.39659999339 0.246359978909 0.0201415174109 0.0134276791596
0 0.29879999554 0.242619978745 0.0228195538908 0.0152130369306
0 0.43979999244 0.173259975695 0.0297686573799 0.0198457728956
0 0.142399998978 0.180319976005 0.030916684101 0.0206111240934
0 0.102599999853 0.272259980048 0.0315339314909 0.0210226223805
0 0.129399999264 0.253059979204 0.0393052730082 0.0262035170671
0 0.104599999809 0.236019978455 0.0256263031218 0.017084203208
0 0.34519999452 0.265319979743 0.0358170684123 0.0238780471831
0 0.443999992348 0.202759976992 0.0254489149875 0.016965944444
0 0.0634000007152 0.302399981373 0.0421767248828 0.0281178184431
0 0.755599985497 0.183179976131 0.0294924344736 0.0196616242792
0 0.988599980374 0.178699975934 0.0282678330643 0.0188452232858
0 0.971999980739 0.114819973125 0.0209869059262 0.0139912715403
0 0.874799982876 0.120919973394 0.0235867847786 0.0157245242228
0 0.931799981623 0.166759975409 0.0515396129239 0.0343597442155
0 0.867599983035 0.148859974622 0.0353528714651 0.0235685825312
0 0.798599984552 0.121659973426 0.0322974028979 0.0215316033521
0 0.767399985238 0.0987199724174 0.0380578179129 0.025371880282
0 0.786799984811 0.111139972964 0.0348417799414 0.0232278548263
0 0.827599983914 0.0459199700957 0.0298573019802 0.0199048692997
0 0.865399983083 0.0270599692665 0.0403731634277 0.0269154440603
0 0.731999986016 0.057979970626 0.0395229271608 0.026348619845
0 0.794999984631 0.0630799708503 0.0266412640087 0.0177608438439
0 0.611599988663 0.0941199722151 0.0248570935599 0.0165713967996
0 0.596199989001 0.0612199707685 0.0522335339357 0.0348223582539
0 0.677399987216 0.0457599700887 0.0215255999538 0.0143504009157
0 0.639999988038 0.0820199716831 0.0296002722128 0.0197335161101
0 0.68359998708 0.0950799722573 0.0491481873894 0.0327654604207
0 0.646799987889 0.0376599697325 0.0369706354209 0.0246470919062
0 0.889999982542 0.104419972668 0.0316487935232 0.0210991970738
0 0.922599981825 0.112519973024 0.020708605412 0.0138057378519
0 0.890399982533 0.187859976337 0.0235556206613 0.0157037481433
0 0.837999983685 0.212419977417 0.0670325323045 0.0446883578171
0 0.471999991732 0.0279999693078 0.024450278162 0.0163001865164
0 0.443399992361 0.0187199688997 0.0270518388874 0.0180345604477
0 0.488799991363 0.07125997121 0.0242471672642 0.0161647792423
0 0.445399992317 0.0757599714078 0.0231073520407 0.0154049023765
0 0.411399993064 0.0849599718124 0.0258474199541 0.0172316144392
0 0.077600000403 0.0217799690343 0.0293476944621 0.0195651309318
0 0.0610000007679 0.0399999698354 0.0274639967054 0.0183093323445
0 0.0194000016825 0.112179973009 0.0296266875122 0.0197511263108
0 0.0812000003238 0.112039973003 0.0267482113446 0.0178321420725
0 0.0752000004557 0.0989199724262 0.0402223884602 0.0268149274087
0 0.035800001322 0.0829199717227 0.03105281688 0.0207018792854
0 0.286799995804 0.055159970502 0.0365267198833 0.024351148195
0 0.200599997699 0.0624399708221 0.030856829209 0.0205712208295
0 0.245799996705 0.240559978654 0.0241233022646 0.0160822025705
0 0.167599998424 0.326299982424 0.0437289947254 0.029152665073
0 0.304799995408 0.144639974437 0.0336267751015 0.0224178515463
0 0.179799998156 0.191659976504 0.050443625332 0.0336290857727
0 0.263999996305 0.181219976045 0.0742896164195 0.0495264142129
0 0.338199994674 0.122399973459 0.0455517493194 0.0303678348825
0 0.491599991301 0.107859972819 0.041542955564 0.027695305536
0 0.553599989938 0.103199972614 0.0335015250301 0.0223343514931
0 0.54259999018 0.0854999718361 0.025161314705 0.0167742109097
0 0.280999995931 0.114219973099 0.0291442867632 0.0194295257903
0 0.175399998253 0.1551799749 0.0573333685977 0.0382222482528
0 0.737399985897 0.804560003454 0.132368351556 0.0882455735243
0 0.500999991094 0.441899987507 0.045131676805 0.0300877865211
0 0.412199993047 0.452479987972 0.0513514410156 0.0342342962683
0 0.45479999211 0.406839985966 0.0642776243353 0.0428517523832
0 0.481399991525 0.271659980022 0.0308101324999 0.020540089688
0 0.489399991349 0.169359975523 0.0495234429352 0.033015630801
0 0.149999998811 0.016359968796 0.045964698607 0.0306431344258
0 0.328999994876 0.0971999723506 0.033737877653 0.0224919199188
