0 0.919600003877 0.277719983956 0.137098381069 0.0913989207123
0 0.481600013506 0.0783399883396 0.209528741134 0.139685827423
0 0.315800017151 0.678879975137 0.093296469313 0.0621976462087
0 0.248800018624 0.687659974943 0.237709019727 0.158472679818
0 0.278800017965 0.800119972471 0.134997029021 0.0899980193471
0 0.821000006044 0.0579599887876 0.0248504666406 0.0165669777604
0 0.242000018774 0.0606399887287 0.0201326147052 0.0134217431368
0 0.21080001946 0.0155999897189 0.0259676261192 0.0173117507461
0 0.0422000231665 0.247679984617 0.0260968335474 0.0173978890316
0 0.106600021751 0.128939987227 0.0267599862205 0.0178399908137
0 0.233200018967 0.146379986844 0.0263536654644 0.0175691103096
0 0.2226000192 0.0879399881285 0.046756369204 0.0311709128027
0 0.175200020242 0.073999988435 0.0286148943912 0.0190765962608
0 0.21080001946 0.140579986971 0.0380740455519 0.0253826970346
0 0.245400018699 0.156799986615 0.0211571722291 0.0141047814861
0 0.254200018506 0.123519987346 0.0336487406035 0.0224324937357
0 0.1544000207 0.18567998598 0.0221332522341 0.0147555014894
0 0.368000016004 0.173879986239 0.0285829388022 0.0190552925348
0 0.42320001479 0.177159986167 0.0323865443028 0.0215910295352
0 0.445800014293 0.166239986407 0.0596428809576 0.0397619206384
0 0.482400013489 0.0989399878867 0.0329876655384 0.0219917770256
0 0.289200017736 0.150679986749 0.0202328345557 0.0134885563705
0 0.351200016373 0.190979985863 0.0504943816534 0.0336629211023
0 0.399000015322 0.18519998599 0.0315117724192 0.0210078482795
0 0.585000011233 0.22251998517 0.0436081006132 0.0290720670755
0 0.693800008841 0.232279984955 0.0199000215478 0.0132666810318
0 0.683800009061 0.131279987176 0.0552076826381 0.0368051217587
0 0.827600005899 0.220839985207 0.0211615253125 0.0141076835417
0 0.777000007012 0.229359985019 0.0369457065638 0.0246304710425
0 0.729800008049 0.148599986795 0.0605646463545 0.040376430903
0 0.812400006233 0.175539986203 0.0215901061539 0.0143934041026
0 0.864600005086 0.516659978703 0.0221271183439 0.0147514122293
0 0.847200005468 0.489599979298 0.145476087821 0.0969840585471
0 0.85760000524 0.518219978669 0.158644164919 0.105762776613
0 0.882400004695 0.431419980577 0.0303893694539 0.0202595796359
0 0.855200005293 0.350239982362 0.04281089276 0.0285405951733
0 0.834200005754 0.339599982596 0.0479059789402 0.0319373192935
0 0.70840000852 0.383159981638 0.0273054077761 0.018203605184
0 0.684200009052 0.381299981679 0.0226421672498 0.0150947781665
0 0.854800005301 0.386599981562 0.0552415179676 0.0368276786451
0 0.689600008933 0.353379982293 0.0568815421154 0.0379210280769
0 0.568000011607 0.43265998055 0.0358557538561 0.0239038359041
0 0.549400012016 0.364819982041 0.0198048473166 0.0132032315444
0 0.545800012095 0.262679984287 0.0286044074177 0.0190696049452
0 0.535800012315 0.281119983881 0.0234054408397 0.0156036272265
0 0.581800011303 0.295439983567 0.0437798495377 0.0291865663584
0 0.680000009144 0.422299980778 0.0565080673517 0.0376720449011
0 0.49960001311 0.352919982303 0.0199954925801 0.0133303283867
0 0.39000001552 0.450959980147 0.0210453771343 0.0140302514229
0 0.543400012148 0.397699981318 0.0307057594656 0.0204705063104
0 0.514800012776 0.336699982659 0.0288857748953 0.0192571832636
0 0.617200010525 0.403679981187 0.038226997071 0.025484664714
0 0.603200010833 0.326999982873 0.0366567211904 0.0244378141269
0 0.307800017327 0.44037998038 0.0218216110405 0.0145477406937
0 0.333400016764 0.357899982193 0.0237856430958 0.0158570953972
0 0.199000019719 0.321919982984 0.0223029235506 0.0148686157004
0 0.198000019741 0.295499983565 0.0290024177421 0.0193349451614
0 0.206600019552 0.332159982759 0.0207656915298 0.0138437943532
0 0.227800019086 0.34577998246 0.0244511701781 0.0163007801187
0 0.225600019134 0.357999982191 0.0298056605517 0.0198704403678
0 0.14800002084 0.377559981761 0.026666295995 0.0177775306633
0 0.23900001884 0.37533998181 0.0560386268871 0.0373590845914
0 0.0262000235183 0.470099979727 0.0244093212178 0.0162728808119
0 0.0154000237557 0.445539980267 0.0224846647799 0.01498977652
0 0.104600021795 0.424999980718 0.020989776388 0.0139931842587
0 0.0728000224938 0.351559982333 0.0348563254951 0.0232375503301
0 0.118200021496 0.367419981984 0.0246531928184 0.016435461879
0 0.0288000234611 0.322239982977 0.0427126515838 0.0284751010558
0 0.136000021104 0.661619975516 0.0561681311165 0.0374454207443
0 0.160200020572 0.651659975735 0.0235077382982 0.0156718255321
0 0.207400019535 0.688999974914 0.0245730565115 0.0163820376744
0 0.267600018211 0.685899974982 0.0256606348101 0.0171070898734
0 0.25080001858 0.630179976207 0.0258405952327 0.0172270634885
0 0.259600018387 0.618299976468 0.0229915021877 0.0153276681251
0 0.228200019077 0.611359976621 0.0305453879181 0.0203635919454
0 0.184800020031 0.631359976181 0.021317444843 0.0142116298953
0 0.181800020097 0.647959975816 0.0251964378323 0.0167976252216
0 0.179800020141 0.557919977796 0.0205917660637 0.0137278440425
0 0.221200019231 0.593539977013 0.0338107940242 0.0225405293494
0 0.269800018163 0.554399977873 0.0238638996622 0.0159092664415
0 0.271400018128 0.541999978146 0.0212819276403 0.0141879517602
0 0.28400001785 0.525519978508 0.0288846866245 0.0192564577497
0 0.189200019935 0.544879978083 0.0203591729063 0.0135727819375
0 0.0768000224059 0.635119976099 0.02093546178 0.01395697452
0 0.33360001676 0.543959978103 0.03277050604 0.0218470040267
0 0.392200015472 0.654099975681 0.0212994389073 0.0141996259382
0 0.418000014904 0.650479975761 0.0199124871955 0.0132749914637
0 0.407400015138 0.678519975144 0.0217759036655 0.0145172691103
0 0.405600015177 0.694959974783 0.0208362312667 0.0138908208444
0 0.356400016259 0.75833997339 0.0302252384253 0.0201501589502
0 0.309000017301 0.748379973609 0.0239315703214 0.0159543802143
0 0.206200019561 0.753119973504 0.0245333840929 0.0163555893953
0 0.443800014337 0.509919978851 0.0234621298568 0.0156414199046
0 0.44320001435 0.645799975864 0.0199691762126 0.0133127841417
0 0.465400013862 0.668659975361 0.0460755073964 0.0307170049309
0 0.408800015107 0.622879976368 0.0626424521789 0.0417616347859
0 0.453400014126 0.630759976194 0.0602072977859 0.0401381985239
0 0.197200019759 0.528699978438 0.0246887100211 0.0164591400141
0 0.308800017305 0.560699977735 0.0208988563065 0.013932570871
0 0.502000013058 0.582179977263 0.0231460366462 0.0154306910975
0 0.573400011488 0.590519977079 0.0242084857819 0.0161389905213
0 0.694000008837 0.501699979032 0.0240289210942 0.0160192807295
0 0.497600013154 0.560239977745 0.0257734192421 0.0171822794947
0 0.533800012359 0.571879977489 0.0499712201831 0.0333141467887
0 0.547800012051 0.553139977901 0.0309116405208 0.0206077603472
0 0.512000012838 0.602899976807 0.0614816629332 0.0409877752888
0 0.546200012086 0.615579976528 0.0826245887078 0.0550830591385
0 0.497400013159 0.630339976204 0.0258156639372 0.0172104426248
0 0.656000009672 0.558599977781 0.0413254030708 0.0275502687139
0 0.690400008916 0.582539977255 0.0359671532161 0.023978102144
0 0.666800009435 0.6077799767 0.0491294921594 0.0327529947729
0 0.691200008898 0.634879976104 0.0221991420864 0.0147994280576
0 0.632200010195 0.65641997563 0.13992392789 0.0932826185933
0 0.60060001089 0.698779974699 0.0492699780308 0.0328466520205
0 0.553400011928 0.691139974867 0.0462086721731 0.0308057814487
0 0.518200012702 0.705519974551 0.0385352745183 0.0256901830122
0 0.62880001027 0.729919974014 0.0677414957076 0.0451609971384
0 0.48960001333 0.502199979021 0.0361452338981 0.0240968225987
0 0.515000012772 0.518439978664 0.0265494552809 0.0176996368539
0 0.503000013036 0.533019978343 0.0308211161741 0.0205474107827
0 0.726800008115 0.617819976479 0.0955903463649 0.0637268975766
0 0.81120000626 0.607939976696 0.0355611292611 0.0237074195074
0 0.765800007258 0.573559977452 0.0216472898396 0.0144315265597
0 0.719000008287 0.550259977964 0.0628758368061 0.0419172245374
0 0.757600007438 0.546559978046 0.0654019112806 0.0436012741871
0 0.680000009144 0.546119978055 0.0226320760112 0.0150880506741
0 0.640200010019 0.593099977022 0.0238702314198 0.0159134876132
0 0.658400009619 0.584019977222 0.0325928210928 0.0217285473952
0 0.753000007539 0.489999979289 0.0467669551112 0.0311779700741
0 0.776000007034 0.385719981582 0.0201722871238 0.0134481914159
0 0.973800002685 0.606439976729 0.0308308116779 0.0205538744519
0 0.916000003956 0.599899976873 0.0617629314771 0.0411752876514
0 0.97720000261 0.945319969279 0.0200164665271 0.013344311018
0 0.981000002527 0.88841997053 0.0381527967868 0.0254351978579
0 0.930400003639 0.869099970954 0.0368589416982 0.0245726277988
0 0.951200003182 0.893699970414 0.0227128059204 0.0151418706136
0 0.948800003235 0.910739970039 0.0343173346308 0.0228782230872
0 0.98540000243 0.914679969952 0.0275757936116 0.0183838624077
0 0.93720000349 0.778559972945 0.0918104849552 0.0612069899702
0 0.8594000052 0.846299971456 0.0428216765346 0.0285477843564
0 0.819200006084 0.821519972001 0.0553564789413 0.0369043192942
0 0.899600004316 0.890839970477 0.0235292069137 0.0156861379425
0 0.846400005486 0.902179970227 0.0341517195965 0.0227678130644
0 0.80800000633 0.914039969966 0.0268432884062 0.0178955256041
0 0.775400007047 0.925999969704 0.0289011096207 0.0192674064138
0 0.770000007166 0.941459969364 0.0380284371105 0.025352291407
0 0.823000006 0.87337997086 0.0225531269088 0.0150354179392
0 0.835800005719 0.88929997051 0.0495888413853 0.0330592275902
0 0.729000008067 0.77377997305 0.0324018790282 0.0216012526855
0 0.814600006185 0.737979973837 0.0218133995424 0.0145422663616
0 0.729000008067 0.718339974269 0.0216458058339 0.0144305372226
0 0.573800011479 0.881359970685 0.0662101997096 0.0441401331397
0 0.754200007513 0.875799970807 0.0241718803084 0.0161145868723
0 0.828800005873 0.743199973722 0.031427283029 0.0209515220193
0 0.399400015313 0.79605997256 0.0249990650764 0.0166660433843
0 0.414400014984 0.78379997283 0.0252169171108 0.0168112780738
0 0.377800015788 0.762759973292 0.0239048582191 0.0159365721461
0 0.352800016338 0.777479972969 0.0352703630808 0.0235135753872
0 0.550600011989 0.722039974188 0.0465694834216 0.0310463222811
0 0.430200014636 0.776139972998 0.0333670763248 0.0222447175499
0 0.390400015511 0.741299973764 0.0266580844969 0.0177720563313
0 0.419600014869 0.748159973613 0.062997921007 0.0419986140046
0 0.645800009896 0.82879997184 0.204614703647 0.136409802431
0 0.501400013071 0.92343996976 0.0576151355916 0.0384100903944
0 0.300600017486 0.849419971387 0.0616365931266 0.0410910620844
0 0.231000019016 0.8715999709 0.0429893691769 0.0286595794513
0 0.165600020454 0.811579972219 0.0259807843029 0.0173205228686
0 0.0990000219178 0.770179973129 0.0246520056139 0.0164346704093
0 0.104400021799 0.801259972446 0.0411240729664 0.0274160486443
0 0.0656000226521 0.788159972734 0.0382856647623 0.0255237765082
0 0.0412000231885 0.840379971586 0.0570048135208 0.0380032090139
0 0.181600020102 0.826619971888 0.0779170258785 0.051944683919
0 0.281200017912 0.955079969064 0.0228910844698 0.0152607229799
0 0.748800007632 0.974139968645 0.0329942940971 0.0219961960647
