0 0.184399988232 0.0760419714202 0.214791039454 0.143194026303
0 0.143999986456 0.41991398654 0.123305051041 0.0822033673608
0 0.330399994652 0.134105973973 0.114922397051 0.076614931367
0 0.169999987599 0.154081974852 0.131281087448 0.0875207249652
0 0.247399991002 0.113205973054 0.106677260929 0.0711181739527
0 0.263799991723 0.153445974824 0.102231179608 0.0681541197386
0 0.286799992735 0.117089973225 0.0522416533909 0.0348277689272
0 0.485200001458 0.637599996112 0.125722991128 0.0838153274185
0 0.0833999837909 0.695979998679 0.0364481713289 0.024298780886
0 0.205799989173 0.799306003223 0.0362796872059 0.0241864581373
0 0.21619998963 0.813477203846 0.0213991655007 0.0142661103338
0 0.225199990026 0.819852004126 0.029443169372 0.0196287795813
0 0.39539999751 0.946134409679 0.0593902081737 0.0395934721158
0 0.358399995883 0.824983604352 0.0208814453504 0.0139209635669
0 0.400999997756 0.841923005096 0.029099473633 0.0193996490887
0 0.42679999889 0.859409805865 0.0274329351405 0.018288623427
0 0.680000010024 0.934251809156 0.0490440166668 0.0326960111112
0 0.63260000794 0.817814804036 0.0301822042512 0.0201214695008
0 0.686400010305 0.804180603437 0.0332357934807 0.0221571956538
0 0.573200005328 0.797776003155 0.0647973316389 0.0431982210926
0 0.589200006031 0.758940001448 0.126625266643 0.0844168444286
0 0.455800000166 0.719295999704 0.159371338216 0.10624755881
0 0.530400003446 0.730548000199 0.0515537672443 0.0343691781629
0 0.464600000552 0.686329998255 0.0596066751503 0.0397377834336
0 0.66900000954 0.795770003067 0.0240434659357 0.0160289772905
0 0.759600013524 0.827426004459 0.0247322424858 0.0164881616572
0 0.689000010419 0.753112001191 0.032457580849 0.0216383872326
0 0.661400009206 0.739374000587 0.0541297044797 0.0360864696531
0 0.724200011967 0.748148000973 0.0223773231781 0.014918215452
0 0.720600011809 0.768220001856 0.0382525244917 0.0255016829945
0 0.803600015459 0.899412807624 0.0768465681806 0.0512310454537
0 0.844600017261 0.952050809939 0.0227567339895 0.015171155993
0 0.76020001355 0.987481891497 0.0364872501478 0.0243248334319
0 0.783200014562 0.970986610771 0.0579220317873 0.0386146878582
0 0.930200021025 0.956710410144 0.0231823468476 0.0154548978984
0 0.838600016997 0.918907408481 0.0386864477822 0.0257909651881
0 0.885000019038 0.927158608844 0.0346472808463 0.0230981872309
0 0.87300001851 0.932079609061 0.064919712649 0.0432798084327
0 0.940600021482 0.853087605587 0.026957855423 0.0179719036153
0 0.867400018264 0.801330603312 0.0317507983621 0.0211671989081
0 0.827400016505 0.818593004071 0.0239747070012 0.0159831380008
0 0.808600015678 0.839835405005 0.0245708815905 0.016380587727
0 0.880800018853 0.795270003045 0.0276077510216 0.0184051673477
0 0.791600014931 0.822248804231 0.0355483691568 0.0236989127712
0 0.74860001304 0.837259804891 0.0273235144476 0.0182156762984
0 0.76860001392 0.919460008506 0.0228447849992 0.0152298566661
0 0.941800021535 0.814979803912 0.0205689137328 0.0137126091552
0 0.9228000207 0.794426003008 0.0286779170574 0.0191186113716
0 0.94600002172 0.806506803539 0.030718029272 0.0204786861813
0 0.972000022863 0.789904002809 0.0348386186584 0.0232257457723
0 0.943600021614 0.788772002759 0.0234853808282 0.0156569205521
0 0.97580002303 0.763560001651 0.0328266036199 0.0218844024133
0 0.90280001982 0.768060001849 0.0287751689029 0.0191834459353
0 0.910800020172 0.813841203862 0.0219628898302 0.0146419265535
0 0.917200020454 0.950852809886 0.0263864142634 0.0175909428423
0 0.84640001734 0.805455603493 0.0329687713738 0.0219791809159
0 0.948000021808 0.719849999729 0.0201439934108 0.0134293289405
0 0.944800021667 0.747194000931 0.024689602053 0.016459734702
0 0.958000022248 0.754720001262 0.0356170291576 0.0237446861051
0 0.937600021351 0.765310001728 0.0288991328526 0.0192660885684
0 0.980600023241 0.683211998118 0.0371308139884 0.0247538759923
0 0.968600022714 0.695193998645 0.0364480723952 0.0242987149301
0 0.957000022204 0.70623799913 0.0315528319909 0.0210352213273
0 0.902200019794 0.703391999005 0.0381332104269 0.0254221402846
0 0.883600018976 0.734776000385 0.0210846552087 0.0140564368058
0 0.829400016593 0.748162000974 0.0211519301375 0.0141012867583
0 0.879800018809 0.69234799852 0.0412057949305 0.0274705299536
0 0.726200012055 0.681531998044 0.0495560975951 0.0330373983967
0 0.716000011607 0.618935995292 0.0358768291031 0.0239178860687
0 0.781400014482 0.624241995525 0.0753651346758 0.0502434231172
0 0.824600016382 0.702435998963 0.0337492594811 0.0224995063207
0 0.708400011273 0.578237993502 0.0537168540713 0.0358112360475
0 0.742200012759 0.568333993067 0.0229195788906 0.0152797192604
0 0.747400012987 0.559023992657 0.0271839189704 0.0181226126469
0 0.887600019152 0.554223992446 0.0323065090604 0.0215376727069
0 0.724200011967 0.523925991114 0.0210521060153 0.0140347373435
0 0.731000012266 0.535235991611 0.0245634615615 0.016375641041
0 0.647200008582 0.541463991885 0.0329626374832 0.0219750916555
0 0.664400009338 0.565139992926 0.0646596159024 0.0431064106016
0 0.631800007904 0.571237993194 0.0252338364399 0.0168225576266
0 0.603800006673 0.580847993617 0.0510792811291 0.0340528540861
0 0.717200011659 0.734972000394 0.0214698041759 0.0143132027839
0 0.736800012521 0.74012000062 0.0203208868999 0.0135472579333
0 0.655000008924 0.648195996578 0.0220738934626 0.0147159289751
0 0.632400007931 0.630365995794 0.0338529420184 0.0225686280123
0 0.503600002267 0.588407993949 0.038078994749 0.0253859964993
0 0.563000004879 0.694723998624 0.046924460676 0.031282973784
0 0.384999997052 0.584415993774 0.0222785873267 0.0148523915512
0 0.431399999093 0.592937994148 0.0284164352387 0.0189442901591
0 0.497200001986 0.568999993096 0.0302633299006 0.020175553267
0 0.337999994986 0.631513995845 0.0438512825701 0.0292341883801
0 0.262399991662 0.659645997082 0.0273357822287 0.0182238548191
0 0.145599986526 0.566575992989 0.0232593172808 0.0155062115206
0 0.132599985954 0.711199999348 0.0215639890761 0.0143759927174
0 0.0333999815924 0.61752999523 0.0342056407258 0.0228037604838
0 0.0565999826125 0.588673993961 0.0484453687345 0.0322969124897
0 0.0331999815836 0.595499994261 0.0264360789903 0.0176240526602
0 0.046399982164 0.646587996507 0.138625926729 0.0924172844858
0 0.188199988399 0.631705995853 0.0232950323533 0.0155300215689
0 0.0883999840108 0.609303994868 0.0463841836379 0.0309227890919
0 0.00939998053709 0.430467987005 0.0243440265733 0.0162293510489
0 0.0261999812758 0.490149989629 0.0221719367779 0.0147812911853
0 0.0139999807394 0.519333990912 0.0232917675406 0.0155278450271
0 0.0359999817067 0.341083983074 0.0273341992892 0.0182227995261
0 0.117199985277 0.379069984745 0.0210924709725 0.014061647315
0 0.0885999840196 0.341225983081 0.0369945822576 0.0246630548384
0 0.0559999825861 0.307083981579 0.0329418614023 0.0219612409349
0 0.0325999815572 0.328391982516 0.0202833910205 0.0135222606803
0 0.0467999821816 0.285597980635 0.0236601967093 0.0157734644728
0 0.0501999823311 0.260953979551 0.0337847766862 0.0225231844574
0 0.0219999810911 0.244643978834 0.0256483687215 0.017098912481
0 0.0853999838789 0.253241979212 0.0454344199378 0.0302896132918
0 0.102799984644 0.291599980898 0.0203315717415 0.013554381161
0 0.104599984723 0.322877982274 0.037002200154 0.024668133436
0 0.0255999812494 0.380933984826 0.0199114002379 0.0132742668253
0 0.0319999815308 0.397257985544 0.0256058272224 0.0170705514816
0 0.0281999813637 0.420023986545 0.0268328032025 0.0178885354683
0 0.0959999843449 0.410839986141 0.0285072563925 0.019004837595
0 0.0747999834128 0.429343986955 0.0206964392963 0.0137976261975
0 0.0479999822344 0.46858198868 0.0299189416255 0.0199459610837
0 0.102799984644 0.490683989652 0.0286247896504 0.0190831931003
0 0.187599988373 0.526735991237 0.0359426200261 0.023961746684
0 0.200199988927 0.547397992146 0.0316798628858 0.0211199085905
0 0.152199986816 0.53885399177 0.0385263730252 0.0256842486835
0 0.0967999843801 0.466625988594 0.0209456533339 0.0139637688893
0 0.12339998555 0.461661988376 0.0214431910055 0.0142954606704
0 0.189599988461 0.608737994843 0.0490652874163 0.0327101916109
0 0.24939999109 0.630643995806 0.0712039824647 0.0474693216431
0 0.241999990765 0.554497992458 0.0305524142268 0.0203682761512
0 0.232999990369 0.534243991568 0.0302112907645 0.0201408605097
0 0.277199992312 0.560757992733 0.0351805335904 0.0234536890603
0 0.261799991635 0.573975993315 0.0238935813518 0.0159290542345
0 0.273999992172 0.584219993765 0.0260628020694 0.0173752013796
0 0.205999989182 0.497117989935 0.0245033098605 0.016335539907
0 0.152999986851 0.493947989796 0.021771947753 0.0145146318353
0 0.16979998759 0.524837991154 0.0219640770348 0.0146427180232
0 0.159399987133 0.390623985253 0.0214469504868 0.0142979669912
0 0.143999986456 0.382559984898 0.0299000452853 0.0199333635235
0 0.153799986886 0.350503983488 0.0204051784283 0.0136034522855
0 0.241799990756 0.492329989725 0.0212159402535 0.014143960169
0 0.238199990598 0.477127989056 0.0346908116826 0.0231272077884
0 0.194399988672 0.480557989207 0.0214200405153 0.0142800270102
0 0.255799991371 0.473299988888 0.0260135330774 0.017342355385
0 0.253999991292 0.462361988407 0.0198502591997 0.0132335061332
0 0.269799991987 0.50587199032 0.0209207220367 0.0139471480245
0 0.226599990087 0.376757984643 0.0364447086488 0.0242964724325
0 0.246399990958 0.399691985651 0.0270775652227 0.0180517101485
0 0.278999992392 0.454429988058 0.0263382335424 0.0175588223616
0 0.295399993113 0.445455987664 0.0279566902476 0.0186377934984
0 0.269199991961 0.436853987285 0.0281334848031 0.0187556565354
0 0.358399995883 0.391209985278 0.0257764878873 0.0171843252582
0 0.370799996428 0.426807986844 0.0267777960549 0.0178518640366
0 0.398999997668 0.456311988141 0.0272326932937 0.0181551288625
0 0.400599997738 0.520713990973 0.0301378819452 0.0200919212968
0 0.314399993948 0.531463991445 0.0210539857559 0.0140359905039
0 0.384399997026 0.510351990517 0.0247333307567 0.0164888871711
0 0.252399991222 0.368585984284 0.0323644842196 0.0215763228131
0 0.273799992163 0.350297983479 0.0218328909237 0.0145552606158
0 0.314399993948 0.373917984518 0.0198688587389 0.0132459058259
0 0.283199992576 0.316501981993 0.0287399484991 0.019159965666
0 0.244999990897 0.301099981316 0.0313131155903 0.0208754103936
0 0.345199995302 0.303099981404 0.0207611419484 0.0138407612989
0 0.348199995434 0.277061980259 0.0213281310906 0.0142187540604
0 0.367399996279 0.288987980784 0.0217320774643 0.0144880516429
0 0.41859999853 0.349035983424 0.0279368045702 0.0186245363801
0 0.433599999189 0.382241984884 0.0250763339596 0.0167175559731
0 0.435399999269 0.408259986028 0.0235484016071 0.0156989344047
0 0.32899999459 0.381091984833 0.0210192600206 0.0140128400138
0 0.484600001432 0.306393981549 0.0297244379345 0.0198162919563
0 0.372799996516 0.52314799108 0.0199341549933 0.0132894366622
0 0.46000000035 0.518815990889 0.0346992210487 0.0231328140324
0 0.41859999853 0.474967988961 0.0225163250529 0.0150108833686
0 0.421599998662 0.49198798971 0.0277584270752 0.0185056180502
0 0.454400000104 0.434579987185 0.0203028809631 0.0135352539754
0 0.480600001256 0.493891989793 0.0255330120054 0.0170220080036
0 0.534800003639 0.494117989803 0.0262603727057 0.0175069151372
0 0.474200000975 0.456401988145 0.0614398180253 0.0409598786835
0 0.53640000371 0.459213988269 0.0244596800906 0.0163064533937
0 0.550000004308 0.447273987743 0.0240242727943 0.0160161818629
0 0.565200004976 0.450925987904 0.0302539311973 0.0201692874648
0 0.580000005627 0.467193988619 0.0352195134756 0.0234796756504
0 0.603200006647 0.489577989604 0.033477389622 0.022318259748
0 0.60760000684 0.509535990481 0.0224588445623 0.0149725630416
0 0.655000008924 0.416559986393 0.0298047721141 0.0198698480761
0 0.545800004123 0.355505983708 0.0770597703445 0.0513731802297
0 0.530200003437 0.311293981764 0.0215266910642 0.0143511273761
0 0.492600001784 0.356031983732 0.0309384535974 0.0206256357316
0 0.605400006744 0.359907983902 0.0229728052313 0.0153152034875
0 0.578200005548 0.384835984998 0.0213593941457 0.0142395960972
0 0.630600007852 0.369543984326 0.0253458294095 0.0168972196063
0 0.637400008151 0.321405982209 0.033856602566 0.0225710683773
0 0.667000009452 0.305179981496 0.0220088940094 0.0146725960063
0 0.578200005548 0.331307982644 0.0417273734958 0.0278182489972
0 0.676200009857 0.353797983633 0.0228250971892 0.0152167314595
0 0.670400009602 0.393227985367 0.0898954310166 0.0599302873444
0 0.705400011141 0.419509986523 0.0424708603923 0.0283139069282
0 0.727400012108 0.368169984265 0.0377622089815 0.0251748059877
0 0.709800011334 0.388647985166 0.0199556236102 0.0133037490735
0 0.583600005785 0.517137990815 0.021973871473 0.0146492476486
0 0.620400007403 0.535713991632 0.0312791813248 0.0208527875499
0 0.752600013216 0.522449991049 0.0353838423825 0.023589228255
0 0.73200001231 0.510087990505 0.0207715299889 0.0138476866592
0 0.725200012011 0.496969989929 0.0276754216852 0.0184502811235
0 0.780000014421 0.467397988628 0.0273357822287 0.0182238548191
0 0.835000016839 0.418141986463 0.0198597568367 0.0132398378912
0 0.846600017349 0.34894198342 0.0283255151512 0.0188836767674
0 0.835000016839 0.374401984539 0.0214123236853 0.0142748824568
0 0.886000019082 0.432987987115 0.0307877775437 0.0205251850291
0 0.907000020005 0.422923986673 0.035539860857 0.0236932405713
0 0.773000014113 0.325277982379 0.0383714428217 0.0255809618811
0 0.770000013981 0.348311983392 0.0959605626453 0.0639737084302
0 0.736800012521 0.356737983763 0.0207422456081 0.0138281637387
0 0.696800010762 0.3553199837 0.0205668361247 0.0137112240832
0 0.741800012741 0.325603982394 0.0361072457341 0.0240714971561
0 0.757800013445 0.30937598168 0.0260628020694 0.0173752013796
0 0.787000014729 0.307353981591 0.0259142036238 0.0172761357492
0 0.830400016637 0.300845981305 0.0316897562577 0.0211265041718
0 0.934200021201 0.285291980621 0.0228156984859 0.0152104656573
0 0.946400021737 0.316475981992 0.0277500177091 0.0185000118061
0 0.930400021034 0.298867981218 0.0207093006798 0.0138062004532
0 0.784800014632 0.273959980123 0.0990009936903 0.0660006624602
0 0.988200023575 0.436007987248 0.0231612739655 0.0154408493104
0 0.943400021606 0.410225986114 0.0229552939631 0.0153035293087
0 0.967000022643 0.43218398708 0.0235014080906 0.0156676053938
0 0.984600023417 0.362621984021 0.022082203895 0.0147214692633
0 0.986000023479 0.319175982111 0.0202108726046 0.0134739150698
0 0.986800023514 0.0988339724224 0.0216414541779 0.0144276361186
0 0.965800022591 0.172187975648 0.0200189411902 0.0133459607935
0 0.937200021333 0.2597939795 0.0548034431045 0.0365356287363
0 0.943400021606 0.137549974125 0.0320047612182 0.0213365074788
0 0.980200023224 0.173865975722 0.0200902724015 0.0133935149343
0 0.824800016391 0.109983972913 0.0211643957861 0.0141095971907
0 0.788000014773 0.147269974552 0.0269176883332 0.0179451255555
0 0.651800008784 0.1915779765 0.0287852601423 0.0191901734282
0 0.587000005934 0.266575979798 0.0389328916756 0.0259552611171
0 0.516800002848 0.207557977203 0.0326866124079 0.0217910749386
0 0.6226000075 0.268263979872 0.0231014190657 0.0154009460438
0 0.530200003437 0.279415980363 0.0206560743391 0.013770716226
0 0.478400001159 0.218983977705 0.0253972749433 0.0169315166288
0 0.430599999057 0.202685976989 0.0305361890969 0.0203574593979
0 0.418199998512 0.228973978145 0.020295856669 0.0135305711127
0 0.485000001449 0.186437976274 0.0264561625352 0.0176374416901
0 0.418799998539 0.14063597426 0.0426889103084 0.0284592735389
0 0.530400003446 0.132463973901 0.0286891955013 0.0191261303342
0 0.632200007922 0.256069979336 0.0269338145294 0.0179558763529
0 0.169199987564 0.221675977824 0.0245257678147 0.0163505118765
0 0.269799991987 0.275829980205 0.069949107176 0.0466327381173
0 0.115999985224 0.199577976852 0.0469546354602 0.0313030903068
0 0.0789999835975 0.168685975494 0.0211128513186 0.0140752342124
0 0.0857999838964 0.184477976188 0.0207149399017 0.0138099599345
0 0.058999982718 0.126707973648 0.0207470933603 0.0138313955735
0 0.0389999818386 0.195961976693 0.020986414026 0.013990942684
0 0.0611999828148 0.172305975653 0.0212009023283 0.0141339348855
0 0.0577999826653 0.158213975033 0.028596791408 0.0190645276053
0 0.0557999825773 0.147007974541 0.0260405419827 0.0173603613218
0 0.032799981566 0.203583977028 0.0422550859516 0.0281700573011
0 0.0611999828148 0.208837977259 0.0339696838065 0.022646455871
0 0.0707999832369 0.235357978425 0.0205900855486 0.0137267236991
0 0.0543999825158 0.233961978364 0.0198940868372 0.0132627245581
0 0.130799985875 0.320759982181 0.0262138738579 0.0174759159053
0 0.147599986614 0.296845981129 0.0430611978921 0.0287074652614
0 0.0807999836766 0.303889981439 0.0239764878081 0.0159843252054
0 0.0307999814781 0.0109579685584 0.0203473022028 0.0135648681352
0 0.0369999817507 0.0626059708294 0.023184325522 0.0154562170147
0 0.0847999838525 0.102509972584 0.025935573307 0.0172903822047
0 0.106999984829 0.0981759723935 0.0321312974445 0.021420864963
0 0.0911999841339 0.0909399720753 0.0206765536188 0.0137843690792
0 0.16979998759 0.0166699688096 0.021915104844 0.014610069896
0 0.228399990167 0.0558959705344 0.0330080480602 0.0220053653734
0 0.196799988777 0.0870739719053 0.0206063106785 0.0137375404523
0 0.192199988575 0.123025973486 0.0242156106064 0.0161437404043
0 0.324599994397 0.0460979701036 0.0199392006129 0.0132928004086
0 0.724600011985 0.0971479723483 0.0276148742493 0.0184099161662
0 0.716800011642 0.0546099704778 0.0387438293391 0.0258292195594
0 0.667000009452 0.020295968969 0.0215553818426 0.0143702545617
0 0.793200015001 0.0323539694992 0.0261414543758 0.0174276362505
0 0.743200012803 0.0589979706708 0.0230065416294 0.0153376944196
0 0.865600018185 0.0120999686087 0.0267322865442 0.0178215243628
0 0.945600021702 0.08354197175 0.0198740032923 0.0132493355282
0 0.864000018114 0.100947972515 0.0355763673992 0.0237175782661
0 0.959600022318 0.103183972614 0.0406862939732 0.0271241959822
0 0.756800013401 0.68165999805 0.0673899886727 0.0449266591152
0 0.565000004967 0.511665990575 0.0241567450437 0.0161044966958
0 0.405999997976 0.664427997292 0.0226706616542 0.0151137744361
0 0.241799990756 0.683397998126 0.0389774118491 0.0259849412327
0 0.487400001555 0.389609985208 0.0614047954888 0.0409365303259
0 0.530400003446 0.0475319701666 0.0211842814635 0.014122854309
