0 0.459799992 0.659499997548 0.178197423806 0.118798282537
0 0.782799984899 0.60343999878 0.204886771356 0.136591180904
0 0.59399998905 0.847979993404 0.145874790681 0.097249860454
0 0.915199981988 0.317640005064 0.143234249901 0.0954894999343
0 0.257599996446 0.127860009236 0.14224788079 0.0948319205269
0 0.223199997202 0.0349200112794 0.094457159625 0.06297143975
0 0.0270000015154 0.866259993002 0.0318461683666 0.0212307789111
0 0.301399995483 0.874699992817 0.0203769809745 0.013584653983
0 0.141599998996 0.862979993074 0.0557760568149 0.0371840378766
0 0.361799994155 0.90819999208 0.0333183020047 0.0222122013364
0 0.281599995918 0.943139991312 0.0236854232453 0.0157902821636
0 0.247199996674 0.889939992482 0.0305833784636 0.0203889189757
0 0.396199993398 0.982579990445 0.035972000968 0.0239813339786
0 0.757599985453 0.942119991334 0.035675991301 0.0237839942006
0 0.49939999113 0.931619991565 0.0263680108526 0.0175786739018
0 0.840799983624 0.872419992867 0.0209094422137 0.0139396281425
0 0.908599982133 0.850119993357 0.0299824550955 0.019988303397
0 0.795999984609 0.90593999213 0.0231076503659 0.0154051002439
0 0.554599989916 0.873839992836 0.0268322078304 0.0178881385536
0 0.577199989419 0.888539992512 0.0234403644401 0.0156269096268
0 0.783599984881 0.847579993413 0.0218846318152 0.0145897545435
0 0.803399984446 0.834879993692 0.0226841151438 0.0151227434292
0 0.863799983118 0.801839994418 0.040086950861 0.0267246339073
0 0.779999984961 0.909319992056 0.108159280902 0.0721061872682
0 0.738799985866 0.875879992791 0.0744143767305 0.049609584487
0 0.720399986271 0.754399995461 0.0225985374827 0.0150656916551
0 0.766199985264 0.759819995342 0.0206158069558 0.0137438713039
0 0.566399989657 0.729619996006 0.0255239084198 0.0170159389466
0 0.801599984486 0.782959994834 0.0348085405121 0.0232056936747
0 0.773599985101 0.805159994345 0.0269467730692 0.0179645153795
0 0.681799987119 0.772339995067 0.0208816418406 0.0139210945604
0 0.432399992603 0.858959993163 0.0221177196413 0.0147451464275
0 0.493999991248 0.858219993179 0.04533578003 0.0302238533533
0 0.482199991508 0.74081999576 0.0214980978015 0.014332065201
0 0.712999986434 0.734039995909 0.0206090794634 0.0137393863089
0 0.775599985057 0.699539996668 0.0409985260856 0.0273323507237
0 0.652799987757 0.64895999778 0.0271877755922 0.0181251837281
0 0.925799981755 0.700939996637 0.0317823561222 0.0211882374148
0 0.897399982379 0.718299996255 0.025909947765 0.01727329851
0 0.266199996257 0.823499993942 0.0200354617998 0.0133569745332
0 0.372199993926 0.846919993427 0.0202744856486 0.0135163237657
0 0.241199996806 0.833799993716 0.0278953495021 0.0185968996681
0 0.238599996863 0.788239994717 0.0212888530001 0.0141925686668
0 0.0878000001787 0.841279993551 0.0340786075832 0.0227190717221
0 0.221199997246 0.870579992907 0.025855633157 0.0172370887713
0 0.177199998213 0.858259993178 0.0274348130717 0.0182898753811
0 0.380999993733 0.88591999257 0.061787368104 0.041191578736
0 0.356399994273 0.744499995679 0.030438143774 0.0202920958494
0 0.324399994977 0.760759995322 0.0591966899154 0.0394644599436
0 0.275999996041 0.77627999498 0.0219814879195 0.0146543252797
0 0.233399996978 0.76445999524 0.0227355606742 0.0151570404494
0 0.163799998508 0.772939995054 0.0239658013858 0.0159772009239
0 0.19279999787 0.766419995197 0.030210893037 0.020140595358
0 0.112599999634 0.755559995436 0.0261614372615 0.0174409581743
0 0.205199997598 0.744279995684 0.0336631849255 0.0224421232837
0 0.0444000011329 0.690219996872 0.0249865994287 0.0166577329525
0 0.0186000017001 0.646979997823 0.0261708359641 0.0174472239761
0 0.16279999853 0.613999998548 0.0215989112543 0.0143992741695
0 0.322999995008 0.603159998787 0.0382599419971 0.0255066279981
0 0.137799999079 0.595559998954 0.0370039785203 0.0246693190135
0 0.0778000003986 0.6161799985 0.0235958882358 0.0157305921572
0 0.260199996388 0.676039997184 0.0250110360556 0.0166740240371
0 0.0548000009043 0.470800001696 0.0315405621295 0.0210270414197
0 0.089200000148 0.482400001441 0.0288592606605 0.019239507107
0 0.0638000007064 0.412320002982 0.0544798273171 0.0363198848781
0 0.0342000013571 0.509480000846 0.0386018569066 0.0257345712711
0 0.0208000016518 0.527620000447 0.0517984269144 0.0345322846096
0 0.101199999884 0.536640000249 0.0232499170441 0.0154999446961
0 0.183999998064 0.496620001129 0.0254165653421 0.0169443768947
0 0.118799999497 0.502580000998 0.036954907399 0.0246366049327
0 0.133799999167 0.483240001423 0.0211060234999 0.0140706823333
0 0.194999997822 0.527580000448 0.0674696258663 0.0449797505776
0 0.272199996125 0.551899999913 0.0269696267567 0.0179797511712
0 0.309399995307 0.565779999608 0.0310467839717 0.0206978559811
0 0.355399994295 0.581519999262 0.0231306029871 0.0154204019914
0 0.461799991956 0.587179999138 0.0219614043759 0.0146409362506
0 0.472399991723 0.571799999476 0.0212540283334 0.0141693522223
0 0.340399994625 0.425400002695 0.0220670655806 0.0147113770537
0 0.199399997725 0.473060001647 0.0203599643759 0.013573309584
0 0.0210000016474 0.378340003729 0.0540447168507 0.0360298112338
0 0.16459999849 0.384580003592 0.0296148174208 0.0197432116139
0 0.144999998921 0.348360004388 0.0219786188418 0.0146524125612
0 0.389999993535 0.40376000317 0.022699845604 0.0151332304027
0 0.389199993552 0.417400002871 0.0272577217268 0.0181718144845
0 0.429199992673 0.433480002517 0.0319623165447 0.0213082110298
0 0.117999999515 0.440000002374 0.0410702530269 0.0273801686846
0 0.318599995105 0.489860001277 0.027253170776 0.0181687805173
0 0.276799996024 0.419660002821 0.0731912592461 0.0487941728307
0 0.0160000017573 0.578259999334 0.0210857420889 0.0140571613926
0 0.0492000010274 0.598519998889 0.0325289099147 0.0216859399431
0 0.212199997444 0.575139999403 0.102188631369 0.0681257542459
0 0.579999989358 0.590359999068 0.0218282395992 0.0145521597328
0 0.739799985844 0.604139998765 0.0218166643549 0.0145444429033
0 0.76639998526 0.517760000664 0.021787083175 0.0145247221166
0 0.658799987625 0.503960000967 0.0225552045168 0.0150368030112
0 0.686399987018 0.493760001192 0.0212455200342 0.0141636800228
0 0.600599988905 0.528000000439 0.0248726277922 0.0165817518615
0 0.451799992176 0.521320000586 0.0327896002465 0.0218597334976
0 0.339199994652 0.510760000818 0.0350628001525 0.0233752001017
0 0.255799996485 0.504860000948 0.0401954811433 0.0267969874289
0 0.259399996406 0.488320001311 0.0261552044376 0.0174368029584
0 0.458599992027 0.488620001305 0.0266439369761 0.0177626246507
0 0.352399994361 0.531040000372 0.0311031761877 0.0207354507918
0 0.527799990505 0.525920000485 0.0344908643621 0.0229939095747
0 0.553199989947 0.544040000086 0.0594869614271 0.0396579742848
0 0.73679998591 0.508020000878 0.041459755052 0.0276398367013
0 0.782799984899 0.483260001423 0.0425679115628 0.0283786077085
0 0.962199980955 0.479900001496 0.0260220396609 0.0173480264406
0 0.681999987115 0.450360002146 0.0308409029165 0.0205606019444
0 0.955199981109 0.657359997595 0.02851012359 0.01900674906
0 0.87279998292 0.304340005356 0.0388409796891 0.0258939864594
0 0.926199981746 0.294320005576 0.0206747714483 0.0137831809655
0 0.986799980414 0.292840005609 0.0326561386687 0.0217707591124
0 0.833599983782 0.236900006839 0.0403898858879 0.0269265905919
0 0.872599982925 0.362180004085 0.0258504886039 0.0172336590693
0 0.786799984811 0.377040003758 0.023495767319 0.0156638448793
0 0.60579998879 0.400660003239 0.0226639326665 0.0151092884443
0 0.89919998234 0.378100003735 0.0218020221655 0.0145346814437
0 0.938199981482 0.323320004939 0.0420721547307 0.0280481031538
0 0.679799987163 0.368180003953 0.0206275800675 0.013751720045
0 0.759199985418 0.34694000442 0.0225127619542 0.0150085079695
0 0.595399989019 0.319720005018 0.0532064515069 0.0354709676713
0 0.637399988096 0.298580005483 0.0209022200527 0.0139348133685
0 0.495799991209 0.363220004062 0.0280804544777 0.0187203029852
0 0.357799994243 0.314020005143 0.0224558750697 0.0149705833798
0 0.233599996973 0.310500005221 0.0198169172295 0.013211278153
0 0.45159999218 0.276940005959 0.0203463115237 0.0135642076824
0 0.64539998792 0.336800004643 0.0198661862182 0.0132441241455
0 0.388799993561 0.244840006664 0.0270773655694 0.0180515770462
0 0.371399993944 0.232620006933 0.0242780361816 0.0161853574544
0 0.40339999324 0.206020007518 0.0214213252408 0.0142808834939
0 0.532799990395 0.217140007273 0.0205759366698 0.0137172911132
0 0.571799989538 0.225500007089 0.0203835105995 0.0135890070663
0 0.649599987827 0.238480006804 0.0231934258944 0.0154622839296
0 0.662999987533 0.22638000707 0.0250324057374 0.0166882704916
0 0.718999986302 0.264540006231 0.037019214312 0.024679476208
0 0.437199992497 0.255100006439 0.0248201929247 0.0165467952831
0 0.465799991868 0.246720006623 0.0216976470991 0.0144650980661
0 0.285199995839 0.187580007923 0.0215323288659 0.0143548859106
0 0.133199999181 0.311560005197 0.043320401378 0.0288802675854
0 0.174399998275 0.333480004716 0.0340956241817 0.0227304161211
0 0.0676000006228 0.328180004832 0.0231301083186 0.0154200722124
0 0.0592000008075 0.315440005112 0.0201578428019 0.0134385618679
0 0.209799997497 0.18362000801 0.0285713635578 0.0190475757052
0 0.153199998741 0.207660007482 0.0435378576775 0.0290252384517
0 0.037800001278 0.0074800118827 0.0219136193929 0.0146090795953
0 0.173799998288 0.0800000102883 0.0253653176791 0.0169102117861
0 0.528599990488 0.161500008497 0.0227307129223 0.0151538086148
0 0.459199992013 0.163880008444 0.0213797730817 0.0142531820545
0 0.567799989626 0.198000007694 0.0903674378286 0.0602449585524
0 0.861999983158 0.625059998305 0.0223575349597 0.0149050233065
0 0.815399984182 0.113960009542 0.0290978887744 0.0193985925162
0 0.873799982898 0.0385600111994 0.0304085625941 0.0202723750627
0 0.903399982248 0.0742200104154 0.0340581283048 0.0227054188698
0 0.435199992541 0.0512000109215 0.0280429586008 0.0186953057339
0 0.258599996424 0.729279996014 0.0525953379665 0.0350635586443
