0 0.560399989789 0.470020001714 0.256784428783 0.171189619189
0 0.76639998526 0.641999997933 0.539665592181 0.359777061454
0 0.198999997734 0.796339994539 0.339292176777 0.226194784518
0 0.233599996973 0.598059998899 0.354875225791 0.236583483861
0 0.669399987392 0.0178200116554 0.0448989876905 0.0299326584603
0 0.922199981834 0.112960009564 0.0258995597252 0.0172663731501
0 0.831799983822 0.182380008037 0.0260218417935 0.017347894529
0 0.84599998351 0.206240007513 0.0263815647712 0.0175877098475
0 0.86279998314 0.0321800113397 0.0200797841029 0.0133865227353
0 0.843599983562 0.0350400112768 0.0210476526097 0.0140317684065
0 0.774799985075 0.0864800101459 0.0450705387475 0.0300470258317
0 0.620599988465 0.0612200107012 0.0237451792075 0.0158301194717
0 0.657399987656 0.0732000104378 0.0221161367019 0.0147440911346
0 0.645599987915 0.106520009705 0.0220532148609 0.0147021432406
0 0.623399988403 0.142320008918 0.0219312295937 0.0146208197291
0 0.609599988707 0.15270000869 0.0215579526974 0.0143719684649
0 0.605999988786 0.114520009529 0.0208290091057 0.0138860060704
0 0.953399981148 0.107620009681 0.0203893476885 0.013592898459
0 0.548199990057 0.120380009401 0.029516774112 0.019677849408
0 0.507399990954 0.149000008771 0.0213306030267 0.0142204020178
0 0.405399993196 0.159460008541 0.0267423760197 0.0178282506798
0 0.245199996718 0.156440008608 0.0548447937816 0.0365631958544
0 0.269599996182 0.165060008418 0.0202583594535 0.013505572969
0 0.171399998341 0.0614600106959 0.0331220175196 0.0220813450131
0 0.135199999137 0.099300009864 0.0446249413076 0.0297499608717
0 0.200799997694 0.123180009339 0.0283781460178 0.0189187640119
0 0.218199997312 0.1340400091 0.026407782205 0.0176051881366
0 0.214799997387 0.147340008808 0.0305005709465 0.0203337139643
0 0.107199999752 0.116620009483 0.0204454431033 0.0136302954022
0 0.122999999405 0.0427000111084 0.0324423429165 0.021628228611
0 0.111799999651 0.0386600111972 0.0202051331163 0.0134700887442
0 0.158999998613 0.044220011075 0.0258536544827 0.0172357696551
0 0.0700000005701 0.163860008445 0.0261701434282 0.0174467622854
0 0.11459999959 0.172040008265 0.0206612175297 0.0137741450198
0 0.149399998824 0.197580007703 0.0205349781129 0.0136899854086
0 0.0266000015242 0.195860007741 0.0255232158838 0.0170154772559
0 0.0464000010889 0.194720007766 0.0262024947521 0.0174683298347
0 0.0482000010494 0.131040009166 0.0545241496202 0.0363494330801
0 0.191199997905 0.137760009018 0.0227319990605 0.0151546660404
0 0.216399997351 0.196900007718 0.105566228305 0.0703774855364
0 0.152199998763 0.160400008521 0.0211502468693 0.0141001645795
0 0.136599999106 0.154720008646 0.0386424197286 0.0257616131524
0 0.112399999638 0.144540008869 0.0537253588276 0.0358169058851
0 0.123799999387 0.15454000865 0.158494775014 0.105663183343
0 0.026200001533 0.178000008134 0.0233481582203 0.0155654388136
0 0.0618000007504 0.0619600106849 0.0339576116531 0.0226384077687
0 0.0784000003854 0.249460006563 0.0489682302085 0.0326454868056
0 0.198199997752 0.246020006638 0.0267375282678 0.0178250188452
0 0.169999998372 0.271540006077 0.0984644696391 0.0656429797594
0 0.141399999 0.225400007092 0.0654772987693 0.0436515325129
0 0.110999999669 0.24278000671 0.0716945900474 0.0477963933649
0 0.13959999904 0.361180004107 0.0225595576001 0.0150397050667
0 0.0318000014099 0.384560003593 0.0560864118701 0.0373909412468
0 0.379599993763 0.304120005361 0.0451390008764 0.0300926672509
0 0.384199993662 0.269780006116 0.0226976690624 0.0151317793749
0 0.363799994111 0.26778000616 0.0278768488979 0.018584565932
0 0.334399994757 0.265140006218 0.029744717385 0.01982981159
0 0.334199994762 0.384320003598 0.0203857860748 0.0135905240499
0 0.305199995399 0.426940002661 0.0703033841859 0.0468689227906
0 0.28379999587 0.363920004046 0.0590499712202 0.0393666474801
0 0.407799993143 0.45152000212 0.0202317462849 0.0134878308566
0 0.410199993091 0.236440006849 0.064760227223 0.0431734848154
0 0.55579998989 0.180980008068 0.0272580185279 0.0181720123519
0 0.64219998799 0.237180006833 0.027148301041 0.0180988673607
0 0.598399988953 0.185560007968 0.043583070384 0.029055380256
0 0.570599989564 0.194240007777 0.0237403314556 0.0158268876371
0 0.691599986904 0.211000007408 0.0227291299829 0.0151527533219
0 0.744599985739 0.490480001264 0.026173309307 0.0174488728713
0 0.925999981751 0.47882000152 0.0395370772884 0.0263580515256
0 0.915999981971 0.442340002322 0.0658560170198 0.0439040113465
0 0.912999982036 0.401320003224 0.0391805201895 0.026120346793
0 0.959999981003 0.446280002236 0.0218643504042 0.0145762336028
0 0.953999981135 0.440280002367 0.0597683289047 0.0398455526032
0 0.98199998052 0.440240002368 0.0228833676402 0.0152555784268
0 0.963199980933 0.400680003238 0.0328906115667 0.0219270743778
0 0.937799981491 0.39876000328 0.0336883140884 0.0224588760589
0 0.940999981421 0.382120003646 0.0340722758256 0.0227148505504
0 0.915399981984 0.377960003738 0.0396267112317 0.0264178074878
0 0.927799981711 0.349720004358 0.0255854451888 0.0170569634592
0 0.928199981702 0.36420000404 0.0242038358975 0.0161358905983
0 0.970999980761 0.320700004996 0.023121698953 0.0154144659687
0 0.949199981241 0.309880005234 0.0341056164866 0.0227370776578
0 0.980999980542 0.253280006479 0.0361712534644 0.0241141689763
0 0.892599982485 0.28004000589 0.0201790146163 0.0134526764108
0 0.895799982415 0.314680005129 0.022034615323 0.0146897435486
0 0.917999981927 0.314840005125 0.02682686541 0.01788457694
0 0.986599980418 0.534080000305 0.0236414966771 0.0157609977847
0 0.88099998274 0.43290000253 0.0214828620098 0.0143219080066
0 0.772599985123 0.61893999844 0.0283341205159 0.0188894136773
0 0.758599985431 0.643119997908 0.0473823228013 0.0315882152009
0 0.352799994353 0.441180002348 0.0274444096418 0.0182962730945
0 0.167599998424 0.565819999607 0.0198445197352 0.0132296798235
0 0.140399999022 0.429860002597 0.0328718141613 0.0219145427742
0 0.160799998574 0.590019999075 0.021904319624 0.0146028797493
0 0.143199998961 0.602639998798 0.0229133445551 0.0152755630367
0 0.154199998719 0.638899998001 0.0245591068581 0.0163727379054
0 0.0382000012692 0.737359995836 0.0354153999029 0.023610266602
0 0.051400000979 0.786559994754 0.0371051877079 0.0247367918053
0 0.112199999642 0.716759996289 0.0201023409893 0.0134015606595
0 0.0981999999501 0.725179996104 0.0210278658673 0.0140185772448
0 0.0392000012472 0.771019995096 0.0212066390853 0.0141377593902
0 0.108599999721 0.816639994093 0.0336484438024 0.0224322958683
0 0.109199999708 0.838379993615 0.0326486197065 0.021765746471
0 0.0512000009834 0.818459994053 0.0213545449851 0.0142363633234
0 0.0622000007416 0.826379993879 0.0241198411758 0.0160798941172
0 0.0178000017177 0.830799993782 0.0209407052668 0.0139604701779
0 0.0370000012956 0.82769999385 0.020592359666 0.0137282397773
0 0.0128000018276 0.912559991984 0.0358784096762 0.0239189397841
0 0.068000000614 0.902259992211 0.0290975919732 0.0193983946488
0 0.147199998873 0.721039996195 0.0246085737142 0.0164057158095
0 0.123799999387 0.702539996602 0.020786962278 0.013857974852
0 0.218599997303 0.656479997614 0.0263831477106 0.0175887651404
0 0.274999996063 0.751399995527 0.0253483010806 0.0168988673871
0 0.240999996811 0.762379995286 0.0198557981784 0.0132371987856
0 0.201399997681 0.75309999549 0.025219588321 0.0168130588807
0 0.259399996406 0.760619995325 0.0290152791247 0.0193435194164
0 0.230799997035 0.782959994834 0.0219735732225 0.014649048815
0 0.223799997189 0.797419994516 0.0202604370614 0.013506958041
0 0.181999998108 0.642179997929 0.02136453729 0.01424302486
0 0.166599998446 0.645879997847 0.0239977569749 0.0159985046499
0 0.299399995527 0.703699996576 0.0290024177421 0.0193349451614
0 0.328599994885 0.741599995743 0.0229654826214 0.0153103217476
0 0.167999998416 0.694219996785 0.0204500929878 0.0136333953252
0 0.295199995619 0.684159997006 0.0198684616936 0.013245641129
0 0.43659999251 0.663279997465 0.0576438263682 0.0384292175788
0 0.588799989164 0.744779995673 0.0204466303079 0.0136310868719
0 0.509799990901 0.758159995379 0.0808233026091 0.0538822017394
0 0.507399990954 0.802639994401 0.0776057804198 0.0517371869465
0 0.387399993592 0.852839993297 0.0385032199955 0.0256688133304
0 0.66219998755 0.832139993752 0.0221280087473 0.0147520058315
0 0.883799982678 0.811119994214 0.0227018242783 0.0151345495189
0 0.960999980981 0.75217999551 0.113280089848 0.0755200598984
0 0.866999983048 0.89135999245 0.023856083899 0.0159040559326
0 0.597799988966 0.976079990588 0.0245384297122 0.0163589531415
0 0.775399985062 0.9845999904 0.0325531486742 0.0217020991161
0 0.530999990435 0.938939991404 0.0404430132913 0.0269620088609
0 0.48619999142 0.985439990382 0.0223143009275 0.0148762006183
0 0.552999989951 0.96961999073 0.0236519836506 0.0157679891004
0 0.449199992233 0.940799991363 0.0269842689462 0.0179895126308
0 0.464199991903 0.962719990882 0.0745282494333 0.0496854996222
0 0.341399994603 0.904979992151 0.0226663070756 0.0151108713837
0 0.335799994726 0.937239991442 0.0216436292922 0.0144290861948
0 0.266199996257 0.856719993212 0.030915696803 0.0206104645353
0 0.273799996089 0.843379993505 0.0224657684409 0.0149771789606
0 0.284199995861 0.829539993809 0.0253662080825 0.0169108053884
0 0.193599997853 0.870139992917 0.0214488288128 0.0142992192085
0 0.743599985761 0.147580008803 0.0221906337872 0.0147937558581
0 0.148999998833 0.328700004821 0.0325696706042 0.0217131137361
0 0.347599994467 0.392760003412 0.0244290090265 0.0162860060177
0 0.286599995808 0.913599991961 0.027047586522 0.018031724348
