0 0.701199986693 0.286359983766 0.368468717853 0.245645811902
0 0.25559999649 0.461479979916 0.448375498552 0.298916999034
0 0.892399982489 0.806279972336 0.312851152845 0.20856743523
0 0.865199983087 0.516179978714 0.160913704278 0.107275802852
0 0.766799985251 0.552399977917 0.187044076354 0.124696050903
0 0.972599980726 0.945879969266 0.0223308228574 0.0148872152383
0 0.95879998103 0.934899969508 0.0215278768489 0.0143519178993
0 0.451199992189 0.963559968878 0.0713416934958 0.0475611289972
0 0.481599991521 0.944719969292 0.0541200054057 0.0360800036038
0 0.0460000010977 0.850239971369 0.0233644822829 0.0155763215219
0 0.0480000010538 0.870939970914 0.0262834225287 0.0175222816858
0 0.0266000015242 0.85609997124 0.0377891164606 0.0251927443071
0 0.0764000004294 0.910279970049 0.0939042191073 0.0626028127382
0 0.0204000016605 0.893559970417 0.0214911724417 0.0143274482944
0 0.0444000011329 0.776559972989 0.0211515330076 0.014101022005
0 0.0370000012956 0.771819973093 0.0197934699397 0.0131956466265
0 0.186799998002 0.831119971789 0.024907056724 0.0166047044827
0 0.235199996938 0.803659972393 0.0797306786912 0.0531537857941
0 0.319999995074 0.800759972457 0.0288451131396 0.0192300754264
0 0.313399995219 0.785959972782 0.0264896993187 0.0176597995458
0 0.350399994405 0.791199972667 0.0629959423327 0.0419972948885
0 0.314399995197 0.759659973361 0.0480732758476 0.032048850565
0 0.274599996072 0.748499973606 0.0623404075554 0.0415602717036
0 0.234399996956 0.749199973591 0.0404120470394 0.0269413646929
0 0.372799993913 0.83153997178 0.0363884129628 0.0242589419752
0 0.416199992959 0.848999971396 0.0930439904794 0.0620293269863
0 0.475399991657 0.806159972338 0.036868637202 0.024579091468
0 0.432399992603 0.780239972908 0.0509872694078 0.0339915129385
0 0.503199991046 0.854799971269 0.021831405478 0.0145542703187
0 0.511399990866 0.822639971976 0.0683633930227 0.0455755953485
0 0.526799990527 0.858059971197 0.0419334496662 0.0279556331108
0 0.582199989309 0.843139971525 0.0587931393032 0.0391954262021
0 0.545599990114 0.961239968929 0.0226594806495 0.015106320433
0 0.391799993495 0.888599970526 0.0211274921155 0.0140849947437
0 0.65859998763 0.913579969977 0.0246508184093 0.0164338789396
0 0.782399984908 0.88611997058 0.0201890069212 0.0134593379475
0 0.79819998456 0.937159969458 0.046376463749 0.0309176424993
0 0.826199983945 0.906479970133 0.0406407817821 0.0270938545214
0 0.851599983386 0.891219970468 0.0464325591638 0.0309550394426
0 0.819399984094 0.862779971093 0.0399825757946 0.0266550505297
0 0.690199986935 0.829139971833 0.08592640242 0.05728426828
0 0.758599985431 0.741979973749 0.0232473447676 0.015498229845
0 0.785199984846 0.748459973607 0.0345292506424 0.0230195004283
0 0.777199985022 0.84111997157 0.0873367024879 0.0582244683253
0 0.925999981751 0.952739969116 0.0216359124627 0.0144239416418
0 0.954199981131 0.911979970012 0.0219902930199 0.0146601953466
0 0.938799981469 0.829339971829 0.0201127290291 0.0134084860194
0 0.860799983184 0.94663996925 0.0275463113654 0.0183642075769
0 0.977599980616 0.696039974759 0.02017911355 0.0134527423667
0 0.977399980621 0.685319974995 0.022212003469 0.0148080023127
0 0.928599981694 0.777319972972 0.0391525219489 0.0261016812993
0 0.898599982353 0.707939974498 0.0387496638727 0.0258331092485
0 0.865799983074 0.712499974397 0.0263069687522 0.0175379791681
0 0.878999982784 0.665479975431 0.0198145428204 0.0132096952136
0 0.864399983105 0.628279976249 0.0553529173276 0.0369019448851
0 0.83779998369 0.630439976201 0.0555579079794 0.0370386053196
0 0.907199982164 0.604399976774 0.0205856321736 0.0137237547824
0 0.835599983738 0.704339974577 0.0321794760431 0.0214529840287
0 0.779799984965 0.694819974786 0.0471033297328 0.0314022198219
0 0.767999985224 0.681819975072 0.0502427932232 0.0334951954821
0 0.813199984231 0.598479976904 0.0314856539192 0.0209904359461
0 0.939799981447 0.548479978003 0.0228760465455 0.015250697697
0 0.819399984094 0.544599978089 0.0207919089636 0.0138612726424
0 0.810199984297 0.531459978378 0.0277854341478 0.0185236227652
0 0.768599985211 0.722679974174 0.0276241721969 0.0184161147979
0 0.721399986249 0.729019974034 0.0229420353316 0.0152946902211
0 0.747199985682 0.806259972336 0.0284159386959 0.0189439591306
0 0.684799987054 0.796219972557 0.0393764089397 0.0262509392932
0 0.671999987335 0.686339974973 0.0321217976889 0.0214145317926
0 0.710599986486 0.618599976462 0.0368322295959 0.0245548197306
0 0.664599987498 0.705979974541 0.037529415466 0.0250196103107
0 0.661599987564 0.737999973837 0.0224068039484 0.0149378692989
0 0.631599988223 0.681699975075 0.0230986473981 0.0153990982654
0 0.619999988478 0.668919975356 0.0391121569943 0.0260747713296
0 0.606599988773 0.656639975625 0.0514157513155 0.0342771675436
0 0.563999989709 0.653539975694 0.0653211813714 0.0435474542476
0 0.897199982384 0.671779975293 0.0250828619307 0.0167219079538
0 0.652999987753 0.577479977366 0.0218949209213 0.0145966139475
0 0.681799987119 0.58727997715 0.0226889628957 0.0151259752638
0 0.651999987775 0.613779976568 0.09679535898 0.06453023932
0 0.586399989217 0.577139977373 0.0293507633428 0.0195671755619
0 0.586799989208 0.606619976725 0.0398536651676 0.0265691101117
0 0.532199990408 0.609219976668 0.0676834216185 0.045122281079
0 0.471399991745 0.699619974681 0.0229896224472 0.0153264149648
0 0.473199991706 0.597879976917 0.0243888419393 0.0162592279596
0 0.3915999935 0.560119977747 0.0310078040891 0.0206718693927
0 0.569199989595 0.618599976462 0.020005484885 0.0133369899233
0 0.477799991604 0.722579974176 0.0211460916534 0.0140973944356
0 0.502799991055 0.768679973162 0.0441322514206 0.0294215009471
0 0.409999993095 0.738619973823 0.0243936896912 0.0162624597942
0 0.339999994634 0.666039975419 0.020944069013 0.0139627126753
0 0.505999990985 0.732899973949 0.0796598421532 0.0531065614355
0 0.466399991855 0.764139973262 0.0566546871132 0.0377697914088
0 0.424999992765 0.742979973727 0.0209243812043 0.0139495874695
0 0.426799992726 0.711699974415 0.0298906446105 0.019927096407
0 0.361799994155 0.697139974735 0.0400541048685 0.026702736579
0 0.375799993847 0.73375997393 0.0222281296641 0.0148187531094
0 0.659399987612 0.777279972973 0.0811333608633 0.0540889072422
0 0.220799997255 0.665639975428 0.0737593366218 0.0491728910812
0 0.249799996617 0.689459974904 0.0212408701497 0.0141605800998
0 0.228199997092 0.697999974716 0.0216828070423 0.0144552046948
0 0.397199993376 0.69509997478 0.025344046931 0.0168960312873
0 0.159399998605 0.631359976181 0.029189105657 0.0194594037714
0 0.193199997861 0.622639976373 0.0217814439534 0.0145209626356
0 0.121799999431 0.793479972617 0.0217671974988 0.0145114649992
0 0.092200000082 0.779639972921 0.0212886551327 0.0141924367551
0 0.0744000004733 0.68417997502 0.0853016360272 0.0568677573515
0 0.0356000013264 0.610999976629 0.0265847746161 0.0177231830774
0 0.035800001322 0.661339975522 0.0225549077156 0.0150366051437
0 0.0214000016386 0.56773997758 0.0250091563151 0.0166727708767
0 0.0462000010933 0.521259978602 0.0336779260486 0.0224519506991
0 0.0995999999193 0.438459980422 0.0559245563169 0.0372830375446
0 0.16959999838 0.395479981367 0.0875144863688 0.0583429909125
0 0.0850000002403 0.484279979415 0.0742031532548 0.0494687688366
0 0.116599999546 0.55817997779 0.0341341093958 0.0227560729305
0 0.231199997026 0.537899978236 0.043944772036 0.0292965146906
0 0.271599996138 0.556019977838 0.0313507083357 0.0209004722238
0 0.251599996578 0.481959979466 0.0376725725476 0.0251150483651
0 0.0588000008163 0.450939980148 0.0712048681718 0.0474699121145
0 0.368599994005 0.419219980845 0.0236998675673 0.0157999117116
0 0.441799992396 0.402979981202 0.0220087936241 0.0146725290827
0 0.483799991473 0.402339981216 0.0207613384465 0.0138408922977
0 0.4961999912 0.3803199817 0.0247532148015 0.016502143201
0 0.49119999131 0.360959982126 0.0199960861823 0.0133307241216
0 0.389999993535 0.365999982015 0.0383336476128 0.0255557650752
0 0.363199994124 0.364159982056 0.0321772005677 0.0214514670451
0 0.36839999401 0.353859982282 0.0336796079217 0.0224530719478
0 0.435399992537 0.534259978316 0.0472496526932 0.0314997684621
0 0.41339999302 0.533879978324 0.020951291174 0.0139675274493
0 0.427399992713 0.51997997863 0.0237810921451 0.0158540614301
0 0.458999992018 0.466639979803 0.0282147075252 0.0188098050168
0 0.476599991631 0.460959979928 0.0200215121464 0.0133476747643
0 0.492399991284 0.452499980114 0.0207678680715 0.013845245381
0 0.51939999069 0.444239980295 0.0291057045376 0.0194038030251
0 0.510999990875 0.46311997988 0.0202713197698 0.0135142131799
0 0.53439999036 0.490899979269 0.0467692305866 0.0311794870577
0 0.536399990316 0.531399978379 0.0418798275942 0.0279198850628
0 0.574199989485 0.526619978484 0.0486572815509 0.0324381877006
0 0.50439999102 0.529779978415 0.0337385724142 0.0224923816095
0 0.481399991525 0.53725997825 0.0211633061193 0.0141088707462
0 0.465199991882 0.544599978089 0.0348399024988 0.0232266016659
0 0.461399991965 0.565659977626 0.0277588209792 0.0185058806528
0 0.547799990066 0.558739977778 0.0855173115199 0.0570115410133
0 0.469599991785 0.435679980483 0.0202676592224 0.013511772815
0 0.562399989745 0.385119981595 0.0354668454333 0.0236445636222
0 0.561199989771 0.405499981147 0.0217350440423 0.0144900293615
0 0.563799989714 0.420339980821 0.0209181483804 0.0139454322536
0 0.545199990123 0.424099980738 0.0264741667259 0.0176494444839
0 0.60399998883 0.408139981089 0.0341610193655 0.0227740129103
0 0.623799988395 0.413619980968 0.0307033850565 0.020468923371
0 0.613799988614 0.456079980035 0.0220612284916 0.014707485661
0 0.648799987845 0.536759978261 0.0330153669778 0.0220102446519
0 0.635999988126 0.548139978011 0.0302680767227 0.0201787178151
0 0.624599988377 0.574739977426 0.0246220286991 0.0164146857994
0 0.635199988144 0.51449997875 0.0218337798871 0.0145558532581
0 0.654599987717 0.509379978863 0.031873869806 0.0212492465373
0 0.532999990391 0.409019981069 0.0258390122933 0.0172260081955
0 0.510799990879 0.487879979336 0.0289794651208 0.0193196434139
0 0.730999986038 0.47221997968 0.0241848406247 0.0161232270831
0 0.679999987159 0.517819978677 0.0240359453878 0.0160239635919
0 0.68679998701 0.480939979488 0.0319268982758 0.0212845988505
0 0.686399987018 0.467999979773 0.0199093213167 0.0132728808778
0 0.698199986759 0.417159980891 0.0233339117658 0.0155559411772
0 0.774399985084 0.396139981353 0.0316055615784 0.0210703743856
0 0.868999983004 0.441199980362 0.0339708687706 0.022647245847
0 0.77319998511 0.470359979721 0.0203938986392 0.0135959324262
0 0.828199983901 0.421939980785 0.174735733215 0.11649048881
0 0.838799983668 0.332159982759 0.0240928322723 0.0160618881816
0 0.918799981909 0.385419981588 0.023900406202 0.0159336041347
0 0.683799987076 0.386839981557 0.0537976793713 0.0358651195808
0 0.753399985545 0.365179982033 0.0277049021061 0.0184699347374
0 0.732199986011 0.380639981693 0.0269982185996 0.0179988123997
0 0.966999980849 0.37077998191 0.0198815209436 0.0132543472957
0 0.977599980616 0.371059981904 0.0231816527826 0.0154544351884
0 0.96559998088 0.357499982202 0.0213885781821 0.0142590521214
0 0.95059998121 0.364639982045 0.0379573037714 0.0253048691809
0 0.944799981337 0.33759998264 0.0472496526932 0.0314997684621
0 0.991399980313 0.348999982389 0.0232012416577 0.0154674944384
0 0.961799980964 0.265319984229 0.020859480689 0.0139063204594
0 0.937799981491 0.276699983979 0.0211028576211 0.0140685717474
0 0.936999981509 0.266959984193 0.023299779635 0.0155331864234
0 0.901399982292 0.268299984163 0.0267542480652 0.0178361653768
0 0.844799983536 0.291999983642 0.0388284151077 0.0258856100718
0 0.821799984042 0.212899985381 0.064203626158 0.0428024174387
0 0.806999984367 0.195859985756 0.0230303831366 0.0153535887578
0 0.941399981412 0.217879985272 0.0262055616971 0.0174703744648
0 0.888999982564 0.263499984269 0.0234838952735 0.0156559301823
0 0.890399982533 0.213059985378 0.0209772118066 0.0139848078711
0 0.925599981759 0.210799985427 0.0690586002186 0.0460390668124
0 0.854199983329 0.206559985521 0.0245183461687 0.0163455641124
0 0.846799983492 0.232439984952 0.0207838953329 0.0138559302219
0 0.730399986051 0.227259985066 0.0800350977238 0.0533567318158
0 0.757599985453 0.15611998663 0.0230855881481 0.0153903920987
0 0.6917999869 0.149099986784 0.0284547207111 0.0189698138074
0 0.723399986205 0.113219987573 0.053437461725 0.0356249744833
0 0.49439999124 0.30803998329 0.0346945688756 0.0231297125837
0 0.465199991882 0.247739984615 0.0229346153032 0.0152897435355
0 0.449199992233 0.250139984562 0.0212578867482 0.0141719244988
0 0.437399992493 0.182439986051 0.0282948438321 0.0188632292214
0 0.407799993143 0.278559983938 0.0398267551978 0.0265511701319
0 0.378599993785 0.179059986125 0.0227046933559 0.0151364622373
0 0.506799990967 0.229399985018 0.0278280745778 0.0185520497185
0 0.51939999069 0.227459985061 0.0199560180289 0.0133040120193
0 0.423199992805 0.233019984939 0.0266045613586 0.0177363742391
0 0.505399990998 0.190739985868 0.0855606444859 0.0570404296572
0 0.475999991644 0.216419985304 0.0246162905438 0.0164108603625
0 0.393199993464 0.173299986252 0.0616641956323 0.0411094637549
0 0.555999989885 0.113159987574 0.0969203122585 0.0646135415057
0 0.518199990716 0.0679799885673 0.0461829494079 0.0307886329386
0 0.304399995417 0.211879985404 0.069411199969 0.0462741333126
0 0.235799996925 0.238299984823 0.0221010987776 0.0147340658517
0 0.309199995311 0.171819986284 0.0387054405033 0.0258036270022
0 0.226999997118 0.210479985434 0.0336328122759 0.0224218748506
0 0.205799997584 0.220399985216 0.0350222373305 0.0233481582203
0 0.152999998745 0.250319984559 0.0222344614217 0.0148229742811
0 0.302999995448 0.292299983636 0.0211609317102 0.0141072878068
0 0.168599998402 0.201539985631 0.0313437829758 0.0208958553172
0 0.0997999999149 0.302599983409 0.0571034504319 0.0380689669546
0 0.0586000008207 0.28073998389 0.0731290299411 0.0487526866274
0 0.0646000006888 0.0491399889815 0.0383582821071 0.0255721880714
0 0.192199997883 0.0402199891776 0.0770549175101 0.0513699450067
0 0.172399998319 0.0808999882833 0.0640123872922 0.0426749248615
0 0.250399996604 0.124399987327 0.0288302730828 0.0192201820552
0 0.297599995566 0.143859986899 0.0296547866405 0.0197698577604
0 0.280199995949 0.0943999879865 0.025420720558 0.0169471470386
0 0.286199995817 0.0786199883334 0.0217191157147 0.0144794104764
0 0.31379999521 0.101899987822 0.0241852363596 0.0161234909064
0 0.373199993904 0.0910399880604 0.0211027586874 0.0140685057916
0 0.348999994436 0.108859987669 0.0394708906349 0.0263139270899
0 0.336399994713 0.0766999883756 0.0248852913073 0.0165901942049
0 0.337199994696 0.0373599892405 0.0257502687534 0.0171668458356
0 0.442599992378 0.059399988756 0.0243059354885 0.0162039569923
0 0.438599992466 0.0381399892234 0.0363602168548 0.0242401445699
0 0.427199992717 0.0526599889041 0.0223152902646 0.0148768601764
0 0.518599990707 0.0336199893227 0.035430833562 0.023620555708
0 0.543799990153 0.044159989091 0.0239335489956 0.0159556993304
0 0.585399989239 0.0354999892814 0.0200514890612 0.0133676593741
0 0.586599989212 0.0559799888312 0.0333605466998 0.0222403644665
0 0.610599988685 0.0702199885181 0.0258495982005 0.017233065467
0 0.427799992704 0.107859987691 0.136968777905 0.0913125186037
0 0.69359998686 0.102779987802 0.034176650892 0.022784433928
0 0.705599986596 0.0951599879698 0.0462168836712 0.0308112557808
0 0.692999986873 0.0807999882855 0.0216495653149 0.0144330435433
0 0.688799986966 0.0291599894208 0.0204434644291 0.0136289762861
0 0.837399983699 0.0326799893434 0.0261642074054 0.017442804937
0 0.911199982076 0.0612999887142 0.0243710338711 0.0162473559141
0 0.857599983254 0.147239986825 0.0751271941271 0.0500847960848
0 0.945999981311 0.0931399880142 0.0201554683928 0.0134369789285
0 0.56579998967 0.733139973944 0.203191047528 0.135460698352
0 0.445399992317 0.7260199741 0.256448054162 0.170965369441
0 0.128199999291 0.668899975356 0.0610259742547 0.0406839828365
0 0.966799980854 0.334259982713 0.0252864675105 0.016857645007
