0 0.22779999014 0.0644719886445 0.188468746671 0.125645822827
0 0.358199995874 0.215463985325 0.166489630262 0.11099307952
0 0.663000009276 0.429049980629 0.211124569762 0.140749703891
0 0.105199984749 0.588559977122 0.274419399189 0.182946254059
0 0.345999995338 0.0191359896412 0.0347781724501 0.0231854467708
0 0.374399996586 0.0471259890258 0.0776683167713 0.0517788744324
0 0.507600002443 0.0366239892567 0.0665235315514 0.0443490181092
0 0.501200002162 0.0770079883688 0.0281379386763 0.0187586245469
0 0.460800000385 0.0513579889328 0.0269554827916 0.0179703206758
0 0.46660000064 0.110651987629 0.0678895094965 0.0452596700125
0 0.374999996613 0.141939986941 0.0890467834502 0.0593645183847
0 0.354399995707 0.127017987269 0.0217400925294 0.0144933940637
0 0.449199999875 0.157805986592 0.0348959035831 0.0232639341877
0 0.519600002971 0.149453986776 0.0214159856454 0.0142773228219
0 0.499000002065 0.197651985716 0.0268999809717 0.017933319465
0 0.602400006612 0.0612419887155 0.054281274517 0.0361875139579
0 0.687600010358 0.0564239888214 0.0422911006146 0.0281940652168
0 0.653800008872 0.107041987709 0.0501021160934 0.0334014085259
0 0.660400009162 0.0918219880432 0.023440070731 0.01562671279
0 0.619000007342 0.118929987447 0.0250202401913 0.0166801590274
0 0.786000014685 0.0615019887097 0.0202086973957 0.0134724640419
0 0.814600015942 0.0299639894031 0.0546222001344 0.0364147976878
0 0.852000017587 0.094055987994 0.0381749629741 0.0254499736375
0 0.881600018888 0.0622679886929 0.0254095444003 0.0169396951496
0 0.865600018185 0.0560879888288 0.0454528246073 0.030301881073
0 0.917400020462 0.0284099894373 0.0373115683535 0.0248743772617
0 0.809400015714 0.0744059884261 0.0219290559447 0.0146193696656
0 0.950000021896 0.0648199886368 0.0221828209501 0.0147885463247
0 0.923200020717 0.105205987749 0.0361754134523 0.0241169407109
0 0.963200022476 0.192375985832 0.0275160412791 0.0183440263095
0 0.909800020128 0.140221986979 0.0290399174497 0.0193599436896
0 0.893200019398 0.184027986016 0.0504547158904 0.0336364750417
0 0.947800021799 0.200069985663 0.02067675285 0.0137845009909
0 0.917600020471 0.218443985259 0.0244480075242 0.0162986706078
0 0.95420002208 0.239255984802 0.101336825474 0.0675578791935
0 0.815600015986 0.213551985367 0.0247627157044 0.0165084760474
0 0.772400014087 0.176051986191 0.0451584967746 0.0301056625308
0 0.791200014913 0.187593985938 0.0337119636926 0.0224746409794
0 0.77520001421 0.20338198559 0.0217203057844 0.0144802029012
0 0.781400014482 0.246407984645 0.059447395784 0.0396315945754
0 0.75360001326 0.271277984098 0.0391551983242 0.0261034638278
0 0.732200012319 0.254505984467 0.0232932530827 0.0155288343642
0 0.780400014438 0.294645983584 0.0641921583151 0.0427947693875
0 0.85640001778 0.270207984121 0.0223132156 0.0148754760855
0 0.704600011105 0.238569984817 0.0569598061954 0.0379732016257
0 0.707000011211 0.295503983565 0.0853657563335 0.0569105004687
0 0.689000010419 0.223719985143 0.0385836581932 0.0257224370989
0 0.654000008881 0.19883598569 0.0231922417492 0.0154614934797
0 0.673000009716 0.181203986078 0.0246274733019 0.0164183144517
0 0.663400009294 0.16702598639 0.0234888450576 0.0156592290056
0 0.627000007693 0.234847984899 0.0336701147268 0.0224467416707
0 0.613200007087 0.251973984522 0.0406022029902 0.0270681335415
0 0.556800004607 0.210119985442 0.0221297924733 0.0147531940092
0 0.562600004862 0.289151983705 0.036096662207 0.0240644398841
0 0.564800004958 0.31575198312 0.0700638749108 0.0467092468598
0 0.698000010815 0.334599982706 0.0260915935024 0.017394394521
0 0.601800006585 0.381161981682 0.0230435443601 0.0153623618935
0 0.526600003279 0.385017981597 0.0584339187022 0.0389559432321
0 0.572400005293 0.399127981287 0.0451713581589 0.0301142367864
0 0.586200005899 0.38353798163 0.0237789187401 0.0158526114478
0 0.445199999699 0.354151982276 0.0965120255592 0.0643413461291
0 0.373999996569 0.378839981733 0.0273457763379 0.0182305163562
0 0.352999995645 0.346593982442 0.0550457354123 0.0366971545211
0 0.61420000713 0.200563985652 0.0297393788875 0.019826251284
0 0.645400008502 0.234867984898 0.0236090495338 0.0157393653178
0 0.457200000227 0.215651985321 0.0301895273375 0.0201263502309
0 0.219199989762 0.277687983957 0.0324752921266 0.0216501933231
0 0.153799986886 0.219003985247 0.0413611235969 0.0275740805793
0 0.226999990105 0.364937982039 0.0443733587307 0.0295822372027
0 0.120399985418 0.319187983044 0.0903763537844 0.060250898549
0 0.138399986209 0.349219982384 0.0257743130454 0.0171828742303
0 0.0779999835535 0.343535982509 0.153422463826 0.102281635804
0 0.046399982164 0.212383985393 0.0231204158646 0.0154136095598
0 0.0145999807657 0.344629982485 0.0337877469262 0.0225251631318
0 0.100999984565 0.641739975953 0.0475905845433 0.0317270542696
0 0.0757999834567 0.56638997761 0.021416480314 0.014277652601
0 0.159999987159 0.48543197939 0.0205300341354 0.0136866885209
0 0.223199989938 0.478689979538 0.0301689491227 0.0201126314219
0 0.241999990765 0.417991980872 0.0310232418405 0.0206821598629
0 0.23619999051 0.448757980196 0.054113087184 0.0360753890766
0 0.278999992392 0.446957980235 0.0198579773396 0.0132386506865
0 0.236799990536 0.479435979521 0.0372039284604 0.0248026173377
0 0.304999993535 0.527801978458 0.0314543950153 0.0209695952938
0 0.324399994388 0.498457979103 0.0783276111166 0.052218403967
0 0.276599992286 0.48541997939 0.100951973283 0.0673013110828
0 0.349199995478 0.536841978259 0.0205068836437 0.0136712548608
0 0.24779999102 0.555599977847 0.100058601743 0.0667057300959
0 0.459800000341 0.43220798056 0.0464015990328 0.0309343973149
0 0.431999999119 0.423291980756 0.0369352244625 0.0246234813509
0 0.524000003164 0.450281980162 0.0324803377465 0.0216535570695
0 0.511800002628 0.460061979947 0.029960297896 0.0199735306133
0 0.511600002619 0.437061980453 0.0305734891254 0.0203823247392
0 0.488400001599 0.42675598068 0.044582504626 0.0297216677903
0 0.492800001792 0.475735979603 0.0301158217122 0.0200772131506
0 0.464600000552 0.490241979284 0.0304548675888 0.0203032437201
0 0.527800003331 0.471357979699 0.0273537899696 0.018235858777
0 0.59100000611 0.458439979983 0.0226642324573 0.0151094873083
0 0.638800008212 0.485373979391 0.025298738628 0.0168658246396
0 0.580400005644 0.478681979538 0.0272234942534 0.0181489949719
0 0.539200003833 0.584203977218 0.0215673542451 0.014378235215
0 0.478400001159 0.56407797766 0.0219174806989 0.0146116528355
0 0.496200001942 0.596725976943 0.055937524012 0.0372916802151
0 0.690000010463 0.511013978827 0.021508686546 0.0143391234182
0 0.750400013119 0.498883979094 0.0603298846136 0.040219920423
0 0.49480000188 0.386785981558 0.0288199877784 0.0192133239184
0 0.838800017006 0.538979978212 0.0734362288047 0.0489574826408
0 0.876600018668 0.578421977345 0.0902656469458 0.0601770939948
0 0.802000015388 0.589173977109 0.0212929120911 0.0141952737912
0 0.796600015151 0.60276197681 0.0345410283105 0.0230273506882
0 0.740600012688 0.591257977063 0.0250057958674 0.0166705294788
0 0.779800014412 0.584507977211 0.0306320578907 0.0204213705803
0 0.953400022045 0.621097976407 0.0471828786614 0.0314552503663
0 0.92940002099 0.630559976199 0.0272470404801 0.0181646924553
0 0.921400020638 0.648377975807 0.0532514733705 0.0355009799055
0 0.766200013814 0.329369982821 0.0594599603671 0.0396399709636
0 0.910600020163 0.437287980448 0.0282274736976 0.0188183145573
0 0.935800021271 0.399017981289 0.0215013654503 0.0143342426881
0 0.945400021694 0.373085981859 0.0520875180925 0.0347250097714
0 0.917000020445 0.727719974063 0.0386336197245 0.0257557447842
0 0.903400019847 0.748625973603 0.0204265494588 0.013617698741
0 0.949800021887 0.722199974184 0.0250797982939 0.0167198644265
0 0.948400021825 0.708259974491 0.0199477102284 0.0132984726085
0 0.959600022318 0.669825975336 0.0263208229439 0.0175472141386
0 0.934000021192 0.677587975165 0.0406348511196 0.0270898989597
0 0.789400014834 0.726729974085 0.0241711909609 0.0161141262444
0 0.716600011633 0.660011975551 0.0544979393754 0.0363319571873
0 0.591600006137 0.648067975814 0.0687273792159 0.0458182497886
0 0.50320000225 0.674735975228 0.0224222405653 0.0149481593909
0 0.414599998354 0.56863397756 0.0237294518775 0.0158196335416
0 0.369399996366 0.601421976839 0.0220877456401 0.0147251627888
0 0.408799998099 0.527993978454 0.184753785287 0.123169182067
0 0.32079999423 0.693971974805 0.0280511737992 0.0187007812994
0 0.393999997448 0.735677973888 0.0375721597859 0.0250481048719
0 0.349199995478 0.703431974597 0.0292349158222 0.019489942596
0 0.459600000333 0.730025974012 0.0306122711457 0.0204081794177
0 0.460200000359 0.750747973556 0.0271331677622 0.0180887773151
0 0.203199989059 0.639181976009 0.0245114240421 0.0163409482837
0 0.181999988126 0.747075973637 0.0290523830991 0.0193682541219
0 0.0799999836414 0.742155973745 0.0511593218819 0.0341062123384
0 0.0357999816979 0.860359971147 0.0207747961718 0.013849863201
0 0.0155999808097 0.918973969858 0.0201753567303 0.0134502369331
0 0.0441999820673 0.848255971413 0.020190592524 0.0134603941282
0 0.0507999823575 0.82201597199 0.019860351749 0.013240233626
0 0.136399986121 0.907465970111 0.0227285393788 0.0151523585865
0 0.0661999830346 0.791913972651 0.0222224933739 0.0148149946055
0 0.165799987414 0.814201972161 0.0223239993761 0.0148826652691
0 0.0475999822168 0.97665596859 0.033518449326 0.0223456314102
0 0.0369999817507 0.964781968851 0.0271789740771 0.0181193148563
0 0.180999988082 0.966497968813 0.0425840433752 0.0283893603777
0 0.177199987915 0.984669968414 0.0290619796704 0.0193746518358
0 0.0639999829379 0.86749397099 0.0220912083205 0.0147274712423
0 0.237399990562 0.924107969745 0.11182182168 0.0745478762031
0 0.235599990483 0.822135971987 0.0343167455553 0.0228778288613
0 0.292199992972 0.775563973011 0.0250935500817 0.0167290322844
0 0.439199999436 0.773533973056 0.0341055220518 0.0227370132016
0 0.67900000998 0.893601970416 0.0255522068322 0.0170348034312
0 0.627000007693 0.970865968717 0.0203045641755 0.0135363752242
0 0.827400016505 0.847195971436 0.0554805491349 0.0369870303171
0 0.746000012926 0.787807972742 0.0306214719821 0.0204143133083
0 0.762400013647 0.810835972235 0.0414605519908 0.0276403661708
0 0.965000022555 0.0496699889699 0.0208155568666 0.0138770369958
0 0.94260002157 0.0106659898274 0.0210683325347 0.0140455540968
0 0.467200000667 0.235969984874 0.110777081541 0.073851382823
0 0.535400003666 0.43399398052 0.0327090725194 0.021806046908
0 0.366199996226 0.411007981026 0.16971684838 0.113144558124
0 0.637800008168 0.547305978029 0.0869698677553 0.0579799080127
0 0.553400004457 0.572007977486 0.146298246268 0.0975321577457
0 0.8000000153 0.519933978631 0.0699575211562 0.0466383443614
0 0.743000012794 0.534447978312 0.0221509642905 0.014767308553
