0 0.387199993596 0.849759993365 0.365782667566 0.24385511171
0 0.972399980731 0.775179995005 0.0277059903769 0.0184706602513
0 0.723999986192 0.797999994503 0.0246640755268 0.0164427170179
0 0.730399986051 0.776699994971 0.0492277333357 0.0328184888904
0 0.685599987036 0.895859992351 0.0248239524058 0.0165493016038
0 0.4779999916 0.904619992159 0.0203688684101 0.0135792456067
0 0.561399989767 0.934039991512 0.0273221275734 0.0182147517156
0 0.384599993654 0.990759990265 0.0219089695084 0.0146059796723
0 0.605199988804 0.968859990747 0.0427068144947 0.0284712096632
0 0.157399998649 0.909399992054 0.0388110027743 0.0258740018495
0 0.0598000007943 0.953819991077 0.0369140477759 0.0246093651839
0 0.168799998398 0.954519991062 0.0223717814143 0.0149145209428
0 0.138599999062 0.943939991294 0.0206155101547 0.0137436734364
0 0.239799996837 0.928699991629 0.0608892478644 0.0405928319096
0 0.0356000013264 0.927059991665 0.0505526536099 0.0337017690733
0 0.0572000008515 0.880359992692 0.0247510382598 0.0165006921732
0 0.112799999629 0.884899992592 0.0253391002454 0.0168927334969
0 0.0973999999677 0.6798799971 0.0461882918283 0.0307921945522
0 0.389399993548 0.596279998938 0.0205928543346 0.0137285695564
0 0.118399999506 0.726079996084 0.0292380778446 0.0194920518964
0 0.442599992378 0.691219996851 0.0212057486819 0.0141371657879
0 0.0788000003766 0.748719995586 0.0419210829522 0.0279473886348
0 0.689799986944 0.665879997408 0.03828853384 0.0255256892267
0 0.688799986966 0.581439999264 0.0243512471287 0.0162341647525
0 0.71359998642 0.507520000889 0.0351693517606 0.0234462345071
0 0.86279998314 0.522300000564 0.0263157738526 0.017543849235
0 0.928999981685 0.268300006149 0.0296072984587 0.0197381989724
0 0.798799984547 0.235220006876 0.0209150814353 0.0139433876235
0 0.762399985347 0.294420005574 0.0198844889549 0.01325632597
0 0.504999991006 0.290140005668 0.0200825542468 0.0133883694979
0 0.806599984376 0.413040002966 0.0454777499071 0.030318499938
0 0.435999992523 0.357040004198 0.0243146416552 0.0162097611034
0 0.536599990312 0.438000002418 0.0358790032785 0.023919335519
0 0.588799989164 0.447600002207 0.029204935051 0.0194699567007
0 0.457799992044 0.512640000777 0.0255267774975 0.017017851665
0 0.299999995513 0.37240000386 0.0215554793546 0.0143703195697
0 0.168599998402 0.409020003055 0.0538502131725 0.035900142115
0 0.128599999282 0.488140001315 0.0202166094269 0.0134777396179
0 0.596399988997 0.55431999986 0.0253774865257 0.0169183243505
0 0.535799990329 0.544140000084 0.02023135055 0.0134875670334
0 0.0904000001216 0.576239999378 0.0288540171737 0.0192360114491
0 0.394999993425 0.521380000584 0.0379789702544 0.0253193135029
0 0.156599998666 0.344620004471 0.0215031434208 0.0143354289472
0 0.348999994436 0.304520005352 0.0436973388216 0.0291315592144
0 0.158999998613 0.299040005473 0.0293712426213 0.0195808284142
0 0.235599996929 0.277960005936 0.0310389682084 0.0206926454723
0 0.248199996652 0.320320005005 0.0213679999699 0.0142453333133
0 0.0134000018144 0.253460006475 0.0218977899989 0.014598526666
0 0.100399999902 0.120460009399 0.0290446624372 0.0193631082915
0 0.125999999339 0.138660008999 0.0238121573307 0.0158747715538
0 0.118999999493 0.187820007918 0.0385893912589 0.0257262608393
0 0.152599998754 0.164760008425 0.0310450031649 0.0206966687766
0 0.141599998996 0.113860009544 0.0347586779211 0.0231724519474
0 0.0280000014935 0.303420005376 0.0464467066847 0.0309644711231
0 0.279199995971 0.20320000758 0.0235802567092 0.0157201711395
0 0.353599994335 0.185600007967 0.020721962829 0.013814641886
0 0.37019999397 0.194760007765 0.0326838401081 0.0217892267387
0 0.301999995469 0.221140007185 0.0337103763062 0.0224735842042
0 0.540999990215 0.21912000723 0.0438382204279 0.0292254802852
0 0.546199990101 0.183780008007 0.0408484436441 0.0272322957627
0 0.497599991169 0.129160009208 0.0211786408447 0.0141190938965
0 0.385999993623 0.102160009801 0.0418062209123 0.0278708139415
0 0.304799995408 0.110100009627 0.0295194453222 0.0196796302148
0 0.492799991275 0.327540004846 0.0388336585944 0.0258891057296
0 0.924799981777 0.135020009079 0.0220119595029 0.0146746396686
0 0.733999985972 0.117500009464 0.0203170271448 0.0135446847632
0 0.707999986543 0.10632000971 0.0317655373911 0.0211770249274
0 0.709799986504 0.081700010251 0.0281986802639 0.0187991201759
0 0.308399995329 0.0846200101868 0.0199255464455 0.0132836976303
0 0.311799995254 0.0701200105056 0.0219023409497 0.0146015606331
0 0.389199993552 0.056180010812 0.025342661859 0.016895107906
0 0.483799991473 0.0539400108613 0.039412420811 0.0262749472073
0 0.653199987748 0.017520011662 0.0208198082704 0.0138798721803
0 0.919599981891 0.0848000101828 0.0564666141263 0.0376444094175
0 0.107999999735 0.0561400108129 0.0201396389988 0.0134264259992
0 0.195199997818 0.074740010404 0.0931015698999 0.0620677132666
0 0.637399988096 0.79677999453 0.0334322736412 0.0222881824274
0 0.586599989212 0.787039994744 0.0300456737376 0.0200304491584
0 0.438199992475 0.750439995549 0.0259842469829 0.0173228313219
0 0.458399992031 0.738159995819 0.0225462015489 0.0150308010326
0 0.555199989903 0.749639995566 0.0246807953242 0.0164538635494
0 0.969399980797 0.316840005081 0.0260791244129 0.0173860829419
0 0.812199984253 0.521420000584 0.0315947778038 0.0210631852025
0 0.119199999488 0.642719997917 0.0250691101447 0.0167127400965
0 0.172199998323 0.662779997476 0.0259097498976 0.0172731665984
0 0.721999986236 0.22456000711 0.0372781238369 0.0248520825579
