0 0.161199987212 0.735400000413 0.0897280351645 0.0598186901096
0 0.926200020849 0.193559976588 0.173562390835 0.115708260557
0 0.0779999835535 0.972080010819 0.0338411689058 0.0225607792706
0 0.180199988047 0.964540010488 0.0283174025862 0.0188782683908
0 0.120599985427 0.925800008785 0.0437091148163 0.0291394098775
0 0.087199983958 0.909300008059 0.0455727292766 0.0303818195177
0 0.0109999806075 0.944220009594 0.0223842485384 0.0149228323589
0 0.07359998336 0.803020003386 0.0265801264848 0.0177200843232
0 0.092999984213 0.756200001327 0.038236596163 0.0254910641087
0 0.0315999815132 0.85200000554 0.0279311653482 0.0186207768988
0 0.0507999823575 0.839780005002 0.0238704308616 0.0159136205744
0 0.216599989648 0.853020005584 0.0230906352903 0.0153937568602
0 0.311399993816 0.834360004764 0.0391077075567 0.0260718050378
0 0.412999998284 0.912200008187 0.0229218543661 0.0152812362441
0 0.420999998635 0.900820007686 0.0214629777493 0.0143086518329
0 0.401799997791 0.932640009085 0.0203556126352 0.0135704084235
0 0.500200002118 0.8442800052 0.0225246354853 0.0150164236569
0 0.416799998451 0.839600004994 0.0439353762311 0.0292902508207
0 0.393199997413 0.862440005999 0.0475502164472 0.0317001442981
0 0.35559999576 0.847220005329 0.0454683542033 0.0303122361355
0 0.0505999823487 0.888020007123 0.0257130713736 0.0171420475824
0 0.0379999817947 0.934820009181 0.0221830173544 0.0147886782363
0 0.739600012644 0.981700011242 0.0264248005463 0.0176165336976
0 0.768800013928 0.965120010513 0.03943369416 0.02628912944
0 0.759200013506 0.949760009838 0.022997538661 0.0153316924407
0 0.729200012187 0.937820009313 0.0233347047745 0.0155564698497
0 0.604000006682 0.90318000779 0.0208641319496 0.0139094212997
0 0.69560001071 0.945820009665 0.0317073664596 0.0211382443064
0 0.809400015714 0.984480011365 0.0207342319769 0.0138228213179
0 0.487600001564 0.974440010923 0.0278051237905 0.0185367491937
0 0.710000011343 0.964400010482 0.0382894267688 0.0255262845125
0 0.73540001246 0.896380007491 0.0376051022361 0.0250700681574
0 0.695200010692 0.890720007242 0.0213618674887 0.0142412449925
0 0.779600014403 0.89294000734 0.0234951752664 0.0156634501776
0 0.981000023259 0.928700008912 0.0415068502366 0.0276712334911
0 0.954400022089 0.895100007435 0.0423494687193 0.0282329791462
0 0.778000014333 0.867640006227 0.0285797748084 0.0190531832056
0 0.75360001326 0.849860005445 0.03756503408 0.0250433560534
0 0.806200015573 0.852040005541 0.0390902952222 0.0260601968148
0 0.97080002281 0.802480003362 0.0658313868674 0.0438875912449
0 0.783000014553 0.766380001775 0.044597440677 0.029731627118
0 0.867400018264 0.762980001625 0.0230420588344 0.0153613725563
0 0.612200007043 0.84382000518 0.0484995844124 0.032333056275
0 0.596600006357 0.722899999863 0.0285126977471 0.0190084651647
0 0.599200006471 0.70485999907 0.0253697713695 0.016913180913
0 0.653800008872 0.692539998528 0.0210938560446 0.0140625706964
0 0.58440000582 0.804140003435 0.0357603841161 0.0238402560774
0 0.739000012618 0.770940001975 0.0219013530571 0.0146009020381
0 0.414399998345 0.677479997866 0.0318596254528 0.0212397503018
0 0.365799996208 0.658099997014 0.0405043548644 0.027002903243
0 0.370799996428 0.695559998661 0.0225527326614 0.0150351551076
0 0.439999999471 0.800800003288 0.0785610895267 0.0523740596845
0 0.622200007482 0.747540000946 0.0225861722584 0.0150574481723
0 0.322999994326 0.639619996201 0.0612195915673 0.0408130610449
0 0.210399989375 0.737960000525 0.0584136334358 0.0389424222905
0 0.1017999846 0.68007999798 0.0681085442721 0.0454056961814
0 0.201599988988 0.580099993584 0.0277262736166 0.0184841824111
0 0.220799989832 0.596139994289 0.0405485782367 0.0270323854911
0 0.276799992295 0.613539995054 0.0209651432765 0.0139767621843
0 0.04539998212 0.591759994097 0.0583408182188 0.0388938788125
0 0.31739999408 0.598379994388 0.0424354421209 0.0282902947473
0 0.326599994485 0.579719993567 0.0307020020095 0.0204680013397
0 0.0767999835007 0.657199996974 0.0442191181365 0.029479412091
0 0.0237999811703 0.305719981519 0.0216631206623 0.0144420804416
0 0.060999982806 0.302979981399 0.0219317257088 0.0146211504725
0 0.182799988162 0.349759983456 0.0213989676332 0.0142659784222
0 0.24439999087 0.353319983612 0.0275565033552 0.0183710022368
0 0.10339998467 0.404319985855 0.0239756963384 0.0159837975589
0 0.153399986869 0.371339984405 0.025208806209 0.016805870806
0 0.047399982208 0.488279989547 0.0211593501664 0.0141062334443
0 0.0561999825949 0.478399989112 0.0239711453873 0.0159807635915
0 0.111199985013 0.504439990257 0.0235516664198 0.0157011109465
0 0.20619998919 0.489319989592 0.0235157534799 0.0156771689866
0 0.139199986244 0.471459988807 0.0478669032809 0.031911268854
0 0.0761999834743 0.464059988482 0.0322628792904 0.0215085861936
0 0.209799989349 0.530759991414 0.0251373760641 0.0167582507094
0 0.227399990123 0.564799992911 0.0221119829444 0.0147413219629
0 0.0781999835623 0.426879986847 0.0251171935855 0.0167447957236
0 0.231999990325 0.433259987127 0.0521932748024 0.0347955165349
0 0.288999992831 0.419979986543 0.0354257902792 0.0236171935195
0 0.325199994423 0.395079985448 0.0239201945222 0.0159467963481
0 0.290199992884 0.386099985054 0.0259791041433 0.0173194027622
0 0.374999996613 0.39987998566 0.0509718391106 0.0339812260737
0 0.256199991389 0.381039984831 0.0202934822598 0.0135289881732
0 0.395799997527 0.48993998962 0.0253644289486 0.0169096192991
0 0.175599987845 0.451719987939 0.0522573838521 0.0348382559014
0 0.179199988003 0.401059985711 0.0211267020392 0.0140844680261
0 0.50640000239 0.495519989865 0.0465570208445 0.0310380138964
0 0.558400004677 0.438579987361 0.0297876565807 0.0198584377205
0 0.679200009989 0.446299987701 0.0332475665933 0.0221650443955
0 0.435399999269 0.379479984763 0.0213925369415 0.0142616912943
0 0.467800000693 0.429539986964 0.0479656391323 0.0319770927548
0 0.623600007544 0.573719993303 0.0238561844061 0.0159041229374
0 0.646600008555 0.54383999199 0.0200458511617 0.0133639007745
0 0.688400010393 0.511479990567 0.0202746848532 0.0135164565688
0 0.782000014509 0.497259989941 0.0204544474202 0.0136362982801
0 0.785200014649 0.565039992922 0.0304029253777 0.0202686169185
0 0.590000006066 0.614839995111 0.0214272626768 0.0142848417845
0 0.722200011879 0.630299995791 0.0198069262309 0.0132046174873
0 0.542800003991 0.551879992343 0.0689999370782 0.0459999580521
0 0.764800013752 0.672679997655 0.022158877527 0.014772585018
0 0.841200017112 0.609519994878 0.0416510955986 0.0277673970657
0 0.940000021456 0.608519994834 0.0200716728623 0.0133811152416
0 0.917600020471 0.607779994801 0.0215913937162 0.0143942624775
0 0.983200023356 0.596719994315 0.0381393443174 0.025426229545
0 0.896600019548 0.718799999683 0.0390785221096 0.0260523480731
0 0.858000017851 0.475479988984 0.0208609660706 0.0139073107137
0 0.939200021421 0.416319986382 0.0269932736943 0.0179955157962
0 0.978000023127 0.408099986021 0.0306074213744 0.0204049475829
0 0.906000019961 0.324339982338 0.0257588776853 0.0171725851236
0 0.904400019891 0.427419986871 0.0431831831673 0.0287887887782
0 0.677000009892 0.272159980044 0.0251944608198 0.0167963072132
0 0.438999999427 0.21795997766 0.0288380907481 0.019225393832
0 0.653000008837 0.370819984382 0.0211625160454 0.0141083440303
0 0.726200012055 0.38147998485 0.0442885696071 0.0295257130714
0 0.634400008019 0.406339985944 0.101033092274 0.0673553948491
0 0.287999992787 0.207279977191 0.0226261414808 0.0150840943205
0 0.167599987493 0.269479979926 0.0212217773429 0.014147851562
0 0.110799984996 0.207959977221 0.0207049475961 0.0138032983974
0 0.14159998635 0.295159981055 0.0215984180103 0.0143989453402
0 0.195799988733 0.287839980733 0.0633068951657 0.0422045967772
0 0.0459999821464 0.137099974105 0.0205035185447 0.0136690123632
0 0.0915999841515 0.132759973914 0.0277690129831 0.0185126753221
0 0.07359998336 0.197419976757 0.024444741099 0.016296494066
0 0.0519999824102 0.157379974997 0.0558321559122 0.0372214372748
0 0.0947999842922 0.192039976521 0.174261852227 0.116174568151
0 0.0215999810735 0.0618599707966 0.0218238879553 0.0145492586369
0 0.0137999807306 0.0226999690747 0.0217499844674 0.0144999896449
0 0.0107999805987 0.01485996873 0.0254096416581 0.0169397611054
0 0.193999988654 0.0341799695795 0.0230554148865 0.015370276591
0 0.240399990694 0.0529799704062 0.0382907129071 0.0255271419381
0 0.260799991591 0.0268599692577 0.0604443469471 0.0402962312981
0 0.417999998503 0.0731399712926 0.0334640335699 0.0223093557133
0 0.386599997123 0.0673199710367 0.0233798185503 0.0155865457002
0 0.407999998064 0.0291599693588 0.0428206900218 0.0285471266812
0 0.377199996709 0.0424999699454 0.037816226792 0.0252108178613
0 0.697400010789 0.0724799712636 0.0279024745697 0.0186016497132
0 0.735000012442 0.0553399705099 0.0219588335477 0.0146392223651
0 0.794400015054 0.07921997156 0.0200033096627 0.0133355397751
0 0.755600013348 0.104319972664 0.0238768615533 0.0159179077022
0 0.745200012891 0.186039976257 0.023007728834 0.0153384858893
0 0.655400008942 0.192659976548 0.0263720688742 0.0175813792495
0 0.575400005424 0.11627997319 0.0248565032365 0.0165710021577
0 0.679600010006 0.167299975433 0.0478662107449 0.0319108071633
0 0.552000004396 0.0370399697053 0.0480173814672 0.0320115876448
0 0.768000013893 0.049859970269 0.0225659897798 0.0150439931865
0 0.950200021905 0.154619974875 0.0248728273001 0.0165818848667
0 0.960800022371 0.246019978894 0.0261189964216 0.0174126642811
0 0.977200023092 0.0797599715837 0.055199375847 0.036799583898
