0 0.486799991407 0.917079991885 0.186718584441 0.124479056294
0 0.282199995905 0.961319990912 0.025013311531 0.0166755410207
0 0.208999997514 0.987199990343 0.0267512800538 0.0178341867026
0 0.280999995931 0.978159990542 0.0268800917472 0.0179200611648
0 0.377799993803 0.985579990379 0.0243719242746 0.0162479495164
0 0.226599997127 0.92821999164 0.0235520606013 0.0157013737342
0 0.225399997154 0.910999992019 0.0355656802118 0.0237104534745
0 0.323599994995 0.954539991061 0.0390523020984 0.0260348680656
0 0.6735999873 0.989539990292 0.0306332410546 0.020422160703
0 0.686199987023 0.966039990809 0.0237765411943 0.0158510274629
0 0.6553999877 0.967599990774 0.0211229411647 0.0140819607765
0 0.644399987942 0.97507999061 0.0208147626511 0.0138765084341
0 0.603599988839 0.970319990714 0.0230925135079 0.0153950090053
0 0.559199989815 0.976979990568 0.0232006480554 0.0154670987036
0 0.981799980524 0.888359992516 0.0267808612338 0.0178539074892
0 0.989999980344 0.814299994145 0.0232688133831 0.0155125422554
0 0.818599984112 0.968979990744 0.0245126080134 0.0163417386756
0 0.861399983171 0.956919991009 0.0247683516595 0.0165122344397
0 0.867999983026 0.932979991535 0.0216918100101 0.0144612066734
0 0.887199982604 0.864439993042 0.0279685604492 0.0186457069661
0 0.818199984121 0.880839992682 0.0204524673969 0.0136349782646
0 0.833599983782 0.874059992831 0.0335919526527 0.0223946351018
0 0.832399983809 0.916039991908 0.0332703191542 0.0221802127695
0 0.966399980862 0.913479991964 0.0713201259466 0.047546750631
0 0.907799982151 0.924399991724 0.0400705278648 0.0267136852432
0 0.92739998172 0.887339992539 0.0266106952487 0.0177404634992
0 0.812999984235 0.831479993767 0.16798152868 0.111987685787
0 0.756599985475 0.949959991162 0.0213846208336 0.0142564138891
0 0.766599985255 0.8845399926 0.0322325045129 0.0214883363419
0 0.681799987119 0.92685999167 0.0224611185564 0.0149740790376
0 0.701399986689 0.973759990639 0.0254232928345 0.0169488618897
0 0.750799985603 0.868719992948 0.0293832136005 0.019588809067
0 0.721599986244 0.85997999314 0.0309089693106 0.0206059795404
0 0.76499998529 0.784699994795 0.0212997357085 0.0141998238057
0 0.752599985563 0.776599994973 0.035350400454 0.023566933636
0 0.727199986121 0.760259995333 0.0515100351432 0.0343400234288
0 0.700599986706 0.752299995508 0.0267074524193 0.0178049682795
0 0.854199983329 0.770359995111 0.0461903694363 0.0307935796242
0 0.85279998336 0.742959995713 0.0719856530288 0.0479904353525
0 0.63039998825 0.826659993873 0.0270149383969 0.0180099589313
0 0.667799987427 0.774319995024 0.0693213681583 0.0462142454388
0 0.600599988905 0.842179993532 0.0357651305757 0.0238434203838
0 0.610199988694 0.821159993994 0.0285476194669 0.0190317463113
0 0.566199989661 0.872859992857 0.0262185220134 0.0174790146756
0 0.604199988826 0.906239992123 0.139613276034 0.0930755173557
0 0.523399990602 0.941799991341 0.0283957562186 0.0189305041458
0 0.536799990307 0.858679993169 0.034219291322 0.0228128608813
0 0.551399989986 0.842659993521 0.0312496970155 0.0208331313437
0 0.578799989384 0.820899993999 0.0594301734763 0.0396201156509
0 0.36699999404 0.912579991984 0.0295329992408 0.0196886661605
0 0.444199992343 0.831899993758 0.0341014612707 0.0227343075138
0 0.535999990325 0.79949999447 0.0361212919397 0.0240808612932
0 0.593399989063 0.782259994849 0.159964929978 0.106643286652
0 0.487799991385 0.795139994566 0.0230647131348 0.0153764754232
0 0.457799992044 0.744519995679 0.0327775303336 0.021851686889
0 0.417599992928 0.736559995854 0.0237602171318 0.0158401447545
0 0.380999993733 0.732579995941 0.0247136413166 0.0164757608777
0 0.374599993873 0.779899994901 0.0247575678849 0.0165050452566
0 0.391199993508 0.806439994317 0.0236980867605 0.015798724507
0 0.465199991882 0.877219992761 0.0260595355379 0.0173730236919
0 0.463999991908 0.848919993383 0.0292693408977 0.0195128939318
0 0.283999995865 0.872239992871 0.0602970306629 0.0401980204419
0 0.256199996476 0.835319993682 0.0374157406306 0.0249438270871
0 0.135199999137 0.919659991828 0.0229734962521 0.0153156641681
0 0.257799996441 0.803159994389 0.0344566332976 0.0229710888651
0 0.205399997593 0.76037999533 0.0273816856682 0.0182544571121
0 0.174199998279 0.750419995549 0.0736764301709 0.0491176201139
0 0.163999998503 0.730179995994 0.0331513018984 0.0221008679323
0 0.297199995575 0.7981399945 0.0861436608521 0.0574291072347
0 0.280199995949 0.767119995182 0.0376762330949 0.02511748873
0 0.233399996978 0.833799993716 0.0638900062902 0.0425933375268
0 0.312999995228 0.720719996202 0.0234195883606 0.015613058907
0 0.345399994515 0.737959995823 0.0362192363148 0.0241461575432
0 0.212999997426 0.953739991079 0.0414876543589 0.0276584362392
0 0.0396000012384 0.79585999455 0.0275318670434 0.0183545780289
0 0.0478000010582 0.779339994913 0.037425238267 0.0249501588447
0 0.0166000017441 0.796059994546 0.0325900509489 0.0217267006326
0 0.0304000014407 0.765579995216 0.0275682746495 0.0183788497663
0 0.113999999603 0.733499995921 0.0302105962359 0.0201403974906
0 0.147999998855 0.714019996349 0.0236943272794 0.0157962181863
0 0.0128000018276 0.761679995301 0.0259093541627 0.0172729027751
0 0.0146000017881 0.574219999423 0.0302336477908 0.0201557651939
0 0.0710000005481 0.634899998089 0.0569148827764 0.0379432551843
0 0.0346000013484 0.704999996548 0.0328846755439 0.0219231170293
0 0.154199998719 0.611339998607 0.0286019340749 0.01906795605
0 0.253599996534 0.710099996435 0.0273578426436 0.0182385617624
0 0.223399997198 0.734539995898 0.0257774755243 0.0171849836829
0 0.22419999718 0.699599996666 0.0553910068068 0.0369273378712
0 0.309199995311 0.624859998309 0.0217820375556 0.0145213583704
0 0.260199996388 0.633359998123 0.0206565676452 0.0137710450968
0 0.452799992154 0.713159996368 0.0610427929858 0.0406951953238
0 0.480399991547 0.662179997489 0.0270043524897 0.0180029016598
0 0.373799993891 0.761439995307 0.0799291397179 0.0532860931453
0 0.292199995685 0.580979999274 0.0360196870173 0.0240131246782
0 0.257199996454 0.567099999579 0.0214186540306 0.0142791026871
0 0.242999996767 0.573079999448 0.0217932170651 0.0145288113767
0 0.1959999978 0.563539999658 0.026361679095 0.01757445273
0 0.250399996604 0.529420000408 0.0357408918162 0.0238272612108
0 0.307599995346 0.554419999858 0.0201152023719 0.0134101349146
0 0.339599994643 0.578799999322 0.020901428583 0.013934285722
0 0.261199996366 0.663279997465 0.0278619099074 0.0185746066049
0 0.24419999674 0.650339997749 0.019989655491 0.013326436994
0 0.511799990857 0.613999998548 0.0280047701879 0.0186698467919
0 0.482599991499 0.762899995275 0.0266838072621 0.0177892048414
0 0.50119999109 0.781179994873 0.0203572931657 0.0135715287771
0 0.592399989085 0.756179995422 0.0247815098432 0.0165210065621
0 0.609399988711 0.739699995785 0.0204568204802 0.0136378803202
0 0.54439999014 0.728779996025 0.0349087603626 0.0232725069084
0 0.539999990237 0.670999997295 0.0213651308923 0.0142434205948
0 0.596999988984 0.661819997497 0.0199901501596 0.0133267667731
0 0.647599987871 0.598599998887 0.0497322952681 0.033154863512
0 0.540199990233 0.638359998013 0.0250532807507 0.0167021871671
0 0.55259998996 0.596239998939 0.0217484990272 0.0144989993515
0 0.538399990272 0.57479999941 0.0237623936735 0.0158415957823
0 0.501799991077 0.576239999378 0.023979849973 0.0159865666486
0 0.459199992013 0.583979999208 0.0261950747236 0.0174633831491
0 0.694599986838 0.608599998667 0.0266975590481 0.0177983726987
0 0.713799986416 0.616039998503 0.0201573481333 0.0134382320889
0 0.703399986645 0.63983999798 0.0391900178259 0.0261266785506
0 0.688999986961 0.666199997401 0.0434617776528 0.0289745184352
0 0.664399987502 0.731959995955 0.0205116297568 0.0136744198379
0 0.713799986416 0.720119996215 0.0275792562915 0.018386170861
0 0.710199986495 0.581139999271 0.0233859508984 0.0155906339323
0 0.694199986847 0.58569999917 0.0200822574457 0.0133881716305
0 0.675999987247 0.575819999388 0.0203982517226 0.0135988344817
0 0.608599988729 0.525000000505 0.0334998453666 0.0223332302444
0 0.740599985827 0.684239997004 0.0281454539267 0.0187636359511
0 0.719799986284 0.687519996932 0.0266227651616 0.0177485101078
0 0.784399984864 0.69259999682 0.0227969985095 0.0151979990063
0 0.816199984165 0.696879996726 0.0351318558837 0.0234212372558
0 0.811799984261 0.706659996511 0.0207603491094 0.0138402327396
0 0.796599984596 0.721519996184 0.0298370225385 0.019891348359
0 0.817799984129 0.630079998195 0.0341726935435 0.0227817956957
0 0.900399982314 0.72853999603 0.0330833344381 0.0220555562921
0 0.595999989006 0.588419999111 0.0953874333212 0.0635916222141
0 0.630599988245 0.552639999897 0.086154345693 0.057436230462
0 0.673199987309 0.530960000374 0.0741710987321 0.0494473991547
0 0.794399984644 0.621079998393 0.210877207632 0.140584805088
0 0.878199982802 0.697759996707 0.0961210267974 0.0640806845316
0 0.833599983782 0.778179994939 0.158463116226 0.105642077484
0 0.921599981847 0.672379997265 0.0243045504165 0.016203033611
0 0.918999981905 0.6571199976 0.0241846427573 0.0161230951715
0 0.944199981351 0.734839995892 0.0247038468791 0.0164692312527
0 0.967399980841 0.667319997376 0.0239034731471 0.0159356487647
0 0.830599983848 0.619639998424 0.0203615473153 0.0135743648769
0 0.986599980418 0.638319998014 0.0226538414279 0.0151025609519
0 0.98879998037 0.663719997455 0.0198571832504 0.0132381221669
0 0.931399981632 0.633059998129 0.113034734241 0.0753564894942
0 0.836799983712 0.572819999454 0.045632482233 0.030421654822
0 0.94739998128 0.541620000139 0.044178552398 0.0294523682653
0 0.923999981795 0.576779999366 0.122739142075 0.0818260947164
0 0.860799983184 0.579519999306 0.0251895124725 0.016793008315
0 0.863199983131 0.593879998991 0.03388717085 0.0225914472333
0 0.987399980401 0.591399999045 0.0198857750932 0.0132571833955
0 0.99059998033 0.530160000391 0.0267185329951 0.0178123553301
0 0.985999980432 0.548799999982 0.0262215889585 0.0174810593057
0 0.975199980669 0.568319999552 0.0270928981622 0.0180619321081
0 0.919399981896 0.48840000131 0.0357401992802 0.0238267995201
0 0.904999982212 0.476860001563 0.0303881822494 0.0202587881662
0 0.880199982758 0.486600001349 0.0214183572295 0.0142789048196
0 0.87599998285 0.449760002159 0.0337879403366 0.0225252935578
0 0.861399983171 0.459540001944 0.0228229191421 0.015215279428
0 0.86099998318 0.478580001525 0.036472902353 0.0243152682353
0 0.840799983624 0.472800001653 0.0425920513885 0.0283947009257
0 0.815599984178 0.456420002013 0.0271949977532 0.0181299985021
0 0.853999983334 0.522920000551 0.0274029564163 0.0182686376109
0 0.838799983668 0.500500001044 0.0228548747311 0.0152365831541
0 0.937599981496 0.416440002892 0.0307429585414 0.0204953056943
0 0.925799981755 0.403460003177 0.0311554131877 0.0207702754585
0 0.909799982107 0.392960003408 0.0217573041276 0.0145048694184
0 0.865399983083 0.391080003449 0.0540461019227 0.0360307346151
0 0.911799982063 0.364260004039 0.019801285703 0.0132008571353
0 0.830799983844 0.364720004029 0.0213510823051 0.0142340548701
0 0.811999984257 0.35510000424 0.0204719573382 0.0136479715588
0 0.789599984749 0.37556000379 0.0282315262563 0.0188210175042
0 0.796799984591 0.393520003396 0.0198569853829 0.0132379902553
0 0.787399984798 0.419560002823 0.0322785086891 0.0215190057927
0 0.789599984749 0.434740002489 0.026081498822 0.0173876658813
0 0.830799983844 0.547200000017 0.0637595127238 0.0425063418158
0 0.898199982362 0.548139999996 0.0654394071575 0.0436262714384
0 0.869399982995 0.50658000091 0.0535512354941 0.0357008236627
0 0.710999986478 0.462820001872 0.0209184451815 0.013945630121
0 0.702199986671 0.471900001672 0.0203758927036 0.0135839284691
0 0.678999987181 0.492260001225 0.022916807235 0.01527787149
0 0.655199987704 0.506860000904 0.0222391113062 0.0148260742041
0 0.709799986504 0.529400000408 0.0328463881973 0.0218975921315
0 0.696999986785 0.503100000986 0.0459070232844 0.0306046821896
0 0.633199988188 0.441760002335 0.024327404104 0.0162182694027
0 0.621399988447 0.422980002748 0.0369948766188 0.0246632510792
0 0.645799987911 0.414100002943 0.0353133992456 0.0235422661637
0 0.567199989639 0.505540000933 0.0603550058183 0.0402366705455
0 0.572999989511 0.415520002912 0.0306022748026 0.0204015165351
0 0.734599985959 0.384580003592 0.0215116517201 0.0143411011467
0 0.781999984917 0.390480003462 0.0205630752872 0.0137087168581
0 0.712999986434 0.370240003907 0.0272812679503 0.0181875119669
0 0.707599986552 0.35646000421 0.0243715285397 0.0162476856931
0 0.551399989986 0.408620003064 0.0201458718227 0.0134305812151
0 0.699399986733 0.325140004899 0.157196764709 0.10479784314
0 0.715999986368 0.288360005707 0.0311174226422 0.0207449484282
0 0.642799987977 0.303120005383 0.09854391341 0.0656959422734
0 0.688199986979 0.311720005194 0.0246835654681 0.0164557103121
0 0.755599985497 0.450940002133 0.0432861703136 0.0288574468757
0 0.529999990457 0.430000002593 0.0329050558886 0.0219367039258
0 0.511599990861 0.387960003518 0.0256084967438 0.0170723311625
0 0.497399991174 0.393580003394 0.0222436622569 0.0148291081713
0 0.473799991692 0.536620000249 0.0296417273905 0.0197611515937
0 0.437199992497 0.529420000408 0.0205010438496 0.0136673625664
0 0.41659999295 0.529700000402 0.0208410790186 0.013894052679
0 0.381199993728 0.543080000107 0.029260634731 0.0195070898207
0 0.351199994388 0.547600000008 0.0258186319486 0.0172124212991
0 0.426999992721 0.559519999746 0.022200329291 0.0148002195273
0 0.36019999419 0.502500001 0.0212537315323 0.0141691543549
0 0.378799993781 0.421560002779 0.0219751561619 0.0146501041079
0 0.389999993535 0.467500001769 0.0205974052853 0.0137316035235
0 0.452799992154 0.451360002124 0.0237089694689 0.0158059796459
0 0.389399993548 0.454840002047 0.0308060782498 0.0205373854999
0 0.538799990263 0.464660001831 0.218818616713 0.145879077809
0 0.554799989912 0.360020004132 0.0209267556134 0.0139511704089
0 0.556199989881 0.37830000373 0.0818480580005 0.0545653720003
0 0.51619999076 0.340740004556 0.0275771786836 0.0183847857891
0 0.502199991068 0.349720004358 0.0333073203626 0.0222048802417
0 0.491799991297 0.36422000404 0.0581167295127 0.0387444863418
0 0.493199991266 0.327680004843 0.0401229627323 0.0267486418215
0 0.536199990321 0.32280000495 0.0273540831625 0.0182360554417
0 0.55259998996 0.290460005661 0.0326860166498 0.0217906777665
0 0.574399989481 0.31326000516 0.0726855101091 0.0484570067394
0 0.506399990976 0.282600005834 0.022896525824 0.0152643505493
0 0.465399991877 0.305160005338 0.0200571282828 0.0133714188552
0 0.428799992682 0.299780005456 0.0331679227621 0.022111948508
0 0.449399992229 0.294840005565 0.027352203422 0.0182348022813
0 0.361199994168 0.36786000396 0.0204495983192 0.0136330655462
0 0.354599994313 0.383560003614 0.0331651526181 0.0221101017454
0 0.334599994753 0.510520000823 0.0359581502483 0.0239721001655
0 0.298199995553 0.493360001201 0.0265955583908 0.0177303722605
0 0.322599995017 0.416120002899 0.035996734396 0.0239978229307
0 0.303999995426 0.373080003845 0.0208877757307 0.0139251838205
0 0.272599996116 0.463260001862 0.0200603930953 0.0133735953969
0 0.186999997998 0.517800000663 0.0229374843808 0.0152916562539
0 0.219999997272 0.544460000077 0.0213808613525 0.0142539075683
0 0.208399997527 0.535780000268 0.0212933050172 0.0141955366781
0 0.252999996547 0.441000002352 0.0201780252791 0.0134520168528
0 0.243199996762 0.45336000208 0.0277109370625 0.0184739580417
0 0.247199996674 0.378520003725 0.0252141469668 0.0168094313112
0 0.22919999707 0.387540003527 0.0202188849023 0.0134792566015
0 0.245599996709 0.395840003345 0.0206453881358 0.0137635920905
0 0.269599996182 0.417960002858 0.0416481248401 0.0277654165601
0 0.190599997919 0.390460003463 0.0295015383203 0.0196676922135
0 0.176199998235 0.423720002732 0.0219313285274 0.0146208856849
0 0.139799999036 0.48020000149 0.0209345713766 0.0139563809177
0 0.306799995364 0.399540003263 0.0293570951004 0.0195713967336
0 0.29879999554 0.412040002988 0.0492991634759 0.0328661089839
0 0.26739999623 0.388360003509 0.0239909305487 0.0159939536992
0 0.231599997017 0.364500004034 0.0488530713674 0.0325687142449
0 0.255799996485 0.340460004562 0.0357598870889 0.023839924726
0 0.284999995843 0.337200004634 0.132446517919 0.0882976786128
0 0.144799998926 0.349880004355 0.0400454976356 0.0266969984237
0 0.187399997989 0.413680002952 0.0225154331644 0.0150102887763
0 0.158599998622 0.40376000317 0.0254435742455 0.0169623828303
0 0.159199998609 0.418420002848 0.0225703413747 0.0150468942498
0 0.161199998565 0.434200002501 0.0221409690636 0.0147606460424
0 0.235799996925 0.488340001311 0.12146190785 0.0809746052331
0 0.0774000004074 0.51838000065 0.0206014615675 0.0137343077117
0 0.11319999962 0.536300000256 0.0209398148634 0.0139598765756
0 0.1231999994 0.522700000555 0.0220144328457 0.0146762885638
0 0.0300000014495 0.421920002771 0.0202473778114 0.0134982518743
0 0.0688000005965 0.395900003343 0.0290491144542 0.0193660763028
0 0.0824000002975 0.359040004154 0.0352263375788 0.0234842250526
0 0.133399999176 0.389340003487 0.0356210830907 0.0237473887271
0 0.0412000012033 0.389760003478 0.0340508072101 0.02270053814
0 0.0224000016166 0.434480002495 0.0317295255199 0.0211530170132
0 0.0938000000468 0.243780006688 0.0246520056139 0.0164346704093
0 0.0812000003238 0.236720006843 0.0278753648923 0.0185835765948
0 0.0516000009746 0.227000007057 0.0417946456679 0.0278630971119
0 0.0308000014319 0.237620006823 0.0360367036158 0.0240244690772
0 0.023200001599 0.260360006323 0.0211060234999 0.0140706823333
0 0.0676000006228 0.295620005548 0.0403891933519 0.0269261289013
0 0.0566000008647 0.321320004983 0.0276514779015 0.018434318601
0 0.0672000006316 0.315760005105 0.0205415077379 0.0136943384919
0 0.0906000001172 0.298280005489 0.0365962726922 0.0243975151281
0 0.109599999699 0.290780005654 0.0198379901102 0.0132253267401
0 0.117399999528 0.32462000491 0.0276804654792 0.0184536436528
0 0.0886000001611 0.327720004842 0.0396297781768 0.0264198521178
0 0.0608000007723 0.338760004599 0.0441773651934 0.0294515767956
0 0.109399999704 0.260420006322 0.0200215121464 0.0133476747643
0 0.0168000017397 0.174780008205 0.0274107721796 0.0182738481197
0 0.0384000012648 0.183400008015 0.027520984335 0.01834732289
0 0.0352000013352 0.195560007748 0.0289164443461 0.0192776295641
0 0.0350000013396 0.210580007417 0.0272395179237 0.0181596786158
0 0.0158000017617 0.210080007428 0.0214786078602 0.0143190719068
0 0.0772000004118 0.181840008049 0.0319104752795 0.0212736501864
0 0.131999999207 0.20090000763 0.0216259201577 0.0144172801051
0 0.143199998961 0.234160006899 0.0213526652445 0.014235110163
0 0.140199999027 0.25140000652 0.0325020988787 0.0216680659191
0 0.121599999436 0.238460006805 0.0323107610792 0.0215405073862
0 0.105799999783 0.219180007228 0.0295142018355 0.019676134557
0 0.0712000005437 0.213600007351 0.061508572903 0.0410057152686
0 0.0214000016386 0.153060008682 0.02681380616 0.0178758707733
0 0.0276000015023 0.124180009317 0.0260205556553 0.0173470371035
0 0.037800001278 0.138560009001 0.0204512801923 0.0136341867949
0 0.0366000013044 0.16542000841 0.0223290420506 0.0148860280337
0 0.0728000005085 0.169440008322 0.0279464982314 0.0186309988209
0 0.133999999163 0.150460008739 0.0820288098927 0.0546858732618
0 0.15279999875 0.114580009528 0.0267062652148 0.0178041768098
0 0.173199998301 0.15042000874 0.0228232159432 0.0152154772955
0 0.173199998301 0.175420008191 0.0617405724582 0.0411603816388
0 0.186999997998 0.196120007735 0.0315393749249 0.02102624995
0 0.12139999944 0.101900009807 0.0299063750708 0.0199375833805
0 0.205799997584 0.20730000749 0.0269743755749 0.01798291705
0 0.20599999758 0.277900005937 0.0207876548139 0.0138584365426
0 0.199799997716 0.259900006333 0.0210415187195 0.0140276791464
0 0.220799997255 0.268980006134 0.0269018571639 0.0179345714426
0 0.253799996529 0.250540006539 0.0382833892869 0.0255222595246
0 0.298399995549 0.270440006101 0.02150205515 0.0143347034333
0 0.313199995223 0.219020007232 0.0405136519619 0.0270091013079
0 0.284799995848 0.207580007483 0.0302920186811 0.0201946791207
0 0.249399996626 0.216140007295 0.0933105179002 0.0622070119335
0 0.175799998244 0.281320005862 0.0929421876895 0.0619614584597
0 0.231999997008 0.170220008305 0.06213531797 0.0414235453133
0 0.263599996314 0.101480009816 0.0236172579176 0.0157448386117
0 0.26739999623 0.176880008158 0.0202352089648 0.0134901393099
0 0.320399995065 0.138120009011 0.0243731114791 0.0162487409861
0 0.340999994612 0.131680009152 0.0202151254212 0.0134767502808
0 0.296199995597 0.159500008541 0.128833458748 0.0858889724989
0 0.34199999459 0.0724000104554 0.0331709897071 0.0221139931381
0 0.374199993882 0.114900009521 0.0371109258632 0.0247406172422
0 0.349799994419 0.222420007157 0.0262181262786 0.0174787508524
0 0.354399994317 0.277200005953 0.0234229521068 0.0156153014045
0 0.34199999459 0.322460004958 0.0202028576409 0.0134685717606
0 0.27879999598 0.27280000605 0.0281513899494 0.0187675932996
0 0.383199993684 0.275920005981 0.0588349882635 0.039223325509
0 0.347399994471 0.22182000717 0.126802349636 0.0845348997574
0 0.410999993073 0.293140005602 0.0212108932349 0.0141405954899
0 0.400599993302 0.301180005426 0.0331864233662 0.0221242822442
0 0.424399992778 0.216280007292 0.0328496530098 0.0218997686732
0 0.424199992783 0.256320006412 0.0974405057175 0.064960337145
0 0.465999991864 0.165980008398 0.0270891386811 0.0180594257874
0 0.372199993926 0.141180008943 0.0285549405616 0.0190366270411
0 0.439999992436 0.140180008965 0.0338718361246 0.0225812240831
0 0.502599991059 0.143940008883 0.033520324645 0.0223468830967
0 0.535999990325 0.16224000848 0.0295730673942 0.0197153782628
0 0.417999992919 0.109900009631 0.0201952397451 0.0134634931634
0 0.451199992189 0.0952400099533 0.0213556332559 0.0142370888373
0 0.400399993306 0.0709800104866 0.0299934367375 0.0199956244917
0 0.377599993807 0.0667400105799 0.0211676592026 0.0141117728018
0 0.389399993548 0.05718001079 0.0213797730817 0.0142531820545
0 0.377399993812 0.0499400109492 0.0235231719573 0.0156821146382
0 0.425399992757 0.0611800107021 0.0204156640559 0.013610442704
0 0.441399992405 0.0596800107351 0.0243361102707 0.0162240735138
0 0.470599991763 0.0671800105702 0.0230896444303 0.0153930962868
0 0.524199990584 0.0616600106915 0.0706123541692 0.0470749027795
0 0.497599991169 0.0551200108353 0.0609777935368 0.0406518623579
0 0.495399991218 0.0286600114171 0.0197936678071 0.0131957785381
0 0.572799989516 0.0647400106238 0.0213586012673 0.0142390675115
0 0.601799988878 0.154760008645 0.0217608657412 0.0145072438275
0 0.611799988658 0.115440009509 0.0477461020612 0.0318307347075
0 0.60399998883 0.209420007443 0.0428025823282 0.0285350548855
0 0.532999990391 0.230800006973 0.0272919527912 0.0181946351941
0 0.558199989837 0.052680010889 0.0249146746199 0.0166097830799
0 0.557399989854 0.0839800102008 0.114363413997 0.0762422759978
0 0.573799989494 0.115280009513 0.0278576557578 0.0185717705052
0 0.586199989221 0.121500009376 0.0550559183235 0.036703945549
0 0.620199988474 0.150460008739 0.0531476848819 0.0354317899213
0 0.537399990294 0.249040006572 0.0238293717967 0.0158862478644
0 0.469199991794 0.249740006557 0.0208009119314 0.0138672746209
0 0.554199989925 0.267860006158 0.0390956350644 0.0260637567096
0 0.623399988403 0.252400006498 0.0336824769994 0.0224549846663
0 0.61219998865 0.236100006856 0.0215727927543 0.0143818618362
0 0.594599989037 0.239440006783 0.0563977562626 0.037598504175
0 0.553999989929 0.208440007465 0.0273684285508 0.0182456190338
0 0.686599987014 0.259700006338 0.0337220504843 0.0224813669895
0 0.742399985787 0.261940006288 0.0249342634949 0.0166228423299
0 0.677199987221 0.285440005772 0.0281977898604 0.0187985265736
0 0.645199987924 0.261180006305 0.0200429807619 0.0133619871746
0 0.706999986565 0.149240008766 0.0213354507786 0.0142236338524
0 0.715799986372 0.211040007407 0.0212916231441 0.0141944154294
0 0.695199986825 0.226520007067 0.20397757054 0.135985047027
0 0.794799984635 0.299960005452 0.0206300534104 0.0137533689402
0 0.715199986385 0.15632000861 0.019915059472 0.0132767063147
0 0.719799986284 0.144720008865 0.0227622727765 0.0151748485176
0 0.723799986196 0.132880009126 0.0220608327567 0.0147072218378
0 0.705599986596 0.124460009311 0.0437491800869 0.0291661200579
0 0.669999987379 0.110460009619 0.0282116405802 0.0188077603868
0 0.68539998704 0.118380009445 0.0288115746112 0.0192077164074
0 0.736999985906 0.119100009429 0.0269099697283 0.0179399798188
0 0.756599985475 0.123500009332 0.0248707480516 0.0165804987011
0 0.682799987098 0.0398200111717 0.0198196873734 0.0132131249156
0 0.694199986847 0.0475600110015 0.0501670099996 0.0334446733331
0 0.688799986966 0.152520008694 0.0292826969488 0.0195217979659
0 0.7963999846 0.151060008726 0.0364398584931 0.0242932389954
0 0.842399983589 0.167900008356 0.0390109478067 0.0260072985378
0 0.852999983356 0.186240007953 0.0363362748964 0.0242241832643
0 0.871999982938 0.195640007746 0.0271631410979 0.0181087607319
0 0.800599984508 0.209040007451 0.0237277668742 0.0158185112495
0 0.78139998493 0.2659400062 0.0245982846082 0.0163988564054
0 0.697199986781 0.207420007487 0.0314646799722 0.0209764533148
0 0.847199983483 0.300240005446 0.0242829828673 0.0161886552448
0 0.92239998183 0.269400006124 0.0237735731829 0.0158490487886
0 0.923999981795 0.280840005873 0.0217521595745 0.0145014397164
0 0.903999982234 0.267580006164 0.0254053858326 0.0169369238884
0 0.82779998391 0.332700004733 0.0201132236976 0.0134088157984
0 0.863399983127 0.151760008711 0.0332829826694 0.0221886551129
0 0.927199981724 0.177620008142 0.0216501589172 0.0144334392781
0 0.871199982955 0.220200007206 0.0502400230793 0.0334933487195
0 0.800199984516 0.1886200079 0.0271376162001 0.0180917441334
0 0.824799983976 0.147420008806 0.0203974602529 0.0135983068353
0 0.924799981777 0.216540007286 0.0886637993039 0.0591091995359
0 0.960999980981 0.228880007015 0.0681341636114 0.045422775741
0 0.908599982133 0.196720007722 0.0528002296845 0.035200153123
0 0.903399982248 0.179240008107 0.0421414083293 0.0280942722195
0 0.960199980999 0.132460009135 0.0217408811313 0.0144939207542
0 0.982399980511 0.15634000861 0.0228880175247 0.0152586783498
0 0.896599982397 0.0160000116954 0.0353549514047 0.0235699676032
0 0.827599983914 0.0415200111343 0.090098437065 0.06006562471
0 0.89099998252 0.0584400107623 0.0582920400507 0.0388613600338
0 0.380399993746 0.0342200112948 0.0209879955812 0.0139919970541
0 0.201199997686 0.0173600116655 0.024348378051 0.016232252034
0 0.0860000002183 0.0555800108252 0.0215149165326 0.0143432776884
0 0.0722000005217 0.0140800117376 0.0214961191273 0.0143307460848
0 0.0478000010582 0.0356600112632 0.0269556771033 0.0179704514022
0 0.723399986205 0.879499992711 0.0260907985909 0.0173938657273
0 0.667999987423 0.720499996207 0.021027272265 0.01401818151
0 0.125799999343 0.53660000025 0.0211182912802 0.0140788608535
0 0.48299999149 0.269100006131 0.269704182264 0.179802788176
0 0.830199983857 0.299300005467 0.0223696048726 0.0149130699151
0 0.647599987871 0.0356800112627 0.082264568929 0.0548430459527
0 0.47479999167 0.796039994546 0.147061995228 0.0980413301519
