0 0.613000010617 0.486259979371 0.181837195079 0.121224796719
0 0.470800013744 0.529359978424 0.212818287066 0.141878858044
0 0.36680001603 0.457739979998 0.174802018802 0.116534679201
0 0.943400003353 0.961019968934 0.0229882373752 0.0153254915835
0 0.77980000695 0.978899968541 0.0296025496405 0.0197350330937
0 0.428800014667 0.976099968602 0.020179806086 0.0134532040573
0 0.336600016694 0.963079968888 0.0202151254212 0.0134767502808
0 0.323000016993 0.958799968982 0.02061778563 0.01374519042
0 0.44140001439 0.956479969033 0.0773024496581 0.0515349664387
0 0.11300002161 0.848959971397 0.0260197641856 0.017346509457
0 0.108200021716 0.890779970478 0.0280623496084 0.0187082330723
0 0.110600021663 0.866819971005 0.0376303278525 0.025086885235
0 0.203000019631 0.862679971096 0.0931426273905 0.062095084927
0 0.162200020528 0.827239971875 0.0307922275301 0.0205281516868
0 0.194800019812 0.829619971822 0.0273479492723 0.0182319661816
0 0.213600019398 0.814339972158 0.0231268435061 0.0154178956707
0 0.215400019359 0.824079971944 0.0335261617341 0.0223507744894
0 0.1726000203 0.810539972242 0.0285134873362 0.0190089915575
0 0.0710000225334 0.740539973781 0.0349981964384 0.023332130959
0 0.157000020643 0.887119970558 0.0203023849554 0.0135349233036
0 0.154000020709 0.763019973287 0.0233403424571 0.0155602283047
0 0.28040001793 0.799599972482 0.0213972843487 0.0142648562325
0 0.0488000230214 0.826699971887 0.0529909738817 0.0353273159211
0 0.00880002390084 0.723519974155 0.0254096399822 0.0169397599881
0 0.294400017622 0.911779970016 0.0469884676929 0.0313256451286
0 0.323400016984 0.851639971338 0.0211732984242 0.0141155322828
0 0.365200016065 0.836379971674 0.0364639983189 0.0243093322126
0 0.369800015964 0.816759972105 0.0570227205227 0.0380151470152
0 0.415600014957 0.809459972266 0.0227008349412 0.0151338899608
0 0.308400017314 0.87929997073 0.0521597328315 0.034773155221
0 0.445600014298 0.790919972673 0.0323626023445 0.0215750682296
0 0.475400013643 0.796199972557 0.0896567969736 0.0597711979824
0 0.544000012134 0.836699971667 0.0400303607776 0.0266869071851
0 0.539400012235 0.905519970154 0.0255175766622 0.0170117177748
0 0.578600011374 0.850699971359 0.0360684613374 0.0240456408916
0 0.564400011686 0.837159971657 0.0219386496221 0.0146257664147
0 0.587800011171 0.801379972443 0.0215817957221 0.0143878638147
0 0.606400010762 0.788739972721 0.0295026265911 0.0196684177274
0 0.612800010622 0.797739972523 0.0221746065258 0.0147830710172
0 0.603200010833 0.806959972321 0.0216229521464 0.0144153014309
0 0.614800010578 0.884999970605 0.0315283932829 0.0210189288553
0 0.625800010336 0.906819970125 0.0274856649998 0.0183237766665
0 0.655000009694 0.876879970783 0.0237755518572 0.0158503679048
0 0.694000008837 0.955539969054 0.0582289203423 0.0388192802282
0 0.676600009219 0.945539969274 0.0530548850598 0.0353699233732
0 0.652600009747 0.95207996913 0.0253300972776 0.0168867315184
0 0.625800010336 0.925799969708 0.0288087055335 0.019205803689
0 0.568000011607 0.948499969209 0.0363332079513 0.0242221386342
0 0.682200009096 0.888319970532 0.019902000222 0.013268000148
0 0.649400009817 0.924659969733 0.02299209579 0.01532806386
0 0.69020000892 0.873119970866 0.0424978664945 0.0283319109963
0 0.718800008291 0.875259970819 0.0284854890956 0.0189903260638
0 0.719400008278 0.893539970417 0.0269462784007 0.0179641856004
0 0.783400006871 0.908259970094 0.0223094531756 0.0148729687837
0 0.783800006862 0.917639969887 0.0220970424954 0.0147313616636
0 0.812000006242 0.948659969205 0.0292360002366 0.0194906668244
0 0.762800007324 0.926979969682 0.0200158729248 0.0133439152832
0 0.755200007491 0.918099969877 0.0207588651037 0.0138392434025
0 0.676400009223 0.989139968315 0.0262343514074 0.0174895676049
0 0.719000008287 0.852239971325 0.0293138610682 0.0195425740455
0 0.779000006968 0.88385997063 0.0205478394955 0.0136985596637
0 0.817400006124 0.900039970274 0.0229657794225 0.015310519615
0 0.811600006251 0.8897599705 0.0227462455151 0.0151641636767
0 0.832000005803 0.917379969893 0.0227362532102 0.0151575021401
0 0.858200005227 0.98711996836 0.0230827190704 0.0153884793803
0 0.692400008872 0.925639969711 0.0253080350597 0.0168720233732
0 0.770600007152 0.81289997219 0.0317118163854 0.0211412109236
0 0.68700000899 0.814419972157 0.0238277888573 0.0158851925715
0 0.705800008577 0.830239971809 0.0465041871715 0.0310027914477
0 0.793600006647 0.842959971529 0.0615867305356 0.0410578203571
0 0.839000005649 0.867399970992 0.0335181481034 0.0223454320689
0 0.826600005921 0.836459971672 0.0199702644835 0.0133135096556
0 0.866000005055 0.796219972557 0.0504839936136 0.0336559957424
0 0.824000005978 0.789159972712 0.026791447141 0.0178609647607
0 0.806400006365 0.772559973077 0.0227206216836 0.0151470811224
0 0.819000006088 0.753959973486 0.0256217538612 0.0170811692408
0 0.883200004677 0.822219971985 0.0217014065802 0.0144676043868
0 0.89760000436 0.96755996879 0.0272107282135 0.0181404854756
0 0.887400004585 0.990659968282 0.0217087276749 0.0144724851166
0 0.887400004585 0.921359969806 0.0231177416045 0.0154118277364
0 0.861000005165 0.865519971033 0.0286977019084 0.0191318012722
0 0.983200002478 0.914539969955 0.032680080627 0.021786720418
0 0.964800002883 0.938239969434 0.0220453001639 0.0146968667759
0 0.959200003006 0.909619970064 0.0284044623853 0.0189363082569
0 0.942800003367 0.898279970313 0.0255448823668 0.0170299215779
0 0.923200003798 0.911719970017 0.0285627563249 0.0190418375499
0 0.931600003613 0.888619970525 0.030144211715 0.0200961411433
0 0.902000004264 0.891899970453 0.0227615802405 0.015174386827
0 0.941800003389 0.830699971799 0.0263938325515 0.0175958883677
0 0.934400003551 0.843999971506 0.0236404084063 0.0157602722709
0 0.972400002716 0.850139971371 0.0217156530347 0.0144771020231
0 0.979200002566 0.810079972252 0.0198876548337 0.0132584365558
0 0.920600003855 0.815299972137 0.0259727706722 0.0173151804482
0 0.916000003956 0.828859971839 0.0268091562755 0.0178727708503
0 0.903800004224 0.821219972007 0.0247502467901 0.0165001645268
0 0.924400003771 0.804139972383 0.0242664609373 0.0161776406249
0 0.93900000345 0.794979972584 0.0250902819591 0.0167268546394
0 0.954400003112 0.787499972748 0.0204158619234 0.0136105746156
0 0.922200003819 0.791939972651 0.0213939206025 0.014262613735
0 0.903000004242 0.789439972706 0.0225797400774 0.0150531600516
0 0.915000003978 0.780219972909 0.0201761455386 0.0134507636924
0 0.971200002742 0.718139974273 0.0263917549436 0.0175945032957
0 0.925200003754 0.671019975309 0.0309401334299 0.0206267556199
0 0.967400002826 0.738979973815 0.0277522913542 0.0185015275695
0 0.811400006255 0.734519973913 0.0354288548878 0.0236192365919
0 0.830400005838 0.688479974925 0.0590315695497 0.0393543796998
0 0.90900000411 0.637619976044 0.0280962838717 0.0187308559145
0 0.90580000418 0.673959975245 0.0288185989047 0.0192123992698
0 0.936200003512 0.562439977696 0.0536285027233 0.0357523351489
0 0.983000002483 0.558719977778 0.0240258541492 0.0160172360994
0 0.845200005512 0.631899976169 0.115673296347 0.0771155308978
0 0.794200006634 0.618439976465 0.0206103656016 0.0137402437344
0 0.768600007196 0.676999975178 0.0320275138611 0.0213516759074
0 0.759400007399 0.632439976158 0.106070790237 0.070713860158
0 0.767200007227 0.560579977737 0.0290587110243 0.0193724740162
0 0.714400008388 0.727119974076 0.0214458608015 0.0142972405343
0 0.727400008102 0.60549997675 0.0347272170006 0.0231514780004
0 0.696800008775 0.608839976676 0.0593224346637 0.0395482897758
0 0.702800008643 0.584799977205 0.0388123878463 0.0258749252308
0 0.703800008621 0.562999977684 0.0566122445507 0.0377414963671
0 0.630200010239 0.572019977486 0.0355826968103 0.0237217978735
0 0.60560001078 0.569339977545 0.0284437390691 0.0189624927127
0 0.565200011668 0.553499977893 0.0510639430348 0.0340426286898
0 0.607800010732 0.647959975816 0.0257672853519 0.0171781902346
0 0.657200009646 0.65187997573 0.0255054078156 0.0170036052104
0 0.649800009808 0.730839973994 0.0278459815797 0.0185639877198
0 0.692600008867 0.714599974351 0.042267350945 0.0281782339633
0 0.714800008379 0.760299973346 0.0265003841596 0.0176669227731
0 0.650200009799 0.748479973606 0.0207167193423 0.0138111462282
0 0.550800011985 0.754119973482 0.0222887760297 0.0148591840198
0 0.50780001293 0.759739973359 0.0234154331447 0.0156102887631
0 0.587200011185 0.730859973994 0.0264829718263 0.0176553145508
0 0.559600011791 0.716259974315 0.0748491903958 0.0498994602638
0 0.777400007003 0.712299974402 0.0593993061581 0.0395995374387
0 0.766400007245 0.66189997551 0.0396216656124 0.0264144437416
0 0.535800012315 0.69191997485 0.0392282062388 0.0261521374925
0 0.504600013001 0.683039975045 0.0221419584007 0.0147613056005
0 0.456800014051 0.691399974861 0.024102230975 0.0160681539833
0 0.461800013942 0.764839973247 0.0520072759809 0.0346715173206
0 0.457000014047 0.747499973628 0.0382371872433 0.0254914581622
0 0.429400014654 0.741179973767 0.0460540387808 0.0307026925206
0 0.433600014562 0.759139973372 0.0386057153214 0.0257371435476
0 0.408400015116 0.729639974021 0.0466172684046 0.0310781789364
0 0.407000015146 0.702619974615 0.0346431233452 0.0230954155635
0 0.418400014896 0.692139974845 0.0203632291885 0.0135754861256
0 0.490200013317 0.712739974392 0.0358126187576 0.0238750791717
0 0.490600013308 0.693919974806 0.0223475426548 0.0148983617699
0 0.418600014891 0.653779975688 0.0240036929976 0.0160024619984
0 0.393600015441 0.630139976208 0.0313148943319 0.0208765962212
0 0.400600015287 0.65141997574 0.0286641633799 0.0191094422533
0 0.365200016065 0.676219975195 0.0334476083665 0.0222984055777
0 0.319000017081 0.700659974658 0.0236409030748 0.0157606020499
0 0.331200016813 0.713439974377 0.0325883690758 0.0217255793839
0 0.375600015837 0.699079974692 0.0368231276943 0.0245487517962
0 0.389400015533 0.713939974366 0.0350651745616 0.0233767830411
0 0.336600016694 0.767239973194 0.117868635421 0.0785790902808
0 0.359400016193 0.720519974221 0.0647128379749 0.0431418919832
0 0.306400017358 0.715239974337 0.0298118933756 0.0198745955837
0 0.296200017582 0.703799974589 0.0263016263317 0.0175344175545
0 0.326000016927 0.673379975257 0.0318393419404 0.0212262279603
0 0.348400016435 0.654319975676 0.0609889730463 0.0406593153642
0 0.371200015933 0.640119975989 0.024086401581 0.016057601054
0 0.363200016109 0.622239976382 0.0512177849573 0.0341451899715
0 0.314200017187 0.639199976009 0.0636338669092 0.0424225779395
0 0.233600018959 0.718259974271 0.0267920407433 0.0178613604955
0 0.190000019917 0.707959974497 0.0228959322217 0.0152639548145
0 0.151400020766 0.688239974931 0.0233145207582 0.0155430138388
0 0.114000021588 0.680359975104 0.023598559446 0.015732372964
0 0.365400016061 0.584659977208 0.0478260405007 0.0318840270005
0 0.327600016892 0.568359977566 0.0893134969921 0.0595423313281
0 0.281000017916 0.591679977054 0.0259695058597 0.0173130039065
0 0.263000018312 0.602279976821 0.0430806849933 0.0287204566622
0 0.274400018062 0.629079976231 0.0308910623086 0.0205940415391
0 0.287400017776 0.616159976515 0.0344959099814 0.0229972733209
0 0.219600019266 0.565779977623 0.0227293278503 0.0151528852335
0 0.240600018805 0.56501997764 0.0636878847161 0.0424585898107
0 0.290000017719 0.544779978085 0.0681377252251 0.04542515015
0 0.270200018154 0.543359978116 0.0422201595642 0.0281467730428
0 0.273200018088 0.521059978606 0.0251201599402 0.0167467732935
0 0.247400018655 0.531259978382 0.0416877972587 0.0277918648391
0 0.195000019807 0.56865997756 0.0545194997357 0.0363463331572
0 0.161800020537 0.558699977779 0.0504705386288 0.0336470257525
0 0.198000019741 0.5395199782 0.0564050773573 0.0376033849048
0 0.0358000233072 0.711699974415 0.0282560618169 0.0188373745446
0 0.0528000229335 0.56589997762 0.120643726049 0.0804291506996
0 0.0498000229995 0.496359979149 0.0457593152521 0.0305062101681
0 0.125600021333 0.539159978208 0.0262318780646 0.0174879187097
0 0.135800021109 0.55227997792 0.0265037479058 0.0176691652705
0 0.165400020458 0.519639978637 0.0336025385599 0.0224016923733
0 0.218200019297 0.487059979354 0.0797663937613 0.0531775958409
0 0.207000019543 0.455559980046 0.0289782779163 0.0193188519442
0 0.183400020062 0.438419980423 0.0326882921251 0.0217921947501
0 0.127600021289 0.454099980078 0.0296029453753 0.0197352969169
0 0.132400021183 0.470639979715 0.0326631629622 0.0217754419748
0 0.112800021614 0.465719979823 0.0207456079862 0.0138304053242
0 0.0846000222344 0.379539981718 0.0418152238801 0.02787681592
0 0.072200022507 0.422219980779 0.0731195323047 0.0487463548698
0 0.0666000226301 0.469839979732 0.0313274589133 0.0208849726089
0 0.104000021808 0.468859979754 0.0421634705471 0.0281089803648
0 0.224800019152 0.524379978533 0.0315893364496 0.0210595576331
0 0.26220001833 0.432439980555 0.0229883363089 0.0153255575393
0 0.375600015837 0.544419978093 0.0414182028929 0.0276121352619
0 0.38680001559 0.569479977542 0.0240354507192 0.0160236338128
0 0.395600015397 0.558219977789 0.0265586561161 0.0177057707441
0 0.401000015278 0.532979978344 0.0469961845225 0.0313307896816
0 0.302000017455 0.407499981103 0.0809450900089 0.0539633933393
0 0.274200018066 0.37395998184 0.0788637225709 0.0525758150473
0 0.2590000184 0.340219982582 0.0203246450407 0.0135497633605
0 0.221600019222 0.366379982007 0.0226804545965 0.0151203030643
0 0.373200015889 0.375859981799 0.0249980757393 0.0166653838262
0 0.324200016967 0.376939981775 0.0464264252737 0.0309509501825
0 0.46280001392 0.396419981346 0.0289539402231 0.0193026268154
0 0.455000014091 0.378239981746 0.0245788936006 0.016385929067
0 0.467000013827 0.416599980903 0.0248249417429 0.0165499611619
0 0.470600013748 0.45265998011 0.040751191805 0.0271674612033
0 0.342800016558 0.523219978559 0.0213785858771 0.0142523905848
0 0.452000014157 0.559439977762 0.0312559298394 0.0208372865596
0 0.446200014284 0.543899978104 0.032431163407 0.0216207756047
0 0.425600014737 0.558299977788 0.0449009663647 0.0299339775765
0 0.441600014386 0.524959978521 0.0263643503053 0.0175762335369
0 0.456600014056 0.516659978703 0.0250502138056 0.0167001425371
0 0.474000013673 0.507899978896 0.0309677359356 0.0206451572904
0 0.480000013541 0.541879978149 0.0693761774348 0.0462507849566
0 0.509600012891 0.538679978219 0.038748872403 0.025832581602
0 0.453400014126 0.468299979766 0.0218513900879 0.0145675933919
0 0.435000014531 0.508039978892 0.0346176973812 0.0230784649208
0 0.420600014847 0.498819979095 0.0279120692995 0.0186080461997
0 0.525600012539 0.387699981538 0.0229585572615 0.015305704841
0 0.562200011734 0.46539997983 0.0378690549001 0.0252460366001
0 0.556400011862 0.444599980287 0.0215443987788 0.0143629325192
0 0.590000011123 0.400539981256 0.0363823780063 0.0242549186709
0 0.508400012917 0.406839981117 0.0598370878347 0.0398913918898
0 0.563600011703 0.421299980799 0.0296640864095 0.0197760576063
0 0.485600013418 0.390499981477 0.0254647460599 0.0169764973733
0 0.614800010578 0.376539981784 0.0660226213912 0.0440150809274
0 0.607200010745 0.3530599823 0.0235979658437 0.0157319772292
0 0.561400011752 0.347319982426 0.0391066167065 0.0260710778043
0 0.583400011268 0.339479982598 0.0270690551375 0.0180460367584
0 0.574800011457 0.325359982909 0.0205596126072 0.0137064084048
0 0.54240001217 0.324079982937 0.0209203249221 0.0139468832814
0 0.538400012257 0.313559983168 0.0242762553748 0.0161841702499
0 0.52420001257 0.347419982424 0.0204949099594 0.0136632733063
0 0.658000009628 0.367239981988 0.0282466631143 0.0188311087429
0 0.689400008938 0.394219981395 0.0247969435023 0.0165312956682
0 0.67700000921 0.380939981687 0.0226657134733 0.0151104756489
0 0.716200008348 0.459459979961 0.0965704826521 0.064380321768
0 0.688800008951 0.495919979159 0.0287541930581 0.0191694620387
0 0.803600006427 0.459319979964 0.0200430796957 0.0133620531304
0 0.762600007328 0.413959980961 0.0303717592531 0.0202478395021
0 0.777400007003 0.392199981439 0.0380313061882 0.0253542041254
0 0.839200005644 0.363219982076 0.160249859069 0.106833239379
0 0.764400007289 0.361119982123 0.0434650424653 0.0289766949769
0 0.71520000837 0.398319981305 0.0547885004993 0.0365256669995
0 0.681000009122 0.432159980561 0.0562427271355 0.0374951514237
0 0.706400008564 0.362659982089 0.0418053305088 0.0278702203392
0 0.668600009395 0.326619982881 0.0331326034268 0.0220884022845
0 0.630200010239 0.33713998265 0.0497566329613 0.0331710886408
0 0.622200010415 0.316259983109 0.0300883141676 0.0200588761117
0 0.652600009747 0.31437998315 0.0565579299427 0.0377052866284
0 0.644600009923 0.292159983639 0.0319157187663 0.0212771458442
0 0.633000010178 0.281219983879 0.0250546658227 0.0167031105485
0 0.609400010696 0.271779984087 0.0367030221677 0.0244686814451
0 0.69840000874 0.292719983626 0.0310297673732 0.0206865115821
0 0.717600008318 0.317519983081 0.0226237655793 0.0150825103862
0 0.802200006458 0.305679983341 0.0259857309886 0.017323820659
0 0.93080000363 0.494479979191 0.0881687350078 0.0587791566719
0 0.931400003617 0.214639985343 0.0276327794299 0.0184218529532
0 0.909200004105 0.336059982674 0.078622324313 0.0524148828753
0 0.789200006744 0.243539984708 0.0463029560008 0.0308686373339
0 0.846800005477 0.277799983954 0.0669709999567 0.0446473333044
0 0.853400005332 0.320999983005 0.0832226429983 0.0554817619989
0 0.805800006379 0.171699986287 0.0345353845326 0.0230235896884
0 0.711400008454 0.257859984393 0.106598106923 0.0710654046155
0 0.653600009725 0.168019986368 0.0399836640654 0.0266557760436
0 0.636800010094 0.184959985995 0.0337906115469 0.0225270743646
0 0.649400009817 0.202799985603 0.0395780358453 0.0263853572302
0 0.601600010868 0.184499986006 0.0549290853044 0.0366193902029
0 0.530200012438 0.191959985842 0.0300550724403 0.0200367149602
0 0.520200012658 0.202459985611 0.0331675270272 0.0221116846848
0 0.53420001235 0.239859984788 0.0200994719116 0.0133996479411
0 0.577000011409 0.287279983746 0.0386118492116 0.0257412328077
0 0.558000011827 0.294959983577 0.0302729244746 0.0201819496497
0 0.543600012143 0.280299983899 0.0303486087645 0.020232405843
0 0.538400012257 0.298559983498 0.0216240404172 0.0144160269448
0 0.651800009764 0.237919984831 0.0333296793816 0.0222197862544
0 0.779600006955 0.21385998536 0.127616574088 0.0850777160585
0 0.82440000597 0.255019984455 0.0687920727978 0.0458613818652
0 0.705800008577 0.124059987334 0.146134986344 0.0974233242295
0 0.581200011316 0.123679987343 0.20328305588 0.135522037254
0 0.570200011558 0.105659987739 0.0866947216292 0.0577964810861
0 0.513000012816 0.320879983007 0.066677265765 0.04445151051
0 0.51600001275 0.285299983789 0.0235961850369 0.0157307900246
0 0.501200013075 0.277959983951 0.0261070237198 0.0174046824798
0 0.484800013436 0.273999984038 0.024293370907 0.0161955806047
0 0.488600013352 0.306119983332 0.0275126739032 0.0183417826021
0 0.467600013814 0.312659983188 0.020957820799 0.0139718805327
0 0.446800014271 0.317619983079 0.0208645263084 0.0139096842056
0 0.443400014346 0.340519982575 0.0213313944964 0.0142209296643
0 0.461200013955 0.34121998256 0.0589211595269 0.0392807730179
0 0.428000014685 0.30573998334 0.0201125311616 0.0134083541078
0 0.4364000145 0.278039983949 0.0462865330046 0.0308576886697
0 0.414000014992 0.228219985044 0.0212348351933 0.0141565567955
0 0.386000015608 0.211559985411 0.0201768380746 0.0134512253831
0 0.448200014241 0.181519986071 0.110516871265 0.0736779141766
0 0.406000015168 0.204139985574 0.0239728256794 0.0159818837863
0 0.375800015832 0.310419983237 0.0440908971289 0.0293939314193
0 0.392600015463 0.326059982893 0.0201066940726 0.0134044627151
0 0.348000016443 0.263339984272 0.0280913371861 0.0187275581241
0 0.33540001672 0.274039984037 0.0211508404716 0.0141005603144
0 0.415400014962 0.243659984705 0.0226875778237 0.0151250518825
0 0.343000016553 0.184139986014 0.0244304930322 0.0162869953548
0 0.298000017543 0.270899984106 0.0200456519722 0.0133637679814
0 0.271600018123 0.298379983502 0.0234123661996 0.015608244133
0 0.227800019086 0.30483998336 0.023275738743 0.015517159162
0 0.237200018879 0.327459982863 0.0211758707008 0.0141172471338
0 0.223600019178 0.327279982867 0.029398845127 0.0195992300847
0 0.306200017362 0.321599982991 0.0896846962804 0.0597897975203
0 0.310800017261 0.271599984091 0.0490555886764 0.0327037257842
0 0.188800019944 0.175499986203 0.0286568422852 0.0191045615235
0 0.219800019262 0.268159984166 0.0520794975909 0.0347196650606
0 0.139600021025 0.268799984152 0.0372463661153 0.0248309107435
0 0.137400021074 0.31299998318 0.0289189176889 0.0192792784593
0 0.195400019798 0.324679982924 0.0499267000126 0.0332844666751
0 0.0248000235491 0.275859983997 0.0243148395226 0.0162098930151
0 0.163400020502 0.24523998467 0.0250318121352 0.0166878747568
0 0.0592000227928 0.235959984874 0.0351206763742 0.0234137842494
0 0.0798000223399 0.170799986307 0.0614405065089 0.0409603376726
0 0.181000020115 0.125799987296 0.0745782109579 0.0497188073053
0 0.160000020577 0.206559985521 0.0338099036208 0.0225399357472
0 0.0904000221068 0.130199987199 0.0434367474236 0.0289578316157
0 0.106200021759 0.107679987695 0.0503648774241 0.0335765849494
0 0.0608000227576 0.113559987565 0.0773245118759 0.0515496745839
0 0.0242000235623 0.120399987415 0.0207024728877 0.0138016485918
0 0.0870000221816 0.0556599888382 0.125438053744 0.0836253691629
0 0.313200017209 0.0519199889204 0.03111682904 0.0207445526933
0 0.343800016536 0.0770199883686 0.0291730783957 0.0194487189304
0 0.362000016136 0.0565399888188 0.0225187969107 0.0150125312738
0 0.404600015199 0.129199987221 0.0212492795152 0.0141661863435
0 0.425400014742 0.0351199892898 0.0308267553957 0.0205511702638
0 0.378000015784 0.044979989073 0.108732107096 0.0724880713974
0 0.944600003327 0.0571199888061 0.0414208741031 0.0276139160687
0 0.854800005301 0.016279989704 0.0313712865478 0.0209141910319
0 0.264600018277 0.494399979192 0.0729665807856 0.0486443871904
0 0.333200016769 0.222699985166 0.125512254029 0.083674836019
0 0.335600016716 0.161619986509 0.0294482130494 0.0196321420329
0 0.030400023426 0.35713998221 0.0269212481715 0.017947498781
