0 0.377999996745 0.258619979448 0.257778729593 0.171852486396
0 0.529600003411 0.936720009265 0.0363898993686 0.0242599329124
0 0.595400006304 0.965220010518 0.0239436418135 0.0159624278757
0 0.654600008907 0.960780010323 0.0198840945316 0.013256063021
0 0.367799996296 0.969780010718 0.0476791270827 0.0317860847218
0 0.270599992022 0.96390001046 0.0272013313049 0.0181342208699
0 0.666600009435 0.984800011379 0.0450422466766 0.0300281644511
0 0.56280000487 0.982160011263 0.0235959887258 0.0157306591505
0 0.152399986825 0.974080010907 0.0216317586735 0.014421172449
0 0.252599991231 0.946120009678 0.0467332217977 0.0311554811984
0 0.30079999335 0.908040008004 0.0232878101918 0.0155252067946
0 0.291799992954 0.921360008589 0.0393024091152 0.0262016060768
0 0.450199999919 0.913020008223 0.0291639784177 0.0194426522785
0 0.417399998477 0.891260007266 0.0236898768249 0.0157932512166
0 0.241999990765 0.98734001149 0.0213711672583 0.0142474448388
0 0.286999992743 0.980760011201 0.0285528648369 0.0190352432246
0 0.404599997914 0.937660009306 0.0805072147085 0.0536714764723
0 0.0629999828939 0.947620009744 0.0456851179811 0.0304567453207
0 0.196599988768 0.924060008708 0.0268701012145 0.0179134008096
0 0.201999989006 0.935640009217 0.0368201621115 0.024546774741
0 0.193599988636 0.969780010718 0.0353009359262 0.0235339572841
0 0.427999998943 0.990880011646 0.0234361118363 0.0156240745575
0 0.759000013497 0.987760011509 0.0211319455263 0.0140879636842
0 0.75860001348 0.911660008163 0.0318684305537 0.0212456203692
0 0.915000020357 0.964380010481 0.0248028811609 0.0165352541073
0 0.971200022828 0.960960010331 0.0281928450343 0.0187952300229
0 0.906800019996 0.990220011617 0.0236534692164 0.0157689794776
0 0.723000011914 0.934840009182 0.0219690237207 0.0146460158138
0 0.828600016558 0.924860008743 0.0237748608893 0.0158499072595
0 0.794800015072 0.894500007408 0.0215986158777 0.0143990772518
0 0.695200010692 0.952060009939 0.0227019247093 0.0151346164729
0 0.732200012319 0.955800010104 0.024520029659 0.0163466864393
0 0.98580002347 0.911700008165 0.0271620546185 0.0181080364124
0 0.853400017648 0.949060009807 0.0285158636261 0.0190105757507
0 0.823800016347 0.908800008037 0.0203756961801 0.0135837974534
0 0.833600016778 0.873480006484 0.0318072895155 0.021204859677
0 0.841200017112 0.663419997248 0.021787777148 0.0145251847653
0 0.668400009514 0.699619998839 0.0313528869453 0.0209019246302
0 0.666600009435 0.683339998123 0.0220558875258 0.0147039250172
0 0.772800014104 0.67051999756 0.0285614720704 0.0190409813803
0 0.821400016241 0.643299996363 0.0289979676376 0.0193319784251
0 0.853400017648 0.787220002691 0.0223471483939 0.0148980989292
0 0.830000016619 0.77786000228 0.0281921524983 0.0187947683322
0 0.588200005987 0.691699998491 0.0413871404369 0.027591426958
0 0.568600005125 0.729400000149 0.026671145506 0.0177807636707
0 0.545600004114 0.71827999966 0.0248870737556 0.0165913825037
0 0.49480000188 0.7237399999 0.020717314311 0.013811542874
0 0.402399997818 0.712759999417 0.0334271312928 0.0222847541952
0 0.485200001458 0.705159999083 0.0420407955168 0.0280271970112
0 0.630600007852 0.735300000408 0.0291408279275 0.0194272186183
0 0.714200011528 0.760180001502 0.0282607135654 0.0188404757103
0 0.711000011387 0.779340002345 0.0342430376715 0.022828691781
0 0.715000011563 0.768000001846 0.0298285162066 0.0198856774711
0 0.740600012688 0.736320000453 0.0202545023746 0.0135030015831
0 0.686000010288 0.803740003417 0.0237758502265 0.0158505668177
0 0.671200009637 0.82586000439 0.0290155778395 0.0193437185597
0 0.654600008907 0.844980005231 0.025401232292 0.0169341548613
0 0.832800016742 0.802060003344 0.0284275158152 0.0189516772101
0 0.63420000801 0.789780002804 0.0207456093545 0.0138304062364
0 0.426999998899 0.792680002931 0.0245127085638 0.0163418057092
0 0.273799992163 0.787920002722 0.0198328468652 0.0132218979102
0 0.288199992796 0.771320001992 0.0414800391989 0.0276533594659
0 0.334399994828 0.75262000117 0.0216334405467 0.0144222936978
0 0.289999992875 0.749640001039 0.0241310222768 0.0160873481846
0 0.216599989648 0.749460001031 0.0556262748434 0.0370841832289
0 0.362999996085 0.774260002121 0.0273847544195 0.0182565029463
0 0.342999995206 0.806480003538 0.0478931207164 0.0319287471443
0 0.404999997932 0.81812000405 0.0329327595002 0.0219551730001
0 0.324199994379 0.832320004674 0.046176224961 0.030784149974
0 0.419599998574 0.852680005569 0.055446314409 0.036964209606
0 0.412399998257 0.876540006619 0.0218432789642 0.0145621859761
0 0.488800001617 0.871400006393 0.0218020236035 0.0145346824023
0 0.686800010323 0.86270000601 0.0276875905326 0.0184583936884
0 0.480800001265 0.8078800036 0.0340170730578 0.0226780487052
0 0.571800005266 0.849680005438 0.0265074102015 0.017671606801
0 0.856800017798 0.847960005362 0.0341609226849 0.0227739484566
0 0.284799992647 0.860840005928 0.0226123896939 0.0150749264626
0 0.249799991108 0.844840005225 0.023124866357 0.0154165775714
0 0.180599988065 0.815180003921 0.0228094656616 0.0152063104411
0 0.15479998693 0.836380004853 0.043690911012 0.029127274008
0 0.111399985022 0.807460003581 0.031234067549 0.0208227116994
0 0.0673999830874 0.79948000323 0.0271910421981 0.0181273614654
0 0.0131999807042 0.798480003186 0.0237396404854 0.0158264269903
0 0.166799987458 0.773620002093 0.022131472887 0.014754315258
0 0.233399990386 0.826720004428 0.0354979129602 0.0236652753068
0 0.0893999840547 0.751240001109 0.0200137966369 0.0133425310912
0 0.136199986113 0.730280000187 0.0229913058367 0.0153275372245
0 0.938200021377 0.832920004701 0.0539012665231 0.0359341776821
0 0.909800020128 0.808960003647 0.0204630546538 0.0136420364358
0 0.965800022591 0.802140003347 0.0283517325866 0.0189011550578
0 0.812000015828 0.823320004278 0.0549972542595 0.036664836173
0 0.581000005671 0.800400003271 0.0324373983703 0.0216249322469
0 0.563400004897 0.78788000272 0.0230666933304 0.0153777955536
0 0.54460000407 0.824620004336 0.0757455348245 0.0504970232163
0 0.326399994476 0.728460000107 0.0421696072186 0.0281130714791
0 0.49660000196 0.759480001471 0.021438442187 0.0142922947914
0 0.494000001845 0.680099997981 0.0424607691529 0.0283071794353
0 0.449999999911 0.65415999684 0.0258343641128 0.0172229094085
0 0.401599997782 0.68165999805 0.0674336184427 0.0449557456285
0 0.296399993157 0.67711999785 0.0405381901962 0.0270254601308
0 0.239999990677 0.701859998938 0.0491457205297 0.0327638136864
0 0.0493999822959 0.740880000654 0.023707783828 0.0158051892187
0 0.0169999808713 0.784900002589 0.0248285049941 0.0165523366627
0 0.131799985919 0.769540001914 0.0283641982352 0.0189094654901
0 0.04539998212 0.70373999902 0.0257848972534 0.0171899315023
0 0.304599993517 0.651219996711 0.0200876011911 0.0133917341274
0 0.384599997035 0.651219996711 0.0278459834163 0.0185639889442
0 0.469400000764 0.640619996245 0.0267215027689 0.0178143351793
0 0.399599997694 0.639179996182 0.0383776756459 0.0255851170973
0 0.160399987177 0.710899999335 0.039608510041 0.0264056733607
0 0.561600004818 0.758300001419 0.0253341552307 0.0168894368205
0 0.196599988768 0.880620006798 0.022494856436 0.0149965709573
0 0.208199989278 0.861980005978 0.0417876241305 0.027858416087
0 0.332799994757 0.893120007348 0.0231550411413 0.0154366940942
0 0.300199993324 0.883520006925 0.0420373328366 0.0280248885578
0 0.122399985506 0.867580006225 0.0439406197182 0.0292937464788
0 0.0489999822783 0.90886000804 0.0357923397073 0.0238615598048
0 0.0549999825422 0.665279997329 0.044603079899 0.0297353865993
0 0.088199984002 0.644919996434 0.0324857769588 0.0216571846392
0 0.193199988619 0.636839996079 0.0324591637885 0.0216394425256
0 0.154999986939 0.658959997051 0.0352698707385 0.023513247159
0 0.21119998941 0.666419997379 0.0353643524399 0.0235762349599
0 0.261599991626 0.634419995972 0.0310072125319 0.0206714750213
0 0.239599990659 0.651479996723 0.022811444336 0.0152076295573
0 0.0621999828587 0.628719995722 0.0249144783957 0.0166096522638
0 0.0683999831314 0.614619995102 0.0215742781829 0.0143828521219
0 0.330999994678 0.609519994878 0.0421991884005 0.028132792267
0 0.223399989947 0.566759992997 0.0284767848072 0.0189845232048
0 0.202599989032 0.548219992182 0.0381923727907 0.0254615818605
0 0.217599989692 0.530939991422 0.0295977038407 0.0197318025605
0 0.149399986693 0.526719991237 0.0304336937643 0.0202891291762
0 0.125199985629 0.510619990529 0.0336665508922 0.0224443672615
0 0.0799999836414 0.491199989675 0.0200750366088 0.0133833577392
0 0.0585999827005 0.506299990339 0.0307681886674 0.0205121257783
0 0.0157999808185 0.501179990114 0.0285150721563 0.0190100481042
0 0.058999982718 0.549559992241 0.0204272406476 0.0136181604317
0 0.058999982718 0.540239991831 0.020524888228 0.0136832588187
0 0.0401999818914 0.595219994249 0.0206661655784 0.0137774437189
0 0.0153999808009 0.70053999888 0.0328605378855 0.021907025257
0 0.101199984574 0.559279992668 0.0223368592871 0.0148912395247
0 0.0897999840723 0.572719993259 0.0216499624777 0.0144333083185
0 0.38039999685 0.545239992051 0.0207328469048 0.0138218979365
0 0.346399995355 0.532099991473 0.0220699361139 0.0147132907426
0 0.322799994317 0.544159992004 0.0217710573495 0.014514038233
0 0.484000001406 0.571319993198 0.0363913833744 0.0242609222496
0 0.618400007315 0.589379993992 0.0209449607978 0.0139633071986
0 0.534000003604 0.610199994907 0.0285170508307 0.0190113672205
0 0.484000001406 0.615979995162 0.0241132142075 0.0160754761383
0 0.420599998618 0.617839995243 0.0198645056552 0.0132430037702
0 0.407799998055 0.599379994432 0.0202803240752 0.0135202160501
0 0.438799999418 0.551899992344 0.020849588693 0.0138997257953
0 0.528600003367 0.535039991603 0.0260451918674 0.017363461245
0 0.610200006955 0.519999990941 0.023698978727 0.0157993191513
0 0.632800007948 0.526079991209 0.0229742892371 0.0153161928247
0 0.563000004879 0.508719990445 0.0339192276099 0.0226128184066
0 0.461400000412 0.518039990855 0.037295241829 0.0248634945526
0 0.490200001678 0.542099991913 0.0246925700645 0.0164617133764
0 0.790200014869 0.581219993633 0.0417866347933 0.0278577565289
0 0.861200017991 0.576219993413 0.0232964174254 0.0155309449502
0 0.848800017446 0.599139994421 0.0241350785593 0.0160900523729
0 0.89120001931 0.590979994062 0.0304444775396 0.0202963183597
0 0.696400010745 0.484199989367 0.025942993336 0.0172953288906
0 0.845800017314 0.612379995003 0.0208501822953 0.0139001215302
0 0.649800008696 0.642079996309 0.0272501056282 0.0181667370855
0 0.547600004202 0.651099996706 0.0305230309123 0.0203486872749
0 0.585800005882 0.609419994873 0.0231125985759 0.0154083990506
0 0.566600005037 0.627619995673 0.0218363536039 0.0145575690693
0 0.668800009531 0.600819994495 0.0496403891235 0.033093592749
0 0.727800012126 0.623119995476 0.0290788954195 0.0193859302797
0 0.98080002325 0.578599993518 0.0263105321012 0.0175403547341
0 0.918000020489 0.521899991025 0.0324990340771 0.0216660227181
0 0.938800021403 0.554199992445 0.0682136118814 0.0454757412543
0 0.969600022758 0.502099990154 0.0359270874322 0.0239513916215
0 0.839600017041 0.536279991657 0.0473278134474 0.0315518756316
0 0.745000012882 0.547159992136 0.0604745217313 0.0403163478209
0 0.988200023575 0.473259988886 0.0199021004684 0.0132680669789
0 0.969600022758 0.471019988788 0.025125800819 0.0167505338793
0 0.557200004624 0.578099993496 0.0540698495799 0.0360465663866
0 0.653200008845 0.56931999311 0.043606124815 0.0290707498767
0 0.623800007553 0.557279992581 0.0475681234503 0.0317120823002
0 0.589000006022 0.545939992082 0.0465757193174 0.0310504795449
0 0.339799995065 0.514159990685 0.0259469506847 0.0172979671231
0 0.291599992946 0.522359991045 0.0349607028673 0.0233071352449
0 0.271399992057 0.499899990057 0.0497118192684 0.0331412128456
0 0.390799997307 0.496819989922 0.0397848099279 0.0265232066186
0 0.340999995118 0.494159989805 0.0202875462367 0.0135250308244
0 0.481200001282 0.496239989897 0.0430993863075 0.028732924205
0 0.548600004246 0.484619989386 0.0456811606323 0.0304541070882
0 0.791600014931 0.455279988096 0.0236347707435 0.015756513829
0 0.53300000356 0.427319986866 0.0328212611991 0.0218808407994
0 0.453200000051 0.465139988529 0.0549466991292 0.0366311327528
0 0.359799995944 0.458819988251 0.0425573284625 0.0283715523083
0 0.658200009065 0.397879985572 0.0230145552606 0.0153430368404
0 0.722800011906 0.393639985385 0.023405244516 0.015603496344
0 0.762800013665 0.403459985817 0.0282757514906 0.0188505009938
0 0.810200015749 0.428559986921 0.024899242603 0.0165994950687
0 0.82660001647 0.447819987768 0.0239687709781 0.015979180652
0 0.153599986878 0.465639988551 0.0396610438457 0.0264406958971
0 0.245799990932 0.449119987825 0.0204069592352 0.0136046394901
0 0.33559999488 0.446759987721 0.0327189637339 0.0218126424893
0 0.416999998459 0.435039987206 0.0368929773285 0.024595318219
0 0.45680000021 0.416099986373 0.0326761254337 0.0217840836225
0 0.464800000561 0.400139985671 0.0262475113223 0.0174983408815
0 0.286599992726 0.430259986995 0.0486866680746 0.0324577787164
0 0.122199985497 0.44763998776 0.0412977043552 0.0275318029035
0 0.213199989498 0.478979989138 0.0769081049536 0.0512720699691
0 0.178799987986 0.432719987104 0.0224078936972 0.0149385957981
0 0.483000001362 0.603539994615 0.0263143905162 0.0175429270108
0 0.0309999814869 0.568079993055 0.0232878101918 0.0155252067946
0 0.552200004404 0.437439987311 0.0202583607896 0.0135055738598
0 0.861000017982 0.4121799862 0.0227801812809 0.0151867875206
0 0.810800015775 0.373819984514 0.0199857983945 0.0133238655963
0 0.953000022028 0.400679985695 0.0357691892171 0.0238461261447
0 0.978400023145 0.37713998466 0.0229114663257 0.0152743108838
0 0.892800019381 0.371779984424 0.0284026834518 0.0189351223012
0 0.939600021438 0.313379981856 0.0321306049085 0.0214204032723
0 0.923600020735 0.348659983407 0.0316243610696 0.0210829073797
0 0.761000013585 0.336379982867 0.0242503363417 0.0161668908944
0 0.79180001494 0.332639982703 0.0235799614633 0.0157199743089
0 0.73200001231 0.346399983308 0.0214711892479 0.0143141261653
0 0.668600009522 0.357059983777 0.0254242838485 0.0169495225657
0 0.883800018985 0.319239982114 0.0383263290459 0.0255508860306
0 0.983800023382 0.288439980759 0.0223042111599 0.0148694741066
0 0.858400017868 0.394279985413 0.0292129506085 0.0194753004056
0 0.808600015678 0.504699990269 0.0734479970737 0.0489653313824
0 0.951800021975 0.164559975312 0.0252891403887 0.0168594269258
0 0.898400019627 0.133139973931 0.0287364858189 0.0191576572126
0 0.865000018158 0.146579974522 0.0232841496442 0.0155227664295
0 0.931600021087 0.174919975768 0.0274482698669 0.0182988465779
0 0.892800019381 0.21089997735 0.0205953290357 0.0137302193572
0 0.826200016452 0.184539976191 0.0382776536563 0.0255184357708
0 0.841000017103 0.213279977455 0.0348473248256 0.0232315498838
0 0.850600017525 0.224139977932 0.047261824657 0.0315078831047
0 0.777800014324 0.201099976919 0.0503476662789 0.0335651108526
0 0.708600011281 0.206899977174 0.02329760463 0.01553173642
0 0.796400015142 0.266559979797 0.0380391244603 0.0253594163069
0 0.930000021016 0.260919979549 0.0210804999925 0.0140536666617
0 0.735800012477 0.292719980948 0.0222118070666 0.0148078713777
0 0.713400011492 0.175779975806 0.034784600848 0.0231897338986
0 0.706000011167 0.160739975144 0.0539221415377 0.0359480943585
0 0.791000014904 0.136119974062 0.0226275265528 0.0150850177019
0 0.943000021588 0.135919974053 0.0365238556238 0.0243492370825
0 0.928400020946 0.112639973029 0.0213470274309 0.0142313516206
0 0.980400023232 0.0938199722019 0.0363785219909 0.0242523479939
0 0.921800020656 0.0383599697633 0.0220657808977 0.0147105205985
0 0.925800020832 0.0948399722468 0.0279577785185 0.0186385190124
0 0.779000014377 0.120879973392 0.0227946256038 0.0151964170692
0 0.726200012055 0.128739973737 0.0497614839952 0.0331743226635
0 0.687800010367 0.106219972747 0.0205015398704 0.0136676932469
0 0.671000009628 0.11719997323 0.0197871394872 0.0131914263248
0 0.641600008335 0.139699974219 0.0282825779172 0.0188550519448
0 0.65740000903 0.0908799720727 0.0275336496662 0.0183557664441
0 0.724000011958 0.0785999715327 0.0534401364599 0.03562675764
0 0.817400016065 0.0497799702655 0.0229495558074 0.0152997038716
0 0.846000017323 0.0392599698029 0.0268456645859 0.017897109724
0 0.589800006058 0.119439973328 0.0667696742561 0.0445131161707
0 0.609200006911 0.10423997266 0.0409455992501 0.0272970661667
0 0.867600018273 0.266539979797 0.0317253723964 0.0211502482643
0 0.846000017323 0.24727997895 0.0334058605433 0.0222705736955
0 0.785800014676 0.238319978556 0.0258805661594 0.0172537107729
0 0.827800016523 0.291099980876 0.0419523487722 0.0279682325148
0 0.879000018774 0.298539981204 0.037637156761 0.0250914378407
0 0.607800006849 0.391559985294 0.0218445651025 0.0145630434017
0 0.605000006726 0.310219981717 0.0206552828693 0.0137701885795
0 0.557000004615 0.33075998262 0.0231849191243 0.0154566127495
0 0.49320000181 0.338319982953 0.0339356506073 0.0226237670715
0 0.503400002259 0.355139983692 0.0272880961762 0.0181920641175
0 0.483800001397 0.372319984448 0.0319240313037 0.0212826875358
0 0.540400003885 0.368439984277 0.0213963953566 0.014264263571
0 0.570200005196 0.355099983691 0.0268485336638 0.0178990224425
0 0.530400003446 0.398439985596 0.0228807968729 0.0152538645819
0 0.382399996938 0.369159984309 0.0210413222399 0.0140275481599
0 0.268799991943 0.407179985981 0.0210558654966 0.0140372436644
0 0.247599991011 0.39875998561 0.0224171934667 0.0149447956445
0 0.306399993596 0.402559985777 0.027927702668 0.0186184684454
0 0.381999996921 0.38237998489 0.0200389258014 0.0133592838676
0 0.214199989542 0.35213998356 0.0346288791746 0.0230859194497
0 0.240199990685 0.336099982855 0.0204789829825 0.0136526553217
0 0.291999992963 0.335279982819 0.0274548984261 0.0183032656174
0 0.153599986878 0.317679982045 0.0324759825207 0.0216506550138
0 0.233399990386 0.25319997921 0.0343643304107 0.0229095536071
0 0.0187999809504 0.249579979051 0.0436389708097 0.0290926472064
0 0.116399985242 0.210879977349 0.0394075756582 0.0262717171055
0 0.110799984996 0.231219978243 0.0205157863259 0.0136771908839
0 0.0829999837733 0.204139977053 0.055231034637 0.036820689758
0 0.155599986966 0.182979976122 0.0251997043069 0.0167998028713
0 0.0371999817595 0.229019978147 0.0573850195618 0.0382566797079
0 0.221999989885 0.24433997882 0.0494298581699 0.03295323878
0 0.0689999831577 0.330839982624 0.0315767739508 0.0210511826339
0 0.0265999812934 0.336079982854 0.0315817206368 0.0210544804245
0 0.105599984767 0.303019981401 0.0257640222387 0.0171760148258
0 0.0751999834304 0.362439984013 0.0360941864832 0.0240627909888
0 0.155199986948 0.352739983587 0.0207108836193 0.0138072557462
0 0.183199988179 0.362859984032 0.0244731350763 0.0163154233842
0 0.143599986438 0.343459983179 0.0343088285944 0.0228725523963
0 0.106199984793 0.337919982935 0.0404339140567 0.0269559427044
0 0.138799986227 0.37827998471 0.0401483913443 0.0267655942296
0 0.171799987678 0.385039985007 0.0355265048049 0.0236843365366
0 0.0251999812318 0.416979986411 0.0292593505226 0.0195062336817
0 0.025999981267 0.442139987518 0.0405877559893 0.0270585039929
0 0.0297999814341 0.188419976362 0.0245665285068 0.0163776856712
0 0.172399987704 0.0919199721184 0.0260000780917 0.0173333853945
0 0.0789999835975 0.118999973309 0.0410794565716 0.0273863043811
0 0.163999987335 0.0421399699295 0.0299965056611 0.0199976704407
0 0.0579999826741 0.0152199687458 0.0262394976911 0.0174929984607
0 0.155199986948 0.136059974059 0.0219243056799 0.0146162037866
0 0.0965999843713 0.130519973816 0.0314250096263 0.0209500064175
0 0.230999990281 0.14357997439 0.0202306593484 0.0134871062323
0 0.273199992137 0.147919974581 0.0215090808622 0.0143393872415
0 0.328799994581 0.21407997749 0.0350187769603 0.0233458513068
0 0.344199995258 0.193139976569 0.0333934938284 0.022262329219
0 0.217399989683 0.200539976894 0.060308609885 0.0402057399233
0 0.339999995074 0.163179975252 0.0205623841074 0.0137082560716
0 0.365799996208 0.165719975363 0.0225897338723 0.0150598225815
0 0.486400001511 0.170819975588 0.0260579543172 0.0173719695448
0 0.538800003815 0.181279976048 0.0214071791319 0.0142714527546
0 0.470400000808 0.123619973512 0.0353215141397 0.0235476760931
0 0.471000000834 0.106259972749 0.0248451258589 0.0165634172392
0 0.424799998802 0.0923799721386 0.0356757957866 0.0237838638577
0 0.326399994476 0.132039973882 0.0212734207441 0.0141822804961
0 0.207599989252 0.133699973955 0.0265962526809 0.0177308351206
0 0.180799988074 0.117279973233 0.0258199197898 0.0172132798599
0 0.29079999291 0.0896799720199 0.0327694199305 0.0218462799537
0 0.32399999437 0.0927599721553 0.0324754878521 0.0216503252347
0 0.289999992875 0.0695599711352 0.0342832047613 0.0228554698408
0 0.182799988162 0.0785799715318 0.028493009937 0.018995339958
0 0.729000012178 0.0486399702153 0.0330143798182 0.0220095865454
0 0.717800011686 0.0303399694107 0.0226318796364 0.0150879197576
0 0.688200010384 0.0577599706164 0.0428764886392 0.0285843257595
0 0.636400008107 0.0421999699322 0.0268705958831 0.0179137305887
0 0.53640000371 0.0481399701934 0.0216849850142 0.0144566566761
0 0.57120000524 0.0469199701397 0.021733957205 0.0144893048033
0 0.475400001027 0.0583599706427 0.0472457973946 0.031497198263
0 0.351999995601 0.0749999713744 0.0346516339299 0.0231010892866
0 0.348599995452 0.0547199704827 0.0345269774443 0.0230179849629
0 0.393799997439 0.0584999706489 0.0290579214712 0.0193719476474
0 0.422199998688 0.0439199700078 0.0210243056403 0.0140162037602
0 0.286999992743 0.01667996881 0.0254203264997 0.0169468843332
0 0.214399989551 0.0193599689279 0.0321780930935 0.0214520620623
0 0.506200002382 0.0769199714588 0.0263205244068 0.0175470162712
0 0.62420000757 0.0664199709971 0.0229993194679 0.0153328796453
0 0.712400011448 0.0180399688698 0.0209618784638 0.0139745856425
0 0.870600018405 0.0135999686746 0.0226498855733 0.0150999237155
0 0.767200013858 0.0180799688716 0.0291871289079 0.0194580859386
0 0.583400005776 0.0350799696191 0.0290847325089 0.0193898216726
0 0.567600005081 0.0268599692577 0.0236389259597 0.0157592839731
0 0.939000021412 0.872540006443 0.0350883273646 0.023392218243
0 0.927000020884 0.767760001835 0.044103563553 0.029402375702
0 0.937200021333 0.716219999569 0.0246106529454 0.0164071019636
0 0.894200019442 0.708179999216 0.0332814019251 0.0221876012834
0 0.829400016593 0.705599999102 0.0418090927475 0.0278727284983
0 0.669400009558 0.749600001037 0.0311749051852 0.0207832701235
0 0.11179998504 0.896480007495 0.0258093338819 0.0172062225879
0 0.223399989947 0.89704000752 0.0457825676941 0.0305217117961
0 0.139199986244 0.589659994004 0.0293954833196 0.0195969888797
0 0.331199994687 0.263679979671 0.0354013536507 0.0236009024338
0 0.429599999014 0.273639980109 0.0448393336194 0.0298928890796
0 0.390599997299 0.214739977519 0.035457548003 0.0236383653353
0 0.456200000183 0.217739977651 0.0322314183679 0.0214876122453
0 0.551800004387 0.242159978725 0.0665521190086 0.044368079339
0 0.639400008239 0.263359979657 0.0408679362809 0.0272452908539
0 0.504000002285 0.279239980355 0.0297596583383 0.0198397722256
0 0.332799994757 0.29823998119 0.037826416965 0.02521761131
