0 0.688000008968 0.463143988441 0.122605573476 0.0817370543754
0 0.725000008155 0.574039993317 0.119530713903 0.0796871478578
0 0.886800004598 0.590537994043 0.0988995735825 0.0659330534037
0 0.226800019108 0.937348009292 0.135281949189 0.0901879720746
0 0.566600011637 0.462351988406 0.900412474406 0.600275022529
0 0.183800020053 0.648763996603 0.145344496397 0.0968963373223
0 0.0572000228368 0.897771007552 0.0249448477569 0.0166298996014
0 0.214400019381 0.862462806 0.0302176185364 0.020145080353
0 0.172400020304 0.796642003105 0.0222244676509 0.0148163127445
0 0.15620002066 0.891860007292 0.0237347896023 0.0158231941118
0 0.0512000229687 0.942509209519 0.0271949959595 0.0181299985021
0 0.237800018866 0.949518809827 0.0314541909241 0.0209694619991
0 0.110600021663 0.937886009316 0.0465325780778 0.0310217207646
0 0.133400021161 0.935916009229 0.0508330283977 0.0338886878336
0 0.17120002033 0.928254208892 0.0714408203636 0.047627216717
0 0.0988000219222 0.816800603992 0.062871479576 0.0419143224818
0 0.218800019284 0.893503607364 0.0253718456307 0.0169145648694
0 0.278800017965 0.892115807303 0.0202842787482 0.0135228533907
0 0.279600017947 0.879492406748 0.0277706911931 0.0185137953498
0 0.273000018092 0.86384460606 0.0201213349349 0.0134142241747
0 0.348000016443 0.867860206237 0.0223687129938 0.0149124763128
0 0.206000019565 0.882766006892 0.0344917524906 0.022994503177
0 0.190600019904 0.884003806947 0.0259734614951 0.0173156421388
0 0.214000019389 0.821736604209 0.0321409887092 0.0214273272194
0 0.249200018616 0.881932006856 0.0688169995544 0.0458780027289
0 0.419600014869 0.788200002734 0.0342446160937 0.0228297455682
0 0.469400013774 0.922099008622 0.0206245117622 0.013749675415
0 0.408800015107 0.988976491562 0.0231350534783 0.0154233700028
0 0.481000013519 0.901000007694 0.0273076814504 0.0182051221676
0 0.590200011119 0.922894608657 0.0819286835723 0.054619125984
0 0.543400012148 0.915993408353 0.0970419943241 0.0646946671497
0 0.571200011536 0.894942007428 0.051106580094 0.0340710556432
0 0.550600011989 0.882075206862 0.0403753399692 0.0269168950881
0 0.525000012552 0.850712405483 0.027495061889 0.0183300424683
0 0.437400014478 0.831822204652 0.0557843635674 0.0371895781645
0 0.662600009527 0.913481808243 0.0206287659115 0.0137525115147
0 0.601200010877 0.864700406098 0.0542211120834 0.0361474104398
0 0.569000011585 0.866085406159 0.0373406474802 0.0248937666287
0 0.542200012174 0.83722500489 0.0228539828204 0.0152359895518
0 0.534400012345 0.815835003949 0.0348068563432 0.023204572426
0 0.514000012794 0.801315603311 0.0251997999165 0.016799867719
0 0.496800013172 0.792810002937 0.0259893898218 0.0173262610239
0 0.484000013453 0.817382804017 0.0264901922401 0.0176601293248
0 0.566000011651 0.834014604749 0.0532889587082 0.0355259748153
0 0.582200011294 0.856203605724 0.0686233862923 0.0457489272123
0 0.550800011985 0.853980605627 0.040389190688 0.0269261289013
0 0.469800013766 0.772428002041 0.0262832229277 0.0175221497742
0 0.474400013665 0.801934203338 0.0341366794208 0.0227577877815
0 0.722600008208 0.898459607582 0.0253942046482 0.0169294708821
0 0.707000008551 0.933757409134 0.0279784519751 0.0186523025469
0 0.692800008863 0.92910460893 0.0214224120987 0.0142816090078
0 0.647200009865 0.832329804675 0.0261125622854 0.0174083760051
0 0.735600007922 0.880583406796 0.033903294809 0.0226021980301
0 0.719000008287 0.852525405563 0.0252710321846 0.0168473559009
0 0.669200009382 0.855271205683 0.0646477353283 0.0430984930615
0 0.640400010015 0.869422206306 0.0255642716883 0.0170428489163
0 0.616400010543 0.889188607175 0.0400620169232 0.0267080130437
0 0.773600007087 0.842619205127 0.0989950446085 0.0659967007586
0 0.773400007091 0.958491810222 0.02989974454 0.0199331643414
0 0.792000006682 0.955170010076 0.0279900272186 0.0186600193765
0 0.820200006062 0.957590010182 0.0253960843886 0.0169307240424
0 0.825600005943 0.970389810745 0.0235149589082 0.0156766403061
0 0.790800006708 0.935973809232 0.0204993606244 0.0136662413177
0 0.991000002307 0.95297720998 0.022785520696 0.0151903481326
0 0.990600002316 0.888503007145 0.0221719338532 0.0147812902104
0 0.896400004387 0.938341209336 0.0469976654284 0.0313317790188
0 0.875200004853 0.929592408951 0.025492445818 0.0169949649996
0 0.832400005794 0.906250207925 0.0296163984068 0.0197442669068
0 0.838600005657 0.9238866087 0.0203247426339 0.0135498293163
0 0.845000005517 0.817155804007 0.0233882248312 0.0155921509159
0 0.900000004308 0.819448004108 0.035939845141 0.023959898341
0 0.930200003644 0.813231003835 0.0353851238531 0.0235900841247
0 0.983400002474 0.808701203636 0.0287396479068 0.0191597665349
0 0.965600002865 0.815237603923 0.0253964801234 0.0169309878656
0 0.820200006062 0.88474880698 0.2134128646 0.142275252451
0 0.825800005939 0.930349208985 0.0354548721157 0.0236365829694
0 0.906400004167 0.873439006482 0.0300093630859 0.0200062433768
0 0.975800002641 0.775056002156 0.0221826186934 0.0147884134377
0 0.948600003239 0.786880002676 0.0224803102139 0.0149868744644
0 0.973200002698 0.789296002782 0.0201020428623 0.0134013627921
0 0.935400003529 0.790910002853 0.0396402625358 0.0264268434335
0 0.981800002509 0.687441998304 0.020369064934 0.0135793775183
0 0.958400003024 0.628297995703 0.0537101194934 0.0358067486906
0 0.936200003512 0.618123995256 0.0502444717824 0.0334963167309
0 0.828000005891 0.593509994174 0.0411791763281 0.0274527860294
0 0.911400004057 0.771024001979 0.0262853994692 0.0175236008019
0 0.858000005231 0.756362001334 0.0253708562936 0.0169139053113
0 0.748800007632 0.703605999015 0.0334740214599 0.0223160157785
0 0.799000006528 0.69554399866 0.0222123977388 0.0148082661359
0 0.873400004892 0.730670000205 0.0208553240976 0.0139035503154
0 0.884400004651 0.744304000804 0.0243030648079 0.0162020442739
0 0.915200003973 0.695247998647 0.0648534185025 0.0432356151866
0 0.884000004659 0.687255998296 0.0534937514791 0.0356625033382
0 0.872400004914 0.664321997287 0.0214549612879 0.0143033084687
0 0.859800005191 0.659017997054 0.0234396703582 0.0156264479361
0 0.785200006831 0.592109994112 0.0519081409776 0.0346054296008
0 0.752400007553 0.649173996621 0.0266297876988 0.0177531929701
0 0.771200007139 0.659547997077 0.0378146388643 0.0252097609056
0 0.807000006352 0.563481992853 0.0637254753237 0.0424836530178
0 0.848200005446 0.562981992831 0.0915798644318 0.0610532469814
0 0.787400006783 0.617179995214 0.027608340982 0.0184055618686
0 0.729200008063 0.654903996873 0.0397182222959 0.0264788166103
0 0.66020000958 0.634243995965 0.0202854659527 0.0135236448604
0 0.614200010591 0.637427996105 0.0230777708627 0.0153851815899
0 0.638000010068 0.642065996309 0.0467886185082 0.0311924143961
0 0.610400010675 0.681271998033 0.0275705483064 0.0183803667499
0 0.547600012055 0.705939999117 0.0214829595266 0.0143219739624
0 0.395800015393 0.57750799347 0.0277234998155 0.0184823344293
0 0.376600015815 0.587561993912 0.0432979405696 0.0288652956169
0 0.330000016839 0.5850159938 0.0564393046992 0.0376262056145
0 0.361600016144 0.688429998347 0.039819035742 0.0265460255788
0 0.373200015889 0.697903998764 0.0335741423701 0.0223827630563
0 0.406800015151 0.737238000493 0.0275333492331 0.018355567366
0 0.442200014372 0.719957999734 0.0231946115691 0.0154630753993
0 0.355200016285 0.770334001949 0.0257541254696 0.0171694181121
0 0.365400016061 0.782354002477 0.0254473320482 0.016964889151
0 0.381400015709 0.773180002074 0.0382017664547 0.0254678459829
0 0.391000015498 0.784226002559 0.0327455725848 0.021830383163
0 0.367200016021 0.746384000896 0.0291132215796 0.0194088156665
0 0.354400016303 0.710921999336 0.0310638974551 0.020709266336
0 0.479200013559 0.73875600056 0.053442009151 0.0356280084505
0 0.320600017046 0.654897996873 0.0273913793654 0.0182609207813
0 0.310200017274 0.644795996429 0.0406867832748 0.0271245239722
0 0.259400018391 0.634219995964 0.0308397136779 0.0205598104747
0 0.21080001946 0.690287998429 0.0522365019469 0.0348243369281
0 0.193400019842 0.710141999302 0.0233937651187 0.0155958444411
0 0.105600021773 0.660833997134 0.0229117601045 0.0152745077438
0 0.284400017842 0.630333995793 0.0414374922337 0.0276249966445
0 0.269400018171 0.600541994483 0.0233155085575 0.0155436733969
0 0.282800017877 0.591165994071 0.0212088142281 0.014139210418
0 0.2954000176 0.589451993995 0.0238597428726 0.0159064962975
0 0.28540001782 0.607059994769 0.0242759569725 0.0161839723825
0 0.229800019042 0.617045995208 0.0220694385341 0.0147129599931
0 0.21900001928 0.589179993983 0.0218661297688 0.0145774208074
0 0.246200018682 0.624283995527 0.0295761323886 0.0197174228929
0 0.260800018361 0.681843998058 0.0886261986478 0.0590841363288
0 0.320000017059 0.614819995111 0.0557318297697 0.0371545556303
0 0.222400019205 0.55818399262 0.0252135517016 0.0168090355764
0 0.275600018035 0.547455992149 0.0299938304941 0.0199958883149
0 0.284800017833 0.56157999277 0.0312187287045 0.0208124871757
0 0.194600019816 0.577485993469 0.0252303704315 0.0168202480638
0 0.186600019992 0.590589994045 0.0302488815874 0.0201659223883
0 0.160800020559 0.587613993914 0.0287726917645 0.0191817957748
0 0.120600021443 0.57249599325 0.0363395373121 0.024226359806
0 0.311000017257 0.768606001873 0.0211231376389 0.0140820926881
0 0.0922000220673 0.576023993405 0.0385561469886 0.0257040996877
0 0.072200022507 0.565527992943 0.0317238842059 0.0211492575322
0 0.101200021869 0.59001399402 0.0320903346518 0.0213935578456
0 0.0640000226873 0.60958399488 0.0293708449492 0.019580564591
0 0.0938000220321 0.620733995371 0.0608657965601 0.040577200383
0 0.0328000233732 0.624379995531 0.0710018515113 0.0473345707962
0 0.0628000227136 0.655811996913 0.0837714227749 0.0558476188667
0 0.100400021887 0.534799991592 0.0345849480413 0.0230566335483
0 0.186400019996 0.526613991232 0.0215070993508 0.0143380671796
0 0.166600020432 0.520237990952 0.0212520482575 0.0141680331061
0 0.146000020884 0.548355992188 0.154563139095 0.103042099526
0 0.0974000219529 0.328451982519 0.0311931048747 0.0207954046214
0 0.191200019891 0.514145990684 0.0199214888494 0.0132809934422
0 0.160600020563 0.377861984691 0.0341424175757 0.0227616132184
0 0.286200017802 0.365665984155 0.0447570148614 0.0298380118756
0 0.249400018611 0.416375986385 0.025241648874 0.0168277670259
0 0.249400018611 0.508349990429 0.0346071091914 0.0230714076493
0 0.195400019798 0.399399985638 0.0386128360019 0.0257418923658
0 0.171400020326 0.35234998357 0.0288589619559 0.0192393092395
0 0.21260001942 0.425645986792 0.157141351466 0.104760907887
0 0.255400018479 0.40124398572 0.0220396594887 0.0146931072949
0 0.228000019082 0.406733985961 0.0489422074141 0.0326281404281
0 0.266000018246 0.345409983264 0.0244255447356 0.0162836975644
0 0.244400018721 0.37010798435 0.0223907752102 0.014927184458
0 0.248800018624 0.355199983695 0.0284939955155 0.0189959982633
0 0.374000015872 0.415011986325 0.0207833992935 0.0138556004429
0 0.324200016967 0.362677984024 0.0248168275417 0.0165445527857
0 0.458600014012 0.481661989256 0.0221876643124 0.0147917771839
0 0.50780001293 0.4576619882 0.020232932155 0.0134886223263
0 0.726000008133 0.365641984154 0.0220333277315 0.0146888861231
0 0.725200008151 0.511465990566 0.0301389662404 0.0200926454855
0 0.643200009953 0.464763988513 0.0494795163698 0.0329863464222
0 0.78480000684 0.471393988804 0.0304683165467 0.0203122123708
0 0.742800007764 0.46515998853 0.0212740115402 0.0141826752955
0 0.838200005666 0.445233987654 0.0205254791227 0.013683653651
0 0.753000007539 0.495551989866 0.0640193084297 0.0426795417681
0 0.753200007535 0.534947991599 0.0208993495966 0.01393290065
0 0.740800007808 0.533147991519 0.0556176602733 0.0370784426277
0 0.709800008489 0.520525990964 0.0284631281994 0.0189754200511
0 0.909800004092 0.48245198929 0.0211679546076 0.0141119706692
0 0.86940000498 0.428405986914 0.0234176081418 0.0156117397909
0 0.891600004492 0.431601987054 0.0299815627146 0.0199877097947
0 0.902800004246 0.361805983985 0.0211659759335 0.014110651553
0 0.912600004031 0.335193982815 0.0267732415721 0.017848828892
0 0.911000004066 0.314655981912 0.0291003601978 0.0194002414114
0 0.888200004567 0.294909981044 0.0208372192294 0.0138914804025
0 0.903000004242 0.300819981304 0.0238291723576 0.0158861159528
0 0.772600007108 0.375863984604 0.0457530794105 0.0305020549521
0 0.763800007302 0.356159983737 0.0484421964655 0.0322947997737
0 0.807600006339 0.257379979394 0.0499887281531 0.0333258209668
0 0.850200005402 0.262881979636 0.0229875433231 0.0153250298928
0 0.85760000524 0.36328598405 0.0223082644997 0.014872177314
0 0.960200002984 0.292009980916 0.0285647331151 0.0190431566661
0 0.968000002813 0.256027979334 0.0492605760791 0.0328403862187
0 0.959200003006 0.4940479898 0.0998963306676 0.0665975581709
0 0.892200004479 0.534603991583 0.0502299285277 0.0334866212271
0 0.898200004347 0.514237990688 0.0322575326145 0.0215050231614
0 0.979200002566 0.11470197312 0.0254396152191 0.016959744598
0 0.950600003195 0.0962499723088 0.0280111990317 0.0186741339194
0 0.815400006168 0.161567975181 0.0226151568548 0.0150767722309
0 0.90400000422 0.196405976713 0.0361929175603 0.0241286132983
0 0.791800006686 0.334641982791 0.0301327334169 0.0200884902696
0 0.786000006814 0.312473981816 0.0219045160467 0.0146030116609
0 0.917000003934 0.252491979179 0.0994719050701 0.0663146077539
0 0.860200005183 0.186441976275 0.0973010027657 0.0648673394555
0 0.782000006902 0.206419977153 0.0493084599927 0.0328723088299
0 0.714200008392 0.196947976737 0.0220601387657 0.0147067601472
0 0.610400010675 0.252097979162 0.0267303043438 0.0178202040712
0 0.61560001056 0.268747979894 0.0265384718884 0.0176923157592
0 0.649400009817 0.207161977186 0.0212134641123 0.0141423103409
0 0.569000011585 0.200605976897 0.0316147603285 0.0210765082758
0 0.746200007689 0.211287977367 0.0241843443611 0.0161228973041
0 0.789400006739 0.167785975454 0.0519966866442 0.0346644600491
0 0.620400010455 0.0948959722492 0.167077263531 0.1113848497
0 0.558000011827 0.15426997486 0.0264624908025 0.0176416616985
0 0.727600008098 0.0825359717058 0.0234836958572 0.0156557982707
0 0.772000007122 0.119171973317 0.0294796720255 0.0196531159799
0 0.78800000677 0.0445119700338 0.0301823981372 0.0201216000853
0 0.65200000976 0.0544379704703 0.0325218834761 0.0216812570808
0 0.735000007935 0.193659976592 0.0221428473437 0.0147618992028
0 0.438400014456 0.169425975526 0.023957786175 0.0159718585034
0 0.42140001483 0.18610397626 0.0350550810109 0.0233700555486
0 0.340400016611 0.141749974309 0.0225010862921 0.0150007251841
0 0.4546000141 0.123077973488 0.0244377135814 0.0162918101288
0 0.440200014416 0.143913974405 0.0651999832736 0.0434666583826
0 0.52780001249 0.104883972688 0.0999952643733 0.066663513979
0 0.473800013678 0.0703759711711 0.033916057257 0.0226107063293
0 0.275000018048 0.245873978888 0.0470226956559 0.0313484658382
0 0.271600018123 0.273997980124 0.0217248524371 0.0144832359133
0 0.208400019513 0.239453978606 0.10377156392 0.0691810471764
0 0.228000019082 0.281019980433 0.0250498164186 0.0166998787139
0 0.303000017433 0.214377977503 0.0251326239303 0.0167550837253
0 0.196200019781 0.151115974721 0.0331348767167 0.0220899192681
0 0.110400021667 0.200837976908 0.0280893566592 0.0187262390079
0 0.113800021592 0.211401977372 0.0248660965271 0.0165773987781
0 0.101400021865 0.236481978475 0.0290128038683 0.0193418705212
0 0.152000020753 0.254775979279 0.0838944963048 0.0559296678921
0 0.318200017099 0.11764597325 0.0227977884755 0.0151985266528
0 0.319200017077 0.131649973865 0.033642406627 0.022428272564
0 0.205400019579 0.115211973143 0.0200356583458 0.0133571064448
0 0.0816000223003 0.261135979559 0.0671069304512 0.0447379565849
0 0.0902000221112 0.294709981035 0.0299481231221 0.0199654167316
0 0.0608000227576 0.151519974739 0.0578549470942 0.0385699672734
0 0.0228000235931 0.121591973423 0.0243185973997 0.0162123993358
0 0.0170000237206 0.110621972941 0.0452659298436 0.0301772885528
0 0.0602000227708 0.0879439719436 0.0233430121277 0.0155620091115
0 0.085800022208 0.089705972021 0.0199548295082 0.0133032205496
0 0.046000023083 0.0802959716073 0.0749599912094 0.049973330769
0 0.00880002390084 0.168481975485 0.0214823659244 0.0143215782275
0 0.0588000228016 0.180465976012 0.0446600598298 0.0297733751836
0 0.0876000221684 0.213473977463 0.070228090999 0.0468187304206
0 0.115600021553 0.144535974432 0.0417082737862 0.0278055176914
0 0.0274000234919 0.0170039688243 0.0453837598871 0.0302558419203
0 0.27540001804 0.0112859685729 0.0204114085601 0.0136076066042
0 0.34680001647 0.115795973168 0.0352711522241 0.0235141030337
0 0.474200013669 0.0397079698226 0.0423693488078 0.0282462344015
0 0.630800010226 0.0240459691339 0.0225914127654 0.015060942837
0 0.612000010639 0.0329639695261 0.0210138158941 0.0140092115201
0 0.597000010969 0.0408259698718 0.0299463423154 0.019964229527
0 0.752000007561 0.0472559701545 0.029802591641 0.0198683957378
0 0.825000005956 0.0439859700107 0.0264482443488 0.0176321640622
0 0.855800005279 0.0718099712341 0.0675763708848 0.0450509168946
0 0.947000003274 0.0509439703167 0.0436640942144 0.0291093980629
0 0.950000003208 0.113501973067 0.0387762744838 0.0258508513609
0 0.313000017213 0.707255999175 0.0350880259349 0.0233920188328
0 0.262400018325 0.37010798435 0.0270416487157 0.0180277669995
0 0.792400006673 0.0644559709108 0.0624029295457 0.0416019557744
