0 0.777599985013 0.294879983579 0.181089256214 0.12072617081
0 0.554999989907 0.41309998098 0.527625359401 0.351750239601
0 0.598599988949 0.854479971276 0.11497779235 0.0766518615664
0 0.985199980449 0.108499987676 0.0231626575099 0.0154417716733
0 0.974399980687 0.0303999893935 0.0427552920137 0.0285035280092
0 0.952999981157 0.0361399892673 0.0827569620148 0.0551713080099
0 0.960399980994 0.0830599882358 0.060397052646 0.040264701764
0 0.94559998132 0.0787599883303 0.0767349658847 0.0511566439231
0 0.871599982947 0.0329199893381 0.0210273711987 0.0140182474658
0 0.785799984833 0.0455199890611 0.0520396273048 0.0346930848699
0 0.906799982173 0.124539987324 0.0257722320375 0.017181488025
0 0.696199986803 0.062899988679 0.071326160903 0.0475507739353
0 0.643799987955 0.0952199879685 0.0671178175856 0.0447452117238
0 0.898999982344 0.0271599894648 0.0278310425892 0.0185540283928
0 0.846199983505 0.0522599889129 0.0239511591964 0.0159674394643
0 0.885599982639 0.0562199888259 0.0510933263473 0.0340622175649
0 0.88099998274 0.0938799879979 0.0533272495696 0.0355514997131
0 0.853799983338 0.0815399882692 0.0404274806985 0.026951653799
0 0.963399980928 0.149199986782 0.0303640424236 0.020242694949
0 0.44659999229 0.0811799882771 0.040100010111 0.026733340074
0 0.615599988575 0.134979987094 0.0961199385265 0.0640799590177
0 0.598799988944 0.167159986387 0.0714873239203 0.0476582159468
0 0.506999990963 0.21065998543 0.0370892593803 0.0247261729202
0 0.438599992466 0.136619987058 0.0206988123404 0.0137992082269
0 0.420399992866 0.148619986794 0.0274292727838 0.0182861818559
0 0.389599993544 0.151479986732 0.0287001752512 0.0191334501675
0 0.52939999047 0.169879986327 0.0354680326378 0.0236453550919
0 0.465799991868 0.163559986466 0.0284092112035 0.0189394741357
0 0.544599990136 0.134339987108 0.0354650646265 0.0236433764176
0 0.490599991323 0.134559987104 0.0235648230501 0.0157098820334
0 0.519599990685 0.123099987356 0.0327783218033 0.0218522145355
0 0.40659999317 0.120699987408 0.0455952831572 0.0303968554381
0 0.517599990729 0.105419987744 0.0761783648196 0.0507855765464
0 0.431399992625 0.0372799892423 0.0386622064711 0.0257748043141
0 0.352799994353 0.0771999883646 0.0343566113146 0.022904407543
0 0.39839999335 0.067539988577 0.0475384401992 0.0316922934661
0 0.389799993539 0.103679987782 0.0207517418764 0.0138344945843
0 0.324199994981 0.110119987641 0.0390640752102 0.0260427168068
0 0.408599993126 0.0180399896653 0.0523445410059 0.0348963606706
0 0.23739999689 0.0223799895699 0.046209364709 0.0308062431394
0 0.264199996301 0.0904599880731 0.0491599637428 0.0327733091618
0 0.22599999714 0.0649599886337 0.0843585009485 0.0562390006323
0 0.16279999853 0.0474599890185 0.0727391321812 0.0484927547875
0 0.416199992959 0.0926399880252 0.0239990431131 0.0159993620754
0 0.0578000008383 0.069859988526 0.0461404079116 0.0307602719411
0 0.0704000005613 0.142079986938 0.030123237768 0.020082158512
0 0.148799998838 0.142039986939 0.0200242822903 0.0133495215269
0 0.00800000193316 0.222099985179 0.0223877097419 0.014925139828
0 0.0896000001392 0.315659983122 0.0230591728469 0.0153727818979
0 0.215799997365 0.27027998412 0.0234181043549 0.0156120695699
0 0.214599997391 0.281779983867 0.0219134215255 0.0146089476837
0 0.281599995918 0.314039983158 0.0276314932916 0.0184209955277
0 0.159999998591 0.314499983148 0.0952727691487 0.0635151794324
0 0.183399998077 0.361119982123 0.02274317857 0.0151621190467
0 0.149999998811 0.361119982123 0.03082527139 0.0205501809267
0 0.2505999966 0.216899985293 0.0298676919893 0.0199117946595
0 0.293399995659 0.24477998468 0.0271465202342 0.0180976801561
0 0.315399995175 0.361499982114 0.0292989220776 0.0195326147184
0 0.208999997514 0.406219981131 0.0257620418652 0.0171746945768
0 0.162199998543 0.396659981341 0.0230413647787 0.0153609098525
0 0.329799994858 0.337999982631 0.019860744864 0.013240496576
0 0.33019999485 0.314799983141 0.0200859179931 0.0133906119954
0 0.287199995795 0.346779982438 0.0437330538918 0.0291553692612
0 0.257199996454 0.38807998153 0.0437207861114 0.029147190741
0 0.351599994379 0.234859984898 0.02035580916 0.01357053944
0 0.405999993183 0.278999983928 0.0377791241557 0.0251860827704
0 0.4233999928 0.259499984357 0.029241738392 0.0194944922613
0 0.330799994836 0.201479985632 0.0201108492885 0.013407232859
0 0.260199996388 0.259179984364 0.0210955365264 0.0140636910176
0 0.263999996305 0.248359984602 0.085023236561 0.0566821577073
0 0.321199995047 0.186779985955 0.0221528411091 0.0147685607394
0 0.324399994977 0.22023998522 0.0386221383176 0.0257480922118
0 0.176999998218 0.201619985629 0.0476828834191 0.0317885889461
0 0.329199994871 0.161319986515 0.0277839501422 0.0185226334281
0 0.673799987295 0.210299985438 0.0224827850394 0.0149885233596
0 0.562999989731 0.281379983876 0.0225141470262 0.0150094313508
0 0.601799988878 0.311059983223 0.0316347470235 0.021089831349
0 0.497599991169 0.171859986283 0.0363046161085 0.0242030774057
0 0.93059998165 0.303119983398 0.0338361210545 0.0225574140363
0 0.954999981113 0.342179982539 0.0235230730236 0.0156820486824
0 0.889799982547 0.296959983533 0.0379931177752 0.0253287451835
0 0.788999984763 0.198319985702 0.0237418154613 0.0158278769742
0 0.903599982243 0.160219986539 0.0381498287754 0.0254332191836
0 0.834799983756 0.315459983126 0.0204959982303 0.0136639988202
0 0.991799980304 0.24433998469 0.0237665488894 0.0158443659263
0 0.990399980335 0.503019979003 0.0205221167303 0.0136814111535
0 0.989799980348 0.487619979341 0.0247528190667 0.0165018793778
0 0.984799980458 0.414179980956 0.0267815537698 0.0178543691799
0 0.769799985185 0.505479978949 0.0245301192804 0.0163534128536
0 0.736199985923 0.539359978204 0.0258519726096 0.0172346484064
0 0.726199986143 0.534179978318 0.0233578537241 0.0155719024828
0 0.691599986904 0.550939977949 0.0392544236725 0.0261696157817
0 0.629399988272 0.551499977937 0.0342651965645 0.0228434643763
0 0.623599988399 0.570059977529 0.0266641194534 0.0177760796356
0 0.798399984556 0.491919979247 0.027127327094 0.0180848847294
0 0.810799984283 0.574459977432 0.0257275139996 0.0171516759997
0 0.748399985655 0.570639977516 0.032569373803 0.0217129158687
0 0.763799985317 0.576719977383 0.0307040775925 0.0204693850617
0 0.668799987405 0.372239981878 0.0217875778435 0.0145250518957
0 0.606599988773 0.546859978039 0.0311681756366 0.0207787837577
0 0.381999993711 0.583119977242 0.0202193795709 0.0134795863806
0 0.728799986086 0.592479977036 0.0227984825151 0.0151989883434
0 0.576599989432 0.593139977022 0.0332370774269 0.0221580516179
0 0.233799996969 0.567859977577 0.0919594791259 0.0613063194173
0 0.108799999717 0.575559977408 0.0585572813332 0.0390381875555
0 0.0344000013528 0.531119978385 0.0215467731879 0.0143645154586
0 0.184199998059 0.404519981168 0.0342338345777 0.0228225563851
0 0.123599999392 0.41445998095 0.0200473338453 0.0133648892302
0 0.0995999999193 0.407399981105 0.0205194455201 0.0136796303467
0 0.175199998257 0.470959979708 0.0389373411248 0.0259582274165
0 0.0989999999325 0.470439979719 0.0768811899114 0.0512541266076
0 0.0296000014583 0.807719972304 0.0356836091968 0.0237890727979
0 0.0944000000336 0.758559973385 0.0273760464466 0.0182506976311
0 0.14639999889 0.661919975509 0.0207821145261 0.0138547430174
0 0.213799997409 0.714119974362 0.0218690992224 0.0145793994816
0 0.243599996753 0.696059974759 0.0390777280625 0.0260518187083
0 0.268199996213 0.74605997366 0.0207779593101 0.0138519728734
0 0.269599996182 0.733579973934 0.0205864236433 0.0137242824288
0 0.208199997532 0.765739973227 0.023141287828 0.0154275252187
0 0.320599995061 0.777639972965 0.0256121572911 0.0170747715274
0 0.305999995382 0.770319973126 0.0222914472399 0.0148609648266
0 0.244599996731 0.809459972266 0.043936857339 0.029291238226
0 0.168599998402 0.814139972163 0.0203304821297 0.0135536547531
0 0.0402000012252 0.871999970891 0.0198710339701 0.0132473559801
0 0.0874000001875 0.918679969864 0.0309513129394 0.0206342086263
0 0.145799998904 0.920319969828 0.0320103983289 0.0213402655526
0 0.181399998121 0.903179970205 0.0216045504759 0.0144030336506
0 0.210599997479 0.922699969776 0.0210809932707 0.0140539955138
0 0.185199998037 0.861939971112 0.0530468714291 0.0353645809527
0 0.135799999123 0.872779970874 0.0224082879541 0.0149388586361
0 0.0692000005877 0.879719970721 0.0482910289482 0.0321940192988
0 0.23099999703 0.87111997091 0.0209865115755 0.013991007717
0 0.218799997299 0.894979970386 0.0207695499446 0.0138463666297
0 0.272199996125 0.878759970742 0.0295946349435 0.019729756629
0 0.10139999988 0.856779971225 0.020407749359 0.0136051662393
0 0.204999997602 0.836359971674 0.0357055724809 0.0238037149873
0 0.367999994018 0.799819972478 0.0257185110318 0.0171456740212
0 0.33879999466 0.646799975842 0.0326424858164 0.0217616572109
0 0.156999998657 0.652379975719 0.114363413997 0.0762422759978
0 0.281399995922 0.594039977002 0.0913723075438 0.0609148716958
0 0.320999995052 0.612559976595 0.0375528627558 0.0250352418372
0 0.422799992814 0.640999975969 0.0212293938391 0.0141529292261
0 0.363799994111 0.690879974873 0.0570340978997 0.0380227319331
0 0.330999994832 0.699719974678 0.03228573085 0.0215238205667
0 0.4961999912 0.724459974134 0.0234805315273 0.0156536876849
0 0.458999992018 0.767099973197 0.0211398588295 0.0140932392197
0 0.458199992035 0.753619973493 0.0220134435086 0.0146756290057
0 0.45159999218 0.617279976491 0.0599317673973 0.0399545115982
0 0.418599992906 0.57001997753 0.0205078702757 0.0136719135172
0 0.439199992453 0.632739976151 0.0373590516135 0.024906034409
0 0.506599990971 0.680459975102 0.110037042761 0.073358028507
0 0.517399990734 0.711959974409 0.0439322074545 0.029288138303
0 0.454599992115 0.718079974275 0.027238033918 0.0181586892787
0 0.455199992101 0.733599973933 0.054712618342 0.0364750788947
0 0.415999992963 0.751759973534 0.0285684944802 0.0190456629868
0 0.404599993214 0.617399976488 0.0306747932137 0.0204498621425
0 0.33879999466 0.753479973496 0.0568979651116 0.0379319767411
0 0.393999993447 0.793299972621 0.0207049462305 0.013803297487
0 0.301199995487 0.790059972692 0.027158293346 0.0181055288973
0 0.622399988425 0.617119976494 0.0615617003064 0.0410411335376
0 0.689799986944 0.653019975705 0.0441043521138 0.0294029014092
0 0.564599989696 0.618879976456 0.0553701317936 0.0369134211957
0 0.66539998748 0.64005997599 0.0376086613695 0.025072440913
0 0.644599987937 0.654979975662 0.032309474941 0.0215396499607
0 0.629999988258 0.673639975252 0.020500549181 0.0136670327874
0 0.737799985888 0.691299974863 0.0273536874276 0.0182357916184
0 0.68859998697 0.680599975099 0.0378728143812 0.0252485429208
0 0.853599983342 0.587659977142 0.0329951845005 0.021996789667
0 0.854199983329 0.659999975552 0.0358339884394 0.0238893256263
0 0.831199983835 0.717739974282 0.0253963828648 0.0169309219098
0 0.808999984323 0.705479974552 0.0264863355725 0.0176575570483
0 0.747599985673 0.715359974335 0.0204921398155 0.0136614265437
0 0.725599986157 0.74055997378 0.0233308448207 0.0155538965471
0 0.756199985484 0.754839973467 0.0303530607815 0.0202353738543
0 0.784999984851 0.690159974889 0.0246570512332 0.0164380341555
0 0.828999983883 0.731219973986 0.0373768596817 0.0249179064545
0 0.858599983232 0.748879973598 0.0208353408632 0.0138902272422
0 0.875599982859 0.756719973425 0.0361942060857 0.0241294707238
0 0.83779998369 0.695359974774 0.0299655374307 0.0199770249538
0 0.779799984965 0.625399976312 0.199027916917 0.132685277945
0 0.954599981122 0.627239976272 0.0243048472177 0.0162032314784
0 0.979199980581 0.744279973699 0.0522568857369 0.0348379238246
0 0.867599983035 0.728059974055 0.0347148502866 0.0231432335244
0 0.907799982151 0.774299973039 0.0206706162324 0.0137804108216
0 0.953599981144 0.777659972965 0.0263258650912 0.0175505767275
0 0.948999981245 0.799919972475 0.0206567655127 0.0137711770084
0 0.980799980546 0.768899973157 0.0343153559566 0.022876903971
0 0.866199983065 0.878199970754 0.0209614813463 0.0139743208976
0 0.85459998332 0.90703997012 0.0230667907427 0.0153778604952
0 0.922199981834 0.886019970582 0.129938548314 0.086625698876
0 0.818399984116 0.980519968505 0.0287363849899 0.0191575899932
0 0.80459998442 0.968739968764 0.0249165543604 0.0166110362403
0 0.782399984908 0.961779968917 0.0243730125454 0.0162486750303
0 0.755799985493 0.970319968729 0.0210734743086 0.0140489828724
0 0.684399987062 0.868539970967 0.0306414525527 0.0204276350351
0 0.789799984745 0.88429997062 0.0880347787615 0.0586898525076
0 0.786199984824 0.848179971414 0.0244133775 0.016275585
0 0.823399984006 0.827739971864 0.0236850275105 0.0157900183403
0 0.80459998442 0.808859972279 0.021382741093 0.0142551607287
0 0.693799986856 0.853599971295 0.0225178075735 0.0150118717157
0 0.879799982766 0.950119969173 0.0326905676005 0.0217937117337
0 0.908199982142 0.813679972173 0.0666696478692 0.0444464319128
0 0.523599990598 0.950759969159 0.0238821034653 0.0159214023102
0 0.467399991833 0.944059969306 0.0287719021925 0.0191812681284
0 0.322399995021 0.97935996853 0.0329213799512 0.0219475866341
0 0.287999995777 0.965179968842 0.0360173126082 0.0240115417388
0 0.296599995588 0.985899968387 0.0220547978003 0.0147031985335
0 0.313199995223 0.972299968686 0.0284339446316 0.0189559630877
0 0.354999994304 0.875719970809 0.0295316141688 0.0196877427792
0 0.377199993816 0.896559970351 0.0243956683655 0.0162637789103
0 0.463199991925 0.854079971285 0.0295931509378 0.0197287672919
0 0.419199992893 0.86385997107 0.0212432445588 0.0141621630392
0 0.386399993614 0.935179969502 0.0210033303066 0.0140022202044
0 0.417399992932 0.93389996953 0.0371592055148 0.0247728036765
0 0.41479999299 0.905619970152 0.0527116840121 0.0351411226747
0 0.529999990457 0.874879970827 0.0230922167068 0.0153948111379
0 0.44659999229 0.876619970789 0.0387098925204 0.0258065950136
0 0.296199995597 0.930539969604 0.123034953874 0.0820233025828
0 0.0220000016254 0.896539970351 0.0295308226991 0.0196872151327
0 0.134199999159 0.970359968728 0.0215044295591 0.0143362863727
0 0.0492000010274 0.92433996974 0.0418414413138 0.0278942942092
0 0.77319998511 0.148639986794 0.21654709868 0.144364732453
0 0.428799992682 0.818579972065 0.231016154094 0.154010769396
0 0.87599998285 0.257399984403 0.0372351866058 0.0248234577372
0 0.220199997268 0.72373997415 0.0204379241412 0.0136252827608
