0 0.638200008186 0.147180008811 0.154865906878 0.103243931109
0 0.536000003692 0.122020009365 0.241518988845 0.16101264861
0 0.729600012205 0.11860000944 0.141024089373 0.0940160533809
0 0.59100000611 0.46562000181 0.190507770749 0.127005172123
0 0.897400019583 0.628799998223 0.264717958087 0.176478627085
0 0.707600011237 0.617939998462 0.153740041084 0.102493353963
0 0.352599995628 0.97235999067 0.0809794306892 0.0539862835654
0 0.466000000614 0.971659990685 0.0390221324637 0.02601475326
0 0.376799996692 0.907939992086 0.0500640266092 0.0333760155381
0 0.396799997571 0.954839991055 0.0791380761941 0.052758713983
0 0.295199993104 0.953659991081 0.0694314905388 0.0462876573063
0 0.263599991714 0.885559992578 0.0206878334273 0.0137918880419
0 0.25279999124 0.931339991571 0.156544812196 0.104363201247
0 0.216399989639 0.872619992862 0.024826231156 0.0165508196791
0 0.600400006524 0.97779999055 0.0213511840553 0.0142341217647
0 0.573800005354 0.962739990881 0.028044050571 0.0186960324809
0 0.636800008124 0.980619990488 0.0200441706105 0.0133627795257
0 0.535600003674 0.951719991123 0.0689095162042 0.0459396744395
0 0.487200001546 0.91685999189 0.0321787877519 0.021452523753
0 0.5794000056 0.932259991551 0.02116726626 0.0141115099093
0 0.641800008344 0.953059991094 0.0233609237508 0.01557394814
0 0.628600007764 0.974859990615 0.0319316513061 0.0212877661334
0 0.54460000407 0.912919991976 0.0327374664986 0.0218249762262
0 0.463000000482 0.906019992128 0.0236835466289 0.0157890300446
0 0.435799999286 0.921439991789 0.103403550995 0.0689356961168
0 0.413799998319 0.850519993348 0.0208253513054 0.0138835666212
0 0.417799998495 0.821239993992 0.0200660349638 0.0133773557602
0 0.357799995856 0.803199994389 0.0200079608671 0.0133386396983
0 0.397199997589 0.770679995104 0.0367304316511 0.024486952819
0 0.445799999726 0.811099994215 0.0298404891547 0.0198936581244
0 0.485000001449 0.775819994991 0.0213330791836 0.014222051851
0 0.518400002918 0.829319993814 0.021401343454 0.0142675613617
0 0.576800005486 0.832419993746 0.0487034900191 0.0324689912045
0 0.520200002997 0.81223999419 0.0220138421473 0.0146758937969
0 0.634000008001 0.824279993925 0.0249531631256 0.0166354409865
0 0.623600007544 0.818799994046 0.0275342450846 0.018356162179
0 0.642200008362 0.806699994312 0.0434371488883 0.0289580973489
0 0.662200009241 0.815219994124 0.022382370274 0.0149215791985
0 0.675200009813 0.839619993588 0.0353312119744 0.0235541397627
0 0.664200009329 0.854679993257 0.0226471169228 0.0150980769528
0 0.63920000823 0.874899992812 0.0823975467074 0.0549316941819
0 0.657600009039 0.898939992284 0.0219800068132 0.014653336909
0 0.60600000677 0.874139992829 0.0279490741947 0.0186327149009
0 0.700800010938 0.904679992158 0.0380429853845 0.0253619885836
0 0.699000010859 0.973599990642 0.0201580433284 0.0134386946659
0 0.681800010103 0.958339990978 0.0463137458848 0.0308758285534
0 0.81500001596 0.976679990575 0.0276268470514 0.0184178968195
0 0.839200017024 0.970799990704 0.0369526367981 0.0246350895739
0 0.718600011721 0.977579990555 0.0220329363563 0.0146886232687
0 0.718400011712 0.845979993448 0.0320488877706 0.0213659237712
0 0.765400013779 0.972639990663 0.0492105253612 0.0328070147436
0 0.809400015714 0.83861999361 0.0269418299375 0.0179612187737
0 0.861200017991 0.829659993807 0.0445811195538 0.029720744409
0 0.928200020937 0.805479994338 0.021433397981 0.0142889310449
0 0.976800023074 0.977419990558 0.0359098753336 0.0239399153101
0 0.984800023426 0.951119991137 0.0249577140769 0.0166384749539
0 0.980400023232 0.56253999968 0.0260453914527 0.0173635931566
0 0.979000023171 0.804719994355 0.0277707956217 0.0185138625267
0 0.948400021825 0.81813999406 0.0951335819648 0.0634223837934
0 0.880600018844 0.791059994655 0.0282316289141 0.0188210847014
0 0.946600021746 0.904439992163 0.022580435592 0.0150536227351
0 0.927200020893 0.89411999239 0.0221517557603 0.0147678361995
0 0.97580002303 0.739539995788 0.0593384697525 0.0395589772259
0 0.784800014632 0.760199995334 0.0239607589272 0.0159738382312
0 0.806400015582 0.89089999246 0.0392056545241 0.0261371012922
0 0.878600018756 0.739379995792 0.104057502919 0.0693716640374
0 0.933200021157 0.705419996538 0.0201672441648 0.0134448285564
0 0.948200021817 0.689939996879 0.0329136674633 0.0219424435283
0 0.948000021808 0.672899997253 0.0202254171953 0.0134836105742
0 0.971600022846 0.671979997273 0.0406845158497 0.0271230087775
0 0.966400022617 0.714479996339 0.022407202639 0.0149381341074
0 0.770000013981 0.685439996978 0.0254000467627 0.0169333633916
0 0.755600013348 0.944399991284 0.0441641139017 0.0294427406592
0 0.744200012847 0.896459992338 0.0206772475187 0.0137848307699
0 0.74360001282 0.759699995345 0.0261746978317 0.0174497974035
0 0.595600006313 0.763819995254 0.0358984979552 0.0239323303917
0 0.583200005767 0.739579995787 0.0291141177437 0.0194094105489
0 0.565400004985 0.780319994892 0.0347002126745 0.0231334735906
0 0.619800007377 0.795959994548 0.0215032451911 0.0143354958485
0 0.618400007315 0.703759996575 0.0342075227226 0.0228050136443
0 0.643800008432 0.712799996376 0.0223296385984 0.0148864247504
0 0.460400000368 0.770219995114 0.0534781305351 0.035652084672
0 0.585400005864 0.78359999482 0.0251232301993 0.0167488190282
0 0.358999995909 0.720619996204 0.0249847229839 0.0166564808907
0 0.317999994106 0.800679994444 0.0219506234968 0.0146337480327
0 0.339199995039 0.881039992677 0.0228308368507 0.0152205568966
0 0.317999994106 0.822819993957 0.0353463488344 0.0235642310021
0 0.319799994186 0.793659994598 0.0876987125095 0.0584658044835
0 0.220199989806 0.793979994591 0.0259657498039 0.0173104987275
0 0.18799998839 0.819799994024 0.0238882405066 0.0159254926207
0 0.151999986807 0.823039993952 0.0323239235269 0.0215492809299
0 0.165999987423 0.846179993444 0.071982595579 0.0479883938876
0 0.165599987405 0.875619992796 0.0336961342966 0.0224640880494
0 0.258799991503 0.738439995812 0.0366659268623 0.0244439496293
0 0.202599989032 0.771239995091 0.0272735547184 0.0181823686131
0 0.160199987168 0.771499995086 0.0227852284033 0.015190151267
0 0.286599992726 0.81677999409 0.0449900126404 0.0299933397821
0 0.260199991565 0.805699994334 0.0299358612659 0.0199572395276
0 0.21119998941 0.703879996572 0.0276452487243 0.0184301646006
0 0.189399988452 0.690359996869 0.0524755361631 0.034983688468
0 0.119799985391 0.783879994813 0.0367375548794 0.0244917016375
0 0.0913999841427 0.796239994542 0.0420404025547 0.0280269331879
0 0.103999984697 0.828399993835 0.0205858327565 0.0137238875992
0 0.116599985251 0.868419992955 0.0697362064127 0.0464908012088
0 0.0685999831402 0.73625999586 0.0232277589566 0.0154851716164
0 0.0301999814517 0.75581999543 0.0294119082568 0.0196079375446
0 0.116199985233 0.830479993789 0.0458658729104 0.0305772465902
0 0.039599981865 0.71123999641 0.0218978918212 0.0145985935846
0 0.0629999828939 0.673699997236 0.0397301022018 0.0264867330543
0 0.127799985743 0.587859999123 0.0289310903519 0.0192873922958
0 0.0495999823047 0.528800000421 0.0248055540074 0.0165370349142
0 0.0993999844944 0.575279999399 0.0207275058511 0.0138183363227
0 0.180999988082 0.560659999721 0.0267212077302 0.0178141373118
0 0.146399986561 0.550459999945 0.0964158619782 0.0642772370794
0 0.0343999816364 0.488560001306 0.0301806233023 0.0201204142078
0 0.19799998883 0.468940001737 0.0213821503113 0.014254765934
0 0.178999987995 0.499600001063 0.0320851964478 0.0213901295544
0 0.22619999007 0.477080001558 0.0321220987273 0.0214147310724
0 0.206999989226 0.665639997413 0.0605924547205 0.0403949671494
0 0.268999991952 0.674559997217 0.0292572748442 0.0195048486096
0 0.306599993605 0.656919997605 0.0239760936546 0.0159840613822
0 0.295399993113 0.668079997359 0.0219516128341 0.0146344075908
0 0.348199995434 0.682339997046 0.0249086429492 0.0166057608709
0 0.339399995047 0.649599997766 0.0229457978395 0.0152971975507
0 0.402799997835 0.601399998825 0.0485783388566 0.0323855571017
0 0.377599996727 0.611399998605 0.0222005300869 0.0148003524151
0 0.318399994124 0.507160000897 0.0243156341998 0.0162104217307
0 0.446599999761 0.493500001197 0.0239854923585 0.0159903271844
0 0.454000000086 0.505960000923 0.0236898783874 0.0157932512166
0 0.46840000072 0.535300000278 0.0215749721419 0.0143833138126
0 0.505000002329 0.525100000503 0.0225396748972 0.0150264489404
0 0.507200002426 0.503820000971 0.0213140839083 0.014209388335
0 0.485600001476 0.557759999785 0.0242738841677 0.0161825883778
0 0.443799999638 0.650479997746 0.0304883071879 0.0203255367847
0 0.461200000403 0.630599998183 0.0295181630777 0.0196787740872
0 0.394399997466 0.641479997944 0.0268623861561 0.0179082562563
0 0.369399996366 0.647759997806 0.0267488102395 0.0178325389835
0 0.509000002505 0.697339996716 0.0350851637996 0.023390107657
0 0.418799998539 0.703139996588 0.0305962438822 0.0203974945761
0 0.534200003613 0.65301999769 0.0274333326848 0.0182888872503
0 0.502800002232 0.622439998363 0.0227022230078 0.0151348143403
0 0.58940000604 0.533600000316 0.0386635966432 0.0257757293954
0 0.589600006049 0.555359999837 0.0648270160302 0.0432180078363
0 0.620800007421 0.575679999391 0.0298657172547 0.0199104768566
0 0.654600008907 0.568859999541 0.0664493312575 0.0442995512498
0 0.576600005477 0.636999998043 0.0201880202471 0.0134586792771
0 0.598000006418 0.641859997936 0.0320346413141 0.0213564261342
0 0.825000016399 0.611739998598 0.0295128206566 0.0196752124734
0 0.771400014043 0.59115999905 0.11588404044 0.0772560218646
0 0.817200016056 0.517580000668 0.0253471172196 0.0168980770319
0 0.708400011273 0.523580000536 0.101920534453 0.0679470184873
0 0.719000011739 0.494860001168 0.0237910875883 0.0158607240128
0 0.725800012038 0.473720001632 0.0482489884851 0.0321659902019
0 0.908800020084 0.471840001674 0.0257457211988 0.0171638130005
0 0.855800017754 0.471420001683 0.0813766495962 0.0542510961526
0 0.961600022406 0.538820000201 0.0246237138203 0.0164158081308
0 0.902600019812 0.600479998845 0.0224944621847 0.0149963071341
0 0.930400021034 0.553999999867 0.0451872864887 0.0301248556722
0 0.987800023558 0.302020005407 0.0212390921446 0.0141593938291
0 0.90280001982 0.287600005724 0.0689445387429 0.0459630227971
0 0.931200021069 0.309520005242 0.0368105679686 0.0245403770272
0 0.967400022661 0.276080005977 0.026799761108 0.017866506227
0 0.944800021667 0.348260004391 0.0870286343881 0.0580190857654
0 0.844200017244 0.352000004308 0.187617916634 0.12507860284
0 0.954800022107 0.483940001408 0.0456940250296 0.0304626813439
0 0.740800012697 0.447120002217 0.0321998606354 0.0214665723411
0 0.70060001093 0.404360003157 0.0204039925694 0.0136026608158
0 0.638200008186 0.403200003183 0.0209368496138 0.0139578988219
0 0.619800007377 0.367120003976 0.022570344352 0.0150468952423
0 0.719600011765 0.351240004325 0.0250935500817 0.0167290322844
0 0.751600013172 0.332120004745 0.0487992578651 0.032532836431
0 0.761800013621 0.355860004223 0.0380619806598 0.0253746520996
0 0.669400009558 0.308620005262 0.0282628919713 0.0188419267381
0 0.706000011167 0.339800004577 0.0254141942854 0.0169427950728
0 0.691000010507 0.346800004423 0.0202706299077 0.0135137523805
0 0.755000013322 0.308620005262 0.0223401255733 0.0148934160665
0 0.726200012055 0.324400004915 0.0442278272208 0.0294852162025
0 0.655200008933 0.322220004963 0.0239903401111 0.0159935590192
0 0.686000010288 0.331600004757 0.0562321486459 0.0374880966247
0 0.643200008406 0.270860006092 0.0396350268918 0.0264233495184
0 0.784800014632 0.254500006452 0.0209695966769 0.0139797301959
0 0.543200004009 0.412840002971 0.0644641271259 0.0429760819161
0 0.510800002584 0.455400002035 0.115696066362 0.0771307058209
0 0.416599998442 0.436340002454 0.0370874834657 0.0247249873464
0 0.409399998125 0.454200002061 0.0328347183505 0.0218898107899
0 0.401599997782 0.486440001353 0.0335585174847 0.0223723435142
0 0.455200000139 0.407000003099 0.0374506691712 0.0249671111341
0 0.409599998134 0.380100003691 0.0343747207183 0.0229164789674
0 0.379399996806 0.389780003478 0.021919954042 0.0146133017308
0 0.365799996208 0.380180003689 0.0198740046031 0.0132493355282
0 0.386599997123 0.364040004044 0.0469833293375 0.0313222174925
0 0.390199997281 0.340860004553 0.0210238123583 0.0140158739811
0 0.493000001801 0.360300004126 0.158828202575 0.1058854614
0 0.540000003868 0.307980005276 0.0792439352802 0.0528292867024
0 0.582600005741 0.298160005492 0.0295246927036 0.0196831271709
0 0.478400001159 0.254440006453 0.216175136438 0.14411674812
0 0.514000002725 0.244320006676 0.0218776104076 0.0145850726431
0 0.378399996762 0.258360006367 0.0294900658998 0.0196600426365
0 0.286799992735 0.430940002573 0.0421057977471 0.02807052998
0 0.245399990914 0.410800003016 0.029747491453 0.0198316596606
0 0.189799988469 0.446180002238 0.0229239334862 0.0152826213162
0 0.20799998927 0.43836000241 0.0281558456805 0.018770562549
0 0.174999987819 0.430080002592 0.0199270330798 0.0132846878437
0 0.313199993895 0.318920005036 0.0200258678714 0.0133505777004
0 0.33059999466 0.342400004519 0.0318815908411 0.0212543924922
0 0.311199993807 0.352700004293 0.0290148872172 0.019343256869
0 0.214999989577 0.332440004738 0.0293627381953 0.0195751575058
0 0.176999987907 0.322500004957 0.0299033120703 0.0199355400653
0 0.194799988689 0.353900004267 0.0366149759937 0.0244099823858
0 0.177799987942 0.360820004114 0.034389956512 0.0229266361625
0 0.165799987414 0.380520003681 0.0296217466881 0.0197478298229
0 0.311599993825 0.305340005334 0.030891264251 0.020594174809
0 0.374199996578 0.299860005455 0.123087404978 0.0820582645733
0 0.341599995144 0.246140006636 0.0227639576524 0.0151759707673
0 0.29579999313 0.260700006316 0.0241942425189 0.0161294939488
0 0.292399992981 0.273980006024 0.0763050100368 0.050870003336
0 0.256599991407 0.372320003862 0.0335523835938 0.0223682542539
0 0.32399999437 0.455100002042 0.164790938198 0.10986061822
0 0.356199995786 0.467940001759 0.0347210876906 0.023147390267
0 0.215199989586 0.462300001883 0.0249879877969 0.0166586574325
0 0.0911999841339 0.420400002805 0.038790825414 0.0258605485703
0 0.0549999825422 0.417340002872 0.0207581753059 0.0138387826245
0 0.0455999821288 0.433000002528 0.0212476004449 0.014165066029
0 0.0401999818914 0.325160004898 0.0759748681955 0.0506499087897
0 0.127999985752 0.347960004397 0.043904017138 0.0292693428282
0 0.087199983958 0.351320004323 0.0354564620706 0.0236376398214
0 0.0161999808361 0.401000003231 0.0396016862264 0.0264011224096
0 0.0127999806866 0.363400004058 0.0274340252208 0.0182893489409
0 0.133199985981 0.242220006722 0.0223176676176 0.0148784440971
0 0.087199983958 0.236240006853 0.0335698948631 0.0223799284327
0 0.0579999826741 0.22094000719 0.0227256703007 0.0151504458679
0 0.0959999843449 0.213560007352 0.0232594177486 0.0155062774764
0 0.157999987071 0.237780006819 0.0227861188069 0.0151907448693
0 0.0585999827005 0.384600003592 0.0330704774179 0.0220469834911
0 0.135799986095 0.466640001788 0.0404248148208 0.0269498747697
0 0.0565999826125 0.468940001737 0.0240521736894 0.016034781402
0 0.0149999807833 0.0483400109844 0.0329848997455 0.0219899317133
0 0.0373999817683 0.183060008023 0.0271305954854 0.018087062464
0 0.157199987036 0.163720008448 0.0300000692536 0.02000004485
0 0.164599987361 0.19956000766 0.0308905717149 0.0205937131183
0 0.189199988443 0.237940006816 0.131153471601 0.0874356419671
0 0.278199992356 0.203380007576 0.0201762471338 0.0134508305354
0 0.186999988346 0.171140008285 0.0270029709798 0.0180019794658
0 0.0893999840547 0.130320009182 0.0375261556036 0.025017435419
0 0.118999985356 0.153040008683 0.0363400391712 0.0242266911829
0 0.136999986148 0.127900009235 0.0412823723516 0.0275215797525
0 0.100399984538 0.0908800100491 0.0300822831793 0.0200548541301
0 0.101599984591 0.113680009548 0.0239111931308 0.0159407943692
0 0.0457999821376 0.10860000966 0.0218597034033 0.014573134641
0 0.0663999830434 0.0814000102576 0.0312927373082 0.0208618234962
0 0.0163999808449 0.183460008014 0.0479232986615 0.0319488636671
0 0.0571999826389 0.0615000106951 0.0523043808183 0.0348695849124
0 0.0731999833424 0.021340011578 0.0374228687944 0.0249485775508
0 0.174999987819 0.101080009825 0.036685812541 0.0244572067476
0 0.140799986315 0.0982600098869 0.034306060713 0.0228707056335
0 0.194799988689 0.113700009547 0.0425773158819 0.0283848753824
0 0.197399988804 0.0943200099735 0.0435198574827 0.0290132364082
0 0.16479998737 0.0627800106669 0.0243453143174 0.0162302084745
0 0.0261999812758 0.0252600114918 0.0278436108435 0.0185624060047
0 0.198599988856 0.0561000108138 0.0390179772472 0.0260119831158
0 0.225599990044 0.0695000105192 0.0402362471404 0.0268241629911
0 0.207799989261 0.0789200103121 0.0282413244192 0.018827548371
0 0.239799990668 0.0569800107944 0.0238073127193 0.015871540766
0 0.252199991213 0.0524400108943 0.0263971008461 0.01759806607
0 0.213999989533 0.125520009288 0.021735937313 0.0144906239196
0 0.158999987115 0.138920008993 0.0262380154159 0.0174920091235
0 0.0757999834567 0.253060006484 0.0265007833902 0.0176671877616
0 0.263999991732 0.130680009174 0.054665533106 0.0364436863337
0 0.348599995452 0.202500007595 0.0220427307951 0.0146951528941
0 0.375199996622 0.18638000795 0.0852657343372 0.0568438191423
0 0.384599997035 0.231800006951 0.0466835601499 0.0311223713806
0 0.419399998565 0.165160008416 0.0222650348758 0.0148433556049
0 0.437199999348 0.171980008266 0.0308191415653 0.0205460930217
0 0.497200001986 0.234760006886 0.0200463471525 0.0133642305536
0 0.340199995083 0.0984600098825 0.0264177779947 0.0176118508349
0 0.308199993675 0.158980008552 0.102377608264 0.0682517343411
0 0.353999995689 0.0393600111818 0.0203290997394 0.0135527322657
0 0.359599995936 0.127260009249 0.0217588899372 0.0145059256681
0 0.551400004369 0.213740007348 0.0656419331254 0.043761285864
0 0.612400007051 0.226800007061 0.0446819330199 0.0297879533819
0 0.732400012328 0.193320007797 0.0239304852073 0.0159536557526
0 0.761600013612 0.216420007289 0.0588444936621 0.039229659854
0 0.705000011123 0.236080006857 0.0252893399241 0.0168595588374
0 0.682400010129 0.268820006137 0.0338604632143 0.022573640654
0 0.677400009909 0.0743200104132 0.0226282205813 0.0150854793926
0 0.717000011651 0.0146400117253 0.0212674861237 0.0141783231473
0 0.732800012345 0.116040009496 0.0239772808593 0.0159848528519
0 0.894000019433 0.124080009319 0.0258275393896 0.0172183584574
0 0.862200018035 0.128480009222 0.0253963862148 0.0169309230265
0 0.788600014799 0.161400008499 0.0208041794882 0.0138694520774
0 0.686600010314 0.217080007275 0.0218478313563 0.0145652199435
0 0.822600016294 0.208980007453 0.0217921316689 0.0145280868211
0 0.87140001844 0.209300007446 0.0222324856802 0.0148216561425
0 0.862400018044 0.248180006591 0.0202212619788 0.0134808404301
0 0.822200016276 0.169440008322 0.0234383888577 0.0156255915412
0 0.969400022749 0.145000008859 0.0314929791682 0.0209953180607
0 0.91440002033 0.132800009128 0.0626898496966 0.0417932303746
0 0.953600022054 0.167900008356 0.0278456884518 0.0185637910768
0 0.878400018747 0.26960000612 0.0199941101456 0.0133294058846
0 0.88620001909 0.232100006944 0.0332444029069 0.0221629338095
0 0.960400022353 0.224060007121 0.0581925204125 0.0387950110496
0 0.98240002332 0.263520006254 0.0249326838444 0.0166217881333
0 0.915000020357 0.0635400106502 0.154877778925 0.103251845806
0 0.958200022256 0.0427800111066 0.0259896917654 0.0173264600341
0 0.559800004738 0.025480011487 0.0659592135824 0.0439728061547
0 0.518800002936 0.0301800113836 0.0288083135988 0.0192055411325
0 0.472000000878 0.0290800114078 0.0727949403974 0.0485299570641
0 0.404599997914 0.0280200114311 0.0292009815545 0.0194673197523
0 0.867600018273 0.806599994314 0.0308998714851 0.0205999129647
0 0.407799998055 0.737859995825 0.306313653547 0.204209088896
0 0.358399995883 0.624699998313 0.168330786889 0.112220517191
0 0.789800014852 0.395960003342 0.0252461058861 0.0168307361473
0 0.14659998657 0.43698000244 0.0946540501983 0.0631026959702
0 0.125199985629 0.408180003073 0.0232993869737 0.0155329236246
