0 0.586400011202 0.240874006751 0.193131467668 0.128754311779
0 0.224200019165 0.181133808065 0.1719903227 0.114660215133
0 0.0398000232193 0.150254408744 0.0210307349449 0.0140204899633
0 0.113400021601 0.195044007759 0.0236792893552 0.0157861929035
0 0.0468000230654 0.0945304099689 0.0426258867181 0.0284172578121
0 0.0714000225246 0.066187210592 0.0867206422618 0.0578137615079
0 0.0936000220365 0.105280409733 0.04512950324 0.0300863354933
0 0.144000020928 0.148471208783 0.0211628114507 0.0141085409672
0 0.0792000223531 0.126085809275 0.0207215670942 0.0138143780628
0 0.109000021698 0.026071011474 0.0408157955191 0.027210530346
0 0.0876000221684 0.0371884112296 0.0201801028871 0.0134534019247
0 0.121400021425 0.00930965184248 0.0228029345322 0.0152019563548
0 0.139600021025 0.0447478110634 0.0460038793887 0.0306692529258
0 0.059600022784 0.0231976115372 0.0541057589512 0.0360705059675
0 0.214600019376 0.0611660107024 0.0221871711072 0.0147914474048
0 0.230200019033 0.0239586115204 0.0379546325612 0.0253030883741
0 0.186400019996 0.0451980110535 0.0367107389972 0.0244738259982
0 0.183600020058 0.0591606107465 0.0337765629597 0.0225177086398
0 0.168800020383 0.0788470103137 0.0305624045166 0.0203749363444
0 0.127600021289 0.0940018099805 0.0423432331023 0.0282288220682
0 0.275800018031 0.0520992109017 0.106078704934 0.0707191366226
0 0.322400017006 0.199316207665 0.0302445304992 0.0201630203328
0 0.396800015371 0.214370007334 0.0355244248538 0.0236829499025
0 0.391000015498 0.201110007626 0.0397155537053 0.0264770358035
0 0.332200016791 0.160007008529 0.028651400931 0.019100933954
0 0.337400016676 0.0859344101579 0.0325460254469 0.021697350298
0 0.463000013915 0.0177071316579 0.0255497301187 0.0170331534125
0 0.402200015252 0.121574009374 0.0221039678552 0.0147359785702
0 0.449400014214 0.0984208098833 0.0515239847967 0.0343493231978
0 0.47140001373 0.161054408506 0.023660096215 0.0157733974767
0 0.559600011791 0.172127408263 0.0288361101718 0.0192240734479
0 0.557000011849 0.117747409458 0.0211335270719 0.0140890180479
0 0.677400009201 0.0388020111941 0.0252207755255 0.0168138503504
0 0.642800009962 0.0288238114135 0.0597961292779 0.0398640861852
0 0.598600010934 0.0440754110781 0.0235875778039 0.0157250518693
0 0.604600010802 0.0629492106632 0.0241625805395 0.0161083870263
0 0.536200012306 0.155117208637 0.0745903798045 0.0497269198697
0 0.782400006893 0.202816007588 0.0229367918449 0.0152911945632
0 0.853200005336 0.19090320785 0.0507038243222 0.0338025495481
0 0.827400005904 0.222784007149 0.0404167958576 0.0269445305717
0 0.865800005059 0.241654006734 0.0358209291894 0.0238806194596
0 0.935400003529 0.375250003797 0.0310543029338 0.0207028686226
0 0.944800003323 0.387898003519 0.0300982075388 0.0200654716925
0 0.975200002654 0.410460003023 0.0286314163212 0.0190876108808
0 0.849200005424 0.394418003376 0.0213236776668 0.0142157851112
0 0.978800002575 0.446466002231 0.0243059354885 0.0162039569923
0 0.733200007975 0.428874002618 0.0209457508861 0.0139638339241
0 0.806600006361 0.442722002314 0.0520444750567 0.0346963167045
0 0.855000005297 0.413082002965 0.0657006910916 0.0438004607277
0 0.816800006137 0.500508001043 0.0198366050382 0.0132244033588
0 0.73160000801 0.508492000868 0.0329044622864 0.0219363081909
0 0.693200008854 0.495536001153 0.0667435513522 0.0444957009015
0 0.671400009333 0.515594000712 0.0333087054346 0.022205803623
0 0.736400007904 0.273416006036 0.0264425079379 0.0176283386253
0 0.697000008771 0.350840004334 0.0287463772948 0.0191642515299
0 0.694400008828 0.380896003673 0.0551654379429 0.0367769586286
0 0.858200005227 0.384470003594 0.0265408480479 0.0176938986986
0 0.538600012253 0.328856004817 0.0865065497086 0.057671033139
0 0.550400011994 0.381594003658 0.0215183792125 0.0143455861417
0 0.606200010767 0.416430002892 0.0208087276947 0.0138724851298
0 0.6320000102 0.405960003122 0.0200501039892 0.0133667359928
0 0.645000009914 0.392034003428 0.0578328886923 0.0385552591282
0 0.722200008217 0.406238003116 0.0251935687547 0.0167957125031
0 0.49280001326 0.314714005128 0.0550858952383 0.0367239301589
0 0.453200014131 0.311676005195 0.0394235013868 0.0262823342578
0 0.410200015076 0.338046004615 0.0246069907748 0.0164046605166
0 0.336600016694 0.347042004417 0.0202307569478 0.0134871712985
0 0.344600016518 0.37331200384 0.0268514999043 0.0179009999362
0 0.397600015353 0.316548005088 0.0601672296325 0.0401114864216
0 0.424200014768 0.239464006782 0.0332203576295 0.0221469050864
0 0.403000015234 0.237226006832 0.0396420459571 0.0264280306381
0 0.312800017217 0.278602005922 0.0458871376083 0.0305914250722
0 0.273600018079 0.232976006925 0.0257726277724 0.0171817518483
0 0.32040001705 0.318498005045 0.0232371545952 0.0154914363968
0 0.295000017609 0.320214005007 0.0290364509391 0.0193576339594
0 0.442800014359 0.426400002673 0.0198207756443 0.0132138504295
0 0.361000016158 0.421758002775 0.029247575481 0.019498383654
0 0.277000018004 0.352324004301 0.0551422874543 0.0367615249695
0 0.17120002033 0.323862004927 0.0520697031534 0.0347131354356
0 0.12800002128 0.237026006836 0.0569446618238 0.0379631078825
0 0.110800021658 0.322288004962 0.0229937776631 0.0153291851087
0 0.115000021566 0.306638005306 0.0343838180854 0.0229225453903
0 0.0694000225685 0.342174004524 0.0305485537969 0.0203657025313
0 0.0750000224454 0.358670004162 0.033669219882 0.022446146588
0 0.0864000221948 0.377778003742 0.0337779480317 0.0225186320211
0 0.0882000221552 0.416446002891 0.0326975918941 0.0217983945961
0 0.0936000220365 0.333190004722 0.0447013181334 0.0298008787556
0 0.25220001855 0.315384005113 0.0532142672702 0.0354761781801
0 0.227000019104 0.291264005644 0.0495419468057 0.0330279645371
0 0.116000021544 0.465554001812 0.0791861475391 0.052790765026
0 0.0644000226785 0.464658001832 0.0483266450846 0.0322177633897
0 0.246600018673 0.479136001513 0.0205614923478 0.0137076615652
0 0.0650000226653 0.627323998255 0.0277000543542 0.0184667029028
0 0.0812000223091 0.625419998297 0.0230193025609 0.0153462017072
0 0.0398000232193 0.589757999081 0.0246824771973 0.0164549847982
0 0.138200021056 0.564299999641 0.0210048143123 0.0140032095415
0 0.0138000237909 0.480592001481 0.0313745513603 0.0209163675736
0 0.190000019917 0.536548000251 0.0988644586377 0.0659096390918
0 0.214000019389 0.560827999717 0.0220023629328 0.0146682419552
0 0.24720001866 0.593323999003 0.0291958331495 0.0194638887663
0 0.328400016874 0.614115998546 0.0211396609621 0.0140931073081
0 0.350600016386 0.583069999228 0.0198499610894 0.0132333073929
0 0.397200015362 0.588749999103 0.0245980867407 0.0163987244938
0 0.371200015933 0.537088000239 0.0263385286064 0.0175590190709
0 0.405400015181 0.526206000478 0.0412040114059 0.0274693409372
0 0.405800015173 0.489212001292 0.0553055280795 0.036870352053
0 0.375600015837 0.449744002159 0.0545934032188 0.0363956021459
0 0.368800015986 0.477082001558 0.0525537858073 0.0350358572049
0 0.305800017371 0.53793800022 0.0454510378047 0.0303006918698
0 0.265800018251 0.590641999062 0.0212419584205 0.0141613056137
0 0.176000020225 0.423506002736 0.0305121461908 0.0203414307939
0 0.538400012257 0.523910000529 0.0461934363814 0.0307956242542
0 0.448600014232 0.461508001901 0.0525812893793 0.0350541929196
0 0.612400010631 0.481822001454 0.0840168828401 0.0560112552268
0 0.614200010591 0.549827999959 0.0215998016577 0.0143998677718
0 0.307600017332 0.563043999668 0.0509395833585 0.033959722239
0 0.308800017305 0.596407998935 0.0524399131045 0.0349599420697
0 0.656200009668 0.428176002634 0.0310358023297 0.0206905348864
0 0.66200000954 0.456920002002 0.082862425352 0.0552416169014
0 0.704800008599 0.558587999766 0.0293387923637 0.0195591949091
0 0.705600008582 0.579155999314 0.024038616598 0.0160257443987
0 0.584200011251 0.622969998351 0.0213958003431 0.0142638668954
0 0.699800008709 0.629061998217 0.060926150139 0.040617433426
0 0.752400007553 0.644041997888 0.0388427604959 0.025895173664
0 0.733800007962 0.600055998855 0.0501769033708 0.0334512689139
0 0.776000007034 0.660221997532 0.0535741881153 0.0357161254102
0 0.760800007368 0.554441999858 0.0687510153072 0.0458340102048
0 0.745600007702 0.540134000172 0.0564145749936 0.0376097166624
0 0.734200007953 0.558029999779 0.0498647675087 0.0332431783392
0 0.788600006757 0.569095999535 0.0368315370599 0.0245543580399
0 0.789600006735 0.527302000454 0.0604584904813 0.0403056603209
0 0.917200003929 0.560139999732 0.0226759036457 0.0151172690971
0 0.927000003714 0.633827998112 0.0495054402659 0.0330036268439
0 0.930600003635 0.512708000775 0.0200523794646 0.0133682529764
0 0.867200005029 0.593655998995 0.0200175547979 0.0133450365319
0 0.920000003868 0.668353997353 0.0358885998486 0.0239257332324
0 0.898400004343 0.66985999732 0.0218987793361 0.014599186224
0 0.967800002817 0.716915996286 0.0469657129391 0.0313104752927
0 0.900600004294 0.706387996517 0.0360643061215 0.0240428707477
0 0.940800003411 0.883347992627 0.0223018352797 0.0148678901865
0 0.979200002566 0.792271994629 0.0228634819641 0.0152423213094
0 0.985200002434 0.749617995567 0.0230927113753 0.0153951409169
0 0.899200004325 0.840029993579 0.0207304711283 0.0138203140855
0 0.793400006651 0.900985992239 0.0441463000078 0.0294308666719
0 0.778800006972 0.876555992776 0.0409137398942 0.0272758265961
0 0.797000006572 0.869397992933 0.0228056057424 0.0152037371616
0 0.807000006352 0.872461992866 0.0520387369014 0.0346924912676
0 0.863600005108 0.901559992226 0.042466405574 0.0283109370493
0 0.749400007619 0.705059996546 0.0716145526742 0.0477430351161
0 0.777200007007 0.698027996701 0.0790366586999 0.0526911057999
0 0.810000006286 0.713143996368 0.0274403533596 0.0182935689064
0 0.819600006075 0.797319994518 0.0495777608095 0.0330518405397
0 0.735200007931 0.801445994427 0.0226258431873 0.0150838954582
0 0.725600008142 0.77583199499 0.027542650818 0.018361767212
0 0.705400008586 0.704367996561 0.0317504994668 0.0211669996446
0 0.724400008168 0.665805997409 0.0937689767227 0.0625126511485
0 0.622400010411 0.693417996802 0.0393407928033 0.0262271952022
0 0.701200008678 0.720395996209 0.0278996036518 0.0185997357678
0 0.676800009215 0.769347995133 0.0214662411462 0.0143108274308
0 0.528200012482 0.83317599373 0.0237011537056 0.0158007691371
0 0.55420001191 0.839641993587 0.0375559297009 0.0250372864672
0 0.620200010459 0.896337992341 0.0475152897106 0.031676859807
0 0.553000011936 0.888431992515 0.0773502346411 0.0515668230941
0 0.455000014091 0.762905995274 0.0233231279911 0.0155487519941
0 0.407800015129 0.838963993602 0.0225699456399 0.0150466304266
0 0.296800017569 0.753421995483 0.0410365166311 0.027357677754
0 0.240200018813 0.856905993208 0.0402848182855 0.0268565455237
0 0.247600018651 0.721287996189 0.0882720218034 0.0588480145356
0 0.282400017886 0.704649996555 0.0308748371798 0.0205832247866
0 0.279600017947 0.719577996227 0.0248661971009 0.0165774647339
0 0.192200019869 0.770543995107 0.0515994712191 0.0343996474794
0 0.21580001935 0.680829997079 0.0224875338576 0.0149916892384
0 0.161000020555 0.746315995639 0.0242978229241 0.0161985486161
0 0.145000020906 0.8072239943 0.0310158177198 0.0206772118132
0 0.0756000224322 0.828651993829 0.0243768709602 0.0162512473068
0 0.10800002172 0.815509994118 0.0906164539823 0.0604109693215
0 0.149600020805 0.853515993282 0.0504524337594 0.0336349558396
0 0.216200019341 0.853475993283 0.0375658230721 0.0250438820481
0 0.124200021364 0.88409199261 0.0694815418384 0.0463210278922
0 0.133400021161 0.914949991932 0.0515023183137 0.0343348788758
0 0.182800020075 0.910675992026 0.0592089576957 0.0394726384638
0 0.153200020726 0.87498399281 0.024639243165 0.01642616211
0 0.203000019631 0.897227992321 0.022135329842 0.0147568865614
0 0.153800020713 0.97506799061 0.0265020660327 0.0176680440218
0 0.0750000224454 0.930913991581 0.0830966014489 0.0553977342993
0 0.0930000220497 0.955187991047 0.0540754852352 0.0360503234902
0 0.0408000231973 0.895993992348 0.0306054406814 0.0204036271209
0 0.0380000232589 0.957545990995 0.0440970310191 0.0293980206794
0 0.0900000221156 0.722143996171 0.0283265026201 0.01888433508
0 0.0736000224762 0.71123599641 0.0209954156096 0.0139969437398
0 0.107000021742 0.900805992243 0.0544452005179 0.0362968003452
0 0.284400017842 0.94323999131 0.0207437282457 0.0138291521638
0 0.389200015538 0.963985990854 0.0317125089213 0.0211416726142
0 0.41320001501 0.895383992362 0.0221269204765 0.0147512803177
0 0.536800012293 0.927547991655 0.0577001196504 0.0384667464336
0 0.529800012447 0.983371990427 0.0250808832564 0.0167205888376
0 0.542800012161 0.982897990438 0.0252700445142 0.0168466963428
0 0.594000011035 0.928789991627 0.0280189177087 0.0186792784725
0 0.619800010468 0.939339991396 0.0604925236783 0.0403283491189
0 0.66700000943 0.959777990946 0.0261290859376 0.0174193906251
0 0.668200009404 0.970927990701 0.0396689559268 0.0264459706179
0 0.716800008335 0.977957990546 0.052555962349 0.0350373082327
0 0.748400007641 0.973803990638 0.0489109475891 0.0326072983927
0 0.684000009056 0.937091991445 0.038116290247 0.0254108601647
0 0.73340000797 0.929951991602 0.0205558531262 0.0137039020841
0 0.787400006783 0.959839990945 0.117166206064 0.0781108040429
0 0.952600003151 0.916169991905 0.0238694399501 0.0159129599667
0 0.927400003705 0.939785991386 0.0822738686979 0.0548492457986
0 0.978200002588 0.969355990736 0.0425607883355 0.0283738588903
0 0.971600002733 0.957829990989 0.0431032418797 0.0287354945864
0 0.222800019196 0.0112777717992 0.0266902379534 0.0177934919689
0 0.597200010965 0.117875409456 0.0254845328024 0.0169896885349
0 0.610400010675 0.0227846115462 0.0225691541702 0.0150461027801
0 0.598200010943 0.0132856517551 0.0205058916015 0.013670594401
0 0.739400007838 0.34463800447 0.0354434970772 0.0236289980515
0 0.195200019803 0.374842003806 0.0219392432244 0.0146261621496
0 0.139200021034 0.391894003431 0.139758708591 0.0931724723937
0 0.0820000222915 0.299426005464 0.0383627341242 0.0255751560828
0 0.363400016105 0.608129998677 0.0455862801894 0.0303908534596
0 0.38500001563 0.511990000791 0.037308694354 0.0248724629027
0 0.490600013308 0.508064000877 0.0444427054096 0.0296284702731
0 0.471000013739 0.547412000012 0.0238645921982 0.0159097281321
0 0.710600008472 0.438778002401 0.0217447395461 0.0144964930307
0 0.718200008304 0.528044000438 0.0608179166578 0.0405452777719
0 0.849200005424 0.566903999584 0.0266783659079 0.0177855772719
0 0.78480000684 0.614105998546 0.110331865223 0.0735545768153
0 0.971600002733 0.567835999563 0.0231978779114 0.015465251941
0 0.777800006994 0.634425998099 0.0214757387825 0.0143171591884
0 0.220200019253 0.97961599051 0.0264676371009 0.0176450914006
0 0.589200011141 0.966027990809 0.0281376381634 0.0187584254423
0 0.701400008674 0.905343992143 0.0321330761321 0.0214220507547
