0 0.16620002044 0.769619973142 0.199074415762 0.132716277175
0 0.388400015555 0.874915970827 0.342336367103 0.228224244735
0 0.384000015652 0.500607979056 0.200244801578 0.133496534385
0 0.218800019284 0.513691978768 0.523362305741 0.348908203827
0 0.574800011457 0.558559977782 0.224404414106 0.149602942737
0 0.887200004589 0.662645975493 0.194342416306 0.12956161087
0 0.71160000845 0.561119977726 0.177863027858 0.118575351906
0 0.0206000236414 0.130991987182 0.0420919414732 0.0280612943155
0 0.116000021544 0.0785519883349 0.0403880061473 0.0269253374316
0 0.0560000228631 0.0447019890791 0.0512885225615 0.0341923483744
0 0.0562000228587 0.294103983596 0.0296394519151 0.0197596346101
0 0.0986000219266 0.26526198423 0.108830051471 0.0725533676475
0 0.085800022208 0.304941983358 0.0239793553044 0.0159862368696
0 0.102400021843 0.314147983155 0.0254262608459 0.0169508405639
0 0.0998000219002 0.331351982777 0.0220616242264 0.0147077494843
0 0.0766000224102 0.327681982858 0.0238211602985 0.0158807735324
0 0.0832000222651 0.0423159891316 0.0370440466738 0.0246960311158
0 0.135600021113 0.0488319889883 0.021176464303 0.0141176428687
0 0.148200020836 0.0649759886334 0.0518974595604 0.0345983063736
0 0.230400019029 0.0560259888301 0.0319817075523 0.0213211383682
0 0.158400020612 0.0910159880609 0.0235965807718 0.0157310538478
0 0.259200018396 0.0898799880859 0.0965585116729 0.0643723411153
0 0.276800018009 0.18703798595 0.0254009338155 0.016933955877
0 0.26720001822 0.170063986323 0.0228740678713 0.0152493785809
0 0.311400017248 0.105373987745 0.0338329551757 0.0225553034505
0 0.327000016905 0.0868039881535 0.0210013516324 0.0140009010883
0 0.342200016571 0.061809988703 0.066267482329 0.0441783215526
0 0.302000017455 0.0292919894179 0.0320162354179 0.0213441569453
0 0.531400012411 0.0637019886614 0.0220946680863 0.0147297787242
0 0.581400011312 0.100375987855 0.0300142128171 0.0200094752114
0 0.580000011343 0.120845987405 0.0199889629551 0.0133259753034
0 0.888800004554 0.101339987834 0.0262550285533 0.0175033523688
0 0.819000006088 0.103099987795 0.0212587771516 0.0141725181011
0 0.976600002623 0.0189119896461 0.02387290263 0.01591526842
0 0.90900000411 0.235141984892 0.0256208634578 0.0170805756385
0 0.904400004211 0.254637984464 0.0293564025644 0.019570935043
0 0.833800005763 0.235047984894 0.0261837962804 0.017455864187
0 0.899200004325 0.153879986679 0.0660900941829 0.0440600627886
0 0.838400005662 0.293129983617 0.0210303392101 0.01402022614
0 0.823600005987 0.309067983267 0.0298254472942 0.0198836315294
0 0.782000006902 0.274961984017 0.0612580727436 0.0408387151624
0 0.595800010995 0.21430198535 0.0399297451923 0.0266198301282
0 0.563800011699 0.298159983507 0.0479144872394 0.031942991493
0 0.608200010723 0.135529987082 0.0255063971528 0.0170042647685
0 0.604200010811 0.130809987186 0.023541474694 0.0156943164627
0 0.495200013207 0.123401987349 0.0211539074166 0.0141026049444
0 0.502000013058 0.133871987119 0.0223555562855 0.0149037041903
0 0.659800009588 0.183429986029 0.0310117614376 0.0206745076251
0 0.691800008885 0.281721983868 0.210899962385 0.140599974924
0 0.593200011053 0.32619998289 0.0933823437753 0.0622548958502
0 0.517400012719 0.380973981686 0.0640105075517 0.0426736717011
0 0.513800012798 0.323353982953 0.105738372964 0.0704922486426
0 0.671400009333 0.375633981803 0.0249654276143 0.0166436184095
0 0.479000013563 0.285597983783 0.0921468595769 0.0614312397179
0 0.389800015524 0.135081987092 0.129652629886 0.0864350865904
0 0.41500001497 0.134365987108 0.0224016593954 0.0149344395969
0 0.337400016676 0.238687984814 0.0346841808358 0.0231227872239
0 0.329200016857 0.317443983083 0.0283381767981 0.0188921178654
0 0.197400019754 0.241867984744 0.032861623989 0.021907749326
0 0.233400018963 0.261681984309 0.0243224574184 0.0162149716123
0 0.295000017609 0.328721982835 0.0356445303805 0.0237630202536
0 0.282400017886 0.317303983086 0.0267620638285 0.0178413758856
0 0.235600018915 0.310121983244 0.0222396059747 0.0148264039832
0 0.278800017965 0.289061983707 0.0239839062552 0.0159892708368
0 0.223400019183 0.378685981736 0.0398369453702 0.0265579635801
0 0.39320001545 0.412047981003 0.0324157297479 0.0216104864986
0 0.38500001563 0.302403983413 0.167202920365 0.111468613577
0 0.430200014636 0.24479998468 0.040068054522 0.026712036348
0 0.116800021526 0.395095981376 0.0273272721265 0.0182181814177
0 0.104200021803 0.36762598198 0.0259047042782 0.0172698028522
0 0.0602000227708 0.523315978557 0.038624413793 0.0257496091953
0 0.137600021069 0.525927978499 0.0214565456424 0.0143043637616
0 0.127800021285 0.536609978264 0.0219163895368 0.0146109263579
0 0.0690000225773 0.417839980876 0.0301226441657 0.0200817627771
0 0.100600021883 0.417129980891 0.0706427268189 0.0470951512126
0 0.183400020062 0.394315981393 0.0490951621613 0.0327301081075
0 0.324400016962 0.448181980208 0.0229521265703 0.0153014177135
0 0.407800015129 0.466689979802 0.0381475533 0.0254317022
0 0.415600014957 0.490673979274 0.0322561496701 0.0215040997801
0 0.567600011615 0.53133597838 0.0322966135584 0.0215310757056
0 0.458000014025 0.402037981223 0.0488677135568 0.0325784757046
0 0.514200012789 0.505547978947 0.0249274370688 0.0166182913792
0 0.641800009984 0.488475979323 0.0253807513382 0.0169205008922
0 0.694600008823 0.437787980437 0.0221834116262 0.0147889410841
0 0.771800007126 0.430515980597 0.025520742541 0.0170138283607
0 0.759200007403 0.362185982099 0.0355376819713 0.0236917879808
0 0.862000005143 0.298171983506 0.170295588209 0.11353039214
0 0.775000007056 0.314479983148 0.0490420347578 0.0326946898385
0 0.90400000422 0.506403978928 0.0524238858432 0.0349492572288
0 0.938400003463 0.490777979272 0.0577181255861 0.0384787503907
0 0.923200003798 0.373557981849 0.0256988232231 0.0171325488154
0 0.841000005605 0.821319972005 0.0266717373492 0.0177811582328
0 0.896600004382 0.620429976422 0.0253153561544 0.016876904103
0 0.841400005596 0.579243977327 0.0224368797969 0.0149579198646
0 0.799200006524 0.586061977177 0.0349997793778 0.0233331862519
0 0.75160000757 0.603383976796 0.0248768819418 0.0165845879612
0 0.790800006708 0.56365997767 0.0328249195817 0.0218832797212
0 0.840000005627 0.722245974183 0.0506008343278 0.0337338895519
0 0.834000005759 0.683219975041 0.0358338895057 0.0238892596705
0 0.669400009377 0.654341975676 0.0651316243788 0.0434210829192
0 0.688000008968 0.763253973282 0.115419036706 0.0769460244708
0 0.568800011589 0.745241973678 0.0221142569613 0.0147428379742
0 0.582200011294 0.810469972243 0.0224329224484 0.0149552816323
0 0.595000011013 0.850051971373 0.0323880283085 0.0215920188723
0 0.508000012926 0.855155971261 0.0295309216328 0.0196872810886
0 0.498400013137 0.787329972752 0.0227957123712 0.0151971415808
0 0.48960001333 0.760485973342 0.0492511806255 0.032834120417
0 0.40320001523 0.762171973305 0.0200956134969 0.0133970756646
0 0.576200011426 0.710833974434 0.061422599507 0.0409483996714
0 0.64700000987 0.603163976801 0.0247328344568 0.0164885563045
0 0.522400012609 0.613887976565 0.117370998849 0.0782473325657
0 0.573400011488 0.633469976135 0.0219984055843 0.0146656037229
0 0.488600013352 0.715299974336 0.0497163669404 0.0331442446269
0 0.488200013361 0.581493977278 0.0206784319956 0.0137856213304
0 0.405800015173 0.621101976407 0.0249010217676 0.0166006811784
0 0.400600015287 0.68825197493 0.0387420459769 0.0258280306512
0 0.279200017956 0.632017976167 0.0424891603278 0.0283261068852
0 0.30720001734 0.567781977579 0.0242719022915 0.0161812681943
0 0.335800016712 0.61911797645 0.040626733195 0.0270844887966
0 0.370400015951 0.652855975709 0.0868987229439 0.0579324819626
0 0.216800019328 0.728993974035 0.0380986800462 0.0253991200308
0 0.208200019517 0.679231975129 0.0222007250258 0.0148004833505
0 0.199800019702 0.697687974723 0.0310563805418 0.0207042536945
0 0.202200019649 0.652959975706 0.0225694509713 0.0150463006475
0 0.0902000221112 0.622985976365 0.0598580617817 0.0399053745212
0 0.0720000225114 0.699955974673 0.0274625145111 0.0183083430074
0 0.296600017573 0.657509975606 0.0469249522496 0.0312833014998
0 0.085800022208 0.557473977806 0.0215317352637 0.0143544901758
0 0.0916000220805 0.714495974353 0.0736118264568 0.0490745509712
0 0.0462000230786 0.97484796863 0.0227284374469 0.0151522916313
0 0.0682000225949 0.966393968815 0.0211370886856 0.014091392457
0 0.0380000232589 0.928749969643 0.0261275029982 0.0174183353321
0 0.11300002161 0.912855969993 0.0202360004345 0.0134906669563
0 0.137200021078 0.898715970303 0.0348994605936 0.0232663070624
0 0.0274000234919 0.787489972749 0.0299129046958 0.0199419364638
0 0.0580000228192 0.90115597025 0.0652550936516 0.0435033957678
0 0.256000018466 0.933931969529 0.0380227978889 0.0253485319259
0 0.258400018413 0.905921970145 0.0215059135648 0.0143372757099
0 0.248200018638 0.913315969982 0.0235660102547 0.0157106735031
0 0.276400018018 0.916095969921 0.0226167412858 0.0150778275238
0 0.268800018185 0.897141970338 0.0197975262219 0.0131983508146
0 0.113200021606 0.777523972968 0.0359357912293 0.0239571941529
0 0.0826000222783 0.838873971619 0.0355185877648 0.0236790585099
0 0.241600018783 0.864665971052 0.0248681757751 0.0165787838501
0 0.387200015582 0.847519971429 0.0217776844723 0.0145184563149
0 0.411800015041 0.925445969716 0.0282293497146 0.0188195664764
0 0.384400015643 0.973165968667 0.0366174445066 0.0244116296711
0 0.375800015832 0.966557968812 0.0390145094204 0.0260096729469
0 0.362000016136 0.90932397007 0.133385398848 0.0889235992322
0 0.408800015107 0.774849973027 0.147176758334 0.0981178388894
0 0.316400017138 0.759139973372 0.0218904689042 0.0145936459362
0 0.230000019038 0.701681974635 0.0219939535672 0.0146626357115
0 0.532000012398 0.958639968986 0.0378293824815 0.025219588321
0 0.60060001089 0.737733973843 0.0540758809701 0.0360505873134
0 0.801600006471 0.789375972707 0.0238530169539 0.0159020113026
0 0.870400004958 0.853183971304 0.0825682954256 0.0550455302837
0 0.825800005939 0.941325969367 0.134746726729 0.0898311511524
0 0.942600003371 0.878705970743 0.141208087475 0.0941387249832
0 0.971600002733 0.952443969122 0.0208195114693 0.0138796743129
0 0.716000008353 0.214375985349 0.0712617550564 0.0475078367042
0 0.883400004673 0.136325987065 0.025810915119 0.017207276746
0 0.317800017107 0.119643987431 0.0220245240843 0.0146830160562
0 0.450400014192 0.430913980588 0.0260143228314 0.0173428818876
0 0.45640001406 0.734173973921 0.0700201369678 0.0466800913119
0 0.319400017072 0.735079973901 0.0255657573801 0.0170438382534
0 0.314400017182 0.586705977163 0.127092225413 0.0847281502753
0 0.359800016184 0.57230797748 0.0354532915147 0.0236355276765
0 0.226800019108 0.647223975832 0.0235563147509 0.0157042098339
0 0.0110000238525 0.952613969118 0.0262481031934 0.0174987354623
