0 0.204999997602 0.265199979738 0.12045277604 0.0803018559898
0 0.388999993557 0.292179980924 0.143617113895 0.0957447489118
0 0.359199994212 0.03873996978 0.112055283099 0.0747035269934
0 0.592399989085 0.615239995129 0.116692305886 0.0777948757218
0 0.623799988395 0.68621999825 0.116688348538 0.0777922374895
0 0.384599993654 0.778760002319 0.206569620176 0.137713089201
0 0.752599985563 0.901060007697 0.0798418749177 0.0532279201225
0 0.369399993988 0.93252000908 0.116091778292 0.0773945239663
0 0.168799998398 0.868300006256 0.115286457928 0.0768576436879
0 0.437199992497 0.569619993123 0.126131570748 0.0840877193781
0 0.352599994357 0.568319993066 0.138207418867 0.0921382853218
0 0.760999985378 0.434719987191 0.194238523097 0.129492357272
0 0.957999981047 0.957240010167 0.0945625177916 0.0630416826857
0 0.882599982705 0.0244999691539 0.0293118804606 0.0195412549293
0 0.898999982344 0.0328599695215 0.0368995020864 0.0245996696801
0 0.865599983079 0.0536399704352 0.0813718846765 0.0542479266957
0 0.703399986645 0.0188599689059 0.022439945262 0.0149599644947
0 0.581799989318 0.0256199692031 0.033980957768 0.0226539733395
0 0.610599988685 0.0444199700298 0.0202188835687 0.0134792566015
0 0.642999987973 0.0335399695514 0.0219775291215 0.0146516870473
0 0.642399987986 0.0635599708714 0.0303715593825 0.0202477075905
0 0.53119999043 0.0319799694828 0.0234307663247 0.0156205119134
0 0.40839999313 0.0265799692454 0.0285739339497 0.0190492905562
0 0.368799994001 0.0126599686333 0.0290556421629 0.0193704293862
0 0.167199998433 0.018839968905 0.049528191753 0.0330187966798
0 0.243199996762 0.191139976481 0.0380938297818 0.0253958881962
0 0.149399998824 0.0535599704317 0.0234967551064 0.0156645044374
0 0.287999995777 0.273179980088 0.0352096154592 0.023473078521
0 0.307599995346 0.250079979073 0.0374839034861 0.0249892706389
0 0.284999995843 0.203099977007 0.022861501782 0.0152410021932
0 0.318999995096 0.203099977007 0.0247595449261 0.0165063643727
0 0.29059999572 0.240519978652 0.0228811895894 0.0152541273991
0 0.344599994533 0.219439977726 0.0270691522859 0.0180461027142
0 0.427999992699 0.238719978573 0.0233786282617 0.0155857532025
0 0.46619999186 0.236399978471 0.0269664590994 0.0179776405853
0 0.48119999153 0.218099977667 0.0346810126696 0.023120676638
0 0.327199994915 0.155039974894 0.034344341269 0.0228962290228
0 0.289199995751 0.110559972938 0.0255238078027 0.0170158729907
0 0.529199990474 0.0663399709936 0.0204019109243 0.0136012748466
0 0.504799991011 0.0751199713797 0.0241868177037 0.0161245461993
0 0.571399989547 0.0625799708283 0.0203617438398 0.0135744967885
0 0.538799990263 0.050359970291 0.0319295673801 0.0212863796573
0 0.554999989907 0.056319970553 0.0249412861435 0.0166275251923
0 0.469599991785 0.0774399714817 0.0359683380483 0.0239788936137
0 0.427399992713 0.0597399707034 0.0339628528998 0.0226419034266
0 0.47299999171 0.104679972679 0.036916122949 0.0246107502559
0 0.498799991143 0.161959975198 0.0202316460168 0.0134877649008
0 0.477199991618 0.169979975551 0.0225882468868 0.0150588322511
0 0.350599994401 0.179159975954 0.0709544622663 0.0473029779641
0 0.271599996138 0.174459975748 0.0312949076579 0.020863273148
0 0.255999996481 0.09513997226 0.0466223109489 0.0310815426826
0 0.396199993398 0.151959974758 0.0359534979924 0.0239690002425
0 0.344599994533 0.139539974212 0.0263909617332 0.0175939756492
0 0.421199992849 0.0779599715046 0.0250366582358 0.0166911065914
0 0.527999990501 0.104759972683 0.0321099235256 0.0214066170956
0 0.512199990848 0.125799973608 0.0392983476488 0.0261989001605
0 0.552999989951 0.110619972941 0.0313278525819 0.0208852364321
0 0.543399990162 0.128839973742 0.0224430122068 0.0149620091247
0 0.532399990404 0.161259975167 0.0377302484133 0.0251535006012
0 0.524599990576 0.142579974346 0.0279370976861 0.0186247330191
0 0.61719998854 0.0980799723892 0.0380916532403 0.0253944371684
0 0.663199987528 0.119619973336 0.0214215216954 0.0142810154055
0 0.58399998927 0.140539974256 0.0229119579719 0.0152746396554
0 0.708199986539 0.0736999713172 0.0305388562789 0.0203592388621
0 0.753599985541 0.0923399721369 0.0353336783262 0.0235557871044
0 0.722799986218 0.102239972572 0.0306398675924 0.0204265797422
0 0.708999986521 0.125679973603 0.0292531138395 0.0195020771792
0 0.723199986209 0.13903997419 0.0253977662616 0.0169318452912
0 0.674999987269 0.127719973693 0.0342052404788 0.0228034951566
0 0.65719998766 0.14631997451 0.0210769355984 0.0140512913257
0 0.710999986478 0.174819975764 0.0341789241131 0.0227859509116
0 0.76999998518 0.160699975143 0.0266618422195 0.017774562652
0 0.777999985005 0.180379976008 0.0303849154328 0.0202566116246
0 0.825599983958 0.186399976273 0.028414156015 0.0189427719261
0 0.822399984028 0.216499977596 0.0230250391975 0.0153500271441
0 0.728599986091 0.202939977 0.0213364387085 0.0142242934105
0 0.661999987555 0.185599976238 0.0290150793435 0.0193433875048
0 0.623399988403 0.173879975722 0.0419693598356 0.0279795750692
0 0.602799988856 0.151619974743 0.0212444303621 0.0141629545089
0 0.813599984222 0.0512799703314 0.0213541478418 0.0142360995001
0 0.809199984319 0.0701999711633 0.0258243684006 0.0172162467359
0 0.843599983562 0.155539974916 0.0204313931686 0.0136209296775
0 0.854399983325 0.169419975526 0.0317473314941 0.0211648890587
0 0.848199983461 0.1256199736 0.0252595558747 0.0168397050272
0 0.861399983171 0.115419973152 0.0271633371737 0.0181088926435
0 0.893399982467 0.0841199717754 0.0263798811582 0.0175865885987
0 0.846799983492 0.0462799701116 0.0280141670428 0.0186761125937
0 0.770799985163 0.0381199697528 0.0208587867773 0.0139058587687
0 0.627799988307 0.147759974574 0.0244480026868 0.0162986695328
0 0.964999980893 0.0759999714184 0.0224242148028 0.0149494775212
0 0.986199980427 0.0839599717684 0.0238604354086 0.0159069579882
0 0.962199980955 0.0979799723848 0.0248816291189 0.01658775384
0 0.978599980594 0.111539972981 0.0266174209856 0.0177449484941
0 0.920999981861 0.120399973371 0.0207950734708 0.0138633832282
0 0.89419998245 0.205779977125 0.032515551719 0.021677035909
0 0.938799981469 0.190099976435 0.0363963252592 0.0242642184398
0 0.93559998154 0.228979978145 0.0568324672457 0.0378883139961
0 0.69539998682 0.235759978443 0.0202582591836 0.0135055070132
0 0.717599986332 0.243779978796 0.0198510480509 0.0132340329068
0 0.659199987616 0.23045997821 0.021196744316 0.0141311638094
0 0.645999987907 0.220879977789 0.0304595114469 0.0203063423039
0 0.618199988518 0.20543997711 0.0464243446038 0.0309495651105
0 0.58899998916 0.190759976464 0.0438285220333 0.029219016616
0 0.616999988544 0.235179978418 0.020253411432 0.0135022751786
0 0.579599989366 0.225259977981 0.0415262357677 0.0276841590044
0 0.596999988984 0.249059979028 0.0384434614978 0.0256289760222
0 0.506799990967 0.248179978989 0.0288445176349 0.0192296796916
0 0.558399989832 0.254179979253 0.0286776164733 0.0191184122432
0 0.576599989432 0.268319979875 0.0301908075022 0.020127206329
0 0.588799989164 0.279779980379 0.0245250720435 0.0163500491074
0 0.530599990444 0.299879981263 0.0298727356383 0.0199151584057
0 0.478799991582 0.267879979855 0.0244154534976 0.016276970072
0 0.498799991143 0.293879980999 0.0210628870122 0.0140419256009
0 0.640199988034 0.269779979939 0.0198804313615 0.0132536217818
0 0.764199985308 0.251059979116 0.0213524659688 0.0142349782514
0 0.751999985576 0.236879978492 0.0204682954408 0.0136455311939
0 0.757799985449 0.268419979879 0.0294342614546 0.019622842264
0 0.730799986042 0.255539979313 0.0381556633479 0.0254371105763
0 0.687599986992 0.279439980364 0.0297531247881 0.0198354178337
0 0.80459998442 0.289679980814 0.0282948419659 0.0188632292214
0 0.865799983074 0.285639980636 0.03510177772 0.0234011866901
0 0.864399983105 0.307299981589 0.0289998435528 0.0193332303104
0 0.749399985633 0.299499981246 0.0331304247 0.0220869512567
0 0.752999985554 0.348899983418 0.0382409442022 0.0254939644829
0 0.550199990013 0.363999984082 0.0270115728692 0.0180077164338
0 0.53759999029 0.356959983772 0.0250712850328 0.0167141911242
0 0.973999980695 0.195419976669 0.0229167067898 0.0152778055342
0 0.981799980524 0.21043997733 0.0204042853332 0.013602857786
0 0.976999980629 0.222579977864 0.0198798377593 0.013253226047
0 0.980999980542 0.336379982867 0.0233714061012 0.0155809384285
0 0.89419998245 0.248379978998 0.0405454070093 0.0270302731223
0 0.808199984341 0.2620599796 0.0327248954403 0.0218165983991
0 0.901999982278 0.305939981529 0.0281781991269 0.0187854673236
0 0.927599981716 0.314519981906 0.0218513886467 0.0145675933919
0 0.920799981865 0.317179982023 0.0537922344692 0.0358614920114
0 0.959199981021 0.424599986747 0.0230357240378 0.0153571503714
0 0.970199980779 0.434019987161 0.0232304255706 0.0154869514018
0 0.819399984094 0.364379984099 0.0248838056604 0.0165892048678
0 0.839999983641 0.374319984536 0.0233714061012 0.0155809384285
0 0.797599984574 0.352079983558 0.0351182996488 0.0234122013101
0 0.883199982692 0.441259987479 0.0387529261292 0.0258352857901
0 0.898399982357 0.458919988256 0.0226618535639 0.0151079033724
0 0.925199981768 0.439599987406 0.0253012069648 0.0168674724224
0 0.955399981104 0.439059987382 0.021111364528 0.0140742439469
0 0.953799981139 0.462379988408 0.0246314257772 0.0164209516012
0 0.964999980893 0.477879989089 0.0224024493875 0.0149349672434
0 0.938799981469 0.519199990906 0.028630326162 0.0190868853669
0 0.856799983272 0.517039990811 0.021760864306 0.0145072438275
0 0.80959998431 0.508259990425 0.0213875874343 0.0142583925633
0 0.820199984077 0.464559988504 0.0215212468707 0.0143474988601
0 0.847399983479 0.459779988293 0.0243486732462 0.0162324499015
0 0.81139998427 0.437599987318 0.022238219436 0.0148254806018
0 0.840599983628 0.419699986531 0.0213239730615 0.0142159829787
0 0.954599981122 0.347439983354 0.0239353282238 0.015956886535
0 0.960999980981 0.33165998266 0.0214596111721 0.0143064083916
0 0.721999986236 0.412299986206 0.0243004925316 0.0162003294229
0 0.652399987766 0.415699986355 0.030696160871 0.020464108597
0 0.726999986126 0.28777998073 0.0450176062423 0.0300117394743
0 0.608599988729 0.369819984338 0.0205629749972 0.0137086509023
0 0.511999990853 0.386119985055 0.0500626316313 0.0333750899555
0 0.627799988307 0.424979986763 0.0250932483154 0.0167288333136
0 0.591199989111 0.419519986523 0.0341465727913 0.0227643833623
0 0.765199985286 0.38123998484 0.0325029871384 0.0216686595214
0 0.75819998544 0.419199986509 0.0213641401461 0.0142427610368
0 0.719599986288 0.355959983728 0.0243833989769 0.0162556003901
0 0.921799981843 0.379799984777 0.0256022622313 0.0170681759466
0 0.696399986799 0.323659982308 0.067211206577 0.0448074740067
0 0.680199987155 0.311719981783 0.0250935451165 0.0167290311811
0 0.60219998887 0.443239987566 0.0200028123555 0.0133352091165
0 0.553799989934 0.439519987403 0.0250526854961 0.0167017914323
0 0.482799991495 0.4212599866 0.0348151667745 0.0232101127139
0 0.456599992071 0.440439987443 0.0445135390117 0.0296756946317
0 0.483799991473 0.457319988185 0.0227433749374 0.0151622509583
0 0.523199990606 0.458539988239 0.0246855425142 0.0164570294282
0 0.538199990277 0.422219986642 0.0655979935717 0.0437319985988
0 0.63039998825 0.473899988914 0.0198759793448 0.0132506537705
0 0.601599988883 0.493739989787 0.0219556647725 0.0146371108137
0 0.553399989942 0.489239989589 0.0232960186175 0.0155306801027
0 0.537799990285 0.47379998891 0.0245449577184 0.0163633062248
0 0.457799992044 0.399039985623 0.0259961173137 0.0173307460189
0 0.661799987559 0.490959989664 0.025877693668 0.0172517969165
0 0.705599986596 0.486259989458 0.0253544332985 0.0169029566472
0 0.637799988087 0.456479988148 0.0366210037049 0.0244140040802
0 0.46479999189 0.482579989296 0.0239549170975 0.015969945785
0 0.83959998365 0.344439983222 0.020228875873 0.0134859181382
0 0.425799992748 0.460579988329 0.0299164643362 0.0199443108729
0 0.397799993363 0.449159987826 0.0317696905116 0.0211797950713
0 0.314599995192 0.412559986217 0.0310930828983 0.0207287232994
0 0.279999995953 0.443579987581 0.0201379557975 0.0134253047505
0 0.252799996551 0.44787998777 0.0291696137918 0.0194464104772
0 0.217199997334 0.441859987505 0.0377398449828 0.0251598983146
0 0.144999998921 0.468199988664 0.0200068686374 0.0133379133047
0 0.39659999339 0.47265998886 0.0318167829555 0.021211190036
0 0.335999994722 0.473699988905 0.0216817173414 0.014454479181
0 0.243999996745 0.477619989078 0.0207125627602 0.0138083760842
0 0.332199994806 0.492479989731 0.0291559609404 0.0194373085756
0 0.262999996327 0.430319986998 0.0231176411461 0.0154117617805
0 0.239399996846 0.424619986747 0.0248749016269 0.016583268845
0 0.190199997927 0.370059984348 0.0203807391113 0.0135871603037
0 0.27239999612 0.345639983275 0.0219554669051 0.0146369789021
0 0.160799998574 0.322459982255 0.0236362516314 0.0157575021269
0 0.408799993121 0.358739983851 0.07657547969 0.0510503231604
0 0.245199996718 0.371279984402 0.039385706111 0.0262571391391
0 0.125399999352 0.432079987075 0.059517429085 0.0396782886737
0 0.107999999735 0.409599986087 0.0235537409209 0.0157024949829
0 0.111999999647 0.321459982211 0.0341818921243 0.0227879295858
0 0.0688000005965 0.315879981966 0.0255999867561 0.017066658963
0 0.0132000018188 0.47061998877 0.0220969421043 0.0147312957078
0 0.133999999163 0.494939989839 0.0770486796044 0.0513657897908
0 0.136799999101 0.54793999217 0.0328658759709 0.0219105854257
0 0.168399998407 0.545499992063 0.0206076930322 0.0137384629276
0 0.190599997919 0.547299992142 0.0214138048663 0.0142758708525
0 0.215799997365 0.54839999219 0.0281466392748 0.0187644274208
0 0.149399998824 0.564719992908 0.0270839923417 0.0180559960854
0 0.0518000009702 0.566859993002 0.0287188718286 0.0191459158152
0 0.0288000014759 0.65437999685 0.0327426045736 0.0218284044888
0 0.187599997985 0.589499993997 0.0209066706909 0.0139377813798
0 0.15139999878 0.581119993629 0.0200075611733 0.0133383749953
0 0.193599997853 0.559479992677 0.0200378348873 0.0133585574726
0 0.205399997593 0.51541999074 0.0244761987929 0.0163174669382
0 0.210799997475 0.490599989649 0.0359561692025 0.0239707810493
0 0.279399995966 0.540399991838 0.0340667332908 0.0227111570251
0 0.284199995861 0.561059992747 0.0268695040678 0.0179130038933
0 0.317199995135 0.653619996817 0.0341562682945 0.0227708470315
0 0.111999999647 0.574459993336 0.0262522566778 0.0175015056062
0 0.240999996811 0.589539993999 0.0656521103087 0.0437680764259
0 0.1777999982 0.520799990976 0.0356633254336 0.0237755518572
0 0.168199998411 0.532739991501 0.0213338664321 0.0142225785595
0 0.0102000018848 0.717859999641 0.026436075503 0.0176240514978
0 0.0192000016869 0.77878000232 0.0226733298737 0.0151155542461
0 0.0318000014099 0.686479998262 0.0299245769001 0.0199497192492
0 0.0518000009702 0.700179998864 0.0254427810977 0.0169618551839
0 0.195799997804 0.675779997791 0.0350605223647 0.0233736831181
0 0.386399993614 0.617059995209 0.020440000401 0.0136266678328
0 0.459399992009 0.6259599956 0.0217459253164 0.0144972845004
0 0.366599994049 0.462079988395 0.0345233123427 0.0230155430798
0 0.541399990206 0.549799992252 0.0289896533811 0.0193264368621
0 0.52619999054 0.558519992635 0.0243756821479 0.0162504558371
0 0.520799990659 0.63163999585 0.0227961066025 0.015197405404
0 0.516999990743 0.643499996372 0.0293370096219 0.0195580077046
0 0.50939999091 0.654819996869 0.0327954351724 0.0218636248903
0 0.351599994379 0.688159998335 0.0318472545369 0.0212315044249
0 0.357799994243 0.629079995738 0.027754564999 0.0185030445531
0 0.262799996331 0.647979996569 0.020575143843 0.0137167634667
0 0.292199995685 0.642159996313 0.0221943918044 0.0147962621788
0 0.535599990334 0.678619997916 0.0317703830476 0.021180256762
0 0.601199988891 0.554199992445 0.02809578735 0.0187305261354
0 0.574799989472 0.560859992738 0.0239013939627 0.0159342636928
0 0.559999989797 0.531039991427 0.0245478267958 0.0163652189433
0 0.564199989705 0.506639990354 0.0199715493045 0.0133143670811
0 0.658399987634 0.509019990459 0.0245180477504 0.016345366245
0 0.580199989353 0.542419991927 0.022388499735 0.0149256674744
0 0.618199988518 0.500479990083 0.0285174428038 0.0190116297898
0 0.683799987076 0.514839990714 0.0251681411306 0.0167787618604
0 0.706399986579 0.524959991159 0.024740054986 0.0164933710785
0 0.720599986266 0.533959991555 0.0232851359098 0.0155234249638
0 0.735799985932 0.507319990384 0.0246601165518 0.0164400787855
0 0.761599985365 0.543299991966 0.0301832885405 0.0201221936875
0 0.695599986816 0.596799994318 0.023751707266 0.015834472555
0 0.781599984925 0.477339989066 0.0209203235422 0.0139468832814
0 0.746599985695 0.490039989624 0.028681771689 0.0191211823871
0 0.868599983013 0.552619992376 0.0248178168787 0.0165452123437
0 0.807799984349 0.553319992406 0.0302662939196 0.0201775306106
0 0.796799984591 0.536539991669 0.0221510588413 0.0147673735348
0 0.843199983571 0.582639993696 0.0299374382819 0.0199582935043
0 0.808999984323 0.589539993999 0.025154587213 0.0167697259147
0 0.890799982525 0.581479993645 0.0239933033753 0.0159955366386
0 0.840999983619 0.598999994415 0.0251869385347 0.016791293464
0 0.715199986385 0.689939998414 0.0305024486752 0.0203349671247
0 0.894999982432 0.667639997433 0.0225015809606 0.0150010549632
0 0.849799983426 0.648859996607 0.0283580606039 0.0189053749828
0 0.883999982674 0.627159995653 0.0219523010265 0.0146348683163
0 0.948999981245 0.643859996387 0.0221247424756 0.0147498292899
0 0.9191999819 0.669559997518 0.0240678993894 0.0160452673179
0 0.970799980766 0.557399992586 0.0277761325469 0.0185174229193
0 0.953199981153 0.542319991923 0.0265005802792 0.0176670546847
0 0.979399980577 0.593619994178 0.0221346358461 0.0147564248707
0 0.921199981856 0.546739992117 0.0230929077197 0.0153952728285
0 0.891199982516 0.779860002367 0.0239178169579 0.0159452123569
0 0.846999983488 0.789040002771 0.0200342732739 0.0133561830635
0 0.815999984169 0.791220002867 0.0222828385373 0.0148552266713
0 0.794999984631 0.770180001942 0.0364551908141 0.0243034621457
0 0.987599980396 0.913240008232 0.0234480797232 0.0156320541798
0 0.960199980999 0.904460007846 0.0253311838777 0.0168874570323
0 0.944199981351 0.896260007486 0.08785629655 0.0585708682297
0 0.916799981953 0.93798000932 0.0239334484834 0.0159556333746
0 0.825799983954 0.905720007902 0.0590416568942 0.0393611071922
0 0.785599984837 0.99028001162 0.0213895661084 0.0142597116795
0 0.836399983721 0.940100009413 0.031262952071 0.020841969422
0 0.889599982551 0.937880009316 0.0359396472736 0.0239597664294
0 0.968599980814 0.979160011131 0.0228502233395 0.0152334832311
0 0.546199990101 0.715019999516 0.0625231339982 0.0416820920813
0 0.646599987893 0.733460000327 0.0252118698286 0.0168079143276
0 0.638599988069 0.757100001367 0.0342350195242 0.0228233478548
0 0.631199988232 0.776100002202 0.0367149907253 0.0244766620979
0 0.614199988606 0.7965200031 0.0274441110305 0.0182960752271
0 0.73499998595 0.802940003382 0.0326611821338 0.0217741228587
0 0.665199987484 0.831980004659 0.0231309971964 0.0154206658146
0 0.596799988988 0.847140005326 0.0315420440548 0.0210280307568
0 0.522199990628 0.821260004188 0.0459712282316 0.0306474875091
0 0.512599990839 0.84132000507 0.0220649865173 0.0147099919818
0 0.469199991794 0.835340004807 0.0249382191986 0.0166254805623
0 0.55939998981 0.908620008029 0.0242693284143 0.0161795533433
0 0.538999990259 0.878060006685 0.0217962825726 0.0145308560068
0 0.475399991657 0.816040003958 0.0352578951076 0.0235052649554
0 0.418799992902 0.808760003638 0.0238658767624 0.0159105855576
0 0.519199990694 0.787760002715 0.0558151319499 0.0372100904208
0 0.434399992559 0.737300000496 0.0433782747386 0.0289188517331
0 0.466799991846 0.751220001108 0.0229842785108 0.0153228533512
0 0.758399985435 0.778720002317 0.0224964364079 0.0149976252611
0 0.725999986148 0.853760005617 0.0403087575852 0.0268725068292
0 0.733599985981 0.878200006692 0.151293380122 0.100862260067
0 0.375799993847 0.726160000006 0.0222503882818 0.0148335931662
0 0.348999994436 0.70963999928 0.0260799141625 0.0173866105884
0 0.33199999481 0.763640001654 0.0201836631695 0.0134557763338
0 0.316599995149 0.843440005163 0.0254966999673 0.0169978010993
0 0.365799994067 0.852060005542 0.0373710201279 0.0249140150618
0 0.303999995426 0.89340000736 0.0204962936796 0.0136641966876
0 0.272199996125 0.890740007243 0.0401681727894 0.0267787836258
0 0.228999997074 0.714279999484 0.0269288642912 0.0179525773782
0 0.196999997778 0.701159998907 0.0292838822219 0.0195225894356
0 0.080600000337 0.875020006552 0.033143879684 0.0220959212467
0 0.104999999801 0.899400007624 0.0206109578445 0.0137406394693
0 0.0812000003238 0.848680005394 0.0265561810218 0.0177041218489
0 0.242599996775 0.764920001711 0.0229797275603 0.015319819384
0 0.52259999062 0.743620000774 0.0239462109314 0.0159641416739
0 0.388199993574 0.908300008015 0.0532220795232 0.035481388689
0 0.0200000016693 0.860100005896 0.0215068025497 0.0143378693121
0 0.12139999944 0.940760009442 0.0218010313905 0.0145340218856
0 0.0506000009966 0.942940009538 0.021709418779 0.0144729468072
0 0.0814000003194 0.959740010277 0.0402825401532 0.0268550285401
0 0.237199996894 0.926300008807 0.0316481009873 0.0210987353831
0 0.341199994608 0.927380008854 0.0592809775283 0.0395206542922
0 0.293199995663 0.975940010989 0.0644566943426 0.0429711323959
0 0.681199987133 0.939980009408 0.0243723184019 0.0162482133396
0 0.77639998504 0.970640010756 0.0383870692855 0.0255913812116
0 0.704399986623 0.930340008984 0.0736592108467 0.0491061438033
0 0.818999984103 0.973380010877 0.0250577311151 0.0167051551785
0 0.838599983672 0.979520011147 0.020625896834 0.0137505987963
0 0.438799992462 0.0314599694599 0.0296464742534 0.0197643174725
0 0.851799983382 0.502439990169 0.111498286336 0.0743321957935
0 0.548399990052 0.860540005915 0.0268234009609 0.0178822684867
0 0.66039998759 0.798820003201 0.164624696966 0.109749805216
