0 0.837600016953 0.404579981167 0.280474143176 0.186982749785
0 0.770800014016 0.522479978575 0.431392594415 0.287595043975
0 0.844400017253 0.496899979137 0.153360135579 0.102240083643
0 0.768200013902 0.561979977707 0.150967918101 0.100645272096
0 0.704400011097 0.519899978632 0.0929092550192 0.0619394992608
0 0.876800018677 0.450159980165 0.0708564329841 0.0472376188738
0 0.138399986209 0.319119983046 0.239193056963 0.159462027458
0 0.141999986368 0.154099986674 0.109516665881 0.0730111057716
0 0.25599999138 0.325479982906 0.150970886113 0.10064725077
0 0.330999994678 0.191399985854 0.235763024707 0.157175339438
0 0.825000016399 0.975399968617 0.0244086319016 0.0162724201945
0 0.957200022212 0.953779969093 0.0393497020281 0.0262331329552
0 0.852200017595 0.957299969015 0.0427132508204 0.0284754986688
0 0.87800001873 0.914999969945 0.0348913526318 0.0232609002203
0 0.952000021984 0.925319969718 0.0519668189477 0.0346445436801
0 0.544200004053 0.97571996861 0.0462804052193 0.0308536014446
0 0.529800003419 0.990779968279 0.0239756979197 0.0159837975589
0 0.514400002742 0.965839968828 0.033156154024 0.0221041012248
0 0.645200008494 0.964479968858 0.105778949739 0.0705192951751
0 0.673600009742 0.987059968361 0.0206589447795 0.0137726289446
0 0.584000005803 0.975139968623 0.0539519241455 0.0359679470581
0 0.421399998653 0.968299968774 0.0219204487106 0.0146136315099
0 0.390999997316 0.969779968741 0.053247318154 0.0354982097614
0 0.474600000992 0.974779968631 0.0490575738219 0.0327050470575
0 0.285399992673 0.929179969634 0.121903168287 0.0812687734976
0 0.191799988557 0.916119969921 0.0531793506848 0.0354528981182
0 0.171799987678 0.980359968508 0.022179951872 0.0147866336061
0 0.0577999826653 0.933019969549 0.0581583882773 0.0387722562943
0 0.0237999811703 0.93387996953 0.0266256377515 0.0177504239969
0 0.16479998737 0.938779969423 0.0219451821419 0.014630120463
0 0.032799981566 0.832379971762 0.0425691043827 0.02837940105
0 0.0917999841603 0.792039972649 0.115770266656 0.0771801726802
0 0.0919999841691 0.903139970206 0.0972868744956 0.0648579120527
0 0.106999984829 0.856879971223 0.0933343732367 0.0622229113872
0 0.145599986526 0.800719972458 0.0441153395752 0.0294102244437
0 0.226999990105 0.825159971921 0.024588196613 0.0163921299942
0 0.262999991688 0.8624999711 0.0247376854719 0.0164917892269
0 0.278399992365 0.813499972177 0.0223332991462 0.0148888651155
0 0.263599991714 0.819879972037 0.0241181624841 0.0160787739289
0 0.317599994089 0.866439971013 0.0223518986866 0.0149012648082
0 0.0989999844769 0.708939974476 0.0315325526583 0.0210217003857
0 0.0419999819705 0.703959974585 0.0420322899893 0.0280215248113
0 0.0319999815308 0.73101997399 0.0405243421484 0.0270162263171
0 0.0255999812494 0.799219972491 0.0562025674621 0.0374683758368
0 0.301799993394 0.805699972348 0.033660320288 0.0224402120453
0 0.292399992981 0.797599972526 0.0284708506618 0.018980565856
0 0.284599992638 0.796359972554 0.0203282093358 0.0135521386634
0 0.251199991169 0.771639973097 0.0306753908624 0.0204502592261
0 0.230799990272 0.776419972992 0.0228533937401 0.0152355948218
0 0.346399995355 0.757259973413 0.0313485359293 0.0208990225744
0 0.253399991266 0.736379973872 0.0532619603454 0.0355079712216
0 0.22459999 0.747599973626 0.0245885923479 0.0163923938174
0 0.324399994388 0.740319973786 0.0725770883343 0.0483847223649
0 0.302599993429 0.737119973856 0.0661236414338 0.0440824247151
0 0.365999996217 0.725459974112 0.029065739152 0.0193771581566
0 0.387799997176 0.73103997399 0.0319835915119 0.0213223929349
0 0.358999995909 0.715919974322 0.0812010422338 0.0541340245854
0 0.266199991829 0.707939974498 0.0223570432403 0.0149046945105
0 0.244599990879 0.700579974659 0.0338790627547 0.0225860403468
0 0.223999989973 0.730219974008 0.0237358825696 0.0158239206694
0 0.472800000913 0.734039973924 0.0455561114165 0.0303707389412
0 0.437399999356 0.7260399741 0.0580060303403 0.038670684343
0 0.44339999962 0.703859974587 0.0206291657282 0.013752776245
0 0.477200001107 0.766619973208 0.0376313221536 0.0250875464477
0 0.325199994423 0.810259972248 0.022884755731 0.0152565028144
0 0.31579999401 0.837959971639 0.0381206483589 0.0254137638964
0 0.336199994907 0.825839971906 0.0328153273404 0.0218768834507
0 0.395199997501 0.85017997137 0.124137091804 0.082758055744
0 0.38699999714 0.785259972798 0.101400143058 0.0676000909135
0 0.509600002531 0.914439969958 0.0412086667262 0.0274724426722
0 0.512600002663 0.887199970557 0.0311438420516 0.0207625599984
0 0.524200003173 0.828279971852 0.0201973200173 0.0134648791234
0 0.593600006225 0.859059971175 0.0211803255117 0.0141202160765
0 0.615400007183 0.89615997036 0.0242869434195 0.0161912945451
0 0.606200006779 0.892459970441 0.026752965456 0.0178353091276
0 0.589800006058 0.900479970265 0.0239675853542 0.0159783891823
0 0.578800005574 0.922379969783 0.0416929473115 0.0277952963744
0 0.64740000859 0.804439972376 0.0208918347688 0.0139278889272
0 0.611200006999 0.823699971953 0.0531343358398 0.0354228882235
0 0.549400004281 0.815719972128 0.0200230977271 0.0133487309376
0 0.55960000473 0.90705997012 0.0233725979304 0.0155817309259
0 0.616200007218 0.907659970107 0.0280461281792 0.0186974175529
0 0.63080000786 0.910999970033 0.0221869761665 0.0147913164688
0 0.673800009751 0.912579969999 0.0204547455705 0.0136364961476
0 0.482200001326 0.945579969273 0.0732452867149 0.0488301879226
0 0.769600013964 0.859119971174 0.0947690111871 0.0631793366244
0 0.802400015406 0.908699970084 0.115434881327 0.0769565824758
0 0.745800012917 0.830999971792 0.0435785251818 0.029052348205
0 0.735600012469 0.814759972149 0.0373040493904 0.02486936462
0 0.725800012038 0.801299972445 0.0309545818352 0.020636386529
0 0.705800011158 0.803559972395 0.0244743238952 0.016316214854
0 0.684600010226 0.777259972974 0.0326382359721 0.0217588225463
0 0.659200009109 0.795099972581 0.0280824368564 0.0187216233361
0 0.673200009725 0.748499973606 0.0286856357794 0.019123755925
0 0.643400008414 0.817339972092 0.0237017504344 0.0158011659141
0 0.749400013075 0.894219970402 0.116551843086 0.077701223599
0 0.765400013779 0.740399973784 0.0209640563883 0.0139760366704
0 0.816800016039 0.733179973943 0.0960662301931 0.064044149238
0 0.774000014157 0.71463997435 0.0731310182622 0.0487540089592
0 0.716400011624 0.692959974827 0.0284617487591 0.0189744979213
0 0.866000018202 0.678919975136 0.0307361361697 0.020490756095
0 0.879400018791 0.709279974468 0.0869021970872 0.057934794237
0 0.852200017595 0.658219975591 0.0356361257157 0.0237574155769
0 0.867600018273 0.768079973175 0.0990742111767 0.0660494697614
0 0.84480001727 0.804839972367 0.0372304426987 0.0248202934955
0 0.939600021438 0.782079972868 0.0380654433402 0.025376960553
0 0.96260002245 0.885519970593 0.0348288265174 0.0232192161468
0 0.905600019943 0.853139971305 0.0264927697585 0.0176618453407
0 0.87140001844 0.854419971277 0.0268971118937 0.0179314067465
0 0.960200022344 0.850419971365 0.088349300687 0.0588995299065
0 0.973800022942 0.766859973202 0.0297536253439 0.019835748921
0 0.954400022089 0.79697997254 0.0255430059957 0.0170286695407
0 0.9228000207 0.82061997202 0.0298681905978 0.0199121257519
0 0.986000023479 0.738699973821 0.0263039052769 0.0175359356947
0 0.974600022977 0.730839973994 0.0230704543333 0.0153803018745
0 0.947000021764 0.501639979033 0.0686616872223 0.0457744551291
0 0.932600021131 0.557519977805 0.0387536263333 0.0258357491848
0 0.925200020805 0.569759977536 0.0295116334519 0.0196744210036
0 0.874000018554 0.573779977447 0.0646127255813 0.0430751475465
0 0.907200020014 0.598119976912 0.0319711258625 0.0213140825025
0 0.844400017253 0.598619976901 0.0341414349941 0.0227609551615
0 0.78340001457 0.614659976548 0.0336205489305 0.0224136978087
0 0.766000013805 0.545079978078 0.0242243183714 0.0161495445158
0 0.850400017516 0.553839977886 0.0439787121006 0.0293191394666
0 0.918600020515 0.613539976573 0.0428222757857 0.0285481819742
0 0.934200021201 0.632959976146 0.0314832836631 0.0209888543911
0 0.963800022503 0.631339976182 0.0259444790529 0.0172963182278
0 0.949400021869 0.643939975905 0.0323162066963 0.0215441363766
0 0.91940002055 0.652159975724 0.0300306397747 0.020020425196
0 0.950800021931 0.679519975122 0.0234509534408 0.0156339679294
0 0.971600022846 0.681479975079 0.023757351188 0.0158382330807
0 0.840400017077 0.716799974303 0.0200675189697 0.0133783450974
0 0.644600008467 0.582639977252 0.09334614635 0.0622307601289
0 0.590600006093 0.620319976424 0.0789732526078 0.0526488315994
0 0.604600006708 0.65599997564 0.0285626611589 0.01904177285
0 0.656400008986 0.66463997545 0.0987016267672 0.0658010801715
0 0.684600010226 0.629259976227 0.0503610256525 0.0335740148873
0 0.568800005134 0.696639974746 0.0724169146331 0.0482779399045
0 0.525800003243 0.678619975142 0.0423927055505 0.0282618018363
0 0.497400001995 0.653339975698 0.0620116590097 0.0413411032798
0 0.42359999875 0.664739975447 0.0414741059112 0.0276494021172
0 0.409999998152 0.657179975614 0.036767927533 0.024511950072
0 0.433599999189 0.624559976331 0.0622903553139 0.0415269008036
0 0.50640000239 0.610379976643 0.0751793421105 0.0501195581013
0 0.541200003921 0.553739977888 0.0327354878241 0.02182365711
0 0.480200001238 0.551479977937 0.0491402824162 0.0327601861167
0 0.491400001731 0.538319978227 0.062489113168 0.041659406031
0 0.590800006102 0.550539977958 0.022324395111 0.0148829290924
0 0.659600009127 0.544699978087 0.0440306523063 0.0293537662682
0 0.626200007658 0.514719978746 0.101973958665 0.067982634626
0 0.608800006893 0.470259979723 0.0893873133327 0.0595915382914
0 0.583800005794 0.441499980355 0.0325361363676 0.0216907561478
0 0.562600004862 0.429799980613 0.0338300905606 0.0225533922196
0 0.541400003929 0.439979980389 0.0209379378848 0.0139586243359
0 0.527200003305 0.453539980091 0.0315429406995 0.021028625746
0 0.49160000174 0.447459980224 0.0400118654515 0.0266745752083
0 0.512600002663 0.472419979676 0.0484655544098 0.0323103674754
0 0.540000003868 0.489279979305 0.0440130421032 0.0293420261335
0 0.572200005284 0.492799979228 0.0345405336419 0.0230270209092
0 0.551600004378 0.515639978725 0.0805885435406 0.0537256921502
0 0.493400001819 0.514039978761 0.0440870445297 0.0293913610813
0 0.47160000086 0.480719979493 0.0707000187644 0.0471333427342
0 0.435999999295 0.489659979297 0.0252656947637 0.0168437953982
0 0.401399997774 0.506259978932 0.0429812622822 0.0286541729649
0 0.443599999629 0.520179978626 0.0779548288397 0.0519698824654
0 0.482600001344 0.585839977182 0.0384543518143 0.025636232852
0 0.451599999981 0.587699977141 0.0224545918934 0.0149697269416
0 0.396799997571 0.653599975692 0.0348068632304 0.0232045739565
0 0.402599997826 0.578019977354 0.0202945718693 0.0135297136871
0 0.414799998363 0.553359977896 0.0199978696271 0.0133319122054
0 0.297799993218 0.575399977412 0.0561345999928 0.0374230641936
0 0.308999993711 0.606679976724 0.100512707542 0.0670084672753
0 0.341799995153 0.641279975963 0.0199538441194 0.0133025618689
0 0.361799996032 0.652839975709 0.0213014203915 0.014200945991
0 0.315199993983 0.644379975895 0.044274227138 0.0295161494786
0 0.351199995566 0.672279975282 0.0408766451442 0.0272510949654
0 0.408999998108 0.685819974984 0.0898106507432 0.0598737632131
0 0.226799990096 0.622699976372 0.0409189887786 0.0272793240532
0 0.196799988777 0.679359975126 0.0357084462689 0.0238056292758
0 0.169599987581 0.680859975093 0.0273531963673 0.0182354630421
0 0.19459998868 0.71509997434 0.0300223293418 0.0200148849078
0 0.172199987695 0.713659974372 0.0752726366135 0.0501817544325
0 0.242599990791 0.733579973934 0.0222295176684 0.0148196774682
0 0.158399987089 0.665919975421 0.0309435012579 0.020628999478
0 0.129799985831 0.675119975219 0.0333776666349 0.022251776289
0 0.0885999840196 0.677199975173 0.0298703671398 0.0199135767798
0 0.214799989569 0.584219977218 0.0327092703869 0.0218061788197
0 0.200599988944 0.566219977613 0.0546201225261 0.0364134126157
0 0.216399989639 0.568279977568 0.11812785733 0.0787518996923
0 0.160999987203 0.584419977213 0.0235278249453 0.0156852155957
0 0.198799988865 0.516519978706 0.100324733464 0.0668831512315
0 0.167999987511 0.546279978052 0.101565362379 0.0677102371204
0 0.185999988302 0.549579977979 0.0220609346005 0.0147072887636
0 0.0755999834479 0.55227997792 0.0449616186613 0.0299744104639
0 0.184199988223 0.486919979357 0.0311791613916 0.0207861062234
0 0.0375999817771 0.55227997792 0.0205015412226 0.0136676932469
0 0.0769999835095 0.532099978364 0.0389092490831 0.0259394976779
0 0.0397999818738 0.5850399772 0.0216983424973 0.0144655607108
0 0.10839998489 0.589879977093 0.0310066209747 0.0206710792864
0 0.113799985128 0.606799976721 0.0321069618673 0.0214046398331
0 0.143399986429 0.611899976609 0.0201148092904 0.0134098719758
0 0.192599988593 0.594439976993 0.0269142274282 0.017942817102
0 0.0467999821816 0.614459976553 0.0439333015206 0.0292888657487
0 0.0909999841251 0.619239976448 0.0219896033846 0.0146597346228
0 0.149799986711 0.312719983187 0.0237315294857 0.0158210186137
0 0.142799986403 0.446159980253 0.0298616609719 0.0199077726683
0 0.151999986807 0.463279979877 0.0263544604105 0.0175696391149
0 0.15979998715 0.478059979552 0.0211615281039 0.0141076844721
0 0.132399985945 0.461459979917 0.0256668710198 0.0171112462179
0 0.236799990536 0.464579979848 0.0268747528718 0.0179165007328
0 0.323399994344 0.48313997944 0.0642194640232 0.0428129731917
0 0.359199995918 0.494319979194 0.0199704649852 0.0133136424454
0 0.289999992875 0.490739979273 0.0248583846167 0.0165722553181
0 0.25439999131 0.427459980664 0.0280642330509 0.0187094874666
0 0.275199992224 0.415199980934 0.0404469759753 0.0269646488717
0 0.311599993825 0.371079981904 0.0776261710043 0.0517507772563
0 0.352999995645 0.448179980209 0.0545712492658 0.0363808304444
0 0.374999996613 0.475619979605 0.0468803393295 0.0312535574916
0 0.381599996903 0.421539980794 0.02203808091 0.014692052971
0 0.417399998477 0.419739980834 0.0246497333901 0.0164331545095
0 0.415999998416 0.408419981083 0.0198982433658 0.0132654947022
0 0.381999996921 0.372199981879 0.040630003367 0.0270866671248
0 0.360199995962 0.353139982298 0.0288580772626 0.0192387169062
0 0.352399995619 0.294599983585 0.0412102496659 0.0274734979652
0 0.36879999634 0.283839983822 0.0257584836494 0.0171723213003
0 0.408399998081 0.284239983813 0.0279365096116 0.0186243385127
0 0.41859999853 0.271239984099 0.0438131959781 0.0292087953923
0 0.445799999726 0.259459984358 0.0239479964766 0.0159653299314
0 0.451999999998 0.297499983521 0.0792782652829 0.0528521733693
0 0.375999996657 0.30393998338 0.029840390221 0.0198935921686
0 0.451999999998 0.347479982422 0.0307179323643 0.0204786202255
0 0.439199999436 0.377379981765 0.0287139308249 0.0191426192874
0 0.423999998767 0.390599981474 0.0230646172436 0.0153764104815
0 0.532800003551 0.33665998266 0.027159187332 0.0181061236938
0 0.540800003903 0.336899982655 0.0494449982901 0.0329633300193
0 0.475400001027 0.33759998264 0.0270868667788 0.0180579099949
0 0.506800002408 0.288139983727 0.128386295305 0.0855908578912
0 0.552800004431 0.309099983266 0.0332680480673 0.0221786972487
0 0.515000002769 0.23841998482 0.0286035207875 0.0190690126006
0 0.368399996323 0.225139985112 0.0221094121259 0.0147396071118
0 0.52300000312 0.382499981653 0.0207989360008 0.0138659564193
0 0.516200002821 0.419339980843 0.0237117427407 0.0158078274512
0 0.498400002039 0.423619980748 0.0260724992934 0.0173816650492
0 0.495000001889 0.407899981094 0.0213149743119 0.0142099819373
0 0.459600000333 0.41445998095 0.0253300016852 0.0168866666763
0 0.473600000948 0.430639980594 0.0387536263333 0.0258357491848
0 0.628400007755 0.408359981084 0.0349369610791 0.0232913058499
0 0.702800011026 0.409859981051 0.0341329266937 0.0227552829616
0 0.586000005891 0.329519982817 0.0245011349347 0.0163340888792
0 0.595200006295 0.335999982675 0.0338249460069 0.0225499625173
0 0.611600007016 0.314119983156 0.039486230569 0.0263241519764
0 0.638200008186 0.347659982418 0.0831802114082 0.0554534706146
0 0.740000012662 0.335079982695 0.0259801941278 0.0173201282761
0 0.700200010912 0.315079983135 0.0268175691786 0.0178783782732
0 0.652600008819 0.296399983545 0.0307332670917 0.0204888433764
0 0.588800006014 0.2848399838 0.0200835462332 0.0133890299391
0 0.579200005592 0.302179983418 0.0286311232968 0.0190874142723
0 0.617200007262 0.254719984462 0.026128495782 0.0174189960391
0 0.739600012644 0.264639984244 0.0272979913486 0.0181986596987
0 0.752600013216 0.24795998461 0.031471807351 0.0209812035168
0 0.736000012486 0.27979998391 0.0376205383775 0.0250803572642
0 0.75200001319 0.229679985012 0.0247240326178 0.0164826873247
0 0.776600014271 0.243939984699 0.023196990568 0.0154646593587
0 0.827200016496 0.286359983766 0.141281317059 0.0941875384935
0 0.717200011659 0.222299985175 0.0224320350041 0.0149546890164
0 0.685200010252 0.230079985004 0.0264960345714 0.0176640218826
0 0.620200007394 0.214579985344 0.0570804064066 0.0380536017612
0 0.643600008423 0.235019984895 0.0600037990551 0.040002530065
0 0.647200008582 0.210779985428 0.0676791763965 0.0451194479551
0 0.82160001625 0.307899983293 0.020753822222 0.0138358805688
0 0.780800014456 0.319359983041 0.0237129299454 0.0158086189209
0 0.779000014377 0.340539982575 0.0345993002747 0.0230661986618
0 0.695200010692 0.32937998282 0.0217947039458 0.0145298016722
0 0.705400011141 0.342039982542 0.0261394774255 0.0174263171343
0 0.883600018976 0.330019982806 0.0266785672946 0.0177857103566
0 0.891000019302 0.31757998308 0.0266371140637 0.0177580748712
0 0.900600019724 0.292659983628 0.0263488211882 0.0175658796335
0 0.814200015925 0.218939985248 0.0315602541014 0.0210401680132
0 0.845400017296 0.237359984843 0.15915072652 0.106100477349
0 0.943000021588 0.260059984344 0.025780941605 0.0171872932698
0 0.927400020902 0.233539984927 0.0394161854915 0.0262774552612
0 0.73200001231 0.424059980739 0.0290803813433 0.0193869196169
0 0.76520001377 0.447559980222 0.0460450418869 0.0306966925666
0 0.746800012961 0.485539979387 0.0541320824593 0.0360880525926
0 0.837600016953 0.418799980854 0.0791292710926 0.0527528439157
0 0.841000017103 0.389579981497 0.0321007290426 0.0214004846169
0 0.758200013462 0.394859981381 0.0310620238608 0.0207080145414
0 0.950400021913 0.39717998133 0.043432597937 0.0289550633816
0 0.949600021878 0.454579980068 0.0450868687575 0.0300579105225
0 0.949400021869 0.471899979687 0.0229190857337 0.0152793894813
0 0.988200023575 0.45263998011 0.0234818207631 0.0156545461429
0 0.951200021949 0.427479980664 0.0545672919168 0.0363781922119
0 0.915600020383 0.34805998241 0.0381428095133 0.0254285379984
0 0.976000023039 0.447719980219 0.0267170525137 0.0178113671677
0 0.962400022441 0.0363599892625 0.0355609360845 0.0237072891594
0 0.936400021298 0.0130199897756 0.0250631774281 0.01670878385
0 0.986600023505 0.224859985118 0.0306287930778 0.0204191940384
0 0.932800021139 0.213359985371 0.0207843927431 0.0138562609149
0 0.840600017085 0.154579986663 0.0548844734401 0.0365896465468
0 0.847000017367 0.138019987027 0.0239133696728 0.015942245397
0 0.670800009619 0.158699986573 0.023673455389 0.0157823025517
0 0.801600015371 0.113419987568 0.0806410773487 0.0537607146866
0 0.708200011264 0.111579987609 0.0276328820087 0.0184219201241
0 0.71880001173 0.148519986797 0.0534978183465 0.0356652098787
0 0.850800017534 0.0846799882002 0.106914708906 0.0712764679027
0 0.810800015775 0.0653599886249 0.0329900442992 0.0219933614156
0 0.814600015942 0.0522999889121 0.0485222434343 0.032348160156
0 0.794200015045 0.0409399891618 0.0650528817251 0.0433685849563
0 0.918000020489 0.0633799886685 0.0818111665177 0.0545407740812
0 0.643800008432 0.0648599886359 0.0275207900979 0.0183471921885
0 0.626800007685 0.056579988818 0.027434322022 0.0182895468084
0 0.608800006893 0.0382599892207 0.0379514716886 0.025300979457
0 0.672800009707 0.0930399880164 0.0570933667246 0.0380622419726
0 0.726400012064 0.0900799880815 0.0473966744418 0.0315977808771
0 0.548800004255 0.0639799886553 0.0340749515307 0.0227166328555
0 0.446599999761 0.0871599881457 0.0282623973027 0.0188415969591
0 0.448199999831 0.105479987743 0.0386750729554 0.0257833802697
0 0.398399997642 0.111359987614 0.0331968157851 0.0221312090637
0 0.508000002461 0.122479987369 0.0223410159768 0.0148940096689
0 0.48660000152 0.138059987027 0.0288792490798 0.0192528314501
0 0.599000006462 0.152799986703 0.0306767759346 0.0204511826075
0 0.46660000064 0.130899987184 0.0217139740259 0.0144759817292
0 0.409599998134 0.145979986852 0.0205092580531 0.0136728378003
0 0.510200002558 0.200079985663 0.0792074287356 0.0528049490076
0 0.473400000939 0.215259985329 0.0204319908137 0.0136213263107
0 0.597400006392 0.195999985753 0.020395484269 0.0135969886159
0 0.550200004316 0.182859986042 0.0242650790662 0.0161767183105
0 0.457800000253 0.191679985848 0.0475325104466 0.0316883382077
0 0.440399999488 0.23841998482 0.0341922869289 0.0227948564492
0 0.565600004994 0.202859985602 0.0219917799265 0.0146611856507
0 0.450199999919 0.144479986885 0.0528173521839 0.0352115658002
0 0.617200007262 0.161459986512 0.0238774567305 0.0159183034371
0 0.587400005952 0.232619984948 0.0225387844937 0.0150258553381
0 0.381199996885 0.211319985416 0.0269798204881 0.0179865458057
0 0.31739999408 0.19793998571 0.0461018298452 0.030734551203
0 0.25439999131 0.201159985639 0.0210956382429 0.014063757901
0 0.208799989305 0.164479986446 0.0218752359982 0.0145834897036
0 0.155199986948 0.194399985788 0.0355770622817 0.0237180399568
0 0.2609999916 0.259559984355 0.114720579831 0.0764803815095
0 0.216799989657 0.274459984028 0.0515194406419 0.0343462914959
0 0.205199989147 0.247159984628 0.0645666224653 0.0430444121378
0 0.218599989736 0.197659985716 0.0977317794583 0.0651545153415
0 0.328599994572 0.143219986913 0.0381176803471 0.025411785222
0 0.347999995426 0.129319987219 0.0242261981121 0.0161507976762
0 0.378199996753 0.135879987075 0.0384739406919 0.0256492921029
0 0.29419999306 0.123679987343 0.0395548905744 0.0263699253103
0 0.304399993508 0.112159987596 0.0253939128717 0.0169292741312
0 0.366199996226 0.0982999879007 0.0410354337733 0.0273569540445
0 0.337799994977 0.0852399881879 0.0397115026615 0.0264743333615
0 0.294799993086 0.0877199881333 0.0264258905602 0.0176172592115
0 0.366399996235 0.0737999884394 0.0737932806192 0.0491955171681
0 0.295599993121 0.0992799878792 0.0759449902105 0.0506299901343
0 0.376599996683 0.0355599892801 0.0574575417673 0.0383050253185
0 0.235399990474 0.0456199890589 0.0263348715329 0.017556579864
0 0.175399987836 0.0740199884345 0.0912774421543 0.0608516240893
0 0.222399989903 0.152819986702 0.0338955846868 0.0225970549674
0 0.143799986447 0.0212399895949 0.0484222214381 0.0322814788296
0 0.129399985814 0.0409999891605 0.0542477359841 0.0361651549375
0 0.108199984881 0.0641999886504 0.0649259497555 0.0432839636488
0 0.0595999827444 0.0367799892533 0.0741809029549 0.0494539320415
0 0.108199984881 0.107019987709 0.0545622462968 0.0363748284654
0 0.0733999833512 0.0927799880221 0.0200723667223 0.0133815769322
0 0.115799985216 0.203759985582 0.0240535587615 0.0160357047834
0 0.0797999836326 0.210839985427 0.0239148536787 0.0159432347342
0 0.128599985778 0.196699985737 0.17206157767 0.114707710881
0 0.0275999813374 0.134199987111 0.0661111757845 0.0440741142827
0 0.228999990193 0.0160799897084 0.0237696189699 0.0158464116015
0 0.65240000881 0.159019986566 0.0273848551594 0.0182565689021
0 0.428399998961 0.174199986232 0.0385400284204 0.0256933505856
