0 0.304799993526 0.0824399717015 0.175433227457 0.116955484971
0 0.204399989111 0.0593799706876 0.164106305996 0.109404203997
0 0.232199990334 0.150379974689 0.13307079842 0.0887138656134
0 0.651800008784 0.185839976248 0.198975495173 0.132650330115
0 0.0485999822607 0.796040003079 0.112215570505 0.0748103803368
0 0.50480000232 0.707939999205 0.53210412365 0.354736082433
0 0.901400019759 0.396199985498 0.226948014816 0.151298676544
0 0.769800013972 0.0651599709417 0.0593391583748 0.0395594389165
0 0.730800012257 0.0605999707412 0.0277062890054 0.018470859337
0 0.981600023285 0.061299970772 0.0431700249827 0.0287800166552
0 0.953200022036 0.162719975232 0.0356715416367 0.0237810277578
0 0.945600021702 0.221499977816 0.0960729513498 0.0640486342332
0 0.910000020137 0.210159977317 0.0509253402627 0.0339502268418
0 0.888200019178 0.0988799724244 0.0437491829724 0.0291661219816
0 0.850600017525 0.075059971377 0.0334531508609 0.0223021005739
0 0.769000013937 0.110359972929 0.0264309344369 0.0176206229579
0 0.743800012829 0.119979973352 0.0288941861666 0.0192627907777
0 0.792800014984 0.192839976556 0.0445603405325 0.0297068936883
0 0.733800012389 0.213839977479 0.0559019041839 0.0372679361226
0 0.732400012328 0.243959978804 0.0608471061162 0.0405647374108
0 0.825000016399 0.253819979237 0.0871353781306 0.0580902520871
0 0.868800018325 0.180759976025 0.0343114008711 0.0228742672474
0 0.877000018686 0.0838199717622 0.0403932522983 0.0269288348655
0 0.657600009039 0.167199975428 0.0329553163881 0.0219702109254
0 0.558800004695 0.0309399694371 0.056288833958 0.0375258893053
0 0.556800004607 0.0649199709312 0.0259632747483 0.0173088498322
0 0.660200009153 0.262479979618 0.0768753578927 0.0512502385952
0 0.472200000887 0.145539974476 0.0249964944486 0.0166643296324
0 0.533600003586 0.0465199701221 0.023091822495 0.01539454833
0 0.511800002628 0.0382199697572 0.0206090808226 0.0137393872151
0 0.490200001678 0.0948599722477 0.0272512928329 0.0181675285552
0 0.504000002285 0.0130599686509 0.0350952527249 0.0233968351499
0 0.460400000368 0.0499799702743 0.0555301112688 0.0370200741792
0 0.397199997589 0.081699971669 0.0748209002889 0.0498806001926
0 0.254999991336 0.102799972597 0.0211047387536 0.0140698258358
0 0.273399992145 0.175499975793 0.0227278453436 0.0151518968958
0 0.37379999656 0.189679976417 0.0575997057315 0.038399803821
0 0.341599995144 0.170439975571 0.0246897999204 0.0164598666136
0 0.223999989973 0.0374599697238 0.0250077728925 0.016671848595
0 0.23779999058 0.0707799711889 0.0648632214956 0.0432421476637
0 0.192799988601 0.119399973327 0.0298283183392 0.0198855455594
0 0.170199987608 0.119839973346 0.0683192730931 0.0455461820621
0 0.132999985972 0.153799974839 0.0317920537229 0.0211947024819
0 0.134199986025 0.101619972545 0.0655785122822 0.0437190081882
0 0.125999985664 0.127239973671 0.0683448969262 0.0455632646175
0 0.0847999838525 0.184419976186 0.129973183686 0.0866487891238
0 0.0911999841339 0.134419973987 0.0304042115161 0.020269474344
0 0.240999990721 0.204319977061 0.0594133586639 0.0396089057759
0 0.207399989243 0.226659978043 0.0614035093505 0.0409356729003
0 0.0449999821024 0.158259975035 0.0414847880174 0.0276565253449
0 0.0587999827092 0.217619977645 0.0217430591071 0.0144953727381
0 0.142999986412 0.242439978737 0.0391077075567 0.0260718050378
0 0.109999984961 0.237339978513 0.0486103901774 0.032406926785
0 0.0719999832897 0.249899979065 0.063422548683 0.042281699122
0 0.0159999808273 0.430159986991 0.0256516335342 0.0171010890228
0 0.0355999816891 0.456839988164 0.0207129612273 0.0138086408182
0 0.0357999816979 0.442339987527 0.0461784015028 0.0307856010019
0 0.0293999814165 0.49039998964 0.0434467425941 0.0289644950627
0 0.0795999836238 0.433739987148 0.0244083334905 0.016272222327
0 0.149799986711 0.330779982621 0.0212818301102 0.0141878867402
0 0.0879999839932 0.3689599843 0.0226815443633 0.0151210295755
0 0.11679998526 0.378659984727 0.0271364307854 0.0180909538569
0 0.15159998679 0.367099984218 0.0887060498497 0.0591373665664
0 0.152999986851 0.311099981756 0.050744786226 0.033829857484
0 0.248799991064 0.237539978521 0.0425395203931 0.0283596802621
0 0.405599997958 0.384099984966 0.0224569648217 0.0149713098811
0 0.372999996525 0.395219985455 0.0199752124865 0.0133168083244
0 0.454200000095 0.355979983729 0.0257031780017 0.0171354520011
0 0.37219999649 0.222459977858 0.022508905024 0.0150059366827
0 0.371599996463 0.23819997855 0.0340249877553 0.0226833251702
0 0.433399999181 0.434559987184 0.0201429051398 0.0134286034266
0 0.414399998345 0.432379987089 0.0338647151309 0.0225764767539
0 0.481800001309 0.397519985556 0.0242204583586 0.0161469722391
0 0.538600003806 0.397199985542 0.0335169631095 0.022344642073
0 0.558200004668 0.384799984996 0.0366795772971 0.0244530515314
0 0.590800006102 0.343239983169 0.0404863489276 0.0269908992851
0 0.574200005372 0.341879983109 0.0310241301978 0.0206827534652
0 0.613200007087 0.404379985857 0.0630941876704 0.0420627917803
0 0.582600005741 0.383839984954 0.0818227363668 0.0545484909112
0 0.600600006532 0.457739988204 0.0470387291212 0.0313591527475
0 0.523200003129 0.449939987861 0.0205602075656 0.0137068050437
0 0.622800007509 0.322539982259 0.0204919432996 0.0136612955331
0 0.795400015098 0.412339986207 0.025098000444 0.016732000296
0 0.78680001472 0.244259978817 0.0314347051307 0.0209564700871
0 0.866000018202 0.400879985704 0.090052537762 0.0600350251747
0 0.932400021122 0.611719994974 0.0209153796159 0.0139435864106
0 0.971600022846 0.647259996537 0.0201522049094 0.0134348032729
0 0.949600021878 0.653799996825 0.0212146541152 0.0141431027435
0 0.869200018343 0.479199989147 0.0216374968292 0.0144249978861
0 0.921000020621 0.498259989985 0.059476973045 0.0396513153634
0 0.813600015898 0.55181999234 0.0219086741523 0.0146057827682
0 0.720000011783 0.59729999434 0.117428388147 0.0782855920979
0 0.74200001275 0.700239998867 0.0295697055983 0.0197131370655
0 0.693200010604 0.691319998474 0.0349839522913 0.0233226348608
0 0.705600011149 0.706099999124 0.0429699810034 0.0286466540023
0 0.814200015925 0.653259996801 0.0717804692439 0.0478536461626
0 0.715600011589 0.642199996314 0.0207852817758 0.0138568545172
0 0.673000009716 0.751860001136 0.027118622716 0.0180790818107
0 0.636200008098 0.574759993349 0.0346224484829 0.0230816323219
0 0.834600016822 0.488019989535 0.127181274142 0.0847875160949
0 0.586200005899 0.546779992119 0.0799359714163 0.0532906476109
0 0.597600006401 0.583219993721 0.0746023557042 0.0497349038028
0 0.53300000356 0.610959994941 0.0198349244733 0.0132232829822
0 0.494200001854 0.494559989823 0.0447355521484 0.0298237014323
0 0.516000002813 0.544839992034 0.0582620669787 0.0388413779858
0 0.453000000042 0.621299995396 0.0215800163386 0.014386677559
0 0.468800000737 0.658319997023 0.0619638699336 0.0413092466224
0 0.258399991486 0.645019996438 0.0236180509451 0.0157453672967
0 0.198999988874 0.652079996749 0.0255773343114 0.0170515562076
0 0.228599990175 0.666899997401 0.0859676634481 0.057311775632
0 0.262999991688 0.660219997107 0.0209038043708 0.0139358695806
0 0.281999992523 0.67075999757 0.0257036726703 0.0171357817802
0 0.306999993623 0.661379997158 0.0271245587391 0.0180830391594
0 0.325399994432 0.664399997291 0.022619710789 0.0150798071927
0 0.259199991521 0.567819993044 0.0210108506545 0.0140072337697
0 0.215199989586 0.542779991943 0.0199303955119 0.0132869303413
0 0.213199989498 0.556159992531 0.0293273179874 0.0195515453249
0 0.229599990219 0.506579990351 0.0310951646079 0.0207301097386
0 0.3223999943 0.513179990641 0.0204643407921 0.0136428938614
0 0.383199996973 0.470739988775 0.0232322094419 0.0154881396279
0 0.383599996991 0.485539989426 0.0202643957465 0.0135095971643
0 0.414399998345 0.477239989061 0.0599567026473 0.0399711350982
0 0.431999999119 0.521739991018 0.0561223285093 0.0374148856729
0 0.476000001054 0.46789998865 0.0530479631988 0.0353653087992
0 0.463000000482 0.484999989402 0.0629572634036 0.0419715089358
0 0.139199986244 0.501459990126 0.0365851945294 0.0243901296863
0 0.107599984855 0.496199989895 0.031947478595 0.0212983190634
0 0.0791999836062 0.491819989702 0.0198643077878 0.0132428718585
0 0.13499998606 0.588299993944 0.0203716398976 0.0135810932651
0 0.0279999813549 0.525579991187 0.0594254285776 0.039616952385
0 0.0227999811263 0.851040005497 0.0211499514631 0.0140999676421
0 0.0243999811967 0.839220004978 0.020651523388 0.0137676822587
0 0.160199987168 0.851700005526 0.0315092022209 0.0210061348139
0 0.140199986288 0.84996000545 0.0354145118353 0.0236096745569
0 0.133599985998 0.877320006653 0.0422719046838 0.0281812697892
0 0.110399984978 0.836680004866 0.0231062668179 0.0154041778786
0 0.154199986904 0.896880007513 0.0355316493583 0.0236877662389
0 0.16479998737 0.878200006692 0.0301353096685 0.0200902064457
0 0.166199987432 0.894640007414 0.0235181278891 0.0156787519261
0 0.0115999806338 0.744240000801 0.0202266030659 0.0134844020439
0 0.0519999824102 0.720719999767 0.0466763349094 0.0311175566062
0 0.107199984837 0.682239998075 0.0444161941043 0.0296107960695
0 0.0607999827972 0.692219998514 0.0379770930187 0.0253180620124
0 0.0867999839404 0.701979998943 0.0402805667926 0.0268537111951
0 0.133599985998 0.802080003345 0.0389381351627 0.0259587567751
0 0.187799988381 0.723319999881 0.0310136432236 0.0206757621491
0 0.11679998526 0.714899999511 0.0292439168624 0.019495944575
0 0.134599986042 0.719539999715 0.0370998477344 0.0247332318229
0 0.160399987177 0.722119999829 0.0204565250283 0.0136376833522
0 0.23619999051 0.822880004259 0.023338068521 0.0155587123473
0 0.164399987353 0.706119999125 0.033920612682 0.022613741788
0 0.181599988109 0.695379998653 0.0213210078629 0.0142140052419
0 0.218399989727 0.755960001317 0.0219534911269 0.0146356607513
0 0.233399990386 0.769780001924 0.0340883053353 0.0227255368902
0 0.199799988909 0.869580006313 0.0874960904692 0.0583307269795
0 0.0883999840108 0.910500008112 0.0389542613589 0.0259695075726
0 0.234799990448 0.88772000711 0.0214945376056 0.014329691737
0 0.257599991451 0.883800006938 0.0249598889726 0.0166399259817
0 0.307199993632 0.76900000189 0.0561595275875 0.0374396850584
0 0.297999993227 0.742760000736 0.0426345956968 0.0284230637979
0 0.238399990606 0.791920002898 0.0401603623243 0.0267735748829
0 0.316599994045 0.829700004559 0.0203074319141 0.0135382879428
0 0.374199996578 0.808500003627 0.0319215579607 0.0212810386405
0 0.3223999943 0.739240000581 0.0282537882051 0.0188358588034
0 0.551800004387 0.847120005325 0.0430775219557 0.0287183479705
0 0.563000004879 0.865040006113 0.02136562697 0.0142437513133
0 0.61600000721 0.858000005803 0.0615578459518 0.0410385639678
0 0.482600001344 0.892700007329 0.0271118952231 0.0180745968154
0 0.444199999655 0.875320006565 0.0236657369975 0.0157771579983
0 0.518600002927 0.884200006955 0.0366196234635 0.024413082309
0 0.511200002602 0.896040007476 0.0319110709865 0.0212740473244
0 0.525800003243 0.861920005976 0.0393598896058 0.0262399264039
0 0.516000002813 0.90864000803 0.0221351334345 0.014756755623
0 0.596800006365 0.868220006253 0.0654068622802 0.0436045748534
0 0.671000009628 0.875080006554 0.0407699918993 0.0271799945995
0 0.639800008256 0.878060006685 0.0560950228029 0.0373966818686
0 0.62420000757 0.892200007307 0.0431869426487 0.0287912950991
0 0.584000005803 0.891200007263 0.0680972658282 0.0453981772188
0 0.607200006823 0.91774000843 0.0302719371341 0.0201812914227
0 0.667200009461 0.91318000823 0.0432981441485 0.0288654294324
0 0.65740000903 0.893780007377 0.0285351557012 0.0190234371342
0 0.712600011457 0.911560008158 0.0228345948262 0.0152230632175
0 0.591200006119 0.817980004044 0.0375222947135 0.0250148631423
0 0.575600005433 0.849580005433 0.0270900308713 0.0180600205809
0 0.767800013884 0.843700005175 0.0471760491228 0.0314506994152
0 0.827600016514 0.803140003391 0.0777783259439 0.0518522172959
0 0.753400013251 0.769380001907 0.0737412366161 0.0491608244107
0 0.737200012539 0.747200000931 0.124158849034 0.0827725660228
0 0.812200015837 0.737120000488 0.0339268455063 0.0226178970042
0 0.91120002019 0.826740004429 0.0228251961229 0.0152167974153
0 0.735000012442 0.829100004533 0.0206180837911 0.013745389194
0 0.74360001282 0.810560003717 0.0328003861845 0.021866924123
0 0.918000020489 0.685359998212 0.0367688155114 0.0245125436743
0 0.963600022494 0.720619999763 0.0277541729253 0.0185027819502
0 0.982200023312 0.777940002283 0.0222823468081 0.014854897872
0 0.985400023452 0.689479998393 0.0376471490666 0.0250980993777
0 0.955000022116 0.868080006247 0.0229728052313 0.0153152034875
0 0.963200022476 0.912680008208 0.028742421842 0.0191616145614
0 0.924600020779 0.969640010712 0.0232393326696 0.0154928884464
0 0.779600014403 0.937840009314 0.0366618681615 0.024441245441
0 0.620200007394 0.962060010379 0.0402562290978 0.0268374860652
0 0.406799998011 0.938500009343 0.0327942522939 0.0218628348626
0 0.565200004976 0.917640008426 0.0604734334604 0.0403156223069
0 0.546400004149 0.951940009934 0.0698563073478 0.0465708715652
0 0.51140000261 0.933020009102 0.052581787516 0.0350545250106
0 0.351799995593 0.898880007601 0.0304974070791 0.0203316047194
0 0.283199992576 0.95276000997 0.02240690436 0.01493793624
0 0.218999989753 0.972500010838 0.0300611093794 0.0200407395863
0 0.200799988953 0.957440010176 0.0249392118254 0.0166261412169
0 0.154399986913 0.0139399686896 0.0304809840818 0.0203206560546
0 0.890600019284 0.206339977149 0.0259736627888 0.0173157751925
0 0.884800019029 0.221419977813 0.0262693756742 0.0175129171161
0 0.947000021764 0.0918599721157 0.0319618239843 0.0213078826562
0 0.896400019539 0.135819974049 0.0201493358316 0.0134328905544
0 0.70880001129 0.022659969073 0.0217743221622 0.0145162147748
0 0.0845999838437 0.0742599713419 0.0893361587045 0.0595574391363
0 0.54960000429 0.333159982726 0.0374731246553 0.0249820831035
0 0.638800008212 0.32073998218 0.0235109057276 0.0156739371518
0 0.25279999124 0.600159994466 0.0240139836875 0.0160093224584
0 0.1449999865 0.57181999322 0.0259648576878 0.0173099051252
0 0.326399994476 0.727280000056 0.0233906023256 0.0155937348838
