0 0.823599984002 0.78129999487 0.105861050767 0.0705740338447
0 0.912999982036 0.804719994355 0.156287563894 0.104191709263
0 0.145399998912 0.334820004686 0.0944075938352 0.0629383958901
0 0.251799996573 0.885039992589 0.0283281844932 0.0188854563288
0 0.615199988584 0.985119990389 0.0284925133892 0.0189950089261
0 0.679199987177 0.986359990362 0.0239837083877 0.0159891389252
0 0.652799987757 0.951699991124 0.031404231474 0.020936154316
0 0.552199989969 0.927659991652 0.0286291408458 0.0190860938972
0 0.468399991811 0.928059991644 0.0217758047318 0.0145172031545
0 0.553199989947 0.889699992487 0.0357994605738 0.0238663070492
0 0.745399985721 0.916559991896 0.0202231390519 0.0134820927013
0 0.908799982129 0.868119992961 0.0373553910662 0.0249035940441
0 0.866799983052 0.85953999315 0.0228791134906 0.0152527423271
0 0.775799985053 0.84633999344 0.0210043196437 0.0140028797625
0 0.637799988087 0.870079992918 0.0342620306857 0.0228413537905
0 0.757599985453 0.879199992718 0.0216442228945 0.0144294819297
0 0.94739998128 0.944619991279 0.0331857308303 0.0221238205535
0 0.967199980845 0.885539992578 0.081160963369 0.0541073089127
0 0.985199980449 0.851099993335 0.0253523573628 0.0169015715752
0 0.770999985158 0.860419993131 0.0265241282505 0.017682752167
0 0.408599993126 0.920999991799 0.0375780908524 0.0250520605683
0 0.398999993337 0.893779992397 0.0813583361249 0.0542388907499
0 0.580399989349 0.835299993683 0.0220148285805 0.014676552387
0 0.6189999885 0.812399994186 0.0337205664786 0.0224803776524
0 0.67039998737 0.840479993569 0.0263525771935 0.0175683847957
0 0.401799993275 0.79311999461 0.028007144597 0.0186714297313
0 0.371199993948 0.851139993335 0.0446259306447 0.0297506204298
0 0.227999997096 0.808379994275 0.0220141360445 0.0146760906964
0 0.319199995091 0.812659994181 0.0666285903786 0.0444190602524
0 0.183999998064 0.770319995111 0.0786615020631 0.0524410013754
0 0.0973999999677 0.776119994984 0.0295127178298 0.0196751452198
0 0.220799997255 0.744239995685 0.0201643724269 0.0134429149512
0 0.293999995645 0.750259995552 0.0367913699727 0.0245275799818
0 0.189599997941 0.819859994022 0.0796271940282 0.0530847960188
0 0.701599986684 0.802999994393 0.0294872918657 0.0196581945772
0 0.576999989424 0.755919995428 0.0234297785329 0.0156198523553
0 0.552999989951 0.723699996136 0.0203744086979 0.013582939132
0 0.465799991868 0.764559995238 0.0747544118994 0.0498362745996
0 0.47119999175 0.704219996565 0.0308405071817 0.0205603381211
0 0.394799993429 0.670179997313 0.0236904688647 0.0157936459098
0 0.30699999536 0.698819996683 0.025224040338 0.016816026892
0 0.136999999097 0.707779996486 0.0256827959617 0.0171218639745
0 0.183999998064 0.677279997157 0.0233984165461 0.0155989443641
0 0.145799998904 0.663679997456 0.023020291898 0.0153468612653
0 0.0600000007899 0.6252799983 0.0228900951327 0.0152600634218
0 0.0444000011329 0.585159999182 0.0269837742776 0.0179891828517
0 0.0456000011065 0.597759998905 0.038558425007 0.0257056166713
0 0.0402000012252 0.777399994956 0.0369653943725 0.0246435962484
0 0.0774000004074 0.363400004058 0.0250442777829 0.0166961851886
0 0.025200001555 0.535620000271 0.027037594217 0.0180250628114
0 0.112799999629 0.583979999208 0.0334854999783 0.0223236666522
0 0.168999998394 0.585899999166 0.0289091232514 0.0192727488343
0 0.161799998552 0.568799999542 0.0248824222297 0.0165882814865
0 0.202399997659 0.55477999985 0.0358923593296 0.0239282395531
0 0.0890000001524 0.55659999981 0.0596411990845 0.0397607993897
0 0.052400000957 0.524460000517 0.033120830315 0.0220805535434
0 0.201199997686 0.417840002861 0.03199763588 0.0213317572533
0 0.288999995755 0.431920002551 0.0318774314196 0.0212516209464
0 0.327199994915 0.495880001145 0.0317623715123 0.0211749143415
0 0.294799995628 0.454620002052 0.0330611732866 0.022040782191
0 0.478599991587 0.484340001399 0.0291467620282 0.0194311746855
0 0.471799991736 0.518880000639 0.0198389794473 0.0132259862982
0 0.50939999091 0.528780000422 0.0204711658685 0.0136474439123
0 0.506999990963 0.553079999888 0.0369871597892 0.0246581065261
0 0.382599993697 0.492660001216 0.023713718287 0.0158091455247
0 0.186199998015 0.495820001146 0.0256788386132 0.0171192257421
0 0.148999998833 0.447620002206 0.044190226576 0.0294601510507
0 0.244399996736 0.507220000896 0.052871560891 0.0352477072607
0 0.17459999827 0.519340000629 0.0334695716507 0.0223130477671
0 0.342999994568 0.556779999806 0.0478952940993 0.0319301960662
0 0.42979999266 0.560159999732 0.0303303060277 0.0202202040185
0 0.471599991741 0.654679997654 0.0418425295846 0.0278950197231
0 0.455599992093 0.636459998054 0.0200035062108 0.0133356708072
0 0.555599989894 0.634419998099 0.0210086727271 0.0140057818181
0 0.57079998956 0.622219998367 0.0326747382066 0.0217831588044
0 0.588199989177 0.667279997377 0.0235196103436 0.0156797402291
0 0.803599984442 0.738839995804 0.0246781241139 0.0164520827426
0 0.730799986042 0.675379997199 0.0220880395276 0.0147253596851
0 0.715399986381 0.654539997657 0.025144992302 0.0167633282013
0 0.716599986354 0.630519998185 0.0489457722558 0.0326305148372
0 0.653799987735 0.613879998551 0.0396257218946 0.0264171479297
0 0.537799990285 0.60755999869 0.0205122233591 0.0136748155727
0 0.52939999047 0.593979998988 0.0207257223101 0.0138171482067
0 0.559199989815 0.58979999908 0.0228496312444 0.0152330874962
0 0.577799989406 0.60027999885 0.0244024947916 0.0162683298611
0 0.611999988654 0.582259999246 0.0213018133164 0.0142012088776
0 0.639799988043 0.560819999717 0.0323418262649 0.0215612175099
0 0.597199988979 0.539000000197 0.0400462891053 0.0266975260702
0 0.664799987493 0.546340000036 0.0266398806939 0.0177599204626
0 0.735999985928 0.592579999019 0.0222896664331 0.0148597776221
0 0.78319998489 0.578919999319 0.0247783439644 0.0165188959763
0 0.819999984081 0.547340000014 0.0250444756503 0.0166963171002
0 0.71859998631 0.5115800008 0.0319844776963 0.0213229851309
0 0.954199981131 0.616959998483 0.0287165982474 0.0191443988316
0 0.91739998194 0.628279998234 0.0347277116692 0.0231518077794
0 0.737199985902 0.500780001037 0.0215105634493 0.0143403756328
0 0.81959998409 0.622179998368 0.0566312398234 0.0377541598823
0 0.877999982806 0.553819999871 0.0369023735978 0.0246015823986
0 0.907199982164 0.472080001668 0.0235918319536 0.015727887969
0 0.91239998205 0.50428000096 0.023556611552 0.0157044077013
0 0.929599981672 0.519060000635 0.0282523023359 0.0188348682239
0 0.756599985475 0.482220001445 0.0322886988614 0.0215257992409
0 0.369199993992 0.529200000413 0.0367446732605 0.0244964488404
0 0.487199991398 0.688399996913 0.0477649984002 0.0318433322668
0 0.381399993724 0.723359996144 0.0300896992395 0.020059799493
0 0.90239998227 0.749679995565 0.0263701873943 0.0175801249295
0 0.922999981817 0.736339995859 0.0228623936933 0.0152415957955
0 0.86779998303 0.511620000799 0.0245084527974 0.0163389685316
0 0.8827999827 0.459240001951 0.0209834446305 0.013988963087
0 0.604799988812 0.470820001696 0.0273945470508 0.0182630313672
0 0.638199988078 0.479240001511 0.0957658547705 0.0638439031803
0 0.339999994634 0.402080003207 0.0198706382352 0.0132470921568
0 0.871399982951 0.444020002285 0.0299429805443 0.0199619870295
0 0.794399984644 0.402440003199 0.0405816194222 0.0270544129481
0 0.938199981482 0.361120004108 0.0260879295133 0.0173919530089
0 0.848399983457 0.357440004189 0.0263336808545 0.0175557872363
0 0.860599983189 0.365540004011 0.0200674173889 0.0133782782592
0 0.60579998879 0.390700003458 0.0200116187752 0.0133410791834
0 0.60399998883 0.370740003896 0.0787349108775 0.052489940585
0 0.704799986614 0.351220004325 0.0319683515012 0.0213122343341
0 0.747599985673 0.445820002246 0.0462455744477 0.0308303829651
0 0.59399998905 0.314700005128 0.0222500929482 0.0148333952988
0 0.49799999116 0.292680005613 0.0302269202984 0.0201512801989
0 0.641399988008 0.279840005895 0.0264210393224 0.0176140262149
0 0.715799986372 0.281280005863 0.0199923267013 0.0133282178009
0 0.681599987124 0.30508000534 0.0635940955569 0.0423960637046
0 0.636599988113 0.335940004661 0.0248705501842 0.0165803667895
0 0.582799989296 0.332160004745 0.021917378874 0.014611585916
0 0.80639998438 0.334380004696 0.0337064189578 0.0224709459718
0 0.916799981953 0.302180005404 0.0478224788871 0.0318816525914
0 0.88099998274 0.256120006416 0.0207507525393 0.0138338350262
0 0.910799982085 0.244280006677 0.0239648120487 0.0159765413658
0 0.88599998263 0.276500005968 0.032690072932 0.0217933819546
0 0.812399984248 0.274420006014 0.0225242382648 0.0150161588432
0 0.817199984143 0.265220006216 0.033364602982 0.0222430686547
0 0.790999984719 0.243800006687 0.0311607556082 0.0207738370721
0 0.696199986803 0.219420007223 0.0214899852371 0.0143266568247
0 0.679199987177 0.239220006788 0.0530072979442 0.0353381986295
0 0.57259998952 0.235320006874 0.0315738038568 0.0210492025712
0 0.522999990611 0.251320006522 0.0279781570193 0.0186521046795
0 0.453199992145 0.17818000813 0.0614932381776 0.0409954921184
0 0.502599991059 0.144320008874 0.0280452340762 0.0186968227174
0 0.323199995003 0.190240007865 0.0383765848439 0.0255843898959
0 0.276799996024 0.209380007444 0.0229567764547 0.0153045176365
0 0.389799993539 0.248480006584 0.020976024602 0.0139840164014
0 0.236199996916 0.234300006896 0.0559670978132 0.0373113985421
0 0.325199994959 0.255520006429 0.0237613054026 0.0158408702684
0 0.325799994946 0.268420006146 0.0336228199709 0.0224152133139
0 0.967799980832 0.233380006916 0.027103978738 0.0180693191586
0 0.542199990189 0.129080009209 0.0218772117868 0.0145848078579
0 0.584799989252 0.140100008967 0.0298262387639 0.0198841591759
0 0.73179998602 0.191700007833 0.0788160365216 0.0525440243477
0 0.16779999842 0.293620005592 0.0319326364311 0.0212884242874
0 0.31559999517 0.323180004942 0.0221614483421 0.0147742988947
0 0.459799992 0.33782000462 0.0442028900912 0.0294685933941
0 0.413999993007 0.307740005281 0.072815509007 0.0485436726713
0 0.268799996199 0.312920005168 0.0211128499261 0.014075233284
0 0.271599996138 0.299920005453 0.0405843895661 0.0270562597108
0 0.347999994458 0.289120005691 0.0364072103681 0.0242714735787
0 0.198599997743 0.347940004398 0.0210506206211 0.0140337470807
0 0.223599997193 0.330280004786 0.0279329443128 0.0186219628752
0 0.149799998816 0.369580003922 0.0211428268409 0.0140952178939
0 0.0906000001172 0.20908000745 0.0304972072002 0.0203314714668
0 0.133599999172 0.212540007374 0.0202708251012 0.0135138834008
0 0.354599994313 0.344540004472 0.0213968886139 0.0142645924093
0 0.987599980396 0.136460009047 0.0300355824989 0.020023721666
0 0.924599981781 0.124600009308 0.031171143648 0.020780762432
0 0.672599987322 0.129620009197 0.0219227212944 0.0146151475296
0 0.606599988773 0.124280009315 0.0263831477106 0.0175887651404
0 0.779599984969 0.113920009543 0.0227253705018 0.0151502470012
0 0.769199985198 0.128800009215 0.0440580511365 0.029372034091
0 0.604399988821 0.0913000100399 0.0205723750561 0.0137149167041
0 0.645199987924 0.0752800103921 0.0290180492686 0.0193453661791
0 0.82959998387 0.0463200110288 0.0214420023867 0.0142946682578
0 0.681599987124 0.0133400117539 0.0199762005062 0.0133174670041
0 0.804199984428 0.0625000106731 0.0235164444648 0.0156776296432
0 0.886999982608 0.0796200102967 0.027950752381 0.0186338349207
0 0.934599981562 0.0912800100403 0.0272245789332 0.0181497192888
0 0.979599980572 0.0723200104572 0.0261606457918 0.0174404305279
0 0.078600000381 0.927379991658 0.0418639982002 0.0279093321335
0 0.178999998174 0.964479990843 0.0462791129762 0.0308527419841
