0 0.363199994124 0.623499995492 0.325486945104 0.216991311048
0 0.649199987836 0.862800006014 0.200935345636 0.133956905926
0 0.8827999827 0.0758599714122 0.190932158652 0.127288114163
0 0.734799985954 0.197339976754 0.190299972272 0.126866656549
0 0.610599988685 0.164159975295 0.15835032135 0.105566887863
0 0.165199998477 0.0502199702848 0.0457253779729 0.0304835873259
0 0.158599998622 0.063119970852 0.063222100629 0.0421480698659
0 0.182199998103 0.10719997279 0.0679110636112 0.0452740453936
0 0.11319999962 0.110959972956 0.16872154172 0.112481035232
0 0.500999991094 0.0481199701925 0.0227603915348 0.0151735953573
0 0.556999989863 0.0566399705671 0.0556939381604 0.0371292945558
0 0.465399991877 0.0722999712557 0.0266521467163 0.0177680989828
0 0.596599988993 0.0572199705926 0.0425668204844 0.0283778821946
0 0.628199988298 0.112759973035 0.115599088438 0.0770660640416
0 0.675999987247 0.171879975634 0.0202006797669 0.0134671207328
0 0.693799986856 0.145519974475 0.0205755395778 0.0137170272899
0 0.97879998059 0.102539972585 0.0219229177159 0.0146152794412
0 0.667799987427 0.138379974161 0.0247834868828 0.0165223256783
0 0.605199988804 0.218279977675 0.129402319059 0.0862682183958
0 0.66219998755 0.244899978845 0.0214640631888 0.014309376403
0 0.687399986996 0.216899977614 0.0961204268554 0.0640802887967
0 0.519799990681 0.221899977834 0.0228698122133 0.0152465424811
0 0.480799991539 0.279939980386 0.0218503993096 0.0145669338339
0 0.360799994177 0.302639981384 0.0199567092486 0.0133044737099
0 0.381599993719 0.327299982468 0.0296372734187 0.0197581835823
0 0.39519999342 0.35803998382 0.110073640974 0.073382432156
0 0.455999992084 0.368939984299 0.0979115226636 0.0652743527476
0 0.509799990901 0.35121998352 0.0622966747458 0.0415311192364
0 0.297599995566 0.315079981931 0.0282395380244 0.0188263599247
0 0.31379999521 0.300999981312 0.065118165099 0.0434121129293
0 0.488399991371 0.0863999718757 0.0420380198274 0.0280253484
0 0.456199992079 0.0943199722239 0.0359226306763 0.0239484220304
0 0.42159999284 0.114499973111 0.0339182337986 0.0226121573571
0 0.338199994674 0.126099973621 0.0204414844066 0.0136276571699
0 0.283999995865 0.167399975437 0.0215801124256 0.014386742566
0 0.410199993091 0.17405997573 0.0607374795438 0.0404916556999
0 0.438599992466 0.161799975191 0.0241417039339 0.0160944703508
0 0.360599994181 0.207399977196 0.0292527181046 0.019501813356
0 0.362599994137 0.244059978808 0.0210326132982 0.0140217431236
0 0.161799998552 0.277619980284 0.0223289416442 0.0148859620779
0 0.143799998948 0.196439976714 0.0202917977099 0.0135278660321
0 0.102999999845 0.190019976432 0.0264832668807 0.0176555124183
0 0.292199995685 0.202319976973 0.0822429959553 0.0548286675865
0 0.228599997083 0.239039978587 0.0377357887008 0.0251571941265
0 0.208399997527 0.314979981926 0.156617992163 0.104412001662
0 0.135599999128 0.276659980242 0.0225655910682 0.015043728371
0 0.145599998908 0.288099980745 0.043482352997 0.0289882372433
0 0.299199995531 0.404859985879 0.0212728243357 0.0141818838258
0 0.12639999933 0.358119983823 0.039252244542 0.0261681647539
0 0.205799997584 0.469319988713 0.060150110133 0.0401000760668
0 0.26059999638 0.166599975402 0.0205178612274 0.0136785750538
0 0.01360000181 0.192819976555 0.0292471778171 0.0194981198308
0 0.0658000006624 0.350139983472 0.0288792433656 0.0192528301802
0 0.171399998341 0.377879984692 0.0514932130159 0.0343288109414
0 0.314599995192 0.503459990214 0.0340391307869 0.0226927553547
0 0.326599994929 0.4803999892 0.022264436868 0.014842958891
0 0.428799992682 0.408899986056 0.0230475960824 0.0153650650684
0 0.358799994221 0.418799986491 0.189596553625 0.126397710753
0 0.275999996041 0.391359985285 0.0318122320051 0.0212081560689
0 0.459999991996 0.413639986265 0.0535263006682 0.0356842027991
0 0.488599991367 0.402919985793 0.0440834741929 0.0293889847337
0 0.739399985853 0.459319988273 0.0267552356377 0.0178368249349
0 0.748399985655 0.468499988677 0.0329848932189 0.0219899302629
0 0.721999986236 0.469359988715 0.0390230151458 0.0260153451464
0 0.729399986073 0.500839990099 0.0261430338667 0.017428690394
0 0.79819998456 0.451839987944 0.0459947744536 0.0306631849915
0 0.792399984688 0.475779988997 0.0248110893867 0.0165407273488
0 0.756599985475 0.380159984792 0.119803770931 0.0798691858883
0 0.821999984037 0.426859986846 0.0207096936828 0.0138064633658
0 0.787199984802 0.512839990626 0.0323453857452 0.021563591919
0 0.730599986047 0.5167799908 0.0248447268467 0.0165631523236
0 0.715799986372 0.53701999169 0.0263941276118 0.0175960862351
0 0.687199987001 0.591719994095 0.0210728793164 0.0140485871375
0 0.782799984899 0.542139991915 0.0235677895071 0.0157118607077
0 0.821799984042 0.515399990739 0.0570556616858 0.0380371102993
0 0.910799982085 0.512939990631 0.0590915194819 0.0393943489195
0 0.892999982476 0.541299991878 0.0354426043361 0.0236284044492
0 0.839199983659 0.410159986112 0.0245469363925 0.016364625341
0 0.974399980687 0.396419985507 0.0476406355818 0.031760425816
0 0.83139998383 0.31961998213 0.0296470678556 0.0197647132073
0 0.841599983606 0.309959981706 0.0669318177921 0.0446212148044
0 0.943399981368 0.442899987551 0.0447495948335 0.02983306519
0 0.980799980546 0.503559990218 0.0223948314922 0.0149298886461
0 0.72999998606 0.628059995693 0.0237062966951 0.0158041988391
0 0.783599984881 0.598839994408 0.0447556297895 0.0298370884943
0 0.812999984235 0.598859994409 0.024938417066 0.0166256124739
0 0.90739998216 0.575759993393 0.0718435794795 0.047895722812
0 0.967999980827 0.545399992058 0.0205411106482 0.0136940746687
0 0.943999981355 0.542499991931 0.0320760881982 0.0213840602092
0 0.950399981214 0.581919993664 0.0809866368265 0.0539910947787
0 0.93919998146 0.691019998461 0.0259737582963 0.0173158400062
0 0.836799983712 0.636439996061 0.0476362824987 0.0317575237604
0 0.890399982533 0.686199998249 0.0587228924944 0.0391485975784
0 0.827199983923 0.724519999934 0.0670122508948 0.0446748368764
0 0.773999985092 0.728380000104 0.0791005646608 0.052733713252
0 0.767599985233 0.76376000166 0.025234921382 0.0168232820309
0 0.721399986249 0.781100002422 0.0553513307375 0.0369008895922
0 0.750399985611 0.794120002995 0.03086860232 0.0205790695706
0 0.604799988812 0.694879998631 0.0452408006824 0.0301605357775
0 0.613399988623 0.716179999567 0.054179559927 0.0361197090003
0 0.610199988694 0.744400000808 0.0199634367406 0.0133089587049
0 0.621999988434 0.647299996539 0.0574693035093 0.0383128715332
0 0.602999988852 0.615159995126 0.0796725993472 0.0531150697347
0 0.648999987841 0.582399993685 0.0914491730066 0.0609661193588
0 0.608799988724 0.567619993035 0.0612358086195 0.0408238751056
0 0.574599989476 0.531979991468 0.0290490136046 0.019366010347
0 0.550199990013 0.562019992789 0.0321788803184 0.0214525882939
0 0.551999989973 0.653979996832 0.0614732495132 0.0409821690451
0 0.646599987893 0.715019999516 0.0343959846634 0.0229306579547
0 0.54439999014 0.597579994353 0.0235172343834 0.0156781572897
0 0.668799987405 0.537779991723 0.0557235193384 0.0371490153424
0 0.615599988575 0.674379997729 0.0200128046598 0.0133418706531
0 0.485199991442 0.704939999073 0.0472666661742 0.0315111128611
0 0.538999990259 0.713979999471 0.0262048674328 0.0174699127741
0 0.483599991477 0.538899991772 0.0243938859498 0.0162625917058
0 0.400799993297 0.572259993239 0.0315750879125 0.0210500599967
0 0.409399993108 0.604419994653 0.0641724578061 0.0427816413591
0 0.368599994005 0.527259991261 0.0228872245455 0.0152581507033
0 0.312799995232 0.522219991039 0.0309690200313 0.0206460147159
0 0.423999992787 0.737660000512 0.0344662275945 0.0229774865785
0 0.420399992866 0.766800001793 0.0791498336463 0.0527665592444
0 0.377799993803 0.722819999859 0.0236813654012 0.0157875779754
0 0.32879999488 0.527219991259 0.0198359111939 0.0132239416682
0 0.182399998099 0.541919991905 0.0231150688697 0.0154100469295
0 0.130599999238 0.546319992099 0.0205799915946 0.0137199953013
0 0.177999998196 0.580059993582 0.0323465729496 0.0215643833887
0 0.195599997809 0.63299999591 0.0272132986951 0.0181422003267
0 0.205799997584 0.655379996894 0.0302233566914 0.0201489057898
0 0.234799996947 0.684359998168 0.0265155192687 0.0176770140117
0 0.256199996476 0.704679999062 0.029575340919 0.0197168952464
0 0.203999997624 0.674259997724 0.0407806713615 0.0271871160341
0 0.090200000126 0.634239995964 0.0199356363693 0.0132904251228
0 0.0977999999589 0.613299995044 0.0327830684592 0.0218553804143
0 0.107799999739 0.629079995738 0.0258715597783 0.0172477076564
0 0.103999999823 0.641699996293 0.0213541478418 0.0142360995001
0 0.173799998288 0.660899997137 0.0202674600183 0.0135116409033
0 0.244999996723 0.549459992237 0.0222918415045 0.0148612286499
0 0.230199997048 0.523439991093 0.0701983119535 0.0467988777224
0 0.317799995122 0.604079994638 0.0244742201188 0.016316147822
0 0.0760000004382 0.575739993392 0.0667055564071 0.0444703738712
0 0.0302000014451 0.539319991791 0.0391761645223 0.0261174447374
0 0.0350000013396 0.520439990961 0.0265358996121 0.0176906009082
0 0.00920000190678 0.609999994899 0.0273233129759 0.0182155431853
0 0.0138000018057 0.55885999265 0.0372007552203 0.024800505116
0 0.0402000012252 0.718339999662 0.0499750753017 0.0333167190653
0 0.0798000003546 0.526019991206 0.0231788811099 0.0154525884258
0 0.0856000002271 0.748960001009 0.0557973238828 0.0371982183753
0 0.0716000005349 0.856540005739 0.0522795381089 0.0348530277047
0 0.0168000017397 0.789200002778 0.0366649302702 0.024443288459
0 0.368799994001 0.94344000956 0.0617165274955 0.0411443543774
0 0.320599995061 0.938820009357 0.0222982721954 0.0148655157774
0 0.308399995329 0.908900008041 0.0393745266022 0.0262496861328
0 0.227599997105 0.911180008142 0.0225765727095 0.0150510494657
0 0.183399998077 0.935380009206 0.0617933000512 0.0411955360845
0 0.223799997189 0.934460009165 0.0210104521481 0.0140069690226
0 0.20419999762 0.910860008128 0.0257153434569 0.0171435634353
0 0.276799996024 0.9011400077 0.0689718308038 0.0459812235686
0 0.274599996072 0.942960009539 0.0250791997292 0.0167194675889
0 0.2823999959 0.954180010032 0.0281390213794 0.0187593488236
0 0.264599996292 0.983660011329 0.0254535648716 0.016969044367
0 0.355799994287 0.894920007427 0.0206603257636 0.0137735514175
0 0.383999993667 0.905940007911 0.0229464858352 0.0152976582324
0 0.368199994014 0.891260007266 0.0221954800751 0.0147969876927
0 0.219799997277 0.773460002086 0.0366260493239 0.0244173678264
0 0.222199997224 0.741200000668 0.0283709219856 0.0189139492379
0 0.187599997985 0.755320001288 0.0220779468328 0.0147186321926
0 0.290999995711 0.937600009303 0.021166470602 0.0141109813321
0 0.434399992559 0.820900004172 0.0215674489113 0.0143783002225
0 0.440399992427 0.832740004693 0.0200229948314 0.0133486641014
0 0.488399991371 0.917000008398 0.0384333702598 0.0256222485298
0 0.416199992959 0.903120007787 0.0486080093562 0.0324053417081
0 0.527399990514 0.874940006548 0.082895958413 0.0552639759203
0 0.46619999186 0.878960006725 0.0880635626634 0.0587090456478
0 0.432199992607 0.868560006268 0.0245024162249 0.0163349452273
0 0.441399992405 0.84474000522 0.0466246853578 0.031083125622
0 0.529999990457 0.783020002506 0.0617403705186 0.0411602497272
0 0.445599992312 0.790860002851 0.0587196276821 0.0391464210367
0 0.35699999426 0.732880000302 0.0284969635267 0.0189979769375
0 0.52939999047 0.834520004771 0.0421354695275 0.028090314871
0 0.551599989982 0.806180003525 0.0290935337721 0.0193956904607
0 0.753999985532 0.819280004101 0.0202432212604 0.0134954817303
0 0.829399983874 0.83586000483 0.0946964740291 0.0631309868499
0 0.727999986104 0.989020011564 0.0210251932703 0.014016796438
0 0.427199992717 0.947240009727 0.020601361275 0.0137342417559
0 0.50939999091 0.957600010183 0.0345614018194 0.0230409360659
0 0.374599993873 0.198059976785 0.0227238849973 0.0151492576641
0 0.328399994889 0.215819977566 0.022003251885 0.0146688355575
0 0.186399998011 0.611279994955 0.0407389213377 0.0271592826831
0 0.246599996687 0.790420002832 0.0647438988903 0.043162602107
