0 0.989000002351 0.914800008301 0.022800657553 0.0152004393712
0 0.909200004105 0.980560011192 0.0505371176839 0.0336914140114
0 0.929400003661 0.935460009209 0.0360222569179 0.0240148395292
0 0.89900000433 0.903140007788 0.0230216754515 0.0153477846466
0 0.875200004853 0.89294000734 0.0490533099656 0.0327022088007
0 0.840400005618 0.952460009957 0.0284307768776 0.0189538525018
0 0.845600005504 0.939000009365 0.0210221263254 0.014014751808
0 0.822600006009 0.919400008503 0.0209588087538 0.0139725400907
0 0.85260000535 0.930800009004 0.0222818492002 0.0148545671132
0 0.0960000219837 0.985040011389 0.0303531577133 0.0202354398101
0 0.0404000232061 0.973140010866 0.0287965347876 0.0191976911246
0 0.0358000233072 0.993060011742 0.0206248085633 0.0137498732824
0 0.481800013502 0.977740011068 0.0331804851551 0.0221203248957
0 0.808600006317 0.98938001158 0.0227455514789 0.0151637019861
0 0.73160000801 0.980920011208 0.0532331600982 0.0354887757395
0 0.701800008665 0.970840010765 0.0443238830978 0.0295492573475
0 0.697400008762 0.958100010205 0.0259336901454 0.0172891279039
0 0.677800009193 0.949160009812 0.0207496628999 0.0138331095123
0 0.628200010283 0.945440009648 0.0400273901262 0.0266849285108
0 0.567000011629 0.93480000918 0.0356067353539 0.0237378251349
0 0.457200014043 0.925360008765 0.0392508594701 0.0261672413726
0 0.337800016668 0.957380010173 0.0275100008785 0.0183400017953
0 0.334000016751 0.930660008998 0.0368772420027 0.0245848296233
0 0.637400010081 0.925180008757 0.0275500690293 0.0183667138976
0 0.576800011413 0.908800008037 0.0380353599617 0.0253569083136
0 0.752400007553 0.945740009661 0.0280234668112 0.0186823124397
0 0.782400006893 0.951820009929 0.0234311620595 0.0156207757366
0 0.0310000234128 0.965440010528 0.0286100447523 0.0190733644262
0 0.131800021197 0.93024000898 0.0292078022022 0.0194718694191
0 0.0938000220321 0.892980007341 0.0198240391493 0.0132160269712
0 0.160200020572 0.876300006608 0.0495972474796 0.0330648338339
0 0.0880000221596 0.85702000576 0.025486707663 0.0169911395627
0 0.105400021777 0.862140005985 0.0212323604501 0.0141549079003
0 0.0826000222783 0.843560005168 0.0296056146329 0.0197370777237
0 0.0408000231973 0.877920006679 0.0220836849877 0.0147224576295
0 0.0214000236238 0.757000001362 0.0345740653337 0.0230493784094
0 0.208600019508 0.769700001921 0.0305584451526 0.0203722981121
0 0.270200018154 0.78402000255 0.0428830126078 0.0285886769575
0 0.289400017732 0.808540003629 0.0376045036733 0.0250696707691
0 0.17120002033 0.832400004678 0.044191707667 0.0294611403878
0 0.263600018299 0.894500007408 0.0309131224876 0.0206087496843
0 0.235200018923 0.907420007976 0.0254412970921 0.0169608658467
0 0.440800014403 0.888660007151 0.0213671081572 0.014244739711
0 0.406000015168 0.877680006669 0.0211987229901 0.0141324829255
0 0.382800015678 0.855300005685 0.0332653702746 0.0221769149791
0 0.343200016549 0.886220007044 0.0313828597223 0.0209219078615
0 0.27900001796 0.852860005577 0.0655178572701 0.0436785743942
0 0.191000019895 0.708539999232 0.0275035701877 0.0183357146678
0 0.111000021654 0.700159998863 0.0475739542641 0.0317159716013
0 0.0592000227928 0.824600004335 0.0505625436463 0.0337083646541
0 0.0422000231665 0.788700002756 0.0242145191413 0.0161430138256
0 0.43140001461 0.807600003587 0.0216169157641 0.0144112781266
0 0.435000014531 0.785560002618 0.0270494644784 0.0180329775083
0 0.47140001373 0.795040003035 0.0293391861634 0.0195594587323
0 0.590200011119 0.788640002754 0.0579842534476 0.0386561715146
0 0.652800009742 0.806600003543 0.0225638102615 0.0150425411665
0 0.714400008388 0.797120003126 0.0337787372735 0.0225191596676
0 0.73480000794 0.779820002366 0.020734822844 0.0138232161411
0 0.809400006299 0.781400002435 0.0325427584881 0.0216951737563
0 0.836800005697 0.796940003119 0.0251967329716 0.016797823089
0 0.875600004844 0.78378000254 0.0260527073934 0.0173684727412
0 0.954600003107 0.732860000301 0.048213066003 0.032142046122
0 0.990800002311 0.780220002383 0.0232105398957 0.0154736942844
0 0.951000003186 0.705259999087 0.0266972604861 0.0177981748313
0 0.849800005411 0.838000004924 0.0462203433026 0.0308135642341
0 0.630000010244 0.854020005628 0.0342047458103 0.0228031653775
0 0.572800011501 0.851860005533 0.0225325472105 0.0150216991311
0 0.444400014324 0.87112000638 0.0216389779805 0.0144259862718
0 0.50600001297 0.826620004424 0.0208684822804 0.0139123224379
0 0.508200012921 0.815520003935 0.0226297990432 0.0150865336905
0 0.584400011246 0.812400003798 0.0376502110454 0.0251001423524
0 0.798800006532 0.757120001368 0.0488893768153 0.0325929200265
0 0.693200008854 0.744420000809 0.0423100875181 0.0282067268724
0 0.648200009843 0.727860000081 0.0288141449872 0.0192094312584
0 0.508000012926 0.755280001287 0.0306066258673 0.0204044185906
0 0.477600013594 0.747680000953 0.0400971383887 0.0267314273556
0 0.452800014139 0.770660001963 0.0281161676934 0.0187441130319
0 0.26900001818 0.75422000124 0.0330665135261 0.0220443438047
0 0.343400016545 0.750440001074 0.0310667665325 0.0207111790544
0 0.356600016254 0.734780000385 0.0358442751813 0.0238961850303
0 0.296400017578 0.715679999545 0.0674242108454 0.0449494768616
0 0.386400015599 0.703179998996 0.0261392743859 0.0174261840733
0 0.55240001195 0.703799999023 0.0292110670145 0.0194740459608
0 0.536600012297 0.682879998103 0.0342241368166 0.0228160927159
0 0.61880001049 0.704239999042 0.0206711095376 0.0137807406006
0 0.519600012671 0.874240006517 0.0257631284368 0.0171754200907
0 0.509600012891 0.864260006079 0.0320248405387 0.0213498951006
0 0.465800013854 0.850260005463 0.0249949082119 0.0166632732403
0 0.494000013234 0.859140005853 0.0278838713524 0.0185892487943
0 0.632600010186 0.691359998476 0.0220198727475 0.0146799161332
0 0.370200015955 0.683759998142 0.0324025694271 0.0216017143761
0 0.319000017081 0.679339997948 0.046576900378 0.0310512689667
0 0.374000015872 0.653379996806 0.020792995863 0.0138619981563
0 0.528000012486 0.656379996938 0.0255964251427 0.0170642845539
0 0.532800012381 0.662759997219 0.02834994804 0.0188999666066
0 0.56420001169 0.666599997387 0.0202766608529 0.0135177747935
0 0.677400009201 0.658319997023 0.02190540645 0.0146036052632
0 0.615800010556 0.632159995873 0.0639384795921 0.0426256558728
0 0.409000015102 0.643599996376 0.0201363728582 0.0134242494575
0 0.423800014777 0.688359998344 0.0298361301672 0.0198907547567
0 0.0914000220849 0.672879997664 0.0526922895291 0.0351281953363
0 0.177000020203 0.682759998098 0.039494632121 0.0263297564839
0 0.770400007157 0.64823999658 0.0684045449353 0.0456030329646
0 0.7730000071 0.681699998051 0.0840960242633 0.0560640198733
0 0.931600003613 0.650699996688 0.0509576848669 0.0339717921519
0 0.891000004505 0.679559997957 0.0274691412581 0.0183127620465
0 0.768800007192 0.844660005217 0.0289985574147 0.0193323728849
0 0.767400007223 0.828660004513 0.0267235768518 0.0178157190763
0 0.937800003477 0.813640003853 0.0391865525614 0.0261243700973
0 0.63380001016 0.894120007392 0.0217691747372 0.0145127841154
0 0.514400012785 0.890600007237 0.0364976333738 0.0243317571874
0 0.672400009311 0.877180006647 0.0272102317502 0.0181401556966
0 0.749200007623 0.875700006582 0.0247966450657 0.0165310978008
0 0.734400007948 0.867260006211 0.0339343599926 0.0226229081538
0 0.707200008546 0.857520005782 0.0299540591444 0.01996937408
0 0.873400004892 0.866080006159 0.0305310405161 0.0203540283532
0 0.87080000495 0.858240005814 0.0289343494397 0.0192895675654
0 0.929200003666 0.849480005429 0.0306242360669 0.0204161587245
0 0.840400005618 0.617819995242 0.0289899501823 0.0193266347295
0 0.862800005125 0.627559995671 0.0407019201317 0.0271346152108
0 0.982400002496 0.595819994275 0.0221464089571 0.0147642736119
0 0.925600003745 0.534479991578 0.023417212407 0.0156114759676
0 0.828400005882 0.388599985164 0.0199150581585 0.0132767063147
0 0.972800002707 0.504359990254 0.0318545756311 0.0212363851547
0 0.939800003433 0.492299989723 0.0336365695384 0.0224243811713
0 0.933400003573 0.476179989015 0.0292886310398 0.0195257553144
0 0.917800003916 0.55725999258 0.0271993490426 0.0181329005577
0 0.882000004703 0.545399992058 0.0255050103986 0.0170033413872
0 0.798200006546 0.536639991673 0.0534226181447 0.0356150811121
0 0.75660000746 0.596559994308 0.0685141634812 0.0456761120001
0 0.924800003762 0.592159994114 0.020364019315 0.0135760137721
0 0.866800005037 0.592419994126 0.0348326780404 0.0232217868919
0 0.934800003542 0.572179993236 0.0261756819896 0.0174504558107
0 0.772800007104 0.554739992469 0.0431272799272 0.0287515218478
0 0.676800009215 0.533119991518 0.0614429757992 0.0409619865678
0 0.470400013752 0.506119990331 0.0425859146896 0.0283906116656
0 0.392200015472 0.520839990978 0.0274320411184 0.0182880286185
0 0.418600014891 0.483319989328 0.0622191107205 0.0414794098828
0 0.476000013629 0.488179989542 0.0285009208749 0.0190006151698
0 0.554800011897 0.483339989329 0.0229046368777 0.0152697589256
0 0.597200010965 0.444499987622 0.0551712713931 0.0367808500213
0 0.509400012895 0.435299987217 0.0350440993695 0.0233627344539
0 0.517600012715 0.461919988387 0.0564510778102 0.0376340543556
0 0.359800016184 0.465599988549 0.0246779246188 0.016451950831
0 0.321200017033 0.440999987468 0.0227386261195 0.0151590850795
0 0.378400015775 0.45241998797 0.0294094290945 0.0196062873561
0 0.443800014337 0.446599987714 0.0407125060383 0.0271416724823
0 0.764200007293 0.400079985668 0.025311891805 0.0168745956497
0 0.718200008304 0.390599985252 0.0474330726672 0.0316220505305
0 0.746000007693 0.416899986408 0.0317017230558 0.0211344834311
0 0.845600005504 0.446319987702 0.0256620181896 0.0171080132547
0 0.881600004712 0.458599988242 0.0244215873874 0.0162810593321
0 0.846400005486 0.478399989112 0.0499378762284 0.0332919196814
0 0.621000010441 0.49859999 0.032763974254 0.0218426509433
0 0.276400018018 0.473979988918 0.035145803219 0.0234305370247
0 0.316200017143 0.460659988332 0.0245512894755 0.0163675273966
0 0.322000017015 0.48061998921 0.0254572254187 0.0169714847319
0 0.260000018378 0.451699987938 0.036157697161 0.0241051330306
0 0.216000019345 0.491499989688 0.0353125065131 0.0235416725615
0 0.181400020106 0.465699988554 0.0429893663415 0.0286595794513
0 0.121600021421 0.443439987575 0.033715716503 0.0224771458178
0 0.694000008837 0.58363999374 0.0375527613453 0.0250351758814
0 0.579600011352 0.570099993144 0.0210423088014 0.0140282067928
0 0.521200012636 0.578099993496 0.0482329516779 0.0321553032394
0 0.610400010675 0.591679994093 0.0374061415934 0.0249374293737
0 0.643600009945 0.571579993209 0.0302852891911 0.0201901941258
0 0.970800002751 0.543599991979 0.0247075057969 0.0164716716176
0 0.895600004404 0.516419990784 0.042268436428 0.0281789594772
0 0.977000002615 0.527379991266 0.0328097805598 0.0218731884825
0 0.569800011567 0.520139990947 0.0524802745978 0.0349868520394
0 0.552800011941 0.545199992049 0.0271912364787 0.0181274921814
0 0.0862000221992 0.521519991008 0.0445674578813 0.0297116405472
0 0.153400020722 0.534139991563 0.0602286634953 0.0401524449785
0 0.291000017697 0.57455999334 0.0248894448817 0.0165929643488
0 0.254400018501 0.566419992982 0.0243434297598 0.0162289542436
0 0.356200016263 0.582859993705 0.0561539798919 0.0374359890637
0 0.383800015656 0.597039994329 0.0360053392542 0.024003561086
0 0.045000023105 0.549139992223 0.0276488048676 0.0184325377942
0 0.566600011637 0.601059994506 0.0296336128716 0.0197557432174
0 0.46640001384 0.601259994514 0.0358944345701 0.023929624625
0 0.52420001257 0.622459995447 0.0343470124791 0.0228980098297
0 0.124600021355 0.629119995739 0.0417794071206 0.0278529399175
0 0.122600021399 0.606939994764 0.0231120019249 0.0154080022995
0 0.0528000229335 0.592639994135 0.0456399981849 0.0304266674634
0 0.249400018611 0.590639994047 0.04359028967 0.02906019503
0 0.267000018224 0.639319996188 0.0568388979366 0.0378926011236
0 0.30860001731 0.667099997409 0.0361591811666 0.0241061223677
0 0.0186000236854 0.653059996792 0.044027972384 0.0293519835253
0 0.125000021346 0.577159993455 0.0384321830553 0.0256214570601
0 0.189600019926 0.554639992464 0.0433581911964 0.0289054627041
0 0.344800016514 0.555019992481 0.028342231211 0.0188948220535
0 0.326600016914 0.510699990532 0.0423133523304 0.0282089034141
0 0.0342000233424 0.474439988938 0.0201301400347 0.0134200942416
0 0.0524000229423 0.499519990041 0.0484110323482 0.0322740236941
0 0.174800020251 0.389159985188 0.0200577205621 0.01337181459
0 0.414400014984 0.320119982152 0.032040867799 0.0213605799415
0 0.438000014465 0.407059985975 0.0358939399016 0.023929294846
0 0.246000018686 0.41603998637 0.0353987767045 0.0235991860262
0 0.0382000232545 0.389119985186 0.0302966665673 0.0201977790437
0 0.0922000220673 0.380259984797 0.0215393517389 0.014359568773
0 0.280000017938 0.433079987119 0.0250535758994 0.0167023850346
0 0.842400005574 0.379899984781 0.0199672951551 0.0133115309814
0 0.581000011321 0.395779985479 0.0535347100332 0.0356898090428
0 0.960000002988 0.332199982684 0.0518346332343 0.0345564244354
0 0.635200010129 0.33165998266 0.0214166739438 0.0142777835709
0 0.587800011171 0.321039982193 0.026854960813 0.0179033083895
0 0.597600010956 0.293959981002 0.0210115404189 0.0140076945365
0 0.63380001016 0.298699981211 0.0247197735764 0.0164798501379
0 0.804000006418 0.304339981459 0.0321079448515 0.0214052979794
0 0.747400007663 0.287619980723 0.0611785260039 0.0407856866926
0 0.901600004272 0.261799979588 0.0291155959885 0.0194103986059
0 0.874800004862 0.255379979306 0.0205341852888 0.0136894577621
0 0.788200006766 0.217299977631 0.0218684052441 0.0145789377909
0 0.830400005838 0.220179977758 0.0209470356428 0.0139646913496
0 0.868400005002 0.210979977354 0.0266388895997 0.0177592609045
0 0.913600004009 0.216239977585 0.0343018987093 0.0228679339811
0 0.983800002465 0.212299977412 0.0336061968907 0.0224041327382
0 0.94400000334 0.252199979166 0.0202226430496 0.0134817629222
0 0.85260000535 0.315439981947 0.0415106042422 0.0276737379867
0 0.8958000044 0.324099982327 0.0380035033085 0.0253356705434
0 0.666600009439 0.22135997781 0.0244221809896 0.0162814550669
0 0.711200008458 0.200879976909 0.0226195099378 0.0150796742865
0 0.569800011567 0.212119977404 0.0430798906822 0.0287199290157
0 0.703600008625 0.231179978242 0.022133349708 0.0147555674452
0 0.972800002707 0.26957997993 0.0627103165694 0.0418068804703
0 0.979200002566 0.140839974269 0.03512126766 0.0234141799843
0 0.948400003243 0.13561997404 0.0277251816885 0.0184834556781
0 0.981000002527 0.163859975282 0.0207703400444 0.0138468942762
0 0.866200005051 0.280739980421 0.0346936761839 0.0231291189814
0 0.941600003393 0.0514799703402 0.0268309199225 0.0178872811281
0 0.971600002733 0.11855997329 0.036804525729 0.0245363521043
0 0.905000004198 0.122019973442 0.0248833109919 0.0165888750887
0 0.760200007381 0.145219974462 0.0289885651104 0.0193257113482
0 0.722000008221 0.176699975846 0.0335568289716 0.0223712207899
0 0.482000013497 0.0954199722723 0.0230010972408 0.0153340658385
0 0.789400006739 0.0412999698926 0.0201523011848 0.0134348683426
0 0.81300000622 0.0244599691521 0.0313173656091 0.0208782451165
0 0.987400002386 0.0159599687784 0.0250942376525 0.0167294928717
0 0.814000006198 0.0528599704009 0.0251831790539 0.0167887871433
0 0.321200017033 0.014039968694 0.0221287987575 0.014752533478
0 0.325600016936 0.173419975702 0.0386309408701 0.0257539622787
0 0.371200015933 0.19747997676 0.0432324464564 0.0288216328719
0 0.257400018435 0.220239977761 0.0269658654971 0.0179772448505
0 0.350600016386 0.238139978548 0.0326413953926 0.021760931697
0 0.602200010855 0.172379975656 0.024466404356 0.0163109373132
0 0.402000015256 0.149399974646 0.064491519007 0.0429943488404
0 0.217800019306 0.015699968767 0.0340095496089 0.022673034568
0 0.108400021711 0.102459972582 0.031855960703 0.0212373085361
0 0.369800015964 0.792100002906 0.0476957416559 0.0317971632011
0 0.790800006708 0.452239987962 0.0468112743268 0.0312075182762
0 0.451600014166 0.545459992061 0.073748547983 0.0491657018981
0 0.221600019222 0.541759991898 0.0262512673408 0.0175008460481
0 0.97720000261 0.0657199709664 0.0414122641387 0.0276081779134
