0 0.404400015203 0.388180003513 0.596114200371 0.397409466914
0 0.513600012803 0.330420004783 0.0855727143988 0.0570484762658
0 0.313000017213 0.802359994407 0.372690219354 0.248460146236
0 0.502400013049 0.807179994301 0.0963421436442 0.0642280957628
0 0.0430000231489 0.685139996984 0.0973906431265 0.0649270954177
0 0.825200005952 0.847799993408 0.13261470523 0.0884098034866
0 0.742600007768 0.923439991745 0.211433215094 0.14095547673
0 0.0220000236106 0.0177400116571 0.0222860058858 0.0148573372572
0 0.049000023017 0.0410000111458 0.0223413098309 0.0148942065539
0 0.0708000225378 0.107280009689 0.0369392758725 0.024626183915
0 0.0286000234655 0.130040009188 0.031328942919 0.020885961946
0 0.0182000236942 0.0977200098988 0.0280826310194 0.0187217540129
0 0.44960001421 0.0211000115833 0.0294505874585 0.0196337249723
0 0.286600017793 0.0349600112786 0.025938836409 0.017292557606
0 0.432200014592 0.0449600110587 0.0609233799951 0.0406155866634
0 0.348400016435 0.108000009673 0.0447835320483 0.0298556880322
0 0.373400015885 0.0864200101472 0.0349976028362 0.0233317352241
0 0.511600012847 0.109660009636 0.0233888199761 0.0155925466507
0 0.493000013256 0.119180009427 0.0277376491648 0.0184917661099
0 0.522600012605 0.0824200102351 0.0237700115693 0.0158466743795
0 0.541600012187 0.111560009594 0.0220710229291 0.0147140152861
0 0.59740001096 0.100960009828 0.0216071227524 0.0144047485016
0 0.830000005847 0.0206800115925 0.0285013184896 0.0190008789931
0 0.895400004409 0.0173000116668 0.0470103320433 0.0313402213622
0 0.878200004787 0.103480009772 0.024867878974 0.0165785859827
0 0.84440000553 0.12906000921 0.0453757492497 0.0302504994998
0 0.915600003965 0.277220005952 0.0288229519881 0.0192153013254
0 0.936600003503 0.337700004623 0.020869472994 0.013912981996
0 0.92580000374 0.168960008333 0.0207244361718 0.0138162907812
0 0.884600004646 0.161200008503 0.0213014175816 0.0142009450544
0 0.831600005811 0.162520008474 0.0335574247871 0.0223716165248
0 0.880000004747 0.185180007976 0.0199602721785 0.013306848119
0 0.802000006462 0.244020006682 0.0420409906114 0.0280273270743
0 0.7730000071 0.263740006249 0.0213768050703 0.0142512033802
0 0.798600006537 0.225080007099 0.032420874301 0.0216139162006
0 0.755200007491 0.203480007574 0.0317216108229 0.0211477405486
0 0.694000008837 0.213760007348 0.0224128389049 0.0149418926032
0 0.653600009725 0.241940006728 0.0366300090881 0.0244200060587
0 0.587000011189 0.223840007126 0.0438232814373 0.0292155209582
0 0.513000012816 0.222220007162 0.0263235896158 0.0175490597439
0 0.530200012438 0.257900006377 0.0222294158024 0.0148196105349
0 0.646400009883 0.203680007569 0.0352026924216 0.0234684616144
0 0.630400010235 0.13178000915 0.0259499169847 0.0172999446565
0 0.614000010595 0.147560008803 0.0197967347522 0.0131978231681
0 0.695600008801 0.138880008994 0.0494631955708 0.0329754637139
0 0.520600012649 0.201340007621 0.0278542920116 0.0185695280077
0 0.504400013005 0.181740008052 0.0308064739847 0.0205376493231
0 0.244400018721 0.192700007811 0.0240090354181 0.016006023612
0 0.230600019025 0.199720007656 0.0266344393397 0.0177562928931
0 0.23580001891 0.163480008453 0.0834306016614 0.0556204011076
0 0.248200018638 0.117760009458 0.025075540836 0.016717027224
0 0.260400018369 0.132300009139 0.0244109041572 0.0162739361048
0 0.119000021478 0.13452000909 0.0286563476167 0.0191042317444
0 0.113600021597 0.202780007589 0.0228227212746 0.0152151475164
0 0.124200021364 0.153240008678 0.0346222483319 0.023081498888
0 0.18940001993 0.237160006833 0.0249767060575 0.0166511373716
0 0.176800020207 0.0893000100839 0.0272327904313 0.0181551936209
0 0.133200021166 0.10312000978 0.0269487517435 0.0179658344956
0 0.129200021254 0.120000009409 0.0248538303869 0.0165692202579
0 0.146600020871 0.0516400109118 0.0257583813178 0.0171722542119
0 0.157800020625 0.0775000103433 0.0263242821518 0.0175495214345
0 0.0204000236458 0.040080011166 0.0208033852742 0.0138689235161
0 0.133800021153 0.251040006528 0.0208916341455 0.013927756097
0 0.148200020836 0.222240007161 0.029117279782 0.0194115198546
0 0.158000020621 0.233380006916 0.0288215669161 0.0192143779441
0 0.031400023404 0.239840006774 0.0289793661871 0.0193195774581
0 0.259400018391 0.0899200100702 0.023316994101 0.015544662734
0 0.0374000232721 0.325220004897 0.0200245790915 0.0133497193943
0 0.0272000234963 0.330120004789 0.0238895234937 0.0159263489958
0 0.108200021716 0.467800001762 0.0352852031376 0.0235234687584
0 0.16120002055 0.476880001563 0.0376411116271 0.0250940744181
0 0.279600017947 0.465280001818 0.0334913370674 0.0223275580449
0 0.292800017657 0.480960001473 0.0267974820975 0.017864988065
0 0.324400016962 0.487560001328 0.0399740674953 0.0266493783302
0 0.337800016668 0.451000002132 0.0662553134823 0.0441702089882
0 0.309800017283 0.426320002674 0.0207829059958 0.0138552706638
0 0.320000017059 0.410220003028 0.0314628002317 0.0209752001544
0 0.293400017644 0.395820003345 0.0442128823961 0.0294752549307
0 0.274400018062 0.383620003613 0.0230724299643 0.0153816199762
0 0.211200019451 0.507140000898 0.0232077712827 0.0154718475218
0 0.0942000220233 0.402540003197 0.0246878196177 0.0164585464118
0 0.0438000231314 0.429660002601 0.0206103656016 0.0137402437344
0 0.0534000229203 0.394340003377 0.0347941951238 0.0231961300825
0 0.118800021482 0.309980005232 0.0207571832306 0.0138381221537
0 0.0152000237601 0.262580006274 0.021225634358 0.0141504229053
0 0.0242000235623 0.312040005187 0.0240617670867 0.0160411780578
0 0.211400019447 0.273940006025 0.0206454870695 0.0137636580463
0 0.252000018554 0.260840006313 0.0302389902113 0.0201593268075
0 0.394800015415 0.272000006067 0.027096064041 0.018064042694
0 0.372200015911 0.265260006215 0.0268906776544 0.0179271184363
0 0.303800017415 0.293940005585 0.0225961630736 0.0150641087158
0 0.351400016369 0.294540005572 0.0261210723069 0.0174140482046
0 0.353200016329 0.38056000368 0.0221271183439 0.0147514122293
0 0.38000001574 0.392940003408 0.0246741667654 0.0164494445103
0 0.43820001446 0.37286000385 0.0266272171787 0.0177514781191
0 0.41320001501 0.396560003329 0.0597040219918 0.0398026813279
0 0.426800014711 0.425060002702 0.05733446065 0.0382229737667
0 0.446600014276 0.448240002192 0.0550795634807 0.0367197089871
0 0.456600014056 0.466860001783 0.0245988782104 0.0163992521403
0 0.478200013581 0.473520001637 0.0221091124083 0.0147394082722
0 0.263000018312 0.318560005044 0.0339162573614 0.0226108382409
0 0.507000012948 0.293620005592 0.0243740018825 0.0162493345883
0 0.510800012864 0.305380005333 0.0201660543 0.0134440362
0 0.626800010314 0.297120005515 0.11634604559 0.0775640303932
0 0.695400008806 0.444580002273 0.0218277449307 0.0145518299538
0 0.876600004822 0.446260002236 0.0235117945804 0.0156745297202
0 0.832800005785 0.390500003462 0.196098489698 0.130732326465
0 0.777000007012 0.47654000157 0.0300485428152 0.0200323618768
0 0.794200006634 0.484880001387 0.0397337575083 0.0264891716722
0 0.684800009039 0.484600001393 0.0297868631464 0.0198579087643
0 0.661600009549 0.513520000757 0.0560859172016 0.0373906114677
0 0.727200008107 0.51340000076 0.0835979975025 0.055731998335
0 0.875200004853 0.482500001439 0.0221959762076 0.0147973174718
0 0.820000006066 0.473880001629 0.0207545120203 0.0138363413469
0 0.837200005688 0.556079999822 0.0264970204134 0.0176646802756
0 0.811000006264 0.59753999891 0.0418818062684 0.0279212041789
0 0.734400007948 0.608079998678 0.0530069022094 0.0353379348062
0 0.718200008304 0.626699998269 0.0219149055312 0.0146099370208
0 0.939800003433 0.615599998513 0.0453164879561 0.0302109919707
0 0.973600002689 0.666199997401 0.0347024835726 0.0231349890484
0 0.957600003041 0.680359997089 0.022869714788 0.0152464765253
0 0.900600004294 0.667019997383 0.0198996258129 0.0132664172086
0 0.92400000378 0.652199997708 0.0526459920271 0.0350973280181
0 0.901000004286 0.611739998598 0.0210269754638 0.0140179836426
0 0.865200005073 0.546380000035 0.0230966687238 0.0153977791492
0 0.878800004774 0.56389999965 0.0505633384508 0.0337088923006
0 0.823400005992 0.679759997102 0.0227938326307 0.0151958884204
0 0.841000005605 0.696079996744 0.0202780472622 0.0135186981748
0 0.741200007799 0.686459996955 0.0561929634782 0.0374619756521
0 0.717400008322 0.553499999878 0.0374428484678 0.0249618989785
0 0.686600008999 0.556759999807 0.026495437474 0.0176636249827
0 0.686200009008 0.655259997641 0.068139802833 0.045426535222
0 0.629200010261 0.675519997196 0.0234939865122 0.0156626576748
0 0.591000011101 0.64031999797 0.0575930733738 0.0383953822492
0 0.580200011338 0.601019998834 0.0648636129523 0.0432424086349
0 0.543000012156 0.653359997683 0.0676713517056 0.0451142344704
0 0.49280001326 0.64529999786 0.0314372753339 0.0209581835559
0 0.514600012781 0.671859997276 0.0281086505857 0.0187391003905
0 0.51920001268 0.686719996949 0.0212293938391 0.0141529292261
0 0.627600010296 0.516100000701 0.0241939425262 0.0161292950175
0 0.520000012662 0.504220000962 0.0263474326405 0.0175649550937
0 0.423600014781 0.503500000978 0.0285968884556 0.0190645923037
0 0.542600012165 0.549479999967 0.0269638886014 0.0179759257343
0 0.516200012746 0.568399999551 0.0518768813482 0.0345845875655
0 0.5410000122 0.522160000567 0.0304174666282 0.0202783110854
0 0.577600011396 0.521200000588 0.0392805421726 0.026187028115
0 0.677800009193 0.536960000242 0.0243212702139 0.0162141801426
0 0.415400014962 0.650499997746 0.0652008779773 0.0434672519849
0 0.330800016822 0.618279998454 0.0258103215168 0.0172068810112
0 0.257800018427 0.519400000628 0.0384898639444 0.0256599092963
0 0.394400015423 0.600539998844 0.057127491324 0.038084994216
0 0.35680001625 0.580599999283 0.0242219407668 0.0161479605112
0 0.266000018246 0.634739998092 0.03016380059 0.0201092003933
0 0.279200017956 0.616139998501 0.0346696375801 0.0231130917201
0 0.26720001822 0.687879996924 0.0257532367648 0.0171688245099
0 0.276400018018 0.699119996677 0.0208195114693 0.0138796743129
0 0.2590000184 0.7116999964 0.0276452450776 0.0184301633851
0 0.258600018409 0.727539996052 0.0230603600514 0.0153735733676
0 0.322000017015 0.742439995724 0.0500006034956 0.0333337356638
0 0.38320001567 0.753599995479 0.0368012633439 0.0245341755626
0 0.244200018726 0.773139995049 0.0300533905671 0.0200355937114
0 0.0922000220673 0.741639995742 0.0400951623591 0.0267301082394
0 0.205200019583 0.673639997237 0.0729008888007 0.0486005925338
0 0.198200019737 0.653099997689 0.0200418924911 0.0133612616607
0 0.210200019473 0.554899999848 0.0351528298307 0.0234352198871
0 0.208600019508 0.590919999056 0.0271797619615 0.0181198413077
0 0.193600019838 0.577199999357 0.0268488286941 0.0178992191294
0 0.153800020713 0.615839998508 0.0330182360554 0.0220121573703
0 0.112600021619 0.642439997923 0.0256621188158 0.0171080792106
0 0.121000021434 0.628079998239 0.0317686043362 0.0211790695575
0 0.107200021737 0.611139998611 0.0261356155626 0.0174237437084
0 0.151800020757 0.578399999331 0.0379129814683 0.0252753209789
0 0.180400020128 0.600799998838 0.0384978775751 0.0256652517167
0 0.208800019504 0.623759998334 0.0228707041251 0.0152471360834
0 0.162400020524 0.653679997676 0.0282700114704 0.0188466743136
0 0.0340000233468 0.588699999104 0.0198220617825 0.013214707855
0 0.0594000227884 0.628499998229 0.0241103435394 0.0160735623596
0 0.0286000234655 0.639759997982 0.0392014941365 0.0261343294243
0 0.08980002212 0.877899992746 0.137120146485 0.0914134309901
0 0.0224000236018 0.919679991828 0.0231991640497 0.0154661093665
0 0.0290000234567 0.906599992115 0.0297193903546 0.0198129269031
0 0.0338000233512 0.942379991329 0.0241994828141 0.0161329885428
0 0.0980000219398 0.923099991753 0.0227226992916 0.0151484661944
0 0.0472000230566 0.861859993099 0.0449552809727 0.0299701873152
0 0.152800020735 0.868499992953 0.0307853021703 0.0205235347802
0 0.209000019499 0.902979992195 0.0385804872248 0.0257203248165
0 0.110400021667 0.977259990562 0.0213619650135 0.014241310009
0 0.0298000234392 0.973939990635 0.0235365280084 0.0156910186723
0 0.0100000238745 0.969679990728 0.0222570183081 0.0148380122054
0 0.0322000233864 0.959499990952 0.025833274138 0.0172221827587
0 0.0502000229907 0.837939993625 0.0208915352118 0.0139276901412
0 0.0124000238217 0.76901999514 0.0266262278416 0.017750818561
0 0.0206000236414 0.793359994605 0.0274141359258 0.0182760906172
0 0.0230000235887 0.813859994154 0.0299842359023 0.0199894906015
0 0.019800023659 0.752459995504 0.0209312076304 0.0139541384203
0 0.0850000222256 0.792799994617 0.04093441704 0.02728961136
0 0.0624000227224 0.771419995087 0.0360889406158 0.0240592937439
0 0.0386000232457 0.783999994811 0.0238001863515 0.015866790901
0 0.0982000219354 0.809159994258 0.0263182471954 0.0175454981303
0 0.452200014153 0.882499992645 0.0204811581734 0.013654105449
0 0.483800013458 0.853859993275 0.0564277331774 0.0376184887849
0 0.536800012293 0.876099992786 0.0590846969532 0.0393897979688
0 0.510200012877 0.879919992702 0.04518520292 0.0301234686133
0 0.41500001497 0.784879994791 0.022348828793 0.0148992191954
0 0.440600014408 0.914199991948 0.0472697362368 0.0315131574912
0 0.451000014179 0.953419991086 0.0244569083334 0.0163046055556
0 0.576000011431 0.828959993822 0.0632632612232 0.0421755074821
0 0.565200011668 0.787779994728 0.0300659551486 0.0200439700991
0 0.507400012939 0.740739995762 0.027230811757 0.0181538745047
0 0.56740001162 0.700419996648 0.0230893476291 0.0153928984194
0 0.598000010947 0.722459996164 0.0477094965877 0.0318063310585
0 0.660400009575 0.743819995694 0.0385112336262 0.0256741557508
0 0.695400008806 0.826639993873 0.0234275030575 0.0156183353717
0 0.757600007438 0.852459993306 0.053375924956 0.0355839499707
0 0.777400007003 0.80131999443 0.0273123331359 0.0182082220906
0 0.928400003683 0.745979995647 0.021992667429 0.014661778286
0 0.90760000414 0.746559995634 0.0216241393509 0.0144160929006
0 0.781800006906 0.732699995939 0.124959214577 0.0833061430514
0 0.657400009641 0.846299993441 0.0787380767563 0.0524920511709
0 0.926600003723 0.827579993853 0.0274101785773 0.0182734523849
0 0.883000004681 0.901339992231 0.0446739134951 0.0297826089968
0 0.850800005389 0.955759991035 0.0222943163176 0.0148628775451
0 0.840800005609 0.966519990798 0.0198917111159 0.013261140744
0 0.881000004725 0.928839991626 0.0316904467035 0.021126964469
0 0.965200002874 0.900159992257 0.032440463176 0.0216269754507
0 0.891200004501 0.951759991122 0.0278133334547 0.0185422223031
0 0.966000002857 0.787599994732 0.0289917329011 0.0193278219341
0 0.988000002373 0.758959995361 0.0321982734484 0.0214655156323
0 0.400400015291 0.992579990225 0.0199774866444 0.0133183244296
0 0.599400010916 0.985099990389 0.0206456849369 0.0137637899579
0 0.601000010881 0.962539990885 0.0201609097469 0.013440606498
0 0.617400010521 0.951319991132 0.030348410897 0.0202322739314
0 0.324200016967 0.942739991321 0.0295079690116 0.0196719793411
0 0.379000015762 0.930739991585 0.0307009117137 0.0204672744758
0 0.215200019363 0.97871999053 0.0436772552781 0.0291181701854
0 0.253000018532 0.970599990708 0.027418192208 0.0182787948053
0 0.16940002037 0.937979991425 0.0731388243786 0.0487592162524
0 0.0572000228368 0.948859991186 0.0225438271399 0.0150292180932
0 0.290200017714 0.518900000639 0.0389452558218 0.0259635038812
0 0.44640001428 0.565339999618 0.0967622161864 0.0645081441243
0 0.658400009619 0.0529200108837 0.0500250401226 0.0333500267484
0 0.448800014227 0.173280008238 0.11882829243 0.0792188616199
0 0.46460001388 0.333700004711 0.0337081008309 0.0224720672206
0 0.435200014526 0.340500004561 0.0298953934287 0.0199302622858
0 0.11480002157 0.962059990896 0.0791415284348 0.0527610189566
