0 0.396399997554 0.559039977771 0.171761808482 0.114507864769
0 0.789800014852 0.0121199897954 0.0221226692451 0.0147484451907
0 0.961000022379 0.0349999892924 0.0558953782451 0.037263583039
0 0.888800019205 0.0926599880247 0.0222981776738 0.014865450802
0 0.774600014183 0.0465399890387 0.0310375872307 0.0206917234557
0 0.770800014016 0.0294199894151 0.043036071566 0.028690712485
0 0.768200013902 0.10197998782 0.0451844174106 0.0301229429536
0 0.756600013392 0.0864799881606 0.0198782587532 0.0132521716281
0 0.950200021905 0.0867999881536 0.0198836011744 0.013255733242
0 0.935000021236 0.0890399881043 0.0209362560115 0.0139575030871
0 0.681000010068 0.0138799897567 0.0228559660169 0.015237309673
0 0.550800004343 0.0494399889749 0.0341640908172 0.0227760590426
0 0.502000002197 0.0630999886746 0.0260872404185 0.0173914924653
0 0.494200001854 0.034379989306 0.0668230039379 0.0445486663537
0 0.582000005715 0.0807399882868 0.0237199542399 0.0158133017836
0 0.550200004316 0.0329799893368 0.0306872629094 0.0204581739236
0 0.354199995698 0.0401999891781 0.0201437968719 0.0134291970289
0 0.335199994863 0.048119989004 0.0444857474426 0.0296571630057
0 0.345199995302 0.0641399886518 0.0265158213165 0.0176772130451
0 0.337599994968 0.086599988158 0.0253798642827 0.0169199084058
0 0.294599993077 0.0556799888377 0.046176821609 0.0307845457089
0 0.261199991609 0.040159989179 0.051045844899 0.0340305610215
0 0.220599989824 0.0383999892177 0.0523348524057 0.0348898993026
0 0.0581999826829 0.0471799890246 0.0593678530689 0.0395785661022
0 0.0723999833072 0.076999988369 0.0255926707258 0.0170617793585
0 0.0699999832017 0.10605998773 0.0639187054984 0.0426124675217
0 0.0315999815132 0.315099983134 0.0271637382834 0.0181091576612
0 0.0447999820937 0.362739982087 0.0211579664898 0.0141053100629
0 0.0137999807306 0.349999982367 0.0217220865914 0.0144813901058
0 0.119599985383 0.212879985382 0.0198116763561 0.0132077833663
0 0.143599986438 0.180739986088 0.0271116002101 0.018074398948
0 0.153799986886 0.307279983306 0.0377978276133 0.0251985500802
0 0.189799988469 0.295819983558 0.0242629025242 0.0161752672826
0 0.342399995179 0.112199987595 0.0319947710228 0.0213298459417
0 0.339399995047 0.129499987215 0.0219356845043 0.014623788705
0 0.331999994722 0.136719987056 0.0279308703892 0.0186205790314
0 0.341399995135 0.162159986497 0.0235724440555 0.0157149616671
0 0.367399996279 0.12197998738 0.0223966167304 0.0149310768355
0 0.402799997835 0.164199986452 0.0630497705892 0.0420331776205
0 0.367999996305 0.157159986607 0.0273749617868 0.0182499733209
0 0.346199995346 0.192299985834 0.100892613047 0.0672617375953
0 0.379599996815 0.239539984796 0.0230182173264 0.0153454772055
0 0.388599997211 0.262179984298 0.0309254953199 0.0206169955201
0 0.329199994599 0.265599984223 0.0217228780612 0.0144819177523
0 0.256199991389 0.266419984205 0.0235904499935 0.015726965625
0 0.238199990598 0.266999984192 0.0214534815273 0.0143023200749
0 0.239799990668 0.250159984562 0.0210943521045 0.0140629004754
0 0.220799989832 0.289459983698 0.0203559107789 0.0135706062909
0 0.201599988988 0.292279983636 0.0212049600093 0.0141366390738
0 0.181799988118 0.309799983251 0.0214671343813 0.014311421977
0 0.218599989736 0.335239982692 0.0456164609889 0.0304109719869
0 0.192799988601 0.336759982658 0.0397907485754 0.0265271639673
0 0.340999995118 0.33667998266 0.128011336486 0.0853408853618
0 0.305599993561 0.312899983183 0.0434206269562 0.0289470827282
0 0.39199999736 0.31027998324 0.0360884507078 0.0240589655517
0 0.329599994616 0.332759982746 0.0211782479035 0.0141188310045
0 0.423199998732 0.276659983979 0.0198867670536 0.013257843828
0 0.432599999145 0.275799983998 0.0437600685677 0.029173377121
0 0.432599999145 0.0789199883268 0.0201091700681 0.0134061124945
0 0.469400000764 0.109919987645 0.0278790291172 0.0185860181856
0 0.456400000192 0.105999987731 0.0293173276154 0.0195448837878
0 0.454800000122 0.177379986162 0.0665825949854 0.0443883937293
0 0.459800000341 0.243159984716 0.0314560768887 0.0209707165426
0 0.451599999981 0.259879984348 0.0324958703414 0.0216639121321
0 0.461200000403 0.221239985198 0.0271564171877 0.018104276931
0 0.493000001801 0.110379987635 0.0321781941495 0.0214521280181
0 0.464000000526 0.138759987011 0.0376226159858 0.0250817423362
0 0.46840000072 0.124359987328 0.0470063808955 0.0313375851968
0 0.640600008291 0.0707599885062 0.0244514702046 0.0163009790613
0 0.760800013577 0.148899986788 0.0229303641783 0.015286908444
0 0.801400015362 0.171139986299 0.0229540093387 0.0153026718832
0 0.797000015168 0.163739986462 0.0238071148518 0.0158714088544
0 0.786000014685 0.177519986159 0.0210821832563 0.0140547879105
0 0.731000012266 0.198899985689 0.0204118083337 0.013607871325
0 0.709400011316 0.239979984786 0.0255149088177 0.0170099380899
0 0.752400013207 0.272319984075 0.0245774128369 0.0163849408106
0 0.706000011167 0.266319984207 0.0227496122622 0.0151664071745
0 0.697400010789 0.262119984299 0.0254080603944 0.0169387058124
0 0.723000011914 0.298299983504 0.0235235707952 0.0156823794958
0 0.687400010349 0.301479983434 0.0248057518749 0.0165371668259
0 0.589600006049 0.32391998294 0.0271992554907 0.0181328357979
0 0.868400018308 0.219499985236 0.0221343434247 0.0147562279765
0 0.960200022344 0.218979985248 0.0211176015299 0.0140784000914
0 0.976000023039 0.272599984069 0.021986932174 0.0146579538159
0 0.968800022722 0.292519983631 0.0303970902932 0.0202647255255
0 0.947800021799 0.297419983523 0.0248648153089 0.0165765424459
0 0.948600021834 0.490779979272 0.0567219695198 0.0378146438525
0 0.893600019416 0.347859982414 0.0253304963538 0.0168869964554
0 0.845000017279 0.406679981121 0.0198958689563 0.0132639117627
0 0.823600016338 0.467519979783 0.0333150415868 0.0222100262596
0 0.904000019873 0.394359981392 0.0333252317605 0.0222168197083
0 0.908400020067 0.448459980202 0.0485768548507 0.0323845677645
0 0.829600016602 0.486659979363 0.0282800075058 0.0188533370937
0 0.804200015485 0.491699979252 0.0335800850368 0.0223867218814
0 0.777400014306 0.489279979305 0.0289069505229 0.0192712990776
0 0.826000016443 0.323819982943 0.0199415763374 0.0132943833481
0 0.775800014236 0.348299982404 0.0389487236395 0.0259658140471
0 0.796600015151 0.391439981456 0.025056351001 0.0167042328989
0 0.731200012275 0.359499982158 0.0200515906399 0.0133677262116
0 0.740200012671 0.373259981856 0.0249449516264 0.0166299666541
0 0.731400012284 0.400139981265 0.0233364871206 0.0155576570543
0 0.716000011607 0.330259982801 0.0254644526178 0.0169763006255
0 0.608800006893 0.449299980184 0.0369455135699 0.0246303407554
0 0.588800006014 0.429999980608 0.0240804687348 0.0160536447644
0 0.616400007227 0.471659979692 0.0247793365702 0.0165195566239
0 0.7636000137 0.382419981654 0.0404655755156 0.0269770485645
0 0.52140000305 0.321999982983 0.0242116548545 0.0161411021718
0 0.526800003287 0.329899982809 0.0258906591064 0.0172604382658
0 0.416799998451 0.29571998356 0.0420671146606 0.0280447412573
0 0.601400006568 0.28165998387 0.0598869583255 0.0399246362504
0 0.44339999962 0.38213998166 0.0464507690943 0.0309671773537
0 0.392999997404 0.409799981052 0.0305786336791 0.0203857544415
0 0.412999998284 0.457419980005 0.0327394451731 0.0218262953425
0 0.42679999889 0.470319979722 0.040515141312 0.0270100924265
0 0.348799995461 0.462359979897 0.0278029490824 0.0185352981658
0 0.308799993702 0.425659980704 0.0266836129145 0.0177890741031
0 0.40859999809 0.374659981825 0.023343214614 0.0155621420496
0 0.419599998574 0.354939982258 0.0295158876021 0.0196772571035
0 0.408999998108 0.395659981363 0.0278193720808 0.0185462468307
0 0.420599998618 0.407959981093 0.0233130398277 0.0155420255267
0 0.433599999189 0.412899980984 0.0528913546105 0.035260900748
0 0.470400000808 0.418239980867 0.02185802153 0.0145720133922
0 0.378599996771 0.392319981437 0.0274736976447 0.0183157972218
0 0.38039999685 0.432979980543 0.0206384654983 0.0137589760914
0 0.259599991539 0.448439980203 0.027132178425 0.018088117757
0 0.16479998737 0.420199980824 0.0221190086973 0.0147460048256
0 0.117599985295 0.434799980503 0.0223700035583 0.0149133347219
0 0.0679999831138 0.445779980261 0.0226550316209 0.0151033534178
0 0.0853999838789 0.427599980661 0.0250627816932 0.0167085200268
0 0.0945999842834 0.44309998032 0.028015953393 0.0186773010301
0 0.067799983105 0.435339980491 0.026925110138 0.0179500722414
0 0.0127999806866 0.699539974682 0.025583964558 0.017055975247
0 0.0219999810911 0.580259977305 0.0248227684756 0.0165485112256
0 0.072599983316 0.569419977543 0.0434548580252 0.0289699034394
0 0.0447999820937 0.553219977899 0.0197941650867 0.0131961091875
0 0.14819998664 0.528959978433 0.0271063567227 0.0180709032899
0 0.100799984556 0.528259978448 0.0221182172275 0.0147454771791
0 0.144599986482 0.567219977591 0.0362718738344 0.0241812476281
0 0.13659998613 0.591199977064 0.0266977604373 0.0177985057843
0 0.1631999873 0.580219977306 0.0205332989484 0.0136888650627
0 0.0981999844417 0.608579976682 0.0373486685005 0.0248991106914
0 0.127999985752 0.613279976579 0.0419067430919 0.0279378268853
0 0.109199984925 0.565399977631 0.0481615310719 0.0321076852636
0 0.114799985172 0.58683997716 0.0239948910624 0.0159965929865
0 0.0165999808537 0.617039976496 0.0221030803675 0.0147353859398
0 0.131999985928 0.656059975638 0.0280385102823 0.0186923389554
0 0.221399989859 0.671799975292 0.0291475573428 0.0194317036136
0 0.195599988724 0.674379975235 0.0257801501352 0.0171867656233
0 0.196799988777 0.602819976809 0.0281455565731 0.0187637031445
0 0.17479998781 0.640359975983 0.0234683657764 0.0156455761524
0 0.142799986403 0.503399978995 0.0278538010172 0.0185691994534
0 0.132399985945 0.541679978153 0.0199498867704 0.0132999236364
0 0.157399987045 0.513019978783 0.0218066749265 0.0145377823255
0 0.167399987484 0.497359979127 0.0223639686011 0.0149093114174
0 0.0923999841867 0.581319977281 0.0206477652685 0.0137651759378
0 0.157799987062 0.617519976486 0.0274967492027 0.0183311649261
0 0.173599987757 0.602199976822 0.0250505139112 0.016700341506
0 0.156399987001 0.59229997704 0.0245350692025 0.0163567117228
0 0.163799987326 0.554139977879 0.0206612202552 0.0137741459283
0 0.182799988162 0.576459977388 0.0272311121503 0.0181540735695
0 0.205799989173 0.583299977238 0.0355234402026 0.0236822919064
0 0.19139998854 0.630139976208 0.0283235383449 0.0188823576512
0 0.173999987775 0.672199975283 0.0830187515685 0.0553458307286
0 0.213999989533 0.68919997491 0.0268612978852 0.0179075307423
0 0.233799990404 0.658279975589 0.02382937494 0.0158862489122
0 0.2427999908 0.673919975246 0.0259022343522 0.0172681550959
0 0.315999994018 0.534279978316 0.025894022853 0.0172626807634
0 0.331199994687 0.501099979045 0.028353020595 0.0189020124833
0 0.350399995531 0.517839978677 0.0307244619902 0.0204829733091
0 0.243399990826 0.624199976339 0.0255173821609 0.0170115869852
0 0.306599993605 0.518919978653 0.0223012446192 0.0148674954322
0 0.233399990386 0.567679977581 0.0392295964856 0.0261530625988
0 0.465200000579 0.500919979049 0.0221924175214 0.0147949440385
0 0.642600008379 0.668299975369 0.0303983764316 0.0202655829511
0 0.574600005389 0.655619975648 0.0454894300857 0.0303262847236
0 0.527000003296 0.640319975984 0.0205844476843 0.0137229642178
0 0.482200001326 0.640739975975 0.0432295859327 0.0288197220543
0 0.487600001564 0.537619978242 0.0458127454999 0.0305418283189
0 0.618200007306 0.65279997571 0.0278802163219 0.0185868096554
0 0.60600000677 0.642859975928 0.0370600788238 0.0247067175863
0 0.629400007799 0.63459997611 0.0264061038151 0.017604068049
0 0.649200008669 0.566699977603 0.0809258086101 0.053950535515
0 0.642800008388 0.517099978693 0.112716182556 0.0751441167481
0 0.714200011528 0.528019978453 0.0292799306672 0.0195199524907
0 0.84640001734 0.683679975031 0.0199359371151 0.0132906238668
0 0.81500001596 0.686059974979 0.0257956827301 0.0171971206858
0 0.720200011791 0.675119975219 0.0254132049481 0.0169421355147
0 0.714600011545 0.687859974939 0.0238090935263 0.0158727279707
0 0.710600011369 0.703699974591 0.0344257705206 0.0229505121667
0 0.69880001085 0.620599976418 0.0323745775942 0.0215830503059
0 0.781600014491 0.641259975964 0.0199994525667 0.0133329674984
0 0.804600015502 0.618059976474 0.0436929915019 0.0291286590801
0 0.818400016109 0.637919976037 0.0268280561535 0.0178853695893
0 0.809600015722 0.645339975874 0.0394074793237 0.0262716511497
0 0.770800014016 0.662599975494 0.0477106900858 0.031807124626
0 0.71040001136 0.651539975738 0.0494058205349 0.0329372115175
0 0.662200009241 0.659579975561 0.0290062799831 0.0193375187133
0 0.67560000983 0.689359974906 0.0216133584273 0.0144089046679
0 0.663200009285 0.677619975164 0.0237250987936 0.0158167314858
0 0.593600006225 0.705219974557 0.0407516918491 0.0271677927742
0 0.598400006436 0.673439975256 0.0330703784842 0.0220469175353
0 0.784000014597 0.604519976771 0.0487740297652 0.0325160176988
0 0.770800014016 0.587539977145 0.0593629063826 0.0395752683115
0 0.756800013401 0.566299977612 0.0360609471321 0.0240406298358
0 0.738200012583 0.579899977313 0.0362256717847 0.0241504462636
0 0.75860001348 0.617719976481 0.0275999370782 0.0183999568385
0 0.898000019609 0.50361997899 0.0241435884515 0.0160957245727
0 0.988800023602 0.655319975655 0.0223065870404 0.0148710570461
0 0.876600018668 0.652579975715 0.0340321132277 0.0226880739887
0 0.882800018941 0.66733997539 0.0338326628375 0.0225551070707
0 0.866000018202 0.608719976679 0.0245323979919 0.0163549309159
0 0.978400023145 0.600299976864 0.0214351787881 0.0142901182495
0 0.91440002033 0.6259799763 0.0203832164871 0.0135888100951
0 0.990400023672 0.701579974637 0.0206896142343 0.0137930752465
0 0.900000019697 0.686759974963 0.0208776872461 0.0139184572461
0 0.814200015925 0.714859974345 0.0400120633189 0.0266747071199
0 0.839600017041 0.757159973416 0.0278327281338 0.0185551508653
0 0.858200017859 0.638439976026 0.0229454021046 0.0152969337275
0 0.969000022731 0.852639971316 0.0258384220994 0.0172256135968
0 0.979800023206 0.803859972389 0.022054998577 0.0147033314149
0 0.967000022643 0.817679972085 0.0280200096757 0.0186800052184
0 0.977400023101 0.743359973719 0.0265541086681 0.0177027379445
0 0.91280002026 0.764739973249 0.0266401810091 0.0177601195014
0 0.923600020735 0.778379972949 0.0229994199186 0.0153329456011
0 0.907200020014 0.779419972926 0.0248926156857 0.0165950760292
0 0.94600002172 0.824679971931 0.0200744443305 0.0133829620043
0 0.965000022555 0.830239971809 0.0231257582858 0.0154171711737
0 0.954400022089 0.782339972862 0.0286536801862 0.0191024521975
0 0.924600020779 0.8442799715 0.0245191408727 0.016346092837
0 0.913800020304 0.837119971658 0.0343003225569 0.0228668801964
0 0.736000012486 0.790059972692 0.0292581652477 0.019505442212
0 0.775400014219 0.708539974484 0.0227369487454 0.0151579648305
0 0.838000016971 0.851519971341 0.0274075109825 0.0182716727832
0 0.814200015925 0.853999971286 0.0274605394592 0.0183070250987
0 0.925200020805 0.907899970101 0.0286616938179 0.0191077946183
0 0.743000012794 0.880879970696 0.086098459503 0.0573989692162
0 0.688000010376 0.838959971617 0.0227076643627 0.01513844191
0 0.601200006559 0.837759971644 0.0265648924442 0.0177099271281
0 0.654200008889 0.840239971589 0.0383241550318 0.0255494350027
0 0.628400007755 0.815399972135 0.0318730825407 0.0212487202923
0 0.680400010041 0.830339971807 0.0297539221451 0.0198359467884
0 0.685400010261 0.80151997244 0.0295251873722 0.0196834569499
0 0.724200011967 0.819179972052 0.0618187382454 0.0412124894454
0 0.612000007034 0.78467997281 0.0214199429944 0.0142799610544
0 0.598400006436 0.73831997383 0.0244308919898 0.0162872602523
0 0.555200004536 0.729279974028 0.0340445788771 0.0226963844211
0 0.544800004079 0.800659972459 0.0221352338282 0.0147568215788
0 0.693000010595 0.775939973003 0.108020787954 0.0720138538865
0 0.686400010305 0.728819974039 0.0255252968589 0.0170168634502
0 0.63420000801 0.764399973256 0.0247015746621 0.0164677153553
0 0.6408000083 0.779619972922 0.0243808315248 0.0162538866111
0 0.643600008423 0.723699974151 0.0212476004449 0.014165066029
0 0.479400001203 0.762059973308 0.040413932111 0.0269426196303
0 0.466200000623 0.788239972732 0.0213694867945 0.01424632359
0 0.528400003358 0.823439971958 0.031244556584 0.0208297030155
0 0.409199998117 0.751019973551 0.0243772699107 0.0162515122019
0 0.40359999787 0.744099973703 0.0317738520143 0.0211825666124
0 0.387999997184 0.72191997419 0.0331415118326 0.0220943397645
0 0.407399998037 0.825159971921 0.0443355660477 0.0295570420823
0 0.483600001388 0.814539972154 0.0245222078182 0.0163481374672
0 0.240599990703 0.777639972965 0.0302230658704 0.0201487092513
0 0.206999989226 0.748239973612 0.0394382477122 0.0262921634074
0 0.127599985734 0.691959974849 0.0246014537322 0.016400968073
0 0.0215999810735 0.929519969626 0.031323406763 0.0208822697981
0 0.0439999820585 0.740679973778 0.0318216370036 0.0212144232698
0 0.0545999825246 0.316559983102 0.0477284981564 0.0318189966723
0 0.31899999415 0.444319980293 0.0287321346303 0.0191547551569
0 0.0341999816276 0.620779976414 0.0281940340985 0.0187960214926
0 0.0775999835359 0.607079976715 0.0326992780806 0.0217995172826
0 0.112399985066 0.652419975718 0.0330182404109 0.0220121588221
0 0.783600014579 0.51543997873 0.0209776103086 0.0139850726167
