0 0.752000007561 0.0478639701812 0.141573143535 0.0943821019153
0 0.710800008467 0.625779995593 0.131803440096 0.0878689658598
0 0.387200015582 0.59570999427 0.150220938752 0.100147299106
0 0.332400016786 0.678663997918 0.218967992176 0.145978671079
0 0.0412000231885 0.875585806577 0.0199086274676 0.0132724191872
0 0.0850000222256 0.822010604221 0.0395828809864 0.0263885890648
0 0.110000021676 0.983099491304 0.0228896978881 0.0152597995986
0 0.130000021236 0.987230111486 0.0208197079635 0.0138798062245
0 0.112800021614 0.88861600715 0.0215512237836 0.01436748347
0 0.133800021153 0.814699603899 0.0406221795649 0.0270814548295
0 0.160400020568 0.791608002884 0.0217755064944 0.0145170052871
0 0.126600021311 0.786330002652 0.0208788703195 0.0139192477978
0 0.127800021285 0.857955805801 0.0425403062513 0.028360206038
0 0.101800021856 0.86543200613 0.0309710976391 0.0206473997879
0 0.203600019618 0.794302003003 0.0365440332818 0.0243626904614
0 0.451800014161 0.928345208896 0.0267724501025 0.0178483012455
0 0.412200015032 0.824444604328 0.0209031090774 0.0139354069708
0 0.354400016303 0.801209003306 0.0203631289117 0.0135754201698
0 0.370800015942 0.839420004986 0.0345138147069 0.0230092113222
0 0.40320001523 0.956240610123 0.0237618974377 0.0158412660033
0 0.270800018141 0.905956007912 0.192904896744 0.128603272978
0 0.642200009975 0.869465006307 0.0236715709644 0.0157810483504
0 0.561800011743 0.92273580865 0.0295347780996 0.0196898533651
0 0.612400010631 0.951836209929 0.05359496066 0.0357299761299
0 0.762200007337 0.796668003107 0.020222840917 0.0134818948339
0 0.881200004721 0.891969007297 0.0208665036063 0.0139110033217
0 0.95900000301 0.594511994218 0.019884982312 0.013256655749
0 0.918400003903 0.597777994361 0.0261762755918 0.0174508515455
0 0.885600004624 0.604007994635 0.0273055049088 0.0182036711399
0 0.840000005627 0.618337995265 0.0269734833925 0.0179823234477
0 0.828200005886 0.667863997443 0.0236880928932 0.0157920629704
0 0.799600006515 0.747258000934 0.0244834209534 0.0163222817122
0 0.706800008555 0.569209993105 0.036628027998 0.0244186869425
0 0.32860001687 0.768696001877 0.0201521033174 0.013434736431
0 0.35180001636 0.63527799601 0.0220616227713 0.0147077494843
0 0.457600014034 0.601189994511 0.0253666021443 0.0169110692116
0 0.229600019046 0.731946000261 0.0267710650306 0.0178473778642
0 0.212400019425 0.774976002153 0.0206987120414 0.0137991422711
0 0.0796000223443 0.642523996329 0.0264907858423 0.0176605250597
0 0.0308000234172 0.625217995568 0.0313859266672 0.0209239524915
0 0.0148000237689 0.655039996879 0.0221863781742 0.0147909197584
0 0.0532000229247 0.701195998909 0.0219974147963 0.0146649441648
0 0.046000023083 0.717031999605 0.0289382078542 0.0192921398419
0 0.0788000223619 0.667519997428 0.0261627216742 0.0174418155998
0 0.112800021614 0.643369996366 0.0200485197275 0.0133656806999
0 0.160400020568 0.610299994912 0.0225476840675 0.0150317903698
0 0.0554000228763 0.590795994054 0.0482374036946 0.0321582712508
0 0.213800019394 0.589753994008 0.0279447155814 0.0186298116164
0 0.236600018893 0.582201993676 0.0267566207095 0.0178377483162
0 0.228400019073 0.561267992756 0.0287010637616 0.0191340437697
0 0.191000019895 0.618647995279 0.0335204213679 0.0223469490525
0 0.0684000225905 0.717177999611 0.0236724613677 0.0157816419527
0 0.0814000223047 0.708691999238 0.0258858062319 0.0172572052928
0 0.128600021267 0.440317987438 0.0261682619617 0.0174455091251
0 0.0542000229027 0.450777987898 0.0218042962028 0.0145361984273
0 0.0570000228412 0.463293988448 0.0345122317676 0.0230081560293
0 0.134800021131 0.384401984979 0.0248056480329 0.0165370997793
0 0.0922000220673 0.356733983762 0.0629521105461 0.0419680764655
0 0.204000019609 0.314167981891 0.0243014818686 0.016200988981
0 0.200200019693 0.331775982665 0.0373728009346 0.0249152022663
0 0.283800017855 0.323809982315 0.0273255884511 0.0182170601689
0 0.278000017982 0.322083982239 0.0273788147848 0.0182525443937
0 0.235600018915 0.30208598136 0.0260835747096 0.0173890509533
0 0.118400021491 0.291523980895 0.0274978320327 0.0183318892309
0 0.0378000232633 0.273731980113 0.0658857917216 0.0439238640448
0 0.234800018932 0.259299979478 0.0210853449634 0.0140568975694
0 0.224200019165 0.536625991672 0.0338164310154 0.0225442888305
0 0.238600018849 0.533799991548 0.0576952680932 0.038463514599
0 0.220000019258 0.510625990529 0.0593792186981 0.0395861484097
0 0.195400019798 0.490231989632 0.0327274677166 0.0218183132501
0 0.299000017521 0.549743992249 0.0224634914839 0.014975661977
0 0.3818000157 0.464807988514 0.028134470429 0.0187563148564
0 0.377600015793 0.343291983171 0.0312817494751 0.0208545010255
0 0.408800015107 0.4371939873 0.0264252917291 0.0176168623147
0 0.378600015771 0.517937990851 0.0735697747768 0.0490465197527
0 0.461000013959 0.503041990196 0.0259294359961 0.0172862918042
0 0.470600013748 0.524165991124 0.0228756493019 0.0152504338738
0 0.290600017705 0.456111988132 0.040161939966 0.0267746284099
0 0.374200015867 0.393009985357 0.022813420001 0.0152089476705
0 0.350600016386 0.379039984743 0.0234147390643 0.0156098270724
0 0.362000016136 0.425657986793 0.0301155189521 0.020077013959
0 0.479000013563 0.402765985786 0.0210975138092 0.0140650101338
0 0.650800009786 0.340653983055 0.0308337776556 0.0205558531262
0 0.724600008164 0.539347991792 0.0207230497331 0.0138153673999
0 0.697200008766 0.503719990225 0.0444473523625 0.0296315701961
0 0.945000003318 0.436351987263 0.0208028892336 0.0138685937371
0 0.938600003459 0.462045988393 0.0561145053433 0.0374096726963
0 0.941600003393 0.416645986397 0.0547092509874 0.0364728363972
0 0.970600002755 0.272563980061 0.0225002948224 0.0150001975376
0 0.983800002465 0.236755978487 0.0481540025807 0.0321026705045
0 0.983200002478 0.129923973789 0.0256959524506 0.0171306360969
0 0.760200007381 0.323595982305 0.0618429647714 0.0412286459002
0 0.783600006867 0.210121977316 0.0240805629038 0.0160537096613
0 0.484200013449 0.283179980528 0.0296164973405 0.0197443328626
0 0.507000012948 0.291671980902 0.0389508924744 0.0259672633623
0 0.49600001319 0.32483798236 0.0285871910663 0.0190581286345
0 0.47960001355 0.208015977223 0.0980250985578 0.0653500700154
0 0.496800013172 0.160091975116 0.0237535870064 0.0158357257154
0 0.570800011545 0.121823973433 0.0444690188441 0.0296460145181
0 0.518600012693 0.159389975085 0.0274505417214 0.0183003623546
0 0.536800012293 0.0632419708574 0.0198065278833 0.0132043527931
0 0.577600011396 0.0618059707943 0.0511383378135 0.0340922274576
0 0.570400011554 0.0874719719228 0.0249477168343 0.0166318123198
0 0.477600013594 0.0658499709721 0.034826445217 0.023217631676
0 0.421600014825 0.105061972696 0.0233107597396 0.0155405075181
0 0.388000015564 0.150097974677 0.0420305008657 0.0280203357586
0 0.29040001771 0.127697973692 0.032644957006 0.0217633061061
0 0.0678000226037 0.194593976633 0.0382691403083 0.0255127618883
0 0.0526000229379 0.190063976434 0.0235883677179 0.0157255795158
0 0.0410000231929 0.164679975318 0.0204191253891 0.0136127511572
0 0.0286000234655 0.191999976519 0.0207985361505 0.0138656916815
0 0.0260000235227 0.185729976243 0.0228263803165 0.0152175878813
0 0.196600019772 0.129125973754 0.066342865442 0.0442285798785
0 0.132400021183 0.0512379703296 0.027389499625 0.018259667621
0 0.406000015168 0.0756759714041 0.0332424176548 0.0221616132316
0 0.403000015234 0.107257972793 0.0279431326421 0.0186287563234
0 0.441800014381 0.0817739716723 0.0714009500802 0.0476006365263
0 0.474000013673 0.119139973315 0.0235166407812 0.0156777615548
0 0.485000013431 0.0282299693179 0.0634847696177 0.0423231825366
0 0.525400012543 0.0953699722701 0.0479707773577 0.0319805203478
0 0.61060001067 0.06944197113 0.0512182762477 0.0341455197506
0 0.684600009043 0.0790679715533 0.0676629378773 0.0451086282267
0 0.640400010015 0.034281969584 0.0278057137249 0.0185371437059
0 0.621600010428 0.135695974043 0.0394932470491 0.0263288331026
0 0.966600002843 0.0323539694992 0.0594672696962 0.0396448490789
0 0.338200016659 0.566095992968 0.132171473482 0.0881143214661
0 0.0418000231753 0.698287998781 0.0271479035156 0.0180986035375
0 0.422600014803 0.210687977341 0.0786493280291 0.052432888811
0 0.98360000247 0.0134819686694 0.0201040215364 0.0134026819083
