0 0.863199983131 0.7389939958 0.226652188048 0.151101458698
0 0.262599996336 0.9163939919 0.230844009435 0.15389600629
0 0.385799993627 0.302230005403 0.204256563609 0.136171042406
0 0.0320000014055 0.224898007103 0.0484527855677 0.0323018570451
0 0.109199999708 0.210868007411 0.116407384491 0.0776049229943
0 0.090200000126 0.241506006738 0.0215131357258 0.0143420904838
0 0.0150000017793 0.121835809369 0.0216994279059 0.0144662852706
0 0.0496000010186 0.121641809373 0.0254496092019 0.0169664061346
0 0.0434000011549 0.105308809732 0.0323838730926 0.0215892487284
0 0.0626000007328 0.0609842107064 0.0219841591297 0.0146561060865
0 0.0546000009086 0.180181808086 0.0640118926237 0.0426745950825
0 0.0280000014935 0.168871408334 0.0311186098468 0.0207457398979
0 0.142399998978 0.0966406099225 0.0204551386071 0.0136367590714
0 0.153999998723 0.124397009312 0.0227958113049 0.0151972075366
0 0.28739999579 0.0349680112784 0.0215771458376 0.0143847638917
0 0.236599996907 0.0557868108207 0.0298355385328 0.0198903590219
0 0.193999997844 0.122720809349 0.0213804656177 0.0142536437451
0 0.217599997325 0.20134800762 0.0207387815601 0.0138258543734
0 0.304199995421 0.210736007414 0.0274641963842 0.0183094642561
0 0.303999995426 0.194623607768 0.0322383416019 0.0214922277346
0 0.342599994577 0.192923407806 0.0276560288522 0.0184373525682
0 0.344199994542 0.205534007528 0.0287223364027 0.0191482242685
0 0.175799998244 0.197089007714 0.0488484214829 0.032565614322
0 0.229599997061 0.0855130101671 0.0205657464974 0.0137104976649
0 0.244599996731 0.0887612100957 0.0235297015823 0.0156864677215
0 0.261599996358 0.108314209666 0.0262069467691 0.0174712978461
0 0.273199996103 0.0922106100199 0.0246342964794 0.0164228643196
0 0.286799995804 0.0802356102832 0.0223444757097 0.0148963171398
0 0.259799996397 0.0689586105311 0.021124227303 0.014082818202
0 0.365799994067 0.0174475716636 0.0230758926443 0.0153839284295
0 0.310999995272 0.14085560895 0.0205304271621 0.0136869514414
0 0.269999996173 0.149468808761 0.0304265685297 0.0202843790198
0 0.410599993082 0.0967396099203 0.0326197310626 0.021746487375
0 0.391799993495 0.113737609547 0.0322133113727 0.0214755409151
0 0.388999993557 0.126108609275 0.0227139931249 0.0151426620833
0 0.425799992748 0.0601566107246 0.0260774425398 0.0173849616932
0 0.421999992831 0.0397198111739 0.0221342415712 0.0147561610475
0 0.466799991846 0.0234846115308 0.0218671205482 0.0145780803654
0 0.433799992572 0.0240422115186 0.041177497171 0.0274516647807
0 0.480199991552 0.0438570110829 0.0220170051222 0.0146780034148
0 0.510799990879 0.0891960100862 0.133298337182 0.088865558121
0 0.5143999908 0.0107346718112 0.0281273490573 0.0187515660382
0 0.512999990831 0.0340890112977 0.0351881491659 0.0234587661106
0 0.456599992071 0.109765609634 0.0289512690128 0.0193008460086
0 0.412799993034 0.115378409511 0.0261077162557 0.0174051441705
0 0.416199992959 0.12359260933 0.0284236555255 0.0189491036837
0 0.382799993693 0.141894008928 0.0309985043201 0.0206656695468
0 0.395999993403 0.15859640856 0.0332090791863 0.0221393861242
0 0.496999991182 0.199507407661 0.0329902378149 0.0219934918766
0 0.56759998963 0.203618007571 0.034407364309 0.0229382428726
0 0.556999989863 0.188661807899 0.0207860718746 0.0138573812497
0 0.58579998923 0.190296407863 0.0417285579481 0.0278190386321
0 0.608399988733 0.19635320773 0.0252076173418 0.0168050782279
0 0.602799988856 0.204786007545 0.0563425512511 0.0375617008341
0 0.630599988245 0.195958007739 0.0292210612461 0.0194807074974
0 0.470399991767 0.155060408638 0.139101788741 0.0927345258275
0 0.32379999499 0.237204006832 0.0752377030837 0.0501584687225
0 0.460999991974 0.228590007022 0.0290284373084 0.0193522915389
0 0.514199990804 0.220428007201 0.073159996193 0.0487733307954
0 0.561399989767 0.249940006552 0.105508846751 0.0703392311677
0 0.441799992396 0.266024006199 0.0262536434813 0.0175024289875
0 0.44479999233 0.282000005847 0.0254727596906 0.0169818397937
0 0.664599987498 0.0886282100986 0.0220873469916 0.0147248979944
0 0.647599987871 0.214320007335 0.0255749582153 0.0170499721436
0 0.593199989067 0.0315198113542 0.0308565344431 0.0205710229621
0 0.628199988298 0.287606005724 0.0929425834244 0.0619617222829
0 0.645199987924 0.343660004492 0.0345929639531 0.0230619759687
0 0.518199990716 0.292228005622 0.0208318781833 0.0138879187889
0 0.441799992396 0.254738006447 0.0273170819541 0.0182113879694
0 0.492799991275 0.324948004903 0.0288536214389 0.0192357476259
0 0.457799992044 0.362546004076 0.0276178404393 0.0184118936262
0 0.49439999124 0.399038003274 0.0236755298741 0.0157836865827
0 0.573999989489 0.410312003026 0.0310933817502 0.0207289211668
0 0.573399989503 0.421842002773 0.0212924146138 0.0141949430759
0 0.601399988887 0.449494002165 0.118242604853 0.0788284032356
0 0.558199989837 0.447684002205 0.0261815208051 0.0174543472034
0 0.555399989898 0.461018001912 0.0272418923328 0.0181612615552
0 0.673999987291 0.425332002696 0.0548756610998 0.0365837740665
0 0.65039998781 0.41377400295 0.0789035928569 0.0526023952379
0 0.598799988944 0.409198003051 0.0362298222221 0.0241532148147
0 0.440399992427 0.426336002674 0.0251875337982 0.0167916891988
0 0.438999992458 0.41243200298 0.0209579197327 0.0139719464885
0 0.428199992695 0.391016003451 0.0478316797223 0.0318877864815
0 0.446199992299 0.478036001537 0.0233506315631 0.0155670877088
0 0.479199991574 0.48929800129 0.0403143994654 0.0268762663103
0 0.488599991367 0.47428000162 0.0369656911737 0.0246437941158
0 0.422599992818 0.367754003962 0.0272030113839 0.0181353409226
0 0.692599986882 0.478048001537 0.033489061592 0.0223260410613
0 0.563199989727 0.533170000325 0.0283379789307 0.0188919859538
0 0.307399995351 0.25142400652 0.0225784539391 0.0150523026261
0 0.313199995223 0.358232004171 0.0246544789567 0.0164363193045
0 0.277599996006 0.276458005969 0.0241278548065 0.0160852365376
0 0.215399997373 0.290234005666 0.0276371325132 0.0184247550088
0 0.263799996309 0.380442003683 0.019799208095 0.0131994720633
0 0.348799994441 0.362438004079 0.027410970047 0.0182739800314
0 0.31379999521 0.307698005282 0.0233607228018 0.0155738152012
0 0.144799998926 0.379604003701 0.0246397378336 0.0164264918891
0 0.115199999576 0.402770003192 0.0231660212561 0.0154440141707
0 0.0704000005613 0.377738003742 0.0225019781796 0.0150013187864
0 0.0652000006756 0.368880003937 0.0254908645599 0.0169939097066
0 0.0746000004689 0.362246004083 0.0200992740442 0.0133995160295
0 0.0270000015154 0.348988004375 0.025728404403 0.017152269602
0 0.0172000017309 0.341156004547 0.0210730785737 0.0140487190492
0 0.081600000315 0.283184005821 0.0206221387134 0.0137480924756
0 0.0728000005085 0.257150006394 0.0216816198377 0.0144544132251
0 0.0474000010669 0.243990006683 0.0601898854526 0.0401265903017
0 0.0718000005305 0.240658006756 0.021513729328 0.0143424862187
0 0.0973999999677 0.261494006298 0.0237077822643 0.0158051881762
0 0.150799998794 0.240104006768 0.0342877534509 0.0228585023006
0 0.167599998424 0.248604006582 0.0586482014148 0.0390988009432
0 0.133999999163 0.281786005852 0.0281320978755 0.018754731917
0 0.158199998631 0.311146005207 0.0419048578234 0.0279365718822
0 0.167599998424 0.340840004554 0.0246240073733 0.0164160049156
0 0.119199999488 0.355594004229 0.0230506645476 0.0153671096984
0 0.352199994366 0.394056003384 0.0353797837665 0.023586522511
0 0.330799994836 0.435380002475 0.0563659985409 0.0375773323606
0 0.307599995346 0.414896002926 0.0267494003133 0.0178329335422
0 0.289599995742 0.438954002397 0.0735841250174 0.0490560833449
0 0.257799996441 0.424750002709 0.0393266452825 0.0262177635216
0 0.145999998899 0.431922002551 0.03031784038 0.0202118935866
0 0.0768000004206 0.443656002293 0.0416350655901 0.0277567103934
0 0.0920000000864 0.458124001975 0.0206325267532 0.0137550178354
0 0.104799999805 0.491164001249 0.0234991310652 0.0156660873768
0 0.0598000007943 0.508620000865 0.0256394629957 0.0170929753305
0 0.180799998134 0.484766001389 0.0233396499211 0.0155597666141
0 0.187599997985 0.498336001091 0.0243687583958 0.0162458389305
0 0.202999997646 0.512596000778 0.0210097609979 0.0140065073319
0 0.317399995131 0.497848001102 0.0276011206419 0.0184007470946
0 0.353399994339 0.499932001056 0.0202988233418 0.0135325488945
0 0.366199994058 0.519728000621 0.0260415296023 0.0173610197348
0 0.392199993486 0.51383400075 0.0212979549017 0.0141986366011
0 0.313599995214 0.45743800199 0.024833845777 0.0165558971847
0 0.307999995338 0.465888001804 0.0198173129643 0.0132115419762
0 0.194999997822 0.318394005047 0.024738275811 0.016492183874
0 0.243799996749 0.345852004444 0.0969458371563 0.0646305581042
0 0.0474000010669 0.384838003586 0.0203713417529 0.0135808945019
0 0.192999997866 0.225094007098 0.0344433761802 0.0229622507868
0 0.0954000000116 0.618551998448 0.0251326255879 0.0167550837253
0 0.0516000009746 0.599607998865 0.047018345674 0.0313455637827
0 0.109599999699 0.572451999462 0.0250203358246 0.016680223883
0 0.105199999796 0.581917999254 0.0250733642943 0.0167155761962
0 0.0999999999105 0.587191999138 0.292651856818 0.195101237878
0 0.145999998899 0.666617997391 0.0300591287225 0.0200394191483
0 0.121799999431 0.651843997716 0.0261545119016 0.0174363412678
0 0.105199999796 0.641987997933 0.0290366488065 0.019357765871
0 0.167599998424 0.614167998545 0.0340040115642 0.0226693410428
0 0.210399997483 0.62621599828 0.0392056493524 0.0261370995683
0 0.274399996076 0.629975998197 0.0266162355366 0.0177441570244
0 0.285799995826 0.606437998714 0.0245819605456 0.0163879736971
0 0.252799996551 0.639237997993 0.0420835321077 0.0280556880718
0 0.297799995562 0.575949999385 0.0275635258313 0.0183756838875
0 0.27739999601 0.552749999895 0.0224497411795 0.0149664941197
0 0.25739999645 0.562543999679 0.0229847746953 0.0153231831302
0 0.346799994485 0.561877999694 0.0361364287977 0.0240909525318
0 0.341599994599 0.581885999254 0.0208506755886 0.0139004503924
0 0.330399994845 0.590311999069 0.0215798170478 0.0143865446985
0 0.348999994436 0.606373998716 0.023468956283 0.0156459708553
0 0.332599994797 0.628411998231 0.0201845549042 0.0134563699361
0 0.301399995483 0.620387998408 0.033666449738 0.0224442998253
0 0.288199995773 0.632061998151 0.0231076503659 0.0154051002439
0 0.279599995962 0.596877998925 0.0299862145765 0.0199908097177
0 0.373599993895 0.472670001655 0.0969958976147 0.0646639317431
0 0.331399994823 0.434016002505 0.0239432444994 0.0159621629996
0 0.394199993442 0.443238002302 0.0204301083779 0.0136200722519
0 0.453599992137 0.585389999177 0.0219361762793 0.0146241175195
0 0.467799991824 0.548479999989 0.0270124650541 0.0180083100361
0 0.503999991028 0.595395998957 0.0201582385367 0.0134388256911
0 0.455799992088 0.618969998439 0.02813674776 0.01875783184
0 0.39659999339 0.638805998003 0.115461578202 0.0769743854683
0 0.36699999404 0.628815998222 0.0707911273872 0.0471940849248
0 0.318399995109 0.682681997038 0.0592254796257 0.0394836530838
0 0.30699999536 0.66895199734 0.0632367469883 0.0421578313255
0 0.34519999452 0.685261996981 0.0213098269471 0.0142065512981
0 0.457399992053 0.672179997269 0.0238806194596 0.0159204129731
0 0.367799994023 0.705189996543 0.0202786408645 0.0135190939097
0 0.479599991565 0.646495997834 0.0242458827252 0.0161639218168
0 0.515399990778 0.706331996518 0.020021314279 0.0133475428526
0 0.534599990356 0.685205996983 0.0205422992076 0.0136948661384
0 0.503799991033 0.628135998237 0.019818104434 0.0132120696227
0 0.497399991174 0.617723998466 0.0222565236395 0.0148376824263
0 0.567999989621 0.657345997595 0.0200425850271 0.0133617233514
0 0.555199989903 0.636865998045 0.0222359454274 0.0148239636182
0 0.547999990061 0.703037996591 0.0275128717706 0.0183419145138
0 0.530599990444 0.756321995419 0.0203573920994 0.013571594733
0 0.525399990558 0.466966001781 0.0437682742933 0.0291788495289
0 0.461599991961 0.474338001619 0.0449496417511 0.0299664278341
0 0.666999987445 0.482830001432 0.0207060345014 0.0138040230009
0 0.571599989542 0.571883999474 0.0249867972961 0.0166578648641
0 0.577199989419 0.592751999015 0.0205625806186 0.0137083870791
0 0.540599990224 0.605383998738 0.0222048802417 0.0148032534945
0 0.55079999 0.615895998507 0.020504011861 0.0136693412406
0 0.662399987546 0.611805998596 0.0295274589529 0.0196849726353
0 0.692199986891 0.639873997979 0.0227791904413 0.0151861269608
0 0.751399985589 0.631341998167 0.024149323422 0.016099548948
0 0.825599983958 0.617657998468 0.0277648559357 0.0185099039571
0 0.80139998449 0.521286000587 0.0457999770078 0.0305333180052
0 0.763999985312 0.498410001089 0.030062393535 0.02004159569
0 0.925399981764 0.630261998191 0.0727494212873 0.0484996141915
0 0.977999980607 0.808509994272 0.0298072434911 0.0198714956607
0 0.960399980994 0.831627993764 0.0237955364671 0.015863690978
0 0.963599980924 0.859787993144 0.0336746612361 0.0224497741574
0 0.834799983756 0.676153997182 0.0249901610423 0.0166601073615
0 0.785799984833 0.820723994003 0.0206094751982 0.0137396501321
0 0.868999983004 0.824537993919 0.0239735182154 0.0159823454769
0 0.891199982516 0.85817399318 0.0254650428611 0.0169766952407
0 0.82779998391 0.815741994113 0.0292635038087 0.0195090025391
0 0.753599985541 0.877503992755 0.0199410790383 0.0132940526922
0 0.853599983342 0.880749992684 0.11121633261 0.0741442217403
0 0.669199987396 0.898047992303 0.0269573589764 0.0179715726509
0 0.681399987128 0.959273990957 0.0304789044635 0.0203192696423
0 0.893599982463 0.935845991472 0.0295619868185 0.0197079912123
0 0.899799982327 0.928757991628 0.11398746589 0.0759916439268
0 0.943399981368 0.9391339914 0.0217392981919 0.0144928654613
0 0.92919998168 0.957567990995 0.020792106831 0.013861404554
0 0.941399981412 0.966569990797 0.0288587659919 0.0192391773279
0 0.948199981263 0.914403991944 0.033824249009 0.0225494993394
0 0.987999980388 0.900829992242 0.0275153451134 0.018343563409
0 0.708799986526 0.946921991229 0.0220134435086 0.0146756290057
0 0.729599986069 0.78495399479 0.0242184780869 0.0161456520579
0 0.759199985418 0.742357995726 0.0204925355503 0.0136616903669
0 0.76819998522 0.752945995493 0.0250956243796 0.016730416253
0 0.676999987225 0.790463994669 0.0519239737952 0.0346159825302
0 0.643399987964 0.738849995803 0.0279270082901 0.0186180055267
0 0.632599988201 0.747229995619 0.0232600082827 0.0155066721885
0 0.607999988742 0.787039994744 0.0214707920969 0.014313861398
0 0.602999988852 0.795929994548 0.0212592718202 0.0141728478801
0 0.578599989388 0.807769994288 0.0225233478614 0.0150155652409
0 0.563599989718 0.809319994254 0.0239231609559 0.0159487739706
0 0.596999988984 0.817779994068 0.0345058033526 0.0230038689018
0 0.607999988742 0.827565993853 0.0239047592854 0.0159365061902
0 0.713199986429 0.778435994933 0.0261787506611 0.0174525004407
0 0.706599986574 0.753709995477 0.0225683627005 0.0150455751337
0 0.654399987722 0.66986999732 0.0547094524632 0.0364729683088
0 0.661999987555 0.641109997952 0.0241003512345 0.016066900823
0 0.55439998992 0.768619995149 0.025744926333 0.017163284222
0 0.499999991116 0.776587994974 0.0293234576383 0.0195489717588
0 0.481399991525 0.781501994866 0.0286803885087 0.0191202590058
0 0.507399990954 0.809239994256 0.104205889761 0.0694705931742
0 0.5325999904 0.851445993328 0.0240825431663 0.0160550287775
0 0.578599989388 0.884187992608 0.0323539951115 0.0215693300743
0 0.60899998872 0.889969992481 0.022665812407 0.0151105416047
0 0.602399988865 0.90230599221 0.0244536435209 0.0163024290139
0 0.627399988315 0.89411399239 0.0313486307277 0.0208990871518
0 0.440599992422 0.883947992613 0.0228305370379 0.0152203580253
0 0.431199992629 0.899221992278 0.0198649000799 0.0132432667199
0 0.425399992757 0.893247992409 0.0201889079875 0.0134592719917
0 0.501599991081 0.90137399223 0.0201233149363 0.0134155432909
0 0.446799992286 0.83586599367 0.0314702202601 0.0209801468401
0 0.445399992317 0.80769799429 0.0272979877477 0.0181986584984
0 0.458399992031 0.792931994614 0.0301196761543 0.0200797841029
0 0.423799992792 0.750289995552 0.0600176418596 0.0400117612397
0 0.538799990263 0.719213996235 0.0222887760297 0.0148591840198
0 0.362199994146 0.809591994248 0.0257128718102 0.0171419145401
0 0.368599994005 0.884919992592 0.0205021321204 0.0136680880803
0 0.243999996745 0.84268599352 0.0301887318855 0.020125821257
0 0.3187999951 0.785823994771 0.0345050118829 0.0230033412553
0 0.312199995245 0.801549994425 0.0304592166547 0.0203061444365
0 0.296599995588 0.814279994145 0.0289137731359 0.0192758487573
0 0.301599995478 0.829645993807 0.029172979462 0.0194486529746
0 0.279399995966 0.83771799363 0.0267244690178 0.0178163126785
0 0.332999994788 0.843457993504 0.0236913592681 0.0157942395121
0 0.389799993539 0.754401995461 0.069871538532 0.046581025688
0 0.354999994304 0.71353199636 0.0282287561124 0.0188191707416
0 0.380799993737 0.828045993842 0.140490818061 0.0936605453741
0 0.289599995742 0.835795993672 0.417824768213 0.278549845475
0 0.215199997378 0.771571995084 0.0243959651666 0.0162639767778
0 0.187399997989 0.687009996943 0.0346341203774 0.0230894135849
0 0.138199999071 0.708873996462 0.0244103105549 0.0162735403699
0 0.179199998169 0.867465992976 0.0221659992928 0.0147773328619
0 0.0464000010889 0.766077995205 0.0250232049022 0.0166821366015
0 0.0666000006448 0.824261993926 0.021048246212 0.0140321641413
0 0.0278000014979 0.71035999643 0.0199696708812 0.0133131139208
0 0.146599998886 0.843869993494 0.0365112886334 0.0243408590889
0 0.0598000007943 0.772627995061 0.15605506967 0.104036713113
0 0.103999999823 0.893119992412 0.0229921947237 0.0153281298158
0 0.111799999651 0.915381991922 0.0218201270348 0.0145467513566
0 0.147599998864 0.987499990337 0.0209902710566 0.0139935140377
0 0.184799998046 0.967079990786 0.0220661751772 0.0147107834515
0 0.172399998319 0.93957399139 0.0221462125504 0.0147641417002
0 0.172399998319 0.949287991177 0.0255471578422 0.0170314385615
0 0.262199996345 0.939375991395 0.0285223913703 0.0190149275802
0 0.235799996925 0.953267991089 0.0201035281938 0.0134023521292
0 0.236599996907 0.972151990674 0.0197943603431 0.0131962402287
0 0.22419999718 0.97007799072 0.0198445197352 0.0132296798235
0 0.332799994792 0.947833991209 0.020225513461 0.0134836756407
0 0.508599990927 0.952025991117 0.0260311415625 0.017354094375
0 0.398999993337 0.927737991651 0.0211348132102 0.0140898754735
0 0.370399993966 0.953489991084 0.0516046157721 0.0344030771814
0 0.412399993042 0.956187991025 0.0304109370032 0.0202739580021
0 0.573999989489 0.951627991125 0.0842805411832 0.0561870274555
0 0.549999990017 0.932053991556 0.0671106943583 0.0447404629056
0 0.527399990514 0.927337991659 0.0409515325722 0.0273010217148
0 0.915599981979 0.973777990638 0.0258883802157 0.0172589201438
0 0.83779998369 0.198680407679 0.0421979984127 0.0281319989418
0 0.755199985506 0.215316007313 0.0711130576869 0.0474087051246
0 0.0802000003458 0.0952008099541 0.174399358593 0.116266239062
0 0.398599993346 0.0848710101812 0.0254852253383 0.0169901502256
0 0.343599994555 0.011744011789 0.0215182802788 0.0143455201859
0 0.363599994115 0.115229209514 0.0389245786759 0.0259497191173
0 0.381399993724 0.213616007351 0.050968966671 0.033979311114
0 0.319199995091 0.187052807935 0.117187971481 0.0781253143206
0 0.49299999127 0.266914006179 0.0391197748902 0.0260798499268
0 0.484799991451 0.28917400569 0.0472904133826 0.0315269422551
0 0.472799991714 0.0587622107553 0.0384284261091 0.0256189507394
0 0.566599989652 0.0152066517128 0.0212000105265 0.014133340351
0 0.635999988126 0.098029209892 0.0402593923214 0.026839594881
0 0.774199985088 0.0197365916132 0.0355585569845 0.0237057046564
0 0.737799985888 0.324870004905 0.0586511694262 0.0391007796174
0 0.668399987414 0.318382005047 0.0501717588178 0.0334478392119
0 0.557199989859 0.353572004274 0.211189838162 0.140793225442
0 0.470199991772 0.381902003651 0.0649876758275 0.0433251172183
0 0.50619999098 0.309422005244 0.0273410239125 0.018227349275
0 0.395599993412 0.416332002894 0.0289372204257 0.0192914802838
0 0.38019999375 0.423604002734 0.0219876218097 0.0146584145398
0 0.347799994463 0.420876002794 0.028817807435 0.0192118716234
0 0.305199995399 0.325170004898 0.0487120908275 0.0324747272183
0 0.296799995584 0.352206004304 0.0243694509317 0.0162463006212
0 0.265399996274 0.402572003197 0.0417283600807 0.0278189067205
0 0.0714000005393 0.275444005991 0.113531381477 0.0756875876511
0 0.131999999207 0.320782004995 0.0324622285927 0.0216414857284
0 0.115599999568 0.545576000053 0.0208784759618 0.0139189839745
0 0.328399994889 0.608787998663 0.0229032533164 0.0152688355443
0 0.443999992348 0.523626000535 0.0258137841967 0.0172091894645
0 0.464599991895 0.597257998916 0.195280307898 0.130186871932
0 0.52759999051 0.489242001291 0.0746210492553 0.0497473661702
0 0.840399983633 0.557195999797 0.0212926124812 0.0141950749875
0 0.934999981553 0.850259993354 0.166593488698 0.111062325798
0 0.965999980871 0.764093995248 0.0303612722796 0.0202408481864
0 0.883599982683 0.648971997779 0.0273372644314 0.0182248429543
0 0.784399984864 0.746245995641 0.02596871439 0.01731247626
0 0.733599985981 0.682897997033 0.0566552807155 0.0377701871437
0 0.622599988421 0.96098599092 0.0605542583147 0.0403695055432
