0 0.37039999641 0.835020004793 0.193303625077 0.128869083384
0 0.397799997615 0.496419989904 0.128812691165 0.0858751274431
0 0.492000001757 0.276699980243 0.121487638628 0.0809917590851
0 0.87460001858 0.957580010182 0.0218742452182 0.0145828301454
0 0.778200014342 0.969180010692 0.0271094218802 0.0180729479201
0 0.950000021896 0.972420010834 0.028596791408 0.0190645276053
0 0.81160001581 0.98846001154 0.0207966591534 0.0138644394356
0 0.862800018062 0.917820008434 0.0438780936079 0.0292520624053
0 0.276199992268 0.957180010164 0.0216502592789 0.0144335061859
0 0.0417999819617 0.980760011201 0.0214218213223 0.0142812142148
0 0.0335999816012 0.952880009975 0.0321187328622 0.0214124885748
0 0.22779999014 0.988760011553 0.0210810935949 0.0140540623966
0 0.309599993737 0.972080010819 0.0207339351757 0.0138226234505
0 0.147999986631 0.873020006464 0.0287768507762 0.0191845671841
0 0.224999990017 0.88226000687 0.0288251304309 0.0192167536206
0 0.172799987722 0.976960011034 0.0397637370458 0.0265091580305
0 0.024999981223 0.823920004305 0.0247327371543 0.0164884914362
0 0.537000003736 0.882920006899 0.0230334516009 0.0153556344006
0 0.559800004738 0.94594000967 0.0373606370171 0.0249070913447
0 0.0497999823135 0.808180003613 0.0424983639661 0.028332242644
0 0.0683999831314 0.791240002868 0.04588249075 0.0305883271667
0 0.0377999817859 0.707719999195 0.022229615136 0.014819743424
0 0.0439999820585 0.690659998445 0.0206862491233 0.0137908327489
0 0.895600019504 0.826200004405 0.0254519852897 0.0169679901932
0 0.942000021544 0.897440007538 0.0545561088076 0.036370739205
0 0.89460001946 0.775200002163 0.0275821271884 0.0183880847923
0 0.811400015801 0.710739999328 0.0240625601435 0.0160417067623
0 0.72540001202 0.848680005394 0.0248833142743 0.0165888761829
0 0.799200015265 0.858240005814 0.0458670570899 0.0305780380599
0 0.723200011923 0.883660006932 0.0206916904778 0.0137944603185
0 0.718400011712 0.900240007661 0.0222605813899 0.0148403875933
0 0.847600017393 0.892240007309 0.0366748284786 0.0244498856524
0 0.338599995012 0.765920001755 0.0337714206341 0.0225142804227
0 0.421999998679 0.743440000766 0.0210030348908 0.0140020232605
0 0.433799999198 0.724059999914 0.0202588554582 0.0135059036388
0 0.316799994054 0.690339998431 0.0245822589681 0.0163881726454
0 0.671800009663 0.810700003724 0.0753872958288 0.0502581972192
0 0.616400007227 0.698599998794 0.0423940878265 0.0282627252177
0 0.356799995812 0.668539997473 0.0310927901986 0.0207285267991
0 0.556000004571 0.73648000046 0.0280580973094 0.0187053982062
0 0.131199985893 0.57021999315 0.100319780161 0.0668798534409
0 0.32079999423 0.608499994833 0.0311977588743 0.0207985059162
0 0.307799993658 0.466859988605 0.0229504462109 0.0153002974739
0 0.399799997703 0.435759987237 0.0431365853858 0.0287577235905
0 0.456200000183 0.429179986948 0.029590580613 0.019727053742
0 0.283199992576 0.40601998593 0.0338251416434 0.0225500944289
0 0.181599988109 0.46197998839 0.0339365410107 0.0226243606738
0 0.106199984793 0.478099989099 0.0215794227363 0.0143862818242
0 0.225399990035 0.525999991205 0.0213658248375 0.014243883225
0 0.125599985646 0.516139990772 0.0259248884654 0.0172832589769
0 0.0607999827972 0.511039990547 0.0219778288217 0.0146518858811
0 0.0655999830082 0.530339991396 0.0227277464099 0.01515183094
0 0.0913999841427 0.453979988038 0.0249900637568 0.0166600425046
0 0.0909999841251 0.46515998853 0.0227886895807 0.0151924597205
0 0.0723999833072 0.496719989918 0.022240497845 0.0148269985634
0 0.194799988689 0.42989998698 0.0927087102433 0.0618058068289
0 0.431199999084 0.449139987826 0.0328588560123 0.0219059040082
0 0.66740000947 0.456859988165 0.0199277243015 0.0132851495344
0 0.544200004053 0.424639986748 0.0232822699036 0.0155215132691
0 0.543200004009 0.435239987214 0.0217640330555 0.0145093553703
0 0.657600009039 0.442039987513 0.0336993968869 0.0224662645912
0 0.672200009681 0.50177999014 0.0791397528477 0.0527598352318
0 0.908200020058 0.552419992367 0.0304364639084 0.0202909759389
0 0.903200019838 0.563299992845 0.0368166994313 0.0245444662875
0 0.787600014755 0.645819996474 0.0330984734791 0.0220656489861
0 0.637400008151 0.593459994171 0.0383993421303 0.0255995614202
0 0.57440000538 0.557599992595 0.0337927903174 0.0225285268782
0 0.641600008335 0.553759992426 0.0488768186821 0.032584545788
0 0.678800009971 0.575439993379 0.0236679135393 0.0157786090262
0 0.742600012776 0.562419992807 0.0311840070873 0.0207893380582
0 0.783000014553 0.531759991458 0.0316425648738 0.0210950432492
0 0.91440002033 0.577599993474 0.0297137530928 0.0198091687286
0 0.937400021342 0.650299996671 0.022239805309 0.0148265368727
0 0.522800003112 0.585679993829 0.0230149509955 0.0153433006637
0 0.431399999093 0.579799993571 0.0887733247784 0.0591822165189
0 0.928400020946 0.49563998987 0.0252554039906 0.0168369359937
0 0.744600012864 0.466359988583 0.0330809622109 0.0220539748073
0 0.747400012987 0.43809998734 0.0273619996642 0.0182413331094
0 0.845800017314 0.448319987789 0.0308058824142 0.0205372549428
0 0.940400021474 0.439339987395 0.0249274387129 0.0166182924752
0 0.805400015538 0.407199985981 0.0783228571319 0.052215238088
0 0.635400008063 0.400059985667 0.0241198427666 0.0160798951777
0 0.558600004686 0.366179984178 0.0328199750608 0.0218799833739
0 0.710600011369 0.377399984671 0.0281813687229 0.0187875791486
0 0.61760000728 0.379299984755 0.0277926581419 0.0185284387613
0 0.981400023276 0.402199985762 0.0297082128046 0.0198054752031
0 0.923000020709 0.465079988526 0.0399992982302 0.0266661988201
0 0.67400000976 0.625019995559 0.0450993314323 0.0300662209549
0 0.765800013796 0.619139995301 0.0201124335545 0.0134082890363
0 0.960000022335 0.33689998289 0.0404403447484 0.0269602298323
0 0.965200022564 0.306059981534 0.0208517652348 0.0139011768232
0 0.776600014271 0.366439984189 0.0360711349267 0.0240474232845
0 0.758800013489 0.328999982543 0.0437969679585 0.029197978639
0 0.597400006392 0.351559983535 0.0211423335668 0.0140948890445
0 0.892000019346 0.276799980248 0.0364455001185 0.024297000079
0 0.639800008256 0.230979978233 0.0473395865599 0.0315597243733
0 0.461200000403 0.334439982782 0.0757822392341 0.0505214928228
0 0.341799995153 0.351939983552 0.0253365296399 0.01689101976
0 0.28919999284 0.385919985046 0.0297160285684 0.0198106857122
0 0.214999989577 0.326419982429 0.0206950542243 0.0137967028162
0 0.147999986631 0.309939981705 0.0291325174951 0.0194216783301
0 0.629000007781 0.31413998189 0.0238462910342 0.0158975273562
0 0.0705999832281 0.204359977062 0.0281831495299 0.0187887663532
0 0.173599987757 0.16291997524 0.0252350236445 0.0168233490963
0 0.26759999189 0.187719976331 0.0208770922668 0.0139180615112
0 0.364599996155 0.171359975611 0.0203630326641 0.0135753551094
0 0.280599992462 0.223619977909 0.0264537881259 0.0176358587506
0 0.365599996199 0.232519978301 0.0253953952026 0.0169302634684
0 0.31239999386 0.244599978832 0.0281566352932 0.0187710901955
0 0.27419999218 0.296939981133 0.0708444573307 0.0472296382205
0 0.176799987898 0.143239974375 0.0261269111191 0.0174179407461
0 0.422799998715 0.155239974903 0.0206341110535 0.0137560740357
0 0.477000001098 0.145279974465 0.0220133460267 0.0146755640178
0 0.507000002417 0.158379975041 0.0269627031752 0.0179751354502
0 0.380999996877 0.118219973275 0.0242149180703 0.0161432787136
0 0.381599996903 0.135759974046 0.0224555797496 0.0149703864997
0 0.265799991811 0.117259973233 0.032117050989 0.021411367326
0 0.257199991433 0.100739972506 0.021687854092 0.0144585693947
0 0.281599992506 0.0719799712416 0.0235392007712 0.0156928005141
0 0.366599996243 0.0712199712082 0.0243513476685 0.016234231779
0 0.800200015309 0.209059977269 0.0594703444859 0.0396468963239
0 0.0281999813637 0.121939973438 0.0325241632417 0.0216827754945
0 0.0975999844153 0.110999972957 0.0260019578323 0.0173346385549
0 0.575200005416 0.0368399696965 0.0319382777592 0.0212921851728
0 0.656800009004 0.0378999697431 0.021371266192 0.0142475107947
0 0.660400009162 0.0200599689587 0.0208370241107 0.0138913494071
0 0.861000017982 0.0157999687714 0.0347198981959 0.0231465987973
0 0.977000023083 0.0339799695707 0.0521775443411 0.0347850295607
0 0.565800005002 0.178239975914 0.0220832921659 0.0147221947773
0 0.809200015705 0.124299973542 0.0348319900992 0.0232213267328
0 0.894200019442 0.0760799714219 0.0260763559888 0.0173842373259
0 0.901600019768 0.141219974286 0.0244782796297 0.0163188530865
0 0.291599992946 0.831260004628 0.0201165887707 0.0134110591804
0 0.22779999014 0.425699986795 0.0201176770416 0.0134117846944
0 0.87800001873 0.509719990489 0.0372277690328 0.0248185126885
0 0.970000022775 0.707559999188 0.0336240093932 0.0224160062621
0 0.666600009435 0.279079980348 0.0306815227298 0.0204543484865
0 0.0105999805899 0.0847399718027 0.0201926688004 0.0134617792003
