0 0.180399998143 0.38873998517 0.07701652615 0.0513443541531
0 0.576999989424 0.372239984444 0.164362522646 0.109575022324
0 0.537199990299 0.354559983667 0.13812926124 0.0920861802333
0 0.344799994529 0.259139979471 0.415626433714 0.277084307418
0 0.473599991697 0.157599975006 0.0630423380858 0.0420282281625
0 0.421999992831 0.115199973142 0.0788718299332 0.0525812234235
0 0.354399994317 0.0609799707579 0.0835753361701 0.0557168944549
0 0.117999999515 0.0159999687801 0.0223307224509 0.0148871492825
0 0.198799997738 0.0967199723294 0.0226506740551 0.015100450366
0 0.181199998125 0.0574399706023 0.0359275773615 0.0239517198208
0 0.179799998156 0.184039976169 0.0291750551456 0.0194500380466
0 0.155799998684 0.192279976531 0.0225327450779 0.0150218310427
0 0.196599997787 0.224279977938 0.0292766600614 0.0195177746616
0 0.182999998086 0.245939978891 0.0232504101791 0.0155002744751
0 0.254999996503 0.0248999691715 0.0413365798539 0.0275577217202
0 0.337799994682 0.116019973178 0.0209239840893 0.0139493236463
0 0.41979999288 0.035259969627 0.0302512559964 0.0201675053277
0 0.560199989793 0.0568999705785 0.0293345362793 0.0195563588094
0 0.526399990536 0.1142399731 0.0445167048903 0.0296778052176
0 0.577999989402 0.147539974564 0.0509089105499 0.0339392759385
0 0.641199988012 0.156759974969 0.0309510140969 0.0206340107588
0 0.627399988315 0.141279974289 0.0255343937092 0.0170229302622
0 0.59899998894 0.205039977092 0.0434496059405 0.0289664058708
0 0.505599990993 0.150699974703 0.0350877291338 0.0233918209653
0 0.485599991433 0.114039973091 0.0198874556546 0.0132583046442
0 0.553999989929 0.176819975851 0.0858614962417 0.0572410012698
0 0.672599987322 0.0325999695101 0.0324147382729 0.0216098269405
0 0.724399986183 0.133319973939 0.0822090616943 0.0548060447443
0 0.702799986658 0.210719977342 0.0425624674013 0.0283749801391
0 0.801999984477 0.194199976616 0.0219245995889 0.01461640069
0 0.789199984758 0.226279978026 0.0210785185377 0.0140523466186
0 0.800999984499 0.214019977487 0.0235520590479 0.0157013737342
0 0.825799983954 0.214959977529 0.0645911452487 0.0430607663392
0 0.672399987326 0.193659976592 0.0367921590157 0.0245281076283
0 0.648199987858 0.023319969102 0.0331223121361 0.0220815428805
0 0.88599998263 0.134119973974 0.0311654034371 0.0207769369951
0 0.946199981307 0.0989399724271 0.0683166918046 0.045544464207
0 0.925399981764 0.158339975039 0.0252683609745 0.0168455750941
0 0.972999980717 0.0361999696683 0.0252835967652 0.0168557322885
0 0.913999982015 0.0108999685559 0.0280792654212 0.0187195115155
0 0.965799980876 0.333319982733 0.028124379191 0.018749587364
0 0.923799981799 0.328539982523 0.068404643869 0.0456030989205
0 0.812799984239 0.326719982443 0.0288130567165 0.0192087057446
0 0.850199983417 0.31869998209 0.090948469522 0.0606323170137
0 0.852999983356 0.265179979737 0.0202961507929 0.0135307680877
0 0.960399980994 0.24431997882 0.0438194201324 0.0292129486817
0 0.95879998103 0.170719975583 0.0275231590614 0.0183487739178
0 0.983399980489 0.219419977725 0.0300912801942 0.020060854786
0 0.918999981905 0.175079975775 0.0242725932265 0.016181729885
0 0.855399983303 0.201619976942 0.0317582142018 0.0211721441976
0 0.754399985523 0.32937998256 0.0262693722089 0.017512915961
0 0.802799984459 0.385639985033 0.0410809351583 0.0273872919119
0 0.833399983787 0.400639985693 0.0442881680301 0.0295254473007
0 0.807399984358 0.407639986001 0.0205614909916 0.0137076615652
0 0.794999984631 0.43059998701 0.03384512179 0.0225634160149
0 0.649999987819 0.426459986828 0.0424528488554 0.0283019011036
0 0.595399989019 0.442059987514 0.0227606883359 0.0151737932247
0 0.542399990184 0.452139987957 0.0207828056913 0.013855204708
0 0.532799990395 0.295219981058 0.0446400752213 0.0297600521104
0 0.583399989283 0.302459981376 0.0206446942381 0.0137631303998
0 0.589599989147 0.313479981861 0.0207326463025 0.0138217651133
0 0.60719998876 0.308599981646 0.0233239179225 0.0155492796406
0 0.492199991288 0.241339978688 0.0635516488028 0.0423677686629
0 0.732599986003 0.214419977505 0.0245765175705 0.0163843461276
0 0.275199996059 0.154179974856 0.0229553898687 0.0153035942552
0 0.432799992594 0.159879975107 0.0486067232181 0.0324044842826
0 0.410999993073 0.205879977129 0.0751176915363 0.0500784643272
0 0.339799994638 0.36509998413 0.0446799455047 0.0297866323011
0 0.205799997584 0.354139983648 0.0257927096148 0.0171951408773
0 0.357399994252 0.40261998578 0.0223368563406 0.0148912385426
0 0.393999993447 0.414399986298 0.0231498935341 0.015433263374
0 0.332799994792 0.43559998723 0.0294438580241 0.0196292399774
0 0.364999994084 0.454859988077 0.0204840259001 0.0136560181674
0 0.25919999641 0.433759987149 0.0235615566836 0.0157077054918
0 0.189599997941 0.396099985493 0.191504984808 0.127669998292
0 0.208999997514 0.30187998135 0.0262134746652 0.0174756509294
0 0.163399998517 0.251059979116 0.0222400991764 0.0148267337622
0 0.110799999673 0.263599979667 0.0275886531746 0.0183924366628
0 0.0712000005437 0.271379980009 0.0293384936275 0.0195589970417
0 0.052400000957 0.237659978527 0.0484869145004 0.032324611799
0 0.0510000009878 0.258559979446 0.0620314334808 0.0413542917148
0 0.16959999838 0.163379975261 0.028150596623 0.0187670656531
0 0.121199999444 0.186459976275 0.0477428340998 0.0318285581658
0 0.140199999027 0.242019978718 0.0313180581451 0.0208787068071
0 0.0312000014231 0.456679988157 0.0217098145138 0.0144732106305
0 0.0240000015814 0.474639988947 0.0428881571605 0.0285921066595
0 0.0332000013791 0.448219987785 0.0440604226395 0.0293736170304
0 0.127799999299 0.539459991797 0.0260515201889 0.0173676812715
0 0.0424000011769 0.410499986127 0.0202023616399 0.0134682419816
0 0.211599997457 0.493999989798 0.0260997998373 0.0173998677058
0 0.0832000002799 0.570359993156 0.107269859754 0.0715132445529
0 0.0596000007987 0.525939991202 0.163349441499 0.108899634849
0 0.0210000016474 0.644119996399 0.0286183551836 0.0190789047141
0 0.335399994735 0.475199988971 0.0198351197243 0.0132234140217
0 0.193999997844 0.582019993668 0.0225204772984 0.0150136525225
0 0.496599991191 0.599259994426 0.047815055705 0.0318767059058
0 0.517399990734 0.580599993606 0.0290666238042 0.0193777504809
0 0.387799993583 0.543699991983 0.0279977440477 0.0186651639295
0 0.31059999528 0.415599986351 0.0246816840997 0.0164544571517
0 0.470199991772 0.461079988351 0.0897319806765 0.0598213243966
0 0.543799990153 0.54089999186 0.0295896863063 0.0197264588386
0 0.573799989494 0.53361999154 0.03767890182 0.0251192695368
0 0.587199989199 0.51177999058 0.0247240277257 0.0164826862376
0 0.548199990057 0.503019990195 0.0310464851229 0.0206976581137
0 0.550999989995 0.486779989481 0.0274478705113 0.0182985815478
0 0.643999987951 0.558079992616 0.0322326013206 0.0214884022977
0 0.556199989881 0.566019992965 0.0279297765919 0.0186198522893
0 0.688199986979 0.549959992259 0.0327141116663 0.021809409216
0 0.704199986627 0.534599991583 0.021606527725 0.0144043527668
0 0.759799985405 0.568019993053 0.0240801671689 0.0160534458381
0 0.748799985646 0.546739992117 0.0365965670796 0.0243977129955
0 0.741399985809 0.532659991498 0.019945134005 0.0132967568804
0 0.722799986218 0.473939988916 0.0277108363011 0.0184738920859
0 0.766599985255 0.475519988985 0.0245554446912 0.0163702975405
0 0.764399985304 0.509259990469 0.0283374823931 0.0188916561747
0 0.786199984824 0.516019990766 0.0428452199323 0.0285634818388
0 0.814399984204 0.551459992325 0.0358703936796 0.0239135973637
0 0.678799987185 0.477079989054 0.0285224884228 0.019014993536
0 0.784599984859 0.405619985912 0.0313596103015 0.0209064082465
0 0.780999984939 0.364399984099 0.0362772090775 0.0241848076468
0 0.767799985229 0.454279988052 0.0262261381795 0.0174840932729
0 0.867999983026 0.373079984481 0.0220771553631 0.0147181045462
0 0.749399985633 0.603359994607 0.0228993933913 0.0152662632678
0 0.661199987572 0.585719993831 0.0438272358952 0.0292181591905
0 0.667599987432 0.566239992974 0.0327205423572 0.0218136963435
0 0.637399988096 0.609259994866 0.0233436057299 0.0155624048464
0 0.82279998402 0.583059993714 0.0271411760236 0.0180941185425
0 0.8145999842 0.593499994173 0.0199219835179 0.0132813232213
0 0.821199984055 0.608599994837 0.0297676680429 0.0198451133375
0 0.807199984363 0.625159995565 0.0282593247656 0.0188395510863
0 0.826199983945 0.630539995802 0.0243297769085 0.0162198523421
0 0.86599998307 0.574539993339 0.0406614562461 0.0271076392853
0 0.840799983624 0.62093999538 0.0197935675679 0.0131957125823
0 0.781999984917 0.621379995399 0.0260932702127 0.0173955146225
0 0.91419998201 0.569039993098 0.0351132540298 0.0234088375638
0 0.932199981614 0.46925998871 0.0319330300598 0.0212886881106
0 0.980799980546 0.452359987967 0.0201380547312 0.0134253707063
0 0.978599980594 0.731080000223 0.0203627331769 0.0135751563466
0 0.929599981672 0.744300000804 0.0250471452086 0.016698097907
0 0.877399982819 0.772380002039 0.022387807199 0.0149252057838
0 0.972399980731 0.710879999334 0.0473807367369 0.0315871599079
0 0.878399982797 0.70371999902 0.0316025914827 0.0210683957114
0 0.822999984015 0.750920001095 0.0301410438482 0.0200940305575
0 0.962199980955 0.810320003707 0.0237104519107 0.015806968983
0 0.958199981043 0.836460004856 0.0577148569669 0.038476573849
0 0.799799984525 0.794740003022 0.0306745933231 0.0204497302309
0 0.860399983193 0.799740003242 0.0680756892975 0.0453837958583
0 0.782599984903 0.841580005081 0.0263724611303 0.0175816419131
0 0.789999984741 0.863440006043 0.0335590055131 0.0223726718177
0 0.771199985154 0.85998000589 0.0398723610094 0.0265815757594
0 0.753599985541 0.841600005082 0.0324353164836 0.0216235457486
0 0.727599986113 0.861700005966 0.037758246652 0.0251721660949
0 0.708399986535 0.843560005168 0.024928325828 0.0166188849814
0 0.706999986565 0.82950000455 0.0307958860463 0.0205305920517
0 0.647799987867 0.898060007565 0.0642155929018 0.0428103980914
0 0.681599987124 0.791100002862 0.0214221152976 0.0142814111403
0 0.644799987933 0.786580002663 0.0276004262856 0.018400285404
0 0.685799987032 0.841380005073 0.0262141672011 0.0174761126201
0 0.634199988166 0.863000006023 0.031743670947 0.0211624486938
0 0.744799985734 0.727320000057 0.0423423399061 0.0282282284659
0 0.822199984033 0.684079998156 0.0221106938894 0.0147404635651
0 0.850199983417 0.687759998318 0.0347927088233 0.0231951407454
0 0.757199985462 0.644079996397 0.0201013503264 0.0134009011014
0 0.687399986996 0.667399997423 0.0615254865098 0.0410169937118
0 0.69039998693 0.738440000546 0.0480189580724 0.0320126408264
0 0.724599986179 0.754960001273 0.0281168602294 0.0187445747226
0 0.713799986416 0.773000002066 0.0213622604056 0.0142415078764
0 0.829799983866 0.748920001007 0.139401548695 0.0929343719263
0 0.928399981698 0.697439998743 0.0380639518027 0.0253759695421
0 0.912999982036 0.685439998216 0.0359043279407 0.0239362202059
0 0.675799987251 0.697019998725 0.0583254757986 0.038883653097
0 0.717999986324 0.700459998876 0.073849064628 0.0492327129992
0 0.845799983514 0.653299996803 0.0292323377613 0.0194882264595
0 0.595599989015 0.643099996354 0.0289918299227 0.0193278878899
0 0.598399988953 0.654359996849 0.0326821560794 0.02178810549
0 0.50299999105 0.724099999916 0.0414077131883 0.0276051439462
0 0.553199989947 0.74490000083 0.0268951278975 0.0179300864476
0 0.607399988755 0.768380001863 0.0247382741793 0.016492183874
0 0.562799989736 0.808460003625 0.0339884767296 0.0226589859809
0 0.539199990255 0.814560003893 0.0221979534178 0.0147986365879
0 0.388799993561 0.806860003555 0.0282702074732 0.0188468062252
0 0.36699999404 0.778140002292 0.0210300410219 0.0140200282726
0 0.468599991807 0.733220000317 0.0202519274265 0.0135012858415
0 0.500999991094 0.692159998511 0.0210098585459 0.0140065732878
0 0.463199991925 0.692259998516 0.0217808489145 0.0145205669007
0 0.448799992242 0.699319998826 0.0205558517704 0.0137039020841
0 0.570599989564 0.647459996546 0.0283798260191 0.0189198852606
0 0.450599992202 0.639499996196 0.0328316449087 0.0218877647161
0 0.489399991349 0.634839995991 0.0226748138793 0.0151165435832
0 0.503999991028 0.66575999735 0.0221441334819 0.0147627566283
0 0.488399991371 0.681159998028 0.0283312495696 0.0188875009588
0 0.25559999649 0.65961999708 0.0245852237366 0.0163901502388
0 0.293999995645 0.701859998938 0.0323302488882 0.0215535006804
0 0.241999996789 0.761860001576 0.0506859139773 0.0337906115469
0 0.284199995861 0.778020002287 0.0668322904841 0.0445548632614
0 0.373199993904 0.657879997004 0.0368551797863 0.0245701214781
0 0.326799994924 0.610279994911 0.0402878825733 0.0268585901537
0 0.192199997883 0.608719994842 0.0296905986861 0.0197937337629
0 0.215799997365 0.618079995254 0.0331131113015 0.0220754089903
0 0.172599998314 0.74786000096 0.0350013600087 0.0233342415448
0 0.359599994203 0.627499995668 0.0215159044506 0.0143439372465
0 0.258999996415 0.662479997206 0.040777802284 0.0271852033157
0 0.183999998064 0.700839998893 0.025486707663 0.0169911395627
0 0.0798000003546 0.714999999516 0.0230778697964 0.0153852475457
0 0.203199997642 0.769480001911 0.0325615558921 0.0217077053598
0 0.209799997497 0.781400002435 0.022950937852 0.0153006262438
0 0.181799998112 0.777580002267 0.0464151437691 0.0309434312203
0 0.0500000010098 0.790300002827 0.0368087798783 0.024539188204
0 0.151599998776 0.810800003728 0.0228322174051 0.015221479274
0 0.0718000005305 0.803300003398 0.0848308048956 0.0565538736605
0 0.153199998741 0.641659996291 0.0217350426088 0.0144900293615
0 0.124399999374 0.655099996882 0.0529232997319 0.0352822021484
0 0.00900000191118 0.866380006172 0.020452762849 0.013635176132
0 0.0274000015066 0.885200006999 0.0400786377858 0.0267190936195
0 0.062000000746 0.912300008191 0.0240770012904 0.0160513352523
0 0.0862000002139 0.942140009503 0.0203824209843 0.0135882815524
0 0.0646000006888 0.984040011345 0.042992235419 0.0286614921697
0 0.110399999682 0.926860008831 0.0286832556946 0.0191221717243
0 0.0868000002007 0.878340006698 0.0317556419254 0.0211704293466
0 0.10639999977 0.864580006093 0.0275486839575 0.0183657905163
0 0.163399998517 0.925140008756 0.0233040322476 0.0155360225231
0 0.252599996556 0.909220008056 0.0265029546881 0.0176686376241
0 0.185399998033 0.87406000651 0.0323005687765 0.0215337139379
0 0.233399996978 0.866640006183 0.0233423195917 0.0155615474209
0 0.0570000008559 0.850060005454 0.0353111214413 0.0235407491802
0 0.0580000008339 0.866640006183 0.0204335697101 0.0136223807052
0 0.264599996292 0.937800009312 0.116493449138 0.0776623045474
0 0.34019999463 0.967560010621 0.0214205323583 0.0142803558474
0 0.328999994876 0.900160007657 0.0318646668691 0.0212431126472
0 0.322399995021 0.876680006625 0.035171031314 0.0234473557558
0 0.291599995698 0.891280007267 0.0209178501996 0.0139452343862
0 0.292399995681 0.86656000618 0.0235956888121 0.0157304602456
0 0.373799993891 0.851120005501 0.024822763564 0.0165485101341
0 0.378599993785 0.86612000616 0.0528137801197 0.0352091890687
0 0.356599994269 0.872800006454 0.0302576866872 0.0201717924553
0 0.3369999947 0.946560009697 0.0260775397535 0.017385027649
0 0.573199989507 0.926920008834 0.0222295132699 0.0148196764907
0 0.571799989538 0.940720009441 0.0358579280327 0.0239052869318
0 0.60719998876 0.901920007735 0.0264609078632 0.0176406064056
0 0.62219998843 0.934360009161 0.0732972124175 0.0488648115013
0 0.612599988641 0.989400011581 0.0293743076289 0.0195828730442
0 0.636999988104 0.981700011242 0.0367395262843 0.0244930191383
0 0.807799984349 0.95344001 0.0405357115061 0.0270238094531
0 0.753999985532 0.908340008017 0.0359969298892 0.0239979548423
0 0.593199989067 0.826060004399 0.019879244157 0.0132528303121
0 0.585599989234 0.835480004813 0.0200058793004 0.0133372537466
0 0.49799999116 0.895760007464 0.0511720742071 0.0341147183882
0 0.419399992888 0.812040003782 0.0447626540827 0.0298417713567
0 0.899999982322 0.884780006981 0.0290926433688 0.0193950968584
0 0.874999982872 0.890700007241 0.0398513870637 0.0265675931281
0 0.834399983765 0.893700007373 0.0225005916236 0.0150003954051
0 0.919799981887 0.925560008774 0.0514029854763 0.0342686592444
0 0.886999982608 0.918600008468 0.0387974462968 0.0258649659038
0 0.89599998241 0.840700005043 0.0267396041122 0.0178264039172
0 0.653799987735 0.256539979357 0.0253293041372 0.0168862038719
0 0.832399983809 0.448759987809 0.0483276312342 0.0322184229478
