0 0.0464000010889 0.164719975319 0.0826425891927 0.0550950630956
0 0.149999998811 0.526379991222 0.114701759727 0.0764678448617
0 0.747799985668 0.634459995974 0.234384831537 0.156256564664
0 0.670799987361 0.376659984639 0.0856095120933 0.0570730118265
0 0.617999988522 0.765440001733 0.089921438723 0.0599476297692
0 0.979399980577 0.0323399694986 0.0204293155608 0.0136195446055
0 0.41979999288 0.0281599693148 0.0263308100402 0.0175538745179
0 0.393199993464 0.0412799698917 0.0224087811447 0.0149391884151
0 0.101199999884 0.103019972606 0.0272337779722 0.0181558531789
0 0.0556000008867 0.202599976985 0.0217663056598 0.0145108713969
0 0.0286000014803 0.197139976745 0.0222547413649 0.0148364952218
0 0.203399997637 0.0713999712161 0.0222485085414 0.0148323400059
0 0.187599997985 0.0846799718 0.0233843664167 0.0155895786393
0 0.181399998121 0.104799972685 0.0376131109057 0.0250754089244
0 0.171399998341 0.0938999722054 0.0211142336054 0.0140761566654
0 0.0164000017485 0.113459973066 0.0488889810804 0.0325926562033
0 0.0838000002667 0.182059976082 0.0211078029146 0.0140718695378
0 0.124199999378 0.162139975206 0.0337734937871 0.0225156640098
0 0.251999996569 0.0874599719223 0.0254632603748 0.0169755080362
0 0.313199995223 0.214359977502 0.0209658330469 0.0139772229531
0 0.308599995324 0.20271997699 0.0294171459235 0.0196114319092
0 0.356599994269 0.15175997475 0.0199532465689 0.0133021652566
0 0.348599994445 0.12969997378 0.0377856512885 0.0251904358538
0 0.415199992981 0.110319972927 0.0212402751465 0.014160184365
0 0.271599996138 0.110319972927 0.0215392528052 0.0143595028172
0 0.394399993438 0.212159977405 0.0216145413552 0.0144096951872
0 0.388799993561 0.256659979362 0.0232658438372 0.0155105635812
0 0.455799992088 0.242759978751 0.0310593465046 0.0207062323688
0 0.452199992167 0.254539979269 0.0283311506359 0.018887435003
0 0.381399993724 0.146139974502 0.0250851357516 0.0167234249374
0 0.828599983892 0.221979977837 0.0215006686599 0.014333780052
0 0.707599986552 0.218039977664 0.0451801543208 0.0301201048671
0 0.709399986513 0.147259974552 0.0268891918752 0.0179261290991
0 0.688199986979 0.122759973474 0.024158819465 0.0161058807056
0 0.736399985919 0.172179975647 0.0376186511933 0.0250791024496
0 0.716399986359 0.164259975299 0.0416379319215 0.0277586231118
0 0.823999983993 0.0512999703323 0.0533310055332 0.0355540060338
0 0.926799981733 0.231839978271 0.0219206422407 0.0146137624577
0 0.958999981025 0.36849998428 0.0207407588664 0.0138271734896
0 0.865399983083 0.363399984056 0.0226914347419 0.015127624159
0 0.846999983488 0.377619984681 0.021438439359 0.0142922938487
0 0.929999981663 0.413399986254 0.0309384495162 0.0206256343712
0 0.917999981927 0.413439986256 0.0387955665564 0.0258637127435
0 0.829199983879 0.445419987662 0.0361900484828 0.0241267005798
0 0.831999983817 0.422779986666 0.0511504077256 0.0341002740662
0 0.812399984248 0.461619988374 0.0227487173575 0.0151658125719
0 0.781199984934 0.454979988082 0.0315196850373 0.0210131247441
0 0.804399984424 0.473079988878 0.0223149919916 0.014876662309
0 0.929999981663 0.471119988792 0.0240446499686 0.016029767703
0 0.897799982371 0.320159982154 0.0245143872033 0.0163429258801
0 0.896799982393 0.306539981555 0.0291301392433 0.0194200941097
0 0.786999984807 0.319499982125 0.0237911818146 0.0158607889225
0 0.810999984279 0.329879982582 0.0275572911899 0.0183715286716
0 0.645799987911 0.328559982524 0.0220385712179 0.014692381781
0 0.746999985686 0.407999986017 0.0258888731768 0.0172592499228
0 0.710399986491 0.406279985941 0.0408600161935 0.0272400125923
0 0.727599986113 0.429539986964 0.0362154744452 0.0241436512225
0 0.626199988342 0.415879986363 0.0246044168755 0.0164029456655
0 0.580599989344 0.436939987289 0.0331733619283 0.0221155760775
0 0.585399989239 0.351799983545 0.0216994264747 0.0144662852706
0 0.495799991209 0.477159989058 0.0544719090274 0.0363146084134
0 0.392799993473 0.456579988153 0.0405202778481 0.0270135203471
0 0.417599992928 0.317039982017 0.0234313599269 0.0156209076482
0 0.424199992783 0.297879981175 0.0298055596521 0.019870374412
0 0.389199993552 0.352439983574 0.0230572915856 0.0153715287376
0 0.357399994252 0.3371199829 0.023389313102 0.0155928764297
0 0.22919999707 0.443219987565 0.0228062967742 0.0152041988523
0 0.181999998108 0.411819986185 0.0309352836377 0.0206235237853
0 0.206599997567 0.357119983779 0.0200572258936 0.013371484811
0 0.0268000015198 0.422779986666 0.0621573760882 0.0414382534585
0 0.0444000011329 0.453059987998 0.0199524550993 0.0133016376102
0 0.0178000017177 0.289039980786 0.0207868619732 0.0138579088962
0 0.0684000006053 0.337199982903 0.0314922804008 0.0209948549853
0 0.0310000014275 0.476879989045 0.0208331629475 0.0138887762144
0 0.023200001599 0.519039990899 0.0215779358841 0.0143852915382
0 0.0552000008955 0.565439992939 0.0232341850514 0.0154894577226
0 0.0462000010933 0.607159994774 0.0207932926641 0.0138621960237
0 0.211399997461 0.588999993975 0.0245257645795 0.0163505107981
0 0.0936000000512 0.498939990015 0.0241220161265 0.016081345145
0 0.306399995373 0.489779989613 0.027295710472 0.0181971415148
0 0.399599993324 0.573619993299 0.0208679876119 0.0139119926589
0 0.442199992387 0.532779991503 0.0376224106741 0.0250816087703
0 0.517199990738 0.535099991605 0.0281651398777 0.0187767611569
0 0.518599990707 0.584459993776 0.0201272709573 0.0134181815232
0 0.422999992809 0.609279994867 0.0362414940098 0.0241609976001
0 0.458599992027 0.610999994943 0.0233777378584 0.0155851596002
0 0.457599992049 0.631599995848 0.0205237972497 0.0136825324023
0 0.326199994937 0.515899990761 0.0228282600569 0.0152188410417
0 0.203599997633 0.559659992685 0.0312662168833 0.0208441459636
0 0.171799998332 0.691939998502 0.0215765508122 0.0143843681569
0 0.159199998609 0.690099998421 0.0316908403482 0.0211272282922
0 0.080600000337 0.707319999178 0.0441266092886 0.029417741466
0 0.101799999871 0.681819998057 0.0863724888317 0.057581663019
0 0.111799999651 0.724599999938 0.019965316481 0.0133102118652
0 0.0298000014539 0.693619998575 0.0279086047788 0.0186057377464
0 0.0418000011901 0.751380001115 0.0287290620003 0.0191527092634
0 0.0712000005437 0.755640001303 0.0205991847335 0.0137327907281
0 0.0940000000424 0.746760000912 0.0330494969287 0.0220329994057
0 0.296199995597 0.716799999595 0.0221111885579 0.0147407933442
0 0.332799994792 0.718879999686 0.0265648871879 0.01770992596
0 0.444399992339 0.65687999696 0.0213776940637 0.0142517969825
0 0.502799991055 0.642459996326 0.0311169259213 0.0207446186491
0 0.520199990672 0.628919995731 0.0199930179186 0.0133286794915
0 0.528199990496 0.600459994479 0.044826763124 0.0298845107204
0 0.550599990004 0.670659997566 0.0386910925632 0.02579406341
0 0.416799992946 0.587459993908 0.0243989315687 0.016265955452
0 0.625799988351 0.587199993896 0.0215051206767 0.0143367480634
0 0.581799989318 0.558059992615 0.0205786065227 0.01371907192
0 0.566199989661 0.534879991596 0.0264671406866 0.0176447616215
0 0.553199989947 0.574539993339 0.0301473756054 0.0200982517292
0 0.754599985519 0.498779990008 0.0215498387117 0.0143665600887
0 0.718999986302 0.604179994643 0.0212685701863 0.0141790477261
0 0.715799986372 0.677019997846 0.023764469714 0.0158429808543
0 0.808399984336 0.498759990007 0.0270265118587 0.0180176757609
0 0.766599985255 0.468699988686 0.0230791559346 0.0153861049712
0 0.846799983492 0.517439990829 0.0225486734045 0.0150324499278
0 0.975199980669 0.48743998951 0.0227813654804 0.0151875779886
0 0.923399981808 0.605739994711 0.0295100446732 0.019673364413
0 0.901999982278 0.681319998035 0.0225831023341 0.0150554025491
0 0.938199981482 0.674959997755 0.0237739673498 0.0158493126119
0 0.928599981694 0.684679998182 0.0257729228737 0.0171819497157
0 0.812599984244 0.609399994872 0.0226196088715 0.0150797402423
0 0.919799981887 0.583559993736 0.0247681521585 0.016512102528
0 0.98559998044 0.528339991308 0.0295034161149 0.0196689453739
0 0.972599980726 0.67483999775 0.0204731431924 0.0136487630285
0 0.876399982841 0.900140007656 0.0253513663536 0.0169009120171
0 0.901999982278 0.836960004878 0.0231653271922 0.0154435524801
0 0.842599983584 0.850580005477 0.0237402309561 0.0158268216813
0 0.814999984191 0.848780005398 0.0226181248659 0.0150787509052
0 0.95879998103 0.694119998597 0.0372385478959 0.0248257002347
0 0.860199983197 0.704939999073 0.0220672619925 0.0147115089653
0 0.852999983356 0.69757999875 0.0201541809252 0.013436121503
0 0.728599986091 0.769660001919 0.0226050656168 0.0150700447385
0 0.724599986179 0.78356000253 0.0279590609688 0.0186393752085
0 0.684399987062 0.777500002264 0.0237602155647 0.0158401447545
0 0.689999986939 0.891420007273 0.0199174325674 0.0132782892541
0 0.609399988711 0.88862000715 0.0266900383256 0.0177933600573
0 0.57579998945 0.892060007301 0.0243381862734 0.0162254585858
0 0.703399986645 0.862540006003 0.0239018886313 0.0159345934718
0 0.735999985928 0.840500005034 0.0226011082686 0.0150674065062
0 0.60219998887 0.820220004142 0.0198687571842 0.0132458389965
0 0.674799987273 0.871700006406 0.0251054171612 0.016736945878
0 0.676599987234 0.734700000382 0.032169283749 0.0214461905805
0 0.604999988808 0.851620005523 0.0231053733666 0.0154035832603
0 0.594399989041 0.844140005194 0.0267342616921 0.0178228423036
0 0.643399987964 0.820660004161 0.0796984210444 0.0531322842007
0 0.548799990044 0.787480002703 0.0311148483135 0.0207432335772
0 0.533599990378 0.780840002411 0.0384204099443 0.0256136083189
0 0.468399991811 0.856320005729 0.0397872780224 0.0265248537644
0 0.430199992651 0.843080005147 0.0419536293764 0.0279690880957
0 0.397999993359 0.830360004588 0.0247053292553 0.0164702205899
0 0.447399992273 0.816380003973 0.0440212448921 0.0293474985303
0 0.425799992748 0.809800003684 0.0442359310334 0.029490622634
0 0.28739999579 0.782600002488 0.0413499359041 0.0275666257543
0 0.278599995984 0.817060004003 0.0198589627474 0.0132393093715
0 0.274999996063 0.827320004454 0.0360802320695 0.0240534896328
0 0.286999995799 0.863100006028 0.0353540586695 0.0235693740009
0 0.269799996177 0.875040006553 0.0408544759059 0.027236319067
0 0.325399994955 0.842120005105 0.0344449568478 0.0229633060797
0 0.364799994089 0.775580002179 0.054170161225 0.0361134431986
0 0.319999995074 0.754940001272 0.0255644695557 0.0170429808279
0 0.353999994326 0.745240000845 0.048305173283 0.0322034509794
0 0.383999993667 0.724219999921 0.0213907533129 0.0142605031492
0 0.402199993267 0.748760001 0.0201742644675 0.0134495105321
0 0.428599992686 0.770100001938 0.0408721850393 0.0272481251567
0 0.464599991895 0.716339999574 0.0439615878675 0.029307727178
0 0.471999991732 0.755700001305 0.0475495176388 0.0316996805167
0 0.471799991736 0.784420002568 0.0471422075724 0.0314281404545
0 0.494199991244 0.796120003082 0.0385279508824 0.0256853022824
0 0.590999989116 0.746500000901 0.137678123542 0.0917854217481
0 0.448599992246 0.876940006636 0.021119081357 0.0140793885
0 0.386999993601 0.881200006823 0.0201696145833 0.0134464106091
0 0.255199996498 0.909600008072 0.0260365811994 0.0173577219444
0 0.202599997655 0.893320007356 0.0224290625543 0.0149527093558
0 0.472599991719 0.694159998599 0.0226321734522 0.0150881166299
0 0.409399993108 0.891480007275 0.0200890825469 0.0133927225812
0 0.422199992827 0.89794000756 0.0230789580671 0.0153859730596
0 0.397799993363 0.914180008274 0.0232473432343 0.015498229845
0 0.44659999229 0.889860007204 0.0244298978186 0.0162865996199
0 0.218999997294 0.777600002268 0.0294615671574 0.019641046067
0 0.199999997712 0.810200003702 0.021478804311 0.0143192038184
0 0.130199999247 0.836660004865 0.0201315251066 0.0134210176229
0 0.281599995918 0.751760001132 0.0462776259182 0.030851752647
0 0.181199998125 0.758860001444 0.0222244676509 0.0148163127445
0 0.161799998552 0.778120002291 0.0369660844704 0.024644057939
0 0.0896000001392 0.811660003766 0.0280260390875 0.0186840272907
0 0.104799999805 0.833240004715 0.0228958317779 0.0152638888587
0 0.0959999999985 0.848880005402 0.0257976563001 0.0171984386677
0 0.0987999999369 0.895260007442 0.0213192242437 0.0142128170999
0 0.173399998297 0.911520008157 0.0200888846794 0.0133925906696
0 0.222199997224 0.919640008514 0.0364475729188 0.0242983835485
0 0.0734000004953 0.881940006856 0.0274221477479 0.0182814330377
0 0.0220000016254 0.869580006313 0.0272759237308 0.0181839503532
0 0.0626000007328 0.832200004669 0.0326352615029 0.0217568424369
0 0.0688000005965 0.803460003405 0.0512304450935 0.034153632315
0 0.0692000005877 0.773520002089 0.0437078229124 0.0291385505301
0 0.022200001621 0.75944000147 0.0204138819027 0.0136092554994
0 0.0254000015506 0.938380009338 0.0294282264986 0.0196188189597
0 0.0394000012428 0.982260011267 0.0272236867342 0.0181491256865
0 0.0414000011989 0.853160005591 0.0224255009409 0.0149503349467
0 0.0346000013484 0.821160004183 0.0209952163575 0.0139968118281
0 0.113999999603 0.958720010232 0.0215830804368 0.0143887212402
0 0.179999998152 0.967940010637 0.0300575438006 0.0200383638554
0 0.227199997114 0.961540010356 0.0241383401879 0.0160922278533
0 0.292599995676 0.928160008888 0.0335926429731 0.0223950967925
0 0.298599995544 0.957460010177 0.0247143322225 0.0164762225684
0 0.541599990202 0.964520010487 0.0204249624777 0.0136166425499
0 0.526799990527 0.972240010827 0.0303904557203 0.0202603051498
0 0.513399990822 0.949320009819 0.0399892017158 0.0266594695689
0 0.454399992119 0.927120008843 0.027798293697 0.0185321970203
0 0.846199983505 0.980260011179 0.0371549489146 0.0247699675768
0 0.891799982503 0.97936001114 0.0292099787438 0.0194733204469
0 0.981399980533 0.939600009391 0.0224208510568 0.0149472350237
0 0.963399980928 0.944140009591 0.0405661830875 0.0270441238421
