0 0.781200014474 0.735619995874 0.173173592742 0.115449054213
0 0.888200019178 0.649439997769 0.0806109025625 0.0537405981638
0 0.611800007025 0.412200002985 0.244034873479 0.162689904922
0 0.389799997263 0.328020004836 0.138398388304 0.092265586117
0 0.444999999691 0.66847999735 0.205945389243 0.137296917107
0 0.134799986051 0.169820008314 0.15534771412 0.103565135916
0 0.930400021034 0.939879991384 0.0261185034757 0.017412334502
0 0.794400015054 0.67623999718 0.026759791883 0.0178398600787
0 0.754200013286 0.724479996119 0.0259387408969 0.0172924927907
0 0.827000016487 0.698359996694 0.033296244179 0.0221974946553
0 0.827000016487 0.684019997009 0.0322735662607 0.0215157094214
0 0.884200019003 0.691559996843 0.0334620571026 0.022308036597
0 0.946200021729 0.702279996607 0.0594957743757 0.0396638469677
0 0.832200016716 0.725219996103 0.0292689490237 0.0195126313955
0 0.827200016496 0.713859996353 0.0322452712153 0.021496846059
0 0.793000014992 0.775059995007 0.0282946496971 0.0188630985539
0 0.872000018466 0.772059995073 0.025919250953 0.0172794994956
0 0.894800019469 0.752019995514 0.0225290889886 0.0150193916684
0 0.782800014544 0.78719999474 0.0203773793973 0.0135849187022
0 0.743800012829 0.873559992842 0.0200890865218 0.0133927234646
0 0.757000013409 0.860339993132 0.021288262206 0.014192173868
0 0.894000019433 0.884659992598 0.0210984083872 0.0140656046638
0 0.798000015212 0.928359991637 0.172873823554 0.115249208102
0 0.678800009971 0.895079992369 0.0203672881573 0.0135781912093
0 0.600600006532 0.976179990586 0.0391960579527 0.0261307035784
0 0.644000008441 0.963399990867 0.0337138434334 0.0224758941399
0 0.659400009118 0.947039991226 0.0215712126604 0.0143808074917
0 0.602400006612 0.951559991127 0.0368462830435 0.0245641870755
0 0.50320000225 0.956659991015 0.0202819083524 0.0135212713431
0 0.341999995162 0.946239991244 0.0321782930832 0.0214521939739
0 0.30579999357 0.95825999098 0.0318576488796 0.0212384311856
0 0.391799997351 0.922999991755 0.0649478141088 0.0432985398834
0 0.45500000013 0.929959991602 0.0575350068742 0.0383566687197
0 0.392599997387 0.950319991154 0.0261988376606 0.0174658906218
0 0.577600005521 0.863579993061 0.0257456222651 0.0171637470447
0 0.705000011123 0.808979994262 0.0199929229409 0.0133286144148
0 0.710800011378 0.788859994704 0.029430210996 0.0196201393699
0 0.574000005363 0.808739994267 0.0202902187853 0.0135268116314
0 0.593600006225 0.843359993506 0.034160924938 0.0227739484566
0 0.346599995364 0.84677999343 0.0236764234007 0.0157842812261
0 0.442999999603 0.840539993568 0.023024845886 0.0153498962449
0 0.375199996622 0.821839993979 0.0220188877673 0.0146792575433
0 0.326599994485 0.894499992381 0.0214995846432 0.0143330554835
0 0.196599988768 0.911219992014 0.0203940991969 0.0135960652345
0 0.196199988751 0.895119992368 0.0279324533288 0.0186216343244
0 0.157999987071 0.910139992037 0.0297636176502 0.0198424104581
0 0.154399986913 0.894839992374 0.0269213506564 0.0179475659205
0 0.0365999817331 0.947679991212 0.0729960726609 0.0486640452309
0 0.125599985646 0.989999990282 0.0260734886307 0.0173823246073
0 0.203599989076 0.969739990727 0.0235208006509 0.015680532733
0 0.269399991969 0.911279992012 0.0810692625117 0.0540461714432
0 0.285399992673 0.896959992327 0.0311515588822 0.0207677045517
0 0.0753999834392 0.959819990945 0.0838426716327 0.0558951107352
0 0.0893999840547 0.983559990423 0.0227534706775 0.0151689794512
0 0.285199992664 0.976739990573 0.0306315632221 0.0204210408012
0 0.108199984881 0.858779993167 0.0830240939897 0.0553493923425
0 0.079399983615 0.783639994819 0.123618679083 0.0824124472865
0 0.226799990096 0.793239994608 0.0286286499537 0.019085765377
0 0.17639998788 0.754559995458 0.0298086324952 0.0198724203528
0 0.441999999559 0.749439995571 0.0232818757043 0.0155212494458
0 0.364399996147 0.77039999511 0.0479838461013 0.0319892286243
0 0.444999999691 0.665879997408 0.0303850203787 0.0202566789164
0 0.561800004826 0.629639998204 0.0233563727994 0.0155709141726
0 0.630600007852 0.618859998441 0.0229312545819 0.0152875020463
0 0.402999997844 0.753219995487 0.0279818212578 0.0186545462748
0 0.681600010094 0.740119995775 0.0264811945126 0.0176541285107
0 0.727400012108 0.681299997069 0.0353243855474 0.0235495888117
0 0.622000007473 0.722239996169 0.026752965456 0.0178353091276
0 0.608600006884 0.757059995403 0.0206527119548 0.0137684737284
0 0.495200001898 0.893079992413 0.0239290012014 0.0159526664154
0 0.382599996947 0.746779995629 0.0252032675831 0.0168021772805
0 0.776200014254 0.603359998782 0.0224004751457 0.0149336491122
0 0.857800017842 0.628339998233 0.0370816463759 0.0247210959534
0 0.726400012064 0.551419999924 0.0310056316374 0.0206704197283
0 0.880800018853 0.553519999878 0.0345323221427 0.0230215465767
0 0.963000022467 0.561419999704 0.0324861748363 0.0216574484625
0 0.976000023039 0.53704000024 0.0212259339591 0.0141506217061
0 0.880000018818 0.48928000129 0.0361662126158 0.0241108068203
0 0.836000016883 0.491380001244 0.0340670368327 0.0227113563905
0 0.865000018158 0.449920002156 0.0532316866254 0.035487788743
0 0.777600014315 0.445020002263 0.0295364658169 0.0196909759125
0 0.767400013867 0.519560000624 0.0257565049749 0.0171710021841
0 0.671400009646 0.535520000274 0.0258886804319 0.0172591191496
0 0.654600008907 0.520040000614 0.0232806884996 0.0155204579761
0 0.680200010033 0.552639999897 0.0505958943164 0.0337305939862
0 0.63420000801 0.587359999134 0.027563628401 0.0183757510553
0 0.907200020014 0.42878000262 0.0250706963912 0.0167137964918
0 0.94600002172 0.420240002808 0.0319783480244 0.0213188972769
0 0.670400009602 0.638519998009 0.0202837880932 0.0135225245036
0 0.984000023391 0.17998000809 0.0276137877997 0.0184091906523
0 0.895600019504 0.132660009131 0.075164403118 0.0501095987736
0 0.933200021157 0.191160007844 0.0302879663942 0.0201919762643
0 0.767600013876 0.192880007807 0.0607495614763 0.0404997049797
0 0.761200013594 0.146840008819 0.031520779545 0.021013851644
0 0.729600012205 0.162080008484 0.0210441927057 0.0140294608785
0 0.664600009347 0.209260007447 0.0361970799381 0.0241313850338
0 0.784400014614 0.239360006785 0.0208979686598 0.0139319781876
0 0.833600016778 0.269100006131 0.0232331013777 0.0154887332302
0 0.952400022001 0.313100005164 0.039816471344 0.0265443124786
0 0.953800022063 0.370900003893 0.0215879324599 0.014391954024
0 0.866800018237 0.315800005104 0.0381269801173 0.0254179850684
0 0.853600017657 0.409620003042 0.0260477658621 0.0173651760961
0 0.435799999286 0.50614000092 0.029465134601 0.0196434217717
0 0.469400000764 0.525480000494 0.0419143609887 0.0279429054828
0 0.348999995469 0.541940000132 0.0206089832482 0.0137393212593
0 0.301599993385 0.507360000893 0.0238878447717 0.0159252287974
0 0.306399993596 0.489920001276 0.0389954203579 0.0259969451906
0 0.230799990272 0.536660000249 0.0777109572069 0.0518073013876
0 0.347999995426 0.443600002294 0.0252143481603 0.0168095643315
0 0.296599993165 0.443680002293 0.0255652660839 0.0170435095985
0 0.441599999541 0.378380003728 0.0227032123451 0.0151354738984
0 0.352799995637 0.553039999888 0.0240382240341 0.0160254816324
0 0.327599994529 0.62255999836 0.0231198222623 0.0154132138249
0 0.302999993447 0.611459998604 0.0232641665675 0.0155094433554
0 0.324399994388 0.581559999261 0.0363433039841 0.0242288677247
0 0.356999995821 0.565859999607 0.0374461182199 0.0249640771667
0 0.448199999831 0.537580000228 0.059160389047 0.0394402567633
0 0.246799990976 0.593419999001 0.0453596290381 0.0302397506976
0 0.39699999758 0.472140001667 0.0214441817571 0.0142961202285
0 0.368199996314 0.498060001097 0.0635724374599 0.0423816221779
0 0.420999998635 0.472200001666 0.0801060437623 0.0534040256526
0 0.292999993007 0.636719998049 0.0372198567901 0.0248132362235
0 0.265399991794 0.655019997646 0.0455742162883 0.0303828088549
0 0.287399992761 0.686199996961 0.0263202293416 0.0175468184037
0 0.268199991917 0.677299997157 0.0231615722943 0.0154410471778
0 0.180999988082 0.629359998211 0.0213922415513 0.0142614934269
0 0.111399985022 0.621719998378 0.0274450068644 0.0182966700361
0 0.0847999838525 0.606839998706 0.0211423349612 0.0140948890445
0 0.0163999808449 0.619719998422 0.034602070419 0.0230680454246
0 0.0509999823663 0.600859998837 0.0395720061088 0.0263813356659
0 0.155799986974 0.554859999848 0.0296167010681 0.0197444660765
0 0.0351999816715 0.722459996164 0.0202479740846 0.0134986484994
0 0.0969999843889 0.368460003946 0.0442974765634 0.0295316490945
0 0.216399989639 0.358880004157 0.0539367872856 0.0359578558187
0 0.232399990343 0.400240003248 0.026980908759 0.0179872713197
0 0.227599990131 0.391260003445 0.0290470406779 0.0193646925081
0 0.281199992488 0.38376000361 0.0255554716451 0.017036979973
0 0.259199991521 0.377780003742 0.025829221263 0.0172194797063
0 0.220799989832 0.306300005313 0.0214497220457 0.014299813754
0 0.340199995083 0.26460000623 0.0258248681791 0.0172165776505
0 0.174199987783 0.364420004035 0.0895160261093 0.0596773468034
0 0.0987999844681 0.312920005168 0.0266868777275 0.0177912506449
0 0.123999985576 0.32690000486 0.0205196460943 0.0136797631606
0 0.139799986271 0.262960006266 0.142069818849 0.0947132063191
0 0.589800006058 0.264480006232 0.0533589153962 0.0355726079179
0 0.579200005592 0.230300006984 0.0356222749942 0.0237481817631
0 0.563400004897 0.208420007465 0.0198432362145 0.0132288232705
0 0.562000004835 0.169380008323 0.0504237496344 0.0336158308724
0 0.33059999466 0.191000007848 0.058817187954 0.0392114560498
0 0.690400010481 0.141900008927 0.0333038620758 0.0222025732528
0 0.647600008599 0.127980009233 0.0517031605698 0.0344687714398
0 0.432599999145 0.27596000598 0.0217091262734 0.0144727498944
0 0.312599993869 0.242040006726 0.0289754126608 0.0193169404998
0 0.526600003279 0.0895000100795 0.0706851787056 0.0471234493624
0 0.427999998943 0.0857600101617 0.0265039492694 0.0176692983476
0 0.461600000421 0.0749800103987 0.0328199772255 0.0218799833739
0 0.653600008863 0.243160006701 0.0374065447298 0.0249376948417
0 0.620200007394 0.216680007283 0.0342376975088 0.0228251301671
0 0.349999995513 0.0156800117024 0.0237434015327 0.0158289333112
0 0.088199984002 0.0789400103116 0.0280093248334 0.0186728819907
0 0.158599987098 0.110600009616 0.0250014427835 0.016667627423
0 0.196799988777 0.0440200110794 0.057465951134 0.0383106315625
0 0.119399985374 0.0340400112988 0.0309157008811 0.0206104658947
0 0.287999992787 0.164820008424 0.0281015310654 0.0187343528079
0 0.0665999830522 0.0305400113757 0.038424572763 0.0256163801524
0 0.418999998547 0.797879994506 0.122214809521 0.081476534307
0 0.557600004642 0.774859995012 0.0256921980534 0.0171281309059
0 0.412799998275 0.413180002963 0.0336774358225 0.0224516224009
0 0.358999995909 0.415560002911 0.0577189246696 0.0384792805751
0 0.122399985506 0.680239997092 0.159160619892 0.10610707293
0 0.158999987115 0.458980001956 0.182313090284 0.121542052173
0 0.00879998051072 0.0819000102466 0.0244455341811 0.0162970217125
