0 0.545000004088 0.885360007006 0.112622188089 0.0750814587262
0 0.685400010261 0.49813998998 0.112947680024 0.0752984533494
0 0.356799995812 0.905980007913 0.10527339146 0.0701822609732
0 0.530000003428 0.923980008705 0.0702800404652 0.0468533603101
0 0.121599985471 0.879640006755 0.0986451291039 0.0657634194026
0 0.125199985629 0.986060011434 0.0293265265176 0.0195510176784
0 0.0565999826125 0.924540008729 0.0251537001277 0.0167691334185
0 0.0845999838437 0.962360010392 0.0557469739803 0.0371646493202
0 0.146999986587 0.923480008683 0.0236400142306 0.0157600094871
0 0.719400011756 0.863720006055 0.0232062888076 0.0154708592051
0 0.233599990395 0.842220005109 0.0283719150653 0.0189146100435
0 0.402799997835 0.850720005483 0.0326930430996 0.0217953620664
0 0.47160000086 0.838940004965 0.0328824022373 0.0219216014916
0 0.285799992691 0.825240004363 0.03316287933 0.02210858622
0 0.20459998912 0.826880004435 0.0443785992911 0.0295857328608
0 0.159599987141 0.813360003841 0.0426976164757 0.0284650776504
0 0.19799998883 0.805760003506 0.0216640110658 0.0144426740439
0 0.13159998591 0.787580002707 0.0255740694987 0.0170493796658
0 0.244599990879 0.794420003008 0.025908168667 0.0172721124446
0 0.890400019275 0.887460007099 0.0316140719628 0.0210760479752
0 0.953000022028 0.953380009997 0.0637595169291 0.0425063446194
0 0.901600019768 0.983760011333 0.0223239979037 0.0148826652691
0 0.712800011466 0.95686001015 0.0208097184043 0.0138731456029
0 0.789800014852 0.965980010551 0.0482301878962 0.0321534585975
0 0.824400016373 0.944400009602 0.0383569984987 0.0255713323325
0 0.752400013207 0.928380008898 0.0342950768075 0.0228633845383
0 0.660000009144 0.93342000912 0.0418944725468 0.0279296483645
0 0.625600007632 0.95186000993 0.037714918664 0.0251432791093
0 0.737400012548 0.907440007977 0.0536403783067 0.0357602522045
0 0.868200018299 0.916860008391 0.056029924416 0.037353282944
0 0.969400022749 0.890420007229 0.0275123789167 0.0183415859444
0 0.908200020058 0.70077999889 0.027840838863 0.018560559242
0 0.860600017965 0.851180005503 0.0352365300753 0.0234910200502
0 0.968200022696 0.864020006068 0.0465806660033 0.0310537773356
0 0.897200019574 0.818480004066 0.0242103671193 0.0161402447462
0 0.631600007896 0.781180002426 0.0939394457047 0.0626262971365
0 0.731000012266 0.772300002035 0.030632550539 0.0204217003593
0 0.756600013392 0.819440004108 0.0721928249837 0.0481285499892
0 0.931600021087 0.743800000782 0.0199662095181 0.0133108063454
0 0.955600022142 0.774940002151 0.0264602188176 0.0176401458784
0 0.839600017041 0.766740001791 0.0253682873637 0.0169121915758
0 0.904000019873 0.664179997281 0.0384453463096 0.025630230873
0 0.946200021729 0.659319997067 0.0303202167888 0.0202134778592
0 0.696800010762 0.6759799978 0.0380343756418 0.0253562504279
0 0.741200012715 0.694959998634 0.0204972857204 0.013664857147
0 0.620400007403 0.670419997555 0.0242075969752 0.0161383979834
0 0.784800014632 0.685819998232 0.0291513149017 0.0194342099344
0 0.637000008133 0.713539999451 0.0366525683919 0.0244350455946
0 0.650600008731 0.64981999665 0.0671336514074 0.044755767605
0 0.56460000495 0.706639999148 0.0291032331144 0.0194021554096
0 0.441999999559 0.712539999407 0.0343818416789 0.0229212277859
0 0.491400001731 0.692539998528 0.0353399158114 0.0235599438742
0 0.542000003956 0.658319997023 0.0203375077646 0.0135583385098
0 0.490600001696 0.647359996541 0.0310880413801 0.0207253609201
0 0.46000000035 0.624439995534 0.0377773458405 0.025184897227
0 0.384999997052 0.737580000508 0.0366954066921 0.0244636044614
0 0.432199999128 0.766340001773 0.0258495999054 0.0172330666036
0 0.474600000992 0.75398000123 0.0285252623294 0.0190168415529
0 0.574200005372 0.754020001231 0.0259960218092 0.0173306812061
0 0.595400006304 0.745020000836 0.0274194801548 0.0182796534365
0 0.539000003824 0.73352000033 0.0638464796679 0.0425643197786
0 0.358399995883 0.691579998486 0.0380297257571 0.0253531505047
0 0.379399996806 0.649079996617 0.0323142258905 0.0215428172603
0 0.217199989674 0.644919996434 0.0223605044459 0.0149070029639
0 0.0271999813198 0.617519995229 0.0264212389324 0.0176141592883
0 0.247399991002 0.683979998152 0.0304877115747 0.0203251410498
0 0.0733999833512 0.678799997924 0.0380157761027 0.0253438507351
0 0.214399989551 0.615019995119 0.0239536341191 0.0159690894127
0 0.292999993007 0.620179995346 0.0324541181688 0.0216360787792
0 0.245199990905 0.715839999552 0.0641203282014 0.0427468854676
0 0.106599984811 0.725139999961 0.0927472943936 0.0618315295958
0 0.276599992286 0.751920001139 0.0261228548367 0.0174152365578
0 0.316599994045 0.764380001687 0.0223016388832 0.0148677592555
0 0.319999994194 0.779480002351 0.0239553159923 0.0159702106615
0 0.467200000667 0.811240003747 0.0244737286786 0.0163158191191
0 0.23119999029 0.778600002312 0.0383022881522 0.0255348587682
0 0.370199996402 0.621439995402 0.0254554479699 0.0169702986466
0 0.393799997439 0.60479999467 0.0305652756102 0.0203768504068
0 0.395199997501 0.579399993553 0.0272711785103 0.0181807856736
0 0.648200008625 0.603559994615 0.0261553050964 0.0174368700643
0 0.612400007051 0.587339993902 0.0255529966166 0.0170353310777
0 0.728000012134 0.5918399941 0.0288806322471 0.0192537548314
0 0.797400015186 0.606339994738 0.0366256584204 0.0244171056136
0 0.522400003094 0.561619992771 0.027617446526 0.0184116310173
0 0.492400001775 0.574299993329 0.0395894158333 0.0263929438889
0 0.330999994678 0.564739992909 0.0273562615085 0.0182375076723
0 0.217399989683 0.565139992926 0.0217404868304 0.0144936578869
0 0.0197999809944 0.602139994553 0.0250463570428 0.0166975713619
0 0.113999985136 0.580759993613 0.0278945598722 0.0185963732482
0 0.169199987564 0.590339994034 0.0203219751708 0.0135479834472
0 0.0323999815484 0.584199993764 0.0241533812973 0.0161022541982
0 0.704200011088 0.575139993366 0.0252180070449 0.0168120046966
0 0.930200021025 0.613479995052 0.0272169628324 0.0181446418883
0 0.783800014588 0.553279992405 0.0329277138805 0.0219518092537
0 0.820200016188 0.573559993296 0.0321595924881 0.0214397283254
0 0.822800016303 0.565439992939 0.031120095905 0.0207467306034
0 0.643400008414 0.436859987286 0.0297223603264 0.0198149068842
0 0.654600008907 0.427519986875 0.0240457414113 0.0160304942742
0 0.748400013031 0.419519986523 0.0287959449839 0.0191972966559
0 0.956400022177 0.517719990841 0.0724806231716 0.0483204154477
0 0.391399997334 0.529139991343 0.0435021454766 0.0290014303178
0 0.422399998697 0.497539989954 0.0270904266062 0.0180602844041
0 0.396599997562 0.486259989458 0.0241015400286 0.0160676933524
0 0.358999995909 0.467479988632 0.0254036067013 0.0169357378008
0 0.273399992145 0.463719988467 0.0341501389095 0.022766759273
0 0.314799993966 0.48653998947 0.0273079818537 0.0182053212358
0 0.189799988469 0.543899991992 0.0229940759808 0.0153293839872
0 0.0289999813989 0.523219991083 0.0507435990214 0.0338290660142
0 0.0425999819969 0.483139989321 0.0199149618518 0.0132766412345
0 0.0515999823927 0.471239988797 0.0251102682251 0.0167401788168
0 0.171999987687 0.466679988597 0.034788459263 0.0231923061753
0 0.236999990545 0.451079987911 0.0336759495955 0.0224506330637
0 0.239599990659 0.414079986284 0.0243762789656 0.0162508526438
0 0.183799988206 0.423979986719 0.0210480497328 0.0140320331552
0 0.0247999812143 0.45833998823 0.0257507651204 0.0171671767469
0 0.497200001986 0.45059998789 0.0284305827605 0.0189537218403
0 0.41359999831 0.424379986737 0.0314066079546 0.0209377386364
0 0.47160000086 0.427059986855 0.0282597242282 0.0188398161521
0 0.194399988672 0.396799985524 0.0357917461049 0.02386116407
0 0.865800018193 0.461799988382 0.0247452028029 0.0164968018686
0 0.472600000904 0.438219987345 0.021216138121 0.0141440920806
0 0.0171999808801 0.342099983119 0.0471347937621 0.0314231958414
0 0.024999981223 0.269459979925 0.0325341555473 0.0216894370315
0 0.00979998055469 0.219399977724 0.0211325391286 0.0140883594191
0 0.603400006656 0.217199977627 0.0256342211997 0.0170894807998
0 0.61600000721 0.240279978642 0.0217604714416 0.0145069809611
0 0.754400013295 0.239359978601 0.0231901626114 0.0154601084076
0 0.795400015098 0.255639979317 0.0290199309232 0.0193466206154
0 0.607000006814 0.286919980693 0.0269884259421 0.0179922839614
0 0.626200007658 0.271139979999 0.0336542831111 0.0224361887407
0 0.354799995725 0.275279980181 0.032778027164 0.0218520181094
0 0.434599999233 0.265659979758 0.0443516893196 0.0295677928798
0 0.517000002857 0.254599979272 0.0315433343539 0.0210288895693
0 0.128799985787 0.329439982562 0.0335696947816 0.022379796521
0 0.332599994748 0.24433997882 0.0359895146088 0.0239930097392
0 0.933400021166 0.330419982605 0.0488732570682 0.0325821713788
0 0.947200021773 0.272499980059 0.0271653194313 0.0181102129542
0 0.959600022318 0.266299979786 0.028093416647 0.0187289444313
0 0.7386000126 0.283519980543 0.0424919332744 0.0283279555162
0 0.85800001785 0.247499978959 0.0397794675071 0.0265196450047
0 0.704200011088 0.378299984711 0.041743103957 0.0278287359714
0 0.716000011607 0.40169998574 0.0251221402714 0.0167480935143
0 0.828600016558 0.358519983841 0.0232017378565 0.0154678252377
0 0.334399994828 0.200159976878 0.0631013108982 0.0420675405988
0 0.729600012205 0.224599977952 0.0294649347901 0.0196432898601
0 0.341399995135 0.175459975792 0.0426499304232 0.0284332869488
0 0.538400003798 0.30163998134 0.0241891953035 0.0161261302023
0 0.514200002733 0.348319983392 0.0216350234862 0.0144233489908
0 0.422399998697 0.333459982739 0.0415495896031 0.0276997264021
0 0.511800002628 0.0871199719073 0.0417699149948 0.0278466099966
0 0.464400000544 0.0582399706375 0.0444555697243 0.0296370464829
0 0.664200009329 0.0422799699357 0.0333490725887 0.0222327150591
0 0.122199985497 0.102939972603 0.0419935051992 0.0279956701328
0 0.172999987731 0.130959973835 0.0312336718142 0.0208224478761
0 0.0277999813462 0.13061997382 0.0522301770795 0.034820118053
0 0.471400000851 0.106139972744 0.0269125437798 0.0179416958532
0 0.340999995118 0.116239973188 0.0647490519841 0.0431660346561
0 0.408799998099 0.140139974239 0.0214038153855 0.014269210257
0 0.331599994704 0.154759974881 0.0322094550823 0.0214729700549
0 0.0971999843977 0.0672399710332 0.0596222077442 0.0397481384961
0 0.520000002988 0.128899973744 0.0228333086878 0.0152222057919
0 0.0165999808537 0.0375999697299 0.0336207445804 0.0224138297203
0 0.399199997677 0.783620002533 0.0232276584908 0.0154851056606
0 0.513800002716 0.388559985162 0.0308075642875 0.0205383761916
0 0.387199997149 0.378859984735 0.0418258125459 0.0278838750306
0 0.381399996894 0.349819983458 0.0311967695371 0.020797846358
0 0.753000013234 0.188579976369 0.101768169804 0.067845446536
