0 0.43159999262 0.829335993814 0.218482242091 0.145654828061
0 0.742999985774 0.730955995977 0.211099808484 0.140733205656
0 0.308999995316 0.102599609791 0.186552375804 0.124368250536
0 0.0646000006888 0.155103408637 0.0265206655706 0.0176804437137
0 0.0530000009438 0.182232808041 0.0211264038446 0.0140842692298
0 0.0997999999149 0.136657809043 0.0456319875644 0.030421325043
0 0.10319999984 0.157817208578 0.0531708353705 0.0354472235804
0 0.183399998077 0.20001600765 0.0490867527957 0.0327245018638
0 0.0836000002711 0.252064006505 0.024295448515 0.0161969656767
0 0.0993999999237 0.23683800684 0.0457559515059 0.0305039676706
0 0.272199996125 0.256434006409 0.0555219950418 0.0370146633612
0 0.256199996476 0.265700006206 0.0245300203467 0.0163533468978
0 0.249399996626 0.168739008337 0.025883136729 0.017255424486
0 0.299199995531 0.171899808268 0.0427238310932 0.0284825540622
0 0.359799994199 0.237522006825 0.0382695385672 0.0255130257115
0 0.121999999427 0.011425291796 0.0252567873968 0.0168378582645
0 0.212999997426 0.0646766106252 0.0530649762985 0.0353766508656
0 0.184199998059 0.0419514111248 0.057465448885 0.0383102992567
0 0.202599997655 0.112921209565 0.0424782776195 0.0283188517463
0 0.306799995364 0.212354007378 0.047561887489 0.0317079249927
0 0.385399993636 0.156668008603 0.0381449810235 0.025429987349
0 0.345399994515 0.207342007489 0.0279712316594 0.0186474877729
0 0.174199998279 0.0527800108868 0.0649736272403 0.0433157514936
0 0.399399993328 0.19273780781 0.0352428595088 0.0234952396725
0 0.497199991178 0.186756007941 0.0459935902827 0.0306623935218
0 0.481399991525 0.192492407815 0.0341802125057 0.0227868083371
0 0.350599994401 0.0112551517997 0.030516895009 0.0203445966726
0 0.520199990672 0.0865752101438 0.0246926673696 0.0164617782464
0 0.480199991552 0.137467609025 0.0387113765261 0.0258075843507
0 0.481399991525 0.152140008702 0.0205950308762 0.0137300205841
0 0.457199992057 0.153038008683 0.0586840154186 0.0391226769457
0 0.425199992761 0.167345408368 0.0264631850838 0.0176421233892
0 0.505199991002 0.133833009105 0.0395999001957 0.0263999334638
0 0.497399991174 0.135595809066 0.0199370227561 0.0132913485041
0 0.490999991314 0.167794408358 0.0279640094984 0.018642672999
0 0.532799990395 0.121005609387 0.0244976690228 0.0163317793485
0 0.568999989599 0.157450008586 0.0474214016176 0.0316142677451
0 0.557199989859 0.176535008166 0.040119598986 0.026746399324
0 0.53119999043 0.155164208636 0.0637177626972 0.0424785084648
0 0.492399991284 0.0842740101944 0.0249766071237 0.0166510714158
0 0.604199988826 0.144443608872 0.0496297999422 0.0330865332948
0 0.571999989533 0.138802008996 0.0572940956954 0.0381960637969
0 0.606599988773 0.0920446100235 0.0379662078055 0.0253108052037
0 0.598399988953 0.0790784103086 0.0225914142554 0.015060942837
0 0.63899998806 0.107301009688 0.0502953270244 0.0335302180163
0 0.659599987608 0.177683808141 0.0230029784983 0.0153353189989
0 0.659799987603 0.18590160796 0.0213917440609 0.0142611627072
0 0.633199988188 0.136353609049 0.0616884343918 0.0411256229279
0 0.615799988571 0.112459009575 0.0212688683903 0.0141792455935
0 0.596999988984 0.111038809606 0.0212470040399 0.0141646693599
0 0.672199987331 0.0383216112046 0.0310943710873 0.0207295807249
0 0.6735999873 0.0982252098876 0.0577066492754 0.038471099517
0 0.717799986328 0.182205808041 0.10544750785 0.0702983385666
0 0.679799987163 0.0239226115212 0.0392743093487 0.0261828728991
0 0.698799986746 0.034121611297 0.0760113647134 0.0506742431423
0 0.7599999854 0.070555010496 0.0269896113666 0.0179930742444
0 0.836599983716 0.191085007846 0.0227238864961 0.0151492576641
0 0.92919998168 0.122476609354 0.0212651089092 0.0141767392728
0 0.982199980515 0.0267252114596 0.0368746721584 0.0245831147723
0 0.918999981905 0.294680005569 0.0233324277601 0.0155549518401
0 0.834799983756 0.31416800514 0.0216176097259 0.0144117398173
0 0.84279998358 0.309072005252 0.0913108697085 0.060873913139
0 0.937599981496 0.347160004415 0.0235571062206 0.0157047374804
0 0.741199985814 0.250998006529 0.032273364136 0.0215155760907
0 0.792599984684 0.314254005138 0.0202750792509 0.0135167195006
0 0.757399985457 0.41013200303 0.0410776730553 0.0273851153702
0 0.709199986517 0.410546003021 0.0218399137773 0.0145599425182
0 0.924399981786 0.363604004053 0.0359559737066 0.0239706491377
0 0.600399988909 0.391360003443 0.0285183350881 0.0190122233921
0 0.583799989274 0.360376004124 0.020400527198 0.0136003514653
0 0.547199990079 0.379830003696 0.0309171808087 0.0206114538725
0 0.558399989832 0.397072003317 0.0375357472236 0.0250238314824
0 0.503599991037 0.363070004065 0.029717213813 0.0198114758753
0 0.63039998825 0.339682004579 0.0317148833304 0.0211432555536
0 0.475599991653 0.274494006012 0.0276467290833 0.0184311527222
0 0.458399992031 0.242718006711 0.042252906623 0.0281686044153
0 0.428599992686 0.265606006208 0.114738372766 0.0764922485107
0 0.457199992057 0.218942007234 0.0893500035319 0.0595666690213
0 0.418599992906 0.200370007642 0.035065372429 0.0233769149527
0 0.431999992611 0.319748005017 0.0287336148459 0.0191557432306
0 0.397399993372 0.314196005139 0.0219459707168 0.0146306471445
0 0.382599993697 0.295906005542 0.0218116187356 0.0145410791571
0 0.358199994234 0.304756005347 0.0360416503014 0.0240277668676
0 0.367399994032 0.274440006014 0.0222797730619 0.0148531820413
0 0.409199993113 0.350254004347 0.112855664222 0.0752371094814
0 0.415199992981 0.410044003032 0.0688363951009 0.0458909300673
0 0.352599994357 0.38467200359 0.0394401222504 0.0262934148336
0 0.370599993961 0.428976002616 0.0281159716804 0.0187439811203
0 0.29379999565 0.428508002626 0.0300453769365 0.020030251291
0 0.277799996002 0.380002003693 0.0386443984029 0.0257629322686
0 0.248599996644 0.380094003691 0.0512617115255 0.0341744743503
0 0.250399996604 0.446256002236 0.0683200600567 0.0455467067045
0 0.257199996454 0.468300001751 0.0261933928505 0.0174622619004
0 0.18779999798 0.402258003203 0.0215543910838 0.0143695940559
0 0.176399998231 0.365426004013 0.0208519617269 0.0139013078179
0 0.320399995065 0.335616004669 0.023136143275 0.0154240955167
0 0.171599998336 0.3296300048 0.0333158286618 0.0222105524412
0 0.133999999163 0.339030004593 0.0373322405775 0.024888160385
0 0.161399998561 0.364440004035 0.0289321748064 0.0192881165376
0 0.192999997866 0.340972004551 0.0234468940651 0.0156312627101
0 0.0842000002579 0.351514004319 0.0562190819783 0.0374793879855
0 0.023200001599 0.29050400566 0.0360824109908 0.0240549406605
0 0.0228000016078 0.602045998811 0.0220019671979 0.014667978132
0 0.0310000014275 0.576505999373 0.0332990099308 0.0221993399538
0 0.0238000015858 0.56888799954 0.0323261947383 0.0215507964922
0 0.0468000010801 0.596983998922 0.0210225234468 0.0140150156312
0 0.0576000008427 0.632863998133 0.051777947636 0.0345186317573
0 0.0983999999457 0.59891199888 0.0541215883451 0.0360810588968
0 0.0704000005613 0.603553998778 0.0477516423491 0.0318344282327
0 0.119199999488 0.628511998229 0.0362292286198 0.0241528190799
0 0.125399999352 0.565659999611 0.0261267115285 0.0174178076857
0 0.0160000017573 0.531454000363 0.0211716165511 0.0141144110341
0 0.00920000190678 0.512354000783 0.0208705612648 0.0139137075099
0 0.0626000007328 0.468420001749 0.0306272060981 0.0204181373987
0 0.0190000016913 0.492814001213 0.0431700221354 0.028780014757
0 0.109799999695 0.4797580015 0.0302251394916 0.0201500929944
0 0.109399999704 0.511698000797 0.0248623386861 0.0165748924574
0 0.108999999713 0.444026002285 0.0275014943937 0.0183343295958
0 0.191999997888 0.517330000674 0.0273019450961 0.0182012967308
0 0.226599997127 0.521524000581 0.039175177769 0.0261167851794
0 0.241399996802 0.529008000417 0.0346444094835 0.023096272989
0 0.231199997026 0.549293999971 0.0381761451429 0.0254507634286
0 0.188999997954 0.576221999379 0.051196909944 0.034131273296
0 0.174999998262 0.56568199961 0.0472319435587 0.0314879623725
0 0.168799998398 0.544492000076 0.021344948415 0.01422996561
0 0.148599998842 0.626767998267 0.0582315915526 0.038821061035
0 0.139399999044 0.654007997669 0.0422736827026 0.028182455135
0 0.0850000002403 0.662063997492 0.0247341205951 0.01648941373
0 0.177599998204 0.664773997432 0.0324910183029 0.0216606788686
0 0.116599999546 0.651371997727 0.0306696486607 0.0204464324404
0 0.190599997919 0.627015998262 0.0272777063366 0.0181851375578
0 0.207199997554 0.640951997956 0.0252992299593 0.0168661533062
0 0.312599995236 0.620627998402 0.0268384406543 0.0178922937695
0 0.27879999598 0.535284000279 0.0288654934843 0.0192436623229
0 0.366599994049 0.592399999023 0.0302564025447 0.0201709350298
0 0.370399993966 0.57932799931 0.0210423101892 0.0140282067928
0 0.400599993302 0.630183998192 0.0222903589691 0.0148602393127
0 0.274199996081 0.462564001878 0.0271550285335 0.0181033523556
0 0.367999994018 0.487380001332 0.0262242601688 0.0174828401125
0 0.375999993843 0.513762000752 0.0584925786854 0.038995052457
0 0.426999992721 0.488156001315 0.0288701433688 0.0192467622459
0 0.445999992304 0.628559998228 0.0224316363102 0.0149544242068
0 0.460199991991 0.623173998347 0.0256002852457 0.0170668568305
0 0.488399991371 0.510872000815 0.0393512797768 0.0262341865179
0 0.519199990694 0.554893999848 0.0203153452717 0.0135435635145
0 0.422199992827 0.626937998264 0.0486067264239 0.0324044842826
0 0.566599989652 0.546998000021 0.027541265746 0.0183608438307
0 0.546599990092 0.581341999266 0.0763177624202 0.0508785082801
0 0.568999989599 0.456582002009 0.0644632282189 0.0429754854793
0 0.629399988272 0.445516002252 0.0313198410175 0.0208798940117
0 0.633399988184 0.550137999952 0.0215725948868 0.0143817299246
0 0.598399988953 0.591583999041 0.0227094421741 0.0151396281161
0 0.662399987546 0.599179998874 0.105404966354 0.0702699775691
0 0.725399986161 0.616749998488 0.0232159827808 0.0154773218539
0 0.73679998591 0.653371997683 0.0236753320067 0.0157835546711
0 0.748799985646 0.578103999337 0.0356201926873 0.0237467951248
0 0.702399986667 0.529996000395 0.0222105194633 0.0148070129756
0 0.732399986007 0.540150000172 0.0210393421779 0.0140262281186
0 0.677999987203 0.497358001113 0.0598632063348 0.0399088042232
0 0.597199988979 0.419106002833 0.020258854122 0.013505902748
0 0.895199982428 0.478460001528 0.0473370111611 0.0315580074407
0 0.841399983611 0.506986000901 0.0255904908082 0.0170603272054
0 0.917599981935 0.540052000174 0.0273344942875 0.0182229961916
0 0.951399981192 0.579183999314 0.0680163335602 0.0453442223734
0 0.946399981302 0.849149993378 0.0399895011545 0.0266596674363
0 0.922999981817 0.842007993535 0.033296536588 0.0221976910586
0 0.916199981966 0.854557993259 0.0211302622594 0.0140868415063
0 0.910599982089 0.866091993006 0.0239380010127 0.0159586673418
0 0.925799981755 0.867989992964 0.0334744194026 0.0223162796017
0 0.891599982507 0.862291993089 0.0291204456608 0.0194136304405
0 0.852999983356 0.873129992851 0.0222591948497 0.0148394632332
0 0.836999983707 0.846757993431 0.0259661421135 0.017310761409
0 0.797599984574 0.771121995094 0.0223598104351 0.0149065402901
0 0.807599984354 0.802169994411 0.024168912297 0.016112608198
0 0.73819998588 0.805915994329 0.0273040227041 0.0182026818027
0 0.761799985361 0.850095993358 0.0307453329505 0.0204968886337
0 0.816799984151 0.781467994866 0.0721902479457 0.0481268319638
0 0.864999983092 0.764657995236 0.0393294154264 0.0262196102843
0 0.881999982718 0.677275997157 0.0273679338822 0.0182452892548
0 0.824799983976 0.696483996735 0.0226601731854 0.0151067821236
0 0.786799984811 0.671281997289 0.0209662301645 0.0139774867764
0 0.988999980366 0.551121999931 0.0294656253827 0.0196437502552
0 0.946599981298 0.657185997599 0.0212688683903 0.0141792455935
0 0.88099998274 0.796187994543 0.0228286572974 0.0152191048649
0 0.936999981509 0.789811994683 0.0223514010696 0.0149009340464
0 0.716399986359 0.790987994657 0.0624296457639 0.0416197638426
0 0.7599999854 0.747377995616 0.0271840161112 0.0181226774074
0 0.658399987634 0.753749995476 0.022253951363 0.0148359675753
0 0.631799988219 0.782915994835 0.0220430246885 0.0146953497923
0 0.622399988425 0.750053995557 0.0260207535227 0.0173471690151
0 0.669399987392 0.812783994178 0.0305737818935 0.0203825212623
0 0.658799987625 0.844643993477 0.0430064847091 0.0286709898061
0 0.682599987102 0.833499993722 0.0520813773314 0.0347209182209
0 0.641799987999 0.808769994266 0.0745232038139 0.049682135876
0 0.589399989151 0.694163996786 0.0729555002098 0.0486370001399
0 0.572199989529 0.709545996448 0.0217201050518 0.0144800700345
0 0.593199989067 0.724261996124 0.0498171803932 0.0332114535954
0 0.533599990378 0.712825996375 0.0665841691418 0.0443894460945
0 0.561399989767 0.864749993035 0.102964271673 0.0686428477818
0 0.587999989182 0.813329994166 0.0239587770923 0.0159725180615
0 0.519199990694 0.808187994279 0.0336001641508 0.0224001094339
0 0.520399990668 0.849845993363 0.0241519946323 0.0161013297548
0 0.431199992629 0.897191992322 0.02930911225 0.0195394081667
0 0.36199999415 0.836287993661 0.0314273819627 0.0209515879751
0 0.356799994265 0.889695992487 0.0225787507403 0.0150525004935
0 0.309799995298 0.872399992867 0.0254455529197 0.0169637019465
0 0.526399990536 0.794297994584 0.0198517418962 0.0132344945975
0 0.505999990985 0.769525995129 0.0322785086891 0.0215190057927
0 0.500399991108 0.754393995462 0.0301857638741 0.0201238425827
0 0.488999991358 0.767981995163 0.0312202147693 0.0208134765128
0 0.497199991178 0.722741996157 0.0215763543679 0.0143842362453
0 0.508999990919 0.735141995885 0.031417290724 0.0209448604827
0 0.511999990853 0.662277997487 0.026838539588 0.0178923597254
0 0.441199992409 0.706499996515 0.0227936347632 0.0151957565088
0 0.323399994999 0.660665997522 0.0332053197053 0.0221368798035
0 0.378599993785 0.745979995647 0.0231503897296 0.015433593153
0 0.258799996419 0.652685997698 0.0214802897333 0.0143201931555
0 0.298399995549 0.66848199735 0.0228616022236 0.015241068149
0 0.111599999655 0.793955994592 0.0220636029007 0.0147090686004
0 0.135799999123 0.76585799521 0.0227088485719 0.0151392323812
0 0.261599996358 0.77131199509 0.020090765745 0.01339384383
0 0.286199995817 0.770121995116 0.0235106073758 0.0156737382505
0 0.34199999459 0.755869995429 0.032873990703 0.021915993802
0 0.26739999623 0.794651994577 0.0317485207926 0.0211656805284
0 0.228399997088 0.806257994321 0.0361977676993 0.0241318451329
0 0.14459999893 0.785505994778 0.041175419563 0.0274502797087
0 0.133999999163 0.807535994293 0.0279641084321 0.0186427389548
0 0.232199997004 0.857585993193 0.0399197528873 0.0266131685916
0 0.192599997875 0.88862599251 0.0457166748221 0.0304777832147
0 0.181199998125 0.882403992647 0.0403529836132 0.0269019890755
0 0.0908000001128 0.848995993382 0.0372235124278 0.0248156749518
0 0.0820000003063 0.806743994311 0.0421801903445 0.0281201268963
0 0.0800000003502 0.750529995547 0.0448818721583 0.0299212481055
0 0.0258000015418 0.785329994781 0.04976326152 0.03317550768
0 0.0418000011901 0.902933992196 0.0315048470594 0.0210032313729
0 0.0276000015023 0.981723990464 0.0316267333928 0.0210844889286
0 0.0704000005613 0.986495990359 0.0333925022888 0.0222616681926
0 0.188999997954 0.947137991224 0.0443845323868 0.0295896882579
0 0.216799997343 0.937247991442 0.0285930300408 0.0190620200272
0 0.216999997338 0.915895991911 0.023012377201 0.0153415848007
0 0.2141999974 0.970433990712 0.0299984823569 0.0199989882379
0 0.26239999634 0.881311992671 0.0203424531089 0.0135616354059
0 0.238799996859 0.903155992191 0.0782099686004 0.0521399790669
0 0.304799995408 0.894255992387 0.0226099148596 0.0150732765731
0 0.360999994172 0.966091990807 0.0260827849603 0.0173885233068
0 0.489399991349 0.936021991468 0.0205979988876 0.0137319992584
0 0.458799992022 0.936107991467 0.0234455089932 0.0156303393288
0 0.455399992097 0.916567991896 0.0207372975544 0.0138248650363
0 0.71499998639 0.922097991775 0.0209480263615 0.0139653509077
0 0.719399986293 0.963881990856 0.0226800588616 0.0151200392411
0 0.760999985378 0.979409990515 0.0203951847775 0.0135967898517
0 0.791799984701 0.979827990505 0.0258863026078 0.0172575350718
0 0.856599983276 0.934885991493 0.0214616901954 0.0143077934636
0 0.829199983879 0.928917991625 0.0217947010708 0.0145298007139
0 0.769399985194 0.96232399089 0.0465901605674 0.031060107045
0 0.843999983553 0.956039991028 0.0214241943185 0.0142827962123
0 0.836399983721 0.981507990468 0.0217688793719 0.0145125862479
0 0.861399983171 0.969967990722 0.0221258322057 0.0147505548038
0 0.883599982683 0.957825990989 0.0274539072781 0.0183026048521
0 0.930999981641 0.975419990602 0.0274810151153 0.0183206767435
0 0.908599982133 0.930679991586 0.0539708133677 0.0359805422451
0 0.883999982674 0.939001991403 0.0200764203567 0.0133842802378
0 0.932999981597 0.923341991747 0.0296945579929 0.0197963719952
0 0.925599981759 0.91504199193 0.0239044624842 0.0159363083228
0 0.641599988003 0.0120947317812 0.0204819496431 0.0136546330954
0 0.817799984129 0.276208005975 0.0214128169416 0.0142752112944
0 0.815599984178 0.253446006475 0.0224592388159 0.0149728258773
0 0.386199993618 0.256632006405 0.0201689233776 0.0134459489184
0 0.0938000000468 0.26821800615 0.052396778006 0.0349311853373
0 0.0150000017793 0.261244006304 0.0427054294228 0.0284702862818
0 0.0948000000248 0.47156600168 0.0224428158197 0.0149618772131
0 0.156999998657 0.572751999455 0.0213520716423 0.0142347144282
0 0.122399999418 0.588853999101 0.0333667795237 0.0222445196824
0 0.125999999339 0.608057998679 0.0246562597635 0.016437506509
0 0.0973999999677 0.643759997894 0.0203830159309 0.0135886772873
0 0.297199995575 0.506806000905 0.0201572491996 0.0134381661331
0 0.298199995553 0.537800000223 0.0376095517729 0.0250730345153
0 0.441399992405 0.520888000595 0.0377012633241 0.0251341755494
0 0.433999992567 0.535642000271 0.0238772557134 0.0159181704756
0 0.645999987907 0.554417999858 0.0229136413562 0.0152757609041
0 0.951599981188 0.607143998699 0.0219606129062 0.0146404086041
0 0.962799980942 0.609123998655 0.0302257330939 0.0201504887292
0 0.973599980704 0.660603997524 0.0628950299462 0.0419300199642
0 0.558399989832 0.697853996705 0.0447766066884 0.0298510711256
0 0.219399997285 0.8390799936 0.0377273818242 0.0251515878828
0 0.586999989204 0.949481991173 0.029412596913 0.019608397942
0 0.616399988557 0.949079991181 0.030273122342 0.0201820815613
0 0.653799987735 0.954979991052 0.094655521718 0.0631036811454
0 0.791799984701 0.933305991528 0.0554356259111 0.0369570839407
0 0.870399982973 0.874457992822 0.02445255525 0.0163017035
0 0.86279998314 0.886037992567 0.0247510382598 0.0165006921732
0 0.853799983338 0.895679992355 0.0263124101064 0.0175416067376
0 0.946199981307 0.945985991249 0.0270412547644 0.0180275031763
0 0.980799980546 0.959119990961 0.021945574982 0.0146303833213
