0 0.841800005587 0.769893973136 0.135534239078 0.0903561593854
0 0.0698000225597 0.0943279879881 0.02251078328 0.0150071888533
0 0.116400021535 0.0939879879955 0.02496344894 0.0166422992933
0 0.145000020906 0.0290859894224 0.0212105964338 0.0141403976225
0 0.251200018572 0.0574339887992 0.0414064297811 0.0276042865207
0 0.261000018356 0.0936759880024 0.0351118712738 0.0234079141825
0 0.375400015841 0.0830459882361 0.0469104089939 0.031273605996
0 0.364600016078 0.0430799891148 0.0361353405269 0.0240902270179
0 0.353800016316 0.0219939895783 0.0216752880801 0.0144501920534
0 0.391400015489 0.103361987789 0.0381054075386 0.0254036050258
0 0.232200018989 0.0959899879515 0.0367824659386 0.0245216439591
0 0.0968000219661 0.114835987537 0.0212678790531 0.0141785860354
0 0.143800020933 0.137227987045 0.0893081545717 0.0595387697144
0 0.253000018532 0.119667987431 0.0219391442907 0.0146260961938
0 0.336600016694 0.125739987297 0.0370291076832 0.0246860717888
0 0.355600016276 0.18339998603 0.120451794648 0.0803011964318
0 0.548400012038 0.0164299897007 0.0199324718054 0.0132883145369
0 0.563200011712 0.0339559893154 0.0271735291377 0.0181156860918
0 0.605800010776 0.101137987838 0.0223067819653 0.0148711879769
0 0.652400009751 0.0561099888283 0.025171803338 0.0167812022253
0 0.651200009778 0.0771439883659 0.0251187748682 0.0167458499122
0 0.671000009342 0.0899339880847 0.0255147075846 0.0170098050564
0 0.661800009544 0.0815419882692 0.0210202479714 0.0140134986476
0 0.690000008924 0.0651599886293 0.0233137292885 0.0155424861923
0 0.685400009026 0.0805279882915 0.0284846976259 0.0189897984173
0 0.79620000659 0.0346779892995 0.0840974148819 0.0560649432546
0 0.775600007043 0.0714119884919 0.063997349368 0.0426648995787
0 0.753400007531 0.100853987845 0.051960480335 0.0346403202234
0 0.768600007196 0.118499987457 0.0346603378111 0.0231068918741
0 0.741400007794 0.123131987355 0.0290129047156 0.019341936477
0 0.73340000797 0.110305987637 0.0204001314631 0.0136000876421
0 0.725800008137 0.11834598746 0.0291102554884 0.0194068369923
0 0.726200008129 0.10104598784 0.0222850165486 0.0148566776991
0 0.707400008542 0.103977987776 0.0480406277225 0.0320270851484
0 0.660800009566 0.125009987314 0.0278435082369 0.0185623388246
0 0.559800011787 0.165013986434 0.0987164538042 0.0658109692028
0 0.757800007434 0.149019986786 0.0826921604333 0.0551281069555
0 0.822400006014 0.156591986619 0.0452443652799 0.0301629101866
0 0.95720000305 0.0430479891155 0.0244275250208 0.0162850166806
0 0.958200003028 0.0305379893905 0.038473144147 0.0256487627647
0 0.978800002575 0.0164639896999 0.0422545884961 0.0281697256641
0 0.973200002698 0.105259987748 0.0206486529483 0.0137657686322
0 0.960200002984 0.112501987589 0.0302159386563 0.0201439591042
0 0.966800002839 0.127359987262 0.0221465093515 0.0147643395677
0 0.975000002659 0.230211985001 0.0230031763658 0.0153354509105
0 0.944200003336 0.274965984017 0.0349431892944 0.0232954595296
0 0.973600002689 0.323221982956 0.0438059680377 0.0292039786918
0 0.976400002628 0.361149982122 0.0671193015913 0.0447462010609
0 0.946600003283 0.362833982085 0.0696669436151 0.0464446290767
0 0.929200003666 0.378653981737 0.0210123332744 0.014008222183
0 0.925000003758 0.423141980759 0.0295060892711 0.0196707261807
0 0.957400003046 0.3030239834 0.0232669336426 0.0155112890951
0 0.924400003771 0.309085983267 0.0276260519374 0.0184173679583
0 0.907800004136 0.204435985567 0.0220466852359 0.0146977901572
0 0.888000004571 0.187625985937 0.0211954595758 0.0141303063839
0 0.789000006748 0.267409984183 0.0338707478538 0.0225804985692
0 0.726800008115 0.214941985336 0.0828555989259 0.0552370659506
0 0.797600006559 0.322487982972 0.0198347252977 0.0132231501985
0 0.488000013366 0.15563398664 0.141934260923 0.0946228406151
0 0.444800014315 0.182141986057 0.0559450355954 0.0372966903969
0 0.425800014733 0.211823985405 0.0961865209149 0.0641243472766
0 0.206600019552 0.257241984406 0.0582609748651 0.0388406499101
0 0.152800020735 0.271931984083 0.0625339218966 0.0416892812644
0 0.178200020177 0.319935983028 0.0305477623272 0.0203651748848
0 0.292400017666 0.339793982591 0.0413317348284 0.0275544898856
0 0.163800020493 0.344977982477 0.0264239084 0.0176159389334
0 0.0902000221112 0.344083982497 0.0422471684677 0.0281647789785
0 0.0948000220101 0.322387982974 0.0250444756503 0.0166963171002
0 0.212400019425 0.37396398184 0.139162138306 0.0927747588705
0 0.266400018237 0.363599982068 0.0581376045259 0.0387584030173
0 0.118200021496 0.212187985397 0.0606852465497 0.0404568310332
0 0.074200022463 0.155551986642 0.0482149489235 0.0321432992823
0 0.25720001844 0.209011985467 0.0542438704135 0.0361625802756
0 0.0250000235447 0.45264398011 0.0438971849204 0.0292647899469
0 0.0328000233732 0.480601979496 0.0318715943306 0.0212477295537
0 0.0524000229423 0.53543997829 0.024080564492 0.0160537096613
0 0.0548000228895 0.518083978672 0.0324276017934 0.0216184011956
0 0.0356000233116 0.413917980962 0.0260905017898 0.0173936678599
0 0.0286000234655 0.429553980618 0.0276748262576 0.0184498841717
0 0.112600021619 0.4394819804 0.0222958003233 0.0148638668822
0 0.0794000223487 0.546007978058 0.0674553794118 0.0449702529412
0 0.137200021078 0.573935977444 0.12721688189 0.0848112545936
0 0.164800020471 0.63640597607 0.0552938539014 0.0368625692676
0 0.209200019495 0.63871197602 0.0794214119068 0.0529476079378
0 0.217400019315 0.59093597707 0.0316006148928 0.0210670765952
0 0.183400020062 0.618761976458 0.0317403092945 0.0211602061963
0 0.16260002052 0.449409980181 0.079083355412 0.0527222369414
0 0.229200019055 0.501747979031 0.0233613164041 0.015574210936
0 0.246200018682 0.447819980216 0.023344497673 0.0155629984487
0 0.251000018576 0.511085978826 0.054250894707 0.036167263138
0 0.258000018422 0.459999979949 0.023424238245 0.01561615883
0 0.264200018286 0.454797980063 0.12125216838 0.0808347789198
0 0.394200015428 0.501257979042 0.0226022969638 0.0150681979759
0 0.294600017617 0.575319977413 0.0429287228113 0.0286191485409
0 0.278800017965 0.595879976961 0.0902614798228 0.0601743198818
0 0.25720001844 0.622465976377 0.0490492569188 0.0326995046125
0 0.274800018053 0.647685975822 0.0276506864318 0.0184337909545
0 0.41500001497 0.426775980679 0.0253970754007 0.0169313836005
0 0.420000014861 0.448535980201 0.0366976797472 0.0244651198315
0 0.694200008832 0.439499980399 0.0245949208619 0.016396613908
0 0.628200010283 0.470489979718 0.0417806960145 0.027853797343
0 0.771200007139 0.520861978611 0.0204528631317 0.0136352420878
0 0.790800006708 0.462309979898 0.0203667908021 0.0135778605347
0 0.856000005275 0.489991979289 0.0302548196053 0.0201698797368
0 0.817600006119 0.400845981249 0.0271817406358 0.0181211604239
0 0.81120000626 0.440411980379 0.0214160817541 0.014277387836
0 0.890400004519 0.405021981157 0.0411335706028 0.0274223804018
0 0.882200004699 0.428127980649 0.0203934039707 0.0135956026471
0 0.899400004321 0.439841980392 0.0290598982289 0.0193732654859
0 0.909400004101 0.428985980631 0.0230762883791 0.0153841922527
0 0.899600004316 0.477909979555 0.0598424302552 0.0398949535035
0 0.916000003956 0.450525980157 0.030865834212 0.020577222808
0 0.933800003564 0.489005979311 0.0259019341343 0.0172679560895
0 0.982600002492 0.526297978491 0.0345497299209 0.0230331532806
0 0.933000003582 0.519253978646 0.0227000434715 0.0151333623143
0 0.90580000418 0.517095978693 0.099109814244 0.066073209496
0 0.906400004167 0.550403977961 0.0334426616809 0.0222951077873
0 0.861000005165 0.565781977623 0.0805504434308 0.0537002956205
0 0.94400000334 0.575433977411 0.0228356815909 0.0152237877273
0 0.726400008124 0.56320597768 0.0653578857787 0.0435719238524
0 0.771400007135 0.638515976024 0.0289081339143 0.0192720892762
0 0.986200002412 0.727959974057 0.0252387814612 0.0168258543074
0 0.955200003094 0.800273972468 0.0513144431941 0.0342096287961
0 0.952000003164 0.820129972031 0.0288688572305 0.0192459048204
0 0.976800002619 0.702081974626 0.0217182253112 0.0144788168742
0 0.951600003173 0.696083974758 0.0599663941966 0.0399775961311
0 0.617800010512 0.718149974273 0.0217592828018 0.0145061885345
0 0.526800012512 0.597705976921 0.0431112555104 0.0287408370069
0 0.402400015247 0.71829397427 0.119989774212 0.0799931828077
0 0.383600015661 0.674063975242 0.0393283271556 0.0262188847704
0 0.320000017059 0.668947975355 0.0481884346886 0.0321256231257
0 0.435800014513 0.650619975758 0.0537509826591 0.0358339884394
0 0.517200012724 0.695779974765 0.124052981773 0.0827019878487
0 0.51780001271 0.744639973691 0.0708453430616 0.0472302287077
0 0.523800012578 0.765441973233 0.0510021094646 0.0340014063097
0 0.463000013915 0.772967973068 0.027260392937 0.0181735952913
0 0.446600014276 0.764589973252 0.0331893913776 0.0221262609184
0 0.40320001523 0.797655972525 0.0262438490438 0.0174958993625
0 0.322000017015 0.759297973369 0.0335389241829 0.0223592827886
0 0.409400015094 0.827671971865 0.0555273374623 0.0370182249749
0 0.412600015023 0.84655597145 0.0219648670558 0.0146432447039
0 0.466600013836 0.831367971784 0.0238007799538 0.0158671866359
0 0.442600014364 0.809399972267 0.0291339995793 0.0194226663862
0 0.543000012156 0.808735972282 0.0232976030934 0.0155317353956
0 0.525200012548 0.803999972386 0.0354116404219 0.0236077602812
0 0.618200010503 0.791321972664 0.0427832902543 0.0285221935029
0 0.600200010899 0.808585972285 0.0201382539268 0.0134255026179
0 0.617800010512 0.842285971544 0.0286962179027 0.0191308119351
0 0.589600011132 0.57910797733 0.0200033083433 0.0133355388956
0 0.26220001833 0.741151973767 0.0228560619357 0.0152373746238
0 0.226400019117 0.818225972073 0.0326161694489 0.0217441129659
0 0.192400019864 0.757485973408 0.038916663979 0.0259444426526
0 0.205400019579 0.717637974284 0.0271083318213 0.0180722212142
0 0.285600017815 0.669847975335 0.0423603486345 0.028240232423
0 0.0362000232984 0.730413974004 0.021323974468 0.0142159829787
0 0.0764000224146 0.68006597511 0.0580773538952 0.0387182359301
0 0.110200021672 0.647167975834 0.0250419033738 0.0166946022492
0 0.101400021865 0.662657975493 0.0319169059708 0.0212779373139
0 0.0874000221728 0.712743974392 0.0412097495612 0.0274731663741
0 0.0552000228807 0.717879974279 0.0223954265715 0.014930284381
0 0.104200021803 0.861155971129 0.0711508503649 0.0474339002433
0 0.17440002026 0.950455969166 0.0273812899334 0.0182541932889
0 0.191200019891 0.866993971001 0.0297119703262 0.0198079802175
0 0.198800019724 0.853497971298 0.0219000654743 0.0146000436496
0 0.156600020651 0.910983970034 0.0335260628004 0.0223507085336
0 0.154200020704 0.926027969703 0.024163767744 0.016109178496
0 0.122800021395 0.944509969297 0.0642915782282 0.0428610521521
0 0.196000019785 0.922003969791 0.0267999554403 0.0178666369602
0 0.196600019772 0.949749969181 0.0294962948335 0.0196641965557
0 0.417200014922 0.882417970662 0.0259407161495 0.0172938107663
0 0.502400013049 0.965623968832 0.0462646686542 0.0308431124361
0 0.496800013172 0.944567969295 0.0266295915878 0.0177530610585
0 0.53100001242 0.882837970652 0.0913864550646 0.0609243033764
0 0.483800013458 0.913327969982 0.0218193355651 0.0145462237101
0 0.476200013625 0.978229968555 0.0257894465035 0.0171929643356
0 0.520600012649 0.948721969204 0.0336773324464 0.0224515549642
0 0.642400009971 0.904395970178 0.0539999988128 0.0359999992085
0 0.697800008753 0.823137971965 0.0243248318275 0.0162165545517
0 0.801600006471 0.795769972567 0.0265963498605 0.017730899907
0 0.864600005086 0.906123970141 0.0274986253161 0.0183324168774
0 0.829200005864 0.893321970422 0.0806547195635 0.0537698130423
0 0.29720001756 0.979785968521 0.0207490706662 0.0138327137774
0 0.876400004826 0.167983986369 0.0437268210679 0.0291512140453
0 0.563400011708 0.126737987276 0.0813952383996 0.0542634922664
0 0.125600021333 0.159311986559 0.0671278098906 0.0447518732604
0 0.837200005688 0.409621981056 0.0595312837302 0.0396875224868
0 0.961400002958 0.455965980037 0.0748963817765 0.0499309211843
0 0.477600013594 0.667467975387 0.0409243258014 0.0272828838676
0 0.255400018479 0.646197975855 0.0354220284616 0.0236146856411
0 0.0562000228587 0.799817972478 0.0244352418504 0.0162901612336
0 0.252000018554 0.783187972843 0.0470625690434 0.0313750460289
0 0.711800008445 0.908077970098 0.0256543030526 0.0171028687017
