0 0.912600020251 0.207219985506 0.132895694503 0.0885971238253
0 0.901800019776 0.175699986199 0.0882053521167 0.0588035641993
0 0.913000020269 0.271779984087 0.111898000648 0.0745986621787
0 0.896000019521 0.423039980761 0.122619448458 0.0817462935801
0 0.588200005987 0.440939980368 0.16930627342 0.112870841503
0 0.550000004308 0.489899979291 0.124954284374 0.0833028507553
0 0.324599994397 0.425039980717 0.135480832745 0.0903205492061
0 0.313199993895 0.492579979232 0.126851833225 0.0845678832392
0 0.575600005433 0.316119983112 0.156249000357 0.104165993368
0 0.700400010921 0.667139975395 0.144279008935 0.0961859996124
0 0.797800015203 0.759359973367 0.181403889349 0.120935918256
0 0.8432000172 0.774439973036 0.128814678335 0.0858764465594
0 0.872000018466 0.906719970127 0.135737071093 0.0904913747605
0 0.197599988812 0.0382599892207 0.0606049203699 0.0404032775818
0 0.157399987045 0.0334199893271 0.0615280709605 0.0410187112683
0 0.124599985603 0.0253599895043 0.0231568234755 0.0154378812988
0 0.124199985585 0.0596599887502 0.0310100836551 0.0206733877398
0 0.234999990457 0.065539988621 0.0231151723772 0.0154101139017
0 0.0199999810032 0.229879985008 0.0249887792667 0.016659185079
0 0.129799985831 0.158519986577 0.0250497224414 0.0166998138595
0 0.0873999839668 0.0709599885018 0.0257535369631 0.0171690235097
0 0.0935999842394 0.0294399894146 0.0447198246367 0.0298132144581
0 0.0777999835447 0.0161799897062 0.0254274514046 0.0169516331517
0 0.211799989437 0.104499987764 0.0203023876335 0.0135349241963
0 0.230999990281 0.151059986741 0.0427248260663 0.0284832154989
0 0.244999990897 0.15243998671 0.038857803546 0.0259052006554
0 0.253199991257 0.154079986674 0.0284606604881 0.0189737724073
0 0.282999992567 0.129679987211 0.0245583186279 0.0163722113388
0 0.308199993675 0.12059998741 0.0303277377518 0.020218490501
0 0.309599993737 0.135119987091 0.0213846236545 0.0142564148293
0 0.304599993517 0.145459986864 0.0212265275615 0.014151017441
0 0.188399988408 0.214199985353 0.0790724831343 0.0527149852793
0 0.16639998744 0.247859984613 0.0253571095259 0.016904738569
0 0.306599993605 0.0950399879724 0.0818637003258 0.0545757966176
0 0.408399998081 0.0243799895259 0.020495605199 0.0136637358982
0 0.423999998767 0.033379989328 0.0413920898529 0.0275947247486
0 0.505400002346 0.031059989379 0.0267019156537 0.0178012759284
0 0.556800004607 0.0534199888874 0.0242659694697 0.0161773119128
0 0.495600001916 0.0861199881685 0.0633332157121 0.0422221410233
0 0.394999997492 0.189139985904 0.0284848992508 0.0189899315814
0 0.388999997228 0.212579985388 0.0274365974977 0.0182910637921
0 0.548800004255 0.189019985906 0.0201536902444 0.0134357926101
0 0.571000005231 0.200539985653 0.0375773043396 0.0250515345741
0 0.574200005372 0.121179987398 0.0294317939356 0.0196211946629
0 0.578400005556 0.131679987167 0.0266151507766 0.0177434326808
0 0.585600005873 0.145579986861 0.0213784897635 0.014252325569
0 0.754800013313 0.0681999885625 0.0293578904428 0.019571925671
0 0.885400019055 0.0261399894872 0.0311278147882 0.0207518751567
0 0.863200018079 0.0961799879473 0.0537655330071 0.0358436863073
0 0.976600023065 0.150859986745 0.0203288029382 0.0135525343983
0 0.976800023074 0.0621199886962 0.0614735584779 0.0409823696156
0 0.775800014236 0.15473998666 0.022814512786 0.0152096741875
0 0.810800015775 0.197319985724 0.0682193545366 0.0454795666914
0 0.852200017595 0.229299985021 0.0744518824285 0.049634585012
0 0.944800021667 0.158159986585 0.0237249998598 0.01581666553
0 0.769600013964 0.216539985301 0.0645402071606 0.0430268019359
0 0.981800023294 0.314439983149 0.0200807760889 0.0133871831763
0 0.896400019539 0.380419981698 0.0256189870967 0.0170793236047
0 0.91940002055 0.396459981346 0.0268445780856 0.01789638421
0 0.841800017138 0.478359979545 0.0220248237908 0.0146832148921
0 0.838000016971 0.44037998038 0.0199322765673 0.0132881835017
0 0.808800015687 0.456339980029 0.0336747646119 0.0224498415939
0 0.836800016918 0.416339980909 0.0252163268348 0.0168108834478
0 0.839600017041 0.404299981173 0.020309411928 0.013539607059
0 0.841200017112 0.394919981379 0.0268054992641 0.0178703316641
0 0.802600015415 0.379459981719 0.0312736430992 0.0208490940244
0 0.823400016329 0.347539982421 0.0321262539437 0.0214175012166
0 0.922200020673 0.345399982468 0.0760201798417 0.0506801165518
0 0.927400020902 0.361419982116 0.0367783155742 0.0245188754323
0 0.835000016839 0.303739983384 0.0247874491357 0.0165249650005
0 0.809800015731 0.281539983872 0.0588901021095 0.0392600654836
0 0.766600013832 0.294059983597 0.0283911100793 0.0189274054711
0 0.80840001567 0.344119982496 0.0337530211886 0.0225020126416
0 0.779200014386 0.327919982852 0.02249327498 0.0149955156643
0 0.786000014685 0.349519982378 0.0330635520571 0.0220423665843
0 0.801200015353 0.362499982092 0.0477583761414 0.0318389153276
0 0.708000011255 0.319679983034 0.060906668232 0.0406044428099
0 0.703600011061 0.288199983726 0.0571708318315 0.0381138853738
0 0.7386000126 0.293599983607 0.0411185381025 0.027412356927
0 0.652800008828 0.321879982985 0.146436753483 0.0976244958832
0 0.567600005081 0.368379981963 0.0641125166662 0.0427416749584
0 0.595200006295 0.274119984035 0.0752365258037 0.050157680561
0 0.725600012029 0.211819985405 0.0492134933729 0.032808993418
0 0.73700001253 0.248919984589 0.0558399753589 0.037226647784
0 0.652800008828 0.400139981265 0.0345330146788 0.0230220082674
0 0.663400009294 0.4758399796 0.15605706893 0.104038039091
0 0.753000013234 0.461839979908 0.123017162033 0.0820114359464
0 0.789600014843 0.397979981312 0.0849266884607 0.0566177885728
0 0.868200018299 0.442739980328 0.0939640863982 0.0626427201338
0 0.522400003094 0.440159980385 0.0200065757949 0.0133377163169
0 0.503000002241 0.447399980226 0.0199933186758 0.0133288782381
0 0.459800000341 0.45173998013 0.0708705805068 0.047247050555
0 0.445399999708 0.460519979937 0.023366958708 0.0155779714446
0 0.44679999977 0.454059980079 0.0551463510109 0.0367642315825
0 0.415399998389 0.436539980464 0.0251118528209 0.0167412341098
0 0.403199997853 0.432099980562 0.029491055237 0.0196607021946
0 0.439599999453 0.426639980682 0.0319263088849 0.0212842045195
0 0.502200002206 0.378439981742 0.0261602535078 0.0174401678549
0 0.438199999392 0.405239981153 0.0432398750401 0.0288265814588
0 0.402399997818 0.388379981523 0.0233189758513 0.0155459828755
0 0.528200003349 0.259779984351 0.0203296933417 0.0135531280006
0 0.418199998512 0.256939984413 0.0237281657391 0.015818776116
0 0.399799997703 0.245739984659 0.0964171481166 0.0642780945049
0 0.439199999436 0.225339985108 0.0277911759691 0.0185274494241
0 0.44179999955 0.245159984672 0.0599597735473 0.0399731797284
0 0.510800002584 0.20159998563 0.0379738307105 0.0253158854706
0 0.465600000596 0.271559984092 0.0465917496528 0.0310611643866
0 0.495200001898 0.327079982871 0.0985894359228 0.0657262862801
0 0.391799997351 0.345679982462 0.0235139742238 0.0156759817819
0 0.425399998829 0.354659982265 0.0290607924657 0.019373860366
0 0.413199998292 0.351359982337 0.0332707192779 0.0221804780556
0 0.424999998811 0.322939982962 0.118454338623 0.0789695538736
0 0.46840000072 0.321439982995 0.0227183492051 0.0151455651378
0 0.346399995355 0.366819981997 0.0279872626126 0.0186581738445
0 0.355799995768 0.253119984497 0.0279361138767 0.0186240746894
0 0.257599991451 0.290139983683 0.0732314359933 0.0488209541089
0 0.210799989393 0.33347998273 0.0208215918239 0.0138810603004
0 0.158999987115 0.332679982748 0.022159076856 0.0147727169297
0 0.243399990826 0.360439982138 0.0199803583577 0.0133202380266
0 0.273199992137 0.342719982527 0.117789503989 0.0785263308135
0 0.133799986007 0.386459981565 0.0672679089005 0.0448452696425
0 0.107199984837 0.389059981508 0.0265712242026 0.0177141483001
0 0.092999984213 0.366359982007 0.0521390625634 0.0347593727497
0 0.0731999833424 0.383319981634 0.0320108972201 0.0213405967392
0 0.0583999826917 0.373339981854 0.0208238672995 0.0138825772841
0 0.0381999818034 0.307639983298 0.0244473149882 0.0162982089171
0 0.105799984776 0.271039984103 0.0289378178452 0.0192918772911
0 0.116399985242 0.298679983495 0.0210443905732 0.0140295927901
0 0.046399982164 0.267639984178 0.0267987717708 0.0178658466688
0 0.109199984925 0.263999984258 0.0975419256394 0.0650279461373
0 0.140199986288 0.241179984759 0.0851002182148 0.056733475068
0 0.15319998686 0.186899985953 0.0479722708555 0.0319815117943
0 0.133199985981 0.214679985342 0.0700880147398 0.0467253400781
0 0.213799989525 0.158519986577 0.0287784356138 0.0191856224771
0 0.154399986913 0.140119986981 0.0394234076534 0.0262822700355
0 0.205799989173 0.128659987233 0.0265001897879 0.0176667920267
0 0.116399985242 0.116239987506 0.0426553745911 0.0284369145185
0 0.0661999830346 0.304119983376 0.0523455372481 0.0348970225304
0 0.0427999820057 0.438439980423 0.0509342476568 0.033956162865
0 0.0795999836238 0.444399980292 0.0326863177626 0.0217908770712
0 0.048399982252 0.555139977857 0.0208349478768 0.0138899643351
0 0.0211999810559 0.547019978036 0.023057988684 0.0153719914421
0 0.157199987036 0.556459977828 0.0224735871687 0.0149823904576
0 0.150399986737 0.608479976684 0.021829924352 0.0145532819414
0 0.194199988663 0.626379976291 0.0301127547667 0.0200751685204
0 0.243999990853 0.628879976236 0.0296021578105 0.019734770572
0 0.303999993491 0.580979977289 0.0247024650657 0.0164683089576
0 0.313799993922 0.539319978205 0.0232332992452 0.0154888651419
0 0.203999989094 0.687859974939 0.0212203936705 0.0141469281806
0 0.174399987792 0.695379974774 0.0227204268133 0.0151469502098
0 0.140799986315 0.70007997467 0.0340191529097 0.0226794337773
0 0.256999991424 0.406919981116 0.020537750966 0.0136918330743
0 0.249599991099 0.524939978521 0.0482348409624 0.0321565585207
0 0.48660000152 0.411979981004 0.0384588038319 0.0256392008635
0 0.538400003798 0.516279978711 0.0262378175484 0.0174918772119
0 0.519000002944 0.536999978256 0.0208288139858 0.0138858750747
0 0.542600003982 0.540839978171 0.020585634889 0.0137237556875
0 0.492200001766 0.573799977447 0.028960572602 0.0193070471279
0 0.502800002232 0.586199977174 0.0276498986094 0.0184332645238
0 0.412599998266 0.617479976486 0.022194000461 0.0147959993315
0 0.579800005618 0.532099978364 0.0217852063081 0.0145234699142
0 0.543200004009 0.596819976941 0.021771949189 0.0145146318353
0 0.551800004387 0.582639977252 0.0341826903576 0.0227884587353
0 0.525000003208 0.596259976953 0.0384310034551 0.0256206672802
0 0.535600003674 0.573539977452 0.0368620135058 0.0245746740497
0 0.612400007051 0.614499976552 0.0581491874408 0.0387661224037
0 0.545600004114 0.618519976464 0.0238941765301 0.0159294499694
0 0.354199995698 0.680579975099 0.0240197234275 0.0160131478955
0 0.355799995768 0.677979975156 0.124094550302 0.0827296947446
0 0.425799998846 0.645159975878 0.0307762043285 0.0205174681991
0 0.429799999022 0.684379975016 0.121640004577 0.0810933310363
0 0.479200001194 0.695839974764 0.097029251075 0.0646861631169
0 0.535600003674 0.659919975553 0.034177842605 0.0227852269005
0 0.517400002874 0.664199975459 0.0220455998731 0.0146970656127
0 0.519400002962 0.696939974739 0.021049139392 0.0140327586691
0 0.694600010666 0.495019979179 0.0297426437004 0.0198284278258
0 0.757000013409 0.513119978781 0.0221853932269 0.0147902611758
0 0.723400011932 0.456719980021 0.0204378279035 0.0136252177036
0 0.708200011264 0.44673998024 0.0316893626129 0.0211262403485
0 0.77180001406 0.60959997666 0.0244275282431 0.0162850177546
0 0.777400014306 0.630099976209 0.0331626836498 0.0221084543084
0 0.746600012952 0.575839977402 0.169224158429 0.112816098178
0 0.629400007799 0.547839978017 0.0529425033464 0.035294999903
0 0.85480001771 0.596059976957 0.0290972000766 0.019398132105
0 0.88960001924 0.6032199768 0.0235938137401 0.0157292081226
0 0.830800016655 0.566219977613 0.027905741223 0.018603826255
0 0.823600016338 0.426779980679 0.0375156686287 0.0250104441029
0 0.831400016681 0.469539979739 0.0253203061801 0.0168802030067
0 0.923400020726 0.480999979487 0.0226000244696 0.015066681986
0 0.906800019996 0.516139978714 0.0236703884435 0.0157802579215
0 0.890000019258 0.531639978374 0.0207803364604 0.0138535567265
0 0.976800023074 0.555839977842 0.0210224272862 0.0140149505998
0 0.941800021535 0.573619977451 0.0313568463622 0.0209045628627
0 0.949400021869 0.592559977034 0.0267757202128 0.0178504789645
0 0.974800022986 0.766899973201 0.0304298373563 0.0202865568995
0 0.960400022353 0.689019974914 0.0210126328474 0.0140084209743
0 0.936200021289 0.708439974487 0.0202559877164 0.0135039909203
0 0.824000016356 0.644999975881 0.16167155784 0.107781031451
0 0.770600014007 0.676379975191 0.0199833263695 0.013322216701
0 0.563400004897 0.762039973308 0.108599550247 0.0723996953897
0 0.54800000422 0.767959973178 0.0371190433241 0.0247460272506
0 0.640600008291 0.75151997354 0.0270078187323 0.0180052113007
0 0.526200003261 0.840219971589 0.0240179426204 0.0160119606909
0 0.456200000183 0.763419973278 0.136054648352 0.0907030929187
0 0.409799998143 0.746539973649 0.0714276763139 0.0476184477352
0 0.374199996578 0.72691997408 0.0689591809343 0.0459727842574
0 0.341399995135 0.789559972703 0.0251387627942 0.0167591740908
0 0.419399998565 0.835159971701 0.0664240042238 0.0442826665618
0 0.583600005785 0.854499971275 0.0397301022018 0.0264867330543
0 0.444799999682 0.921659969799 0.0226151613296 0.0150767732253
0 0.459000000306 0.939459969408 0.0207389821632 0.0138259871969
0 0.665200009373 0.925519969714 0.0587054917781 0.0391369919374
0 0.690400010481 0.791499972661 0.137398168341 0.0915987728525
0 0.199199988883 0.825099971922 0.0272767205976 0.0181844791991
0 0.158999987115 0.807499972309 0.0476545946636 0.0317697276803
0 0.28919999284 0.744739973689 0.0334991572495 0.0223327700267
0 0.275399992233 0.702919974608 0.0344766224554 0.0229844134543
0 0.248399991046 0.701999974628 0.0327480524072 0.0218320334982
0 0.241999990765 0.719499974243 0.0222803696032 0.0148535787558
0 0.189199988443 0.713819974368 0.0324504597615 0.0216336384141
0 0.220599989824 0.738059973835 0.023853514769 0.0159023421305
0 0.214999989577 0.750999973551 0.0219949458058 0.0146632962367
0 0.350799995549 0.63233997616 0.169230094452 0.112820055527
0 0.337799994977 0.560559977738 0.0293730273027 0.0195820169103
0 0.324199994379 0.591479977058 0.0282202515357 0.0188134997829
0 0.368999996349 0.628599976242 0.0240208116985 0.0160138734094
0 0.12659998569 0.76513997324 0.108445213636 0.0722968043222
0 0.0931999842218 0.710599974439 0.0390392479982 0.0260261636155
0 0.0303999814605 0.686679974965 0.0204010245577 0.0136006821414
0 0.0437999820497 0.859879971157 0.0465339723573 0.031022646192
0 0.0503999823399 0.899259970291 0.0483143836775 0.0322095869939
0 0.0285999813813 0.886499970572 0.0807056810713 0.0538037838322
0 0.107199984837 0.938379969431 0.030643138468 0.0204287576313
0 0.172199987695 0.729959974014 0.0383116893824 0.0255411245703
0 0.30579999357 0.886879970564 0.113029802466 0.0753531966738
0 0.37539999663 0.948519969208 0.0743840138929 0.0495893393246
0 0.32399999437 0.934559969515 0.133100487315 0.0887336523572
0 0.237199990554 0.931479969583 0.105590975661 0.0703939791313
0 0.203199989059 0.894879970388 0.0241323100068 0.0160882056101
0 0.194999988698 0.976539968592 0.0499029625044 0.0332686394754
0 0.476400001071 0.970539968724 0.049948867753 0.0332992429724
0 0.751200013154 0.853339971301 0.0476945638886 0.0317963738286
0 0.783600014579 0.850999971352 0.0721041851274 0.0480694535812
0 0.651600008775 0.884979970605 0.027146227014 0.0180974834824
0 0.837400016945 0.912459970001 0.0880495314993 0.0586996837946
0 0.849000017455 0.95209996913 0.0231850195872 0.0154566787054
0 0.66400000932 0.961899968914 0.0522712380204 0.0348474897152
0 0.73200001231 0.949639969184 0.0700445828344 0.0466963854764
0 0.858800017886 0.965879968827 0.0267633534971 0.017842234488
0 0.935600021263 0.955999969044 0.0279286938473 0.0186191280035
0 0.921200020629 0.976619968591 0.0284011023855 0.0189340670082
0 0.697800010806 0.897439970331 0.107880302064 0.0719201966327
0 0.744800012873 0.894139970404 0.0732114513808 0.0488076310347
0 0.782000014509 0.839999971594 0.184004856986 0.122669896567
0 0.234599990439 0.206399985524 0.199553281252 0.13303551206
0 0.560000004747 0.835499971693 0.377381705769 0.251587787252
0 0.699000010859 0.331599982772 0.0560183528656 0.0373455661139
0 0.227599990131 0.450679980154 0.147474568261 0.0983163723564
0 0.431599999101 0.465619979825 0.0321208125889 0.0214138736469
0 0.416799998451 0.47859997954 0.0381234185032 0.0254156106591
0 0.938000021368 0.737879973839 0.153730147711 0.102486758381
0 0.679600010006 0.732219973964 0.0562536172643 0.0375024090361
0 0.254999991336 0.774179973041 0.267588025458 0.178392005206
