0 0.200000019697 0.530019978409 0.414524339573 0.276349559715
0 0.835000005737 0.744079973703 0.119637570196 0.0797583801306
0 0.953800003125 0.79471997259 0.132126962029 0.0880846413524
0 0.24900001862 0.0729599884578 0.107571614652 0.0717144097677
0 0.389200015538 0.0559999888307 0.121722103513 0.0811480690085
0 0.389600015529 0.216919985293 0.137066722281 0.0913778148537
0 0.500600013088 0.972239968687 0.0255181702645 0.0170121135097
0 0.110600021663 0.966219968819 0.0357637455037 0.0238424970025
0 0.190000019917 0.963519968879 0.0273184670261 0.0182123113507
0 0.24580001869 0.969619968745 0.0428870717184 0.0285913811456
0 0.0404000232061 0.94027996939 0.0440778378789 0.0293852252526
0 0.0288000234611 0.784499972814 0.0330935246105 0.0220623497403
0 0.0118000238349 0.771719973095 0.023931372454 0.0159542483026
0 0.0808000223179 0.787019972759 0.0269221385749 0.0179480923832
0 0.0870000221816 0.867439970991 0.0253374183723 0.0168916122482
0 0.226200019121 0.668819975358 0.0284790584043 0.0189860389362
0 0.161800020537 0.643439975916 0.068366361034 0.0455775740227
0 0.0622000227268 0.648859975797 0.021804594442 0.0145363962947
0 0.0802000223311 0.625599976308 0.0433462230769 0.0288974820513
0 0.398600015331 0.698239974711 0.0277898861649 0.0185265907766
0 0.340000016619 0.711979974409 0.0231308008545 0.015420533903
0 0.262800018317 0.754299973478 0.0252544129877 0.0168362753251
0 0.185200020023 0.826679971887 0.0442718468886 0.0295145645924
0 0.550400011994 0.839659971602 0.0215862477391 0.0143908318261
0 0.520800012644 0.703819974588 0.0419027802154 0.0279351868103
0 0.564800011677 0.662399975499 0.0227814659166 0.0151876439444
0 0.655000009694 0.762079973307 0.0209263598785 0.0139509065857
0 0.739600007834 0.811379972223 0.0606367690307 0.0404245126872
0 0.844600005526 0.81833997207 0.0347317679514 0.0231545119676
0 0.69340000885 0.789759972699 0.0301076062415 0.0200717374943
0 0.672600009307 0.803699972392 0.0685689772767 0.0457126515178
0 0.517200012724 0.855779971247 0.0701167952046 0.0467445301364
0 0.401200015274 0.884079970625 0.0759097597909 0.0506065065273
0 0.516400012741 0.914059969966 0.0248297894948 0.0165531929965
0 0.519400012675 0.933539969538 0.0510115081673 0.0340076721115
0 0.588600011154 0.942839969333 0.0254915570959 0.0169943713973
0 0.571600011528 0.91753996989 0.0472099802746 0.0314733201831
0 0.645000009914 0.87337997086 0.0308412986514 0.0205608657676
0 0.687800008973 0.93161996958 0.0509815312525 0.0339876875016
0 0.227800019086 0.857779971203 0.0217391992582 0.0144927995055
0 0.818600006097 0.926899969684 0.0290736500149 0.0193824333432
0 0.879800004752 0.877539970769 0.0309951405739 0.0206634270493
0 0.860600005174 0.851319971345 0.0342246337425 0.022816422495
0 0.983400002474 0.862739971094 0.0398796847339 0.0265864564893
0 0.894200004435 0.829159971833 0.0327826748866 0.0218551165911
0 0.929200003666 0.869079970955 0.0527859832299 0.0351906554866
0 0.673800009281 0.96207996891 0.043294975414 0.0288633169427
0 0.839600005635 0.957959969001 0.0267062652148 0.0178041768098
0 0.962000002944 0.835839971686 0.0235058585576 0.0156705723718
0 0.887000004593 0.703479974596 0.0218828510084 0.0145885673389
0 0.766200007249 0.658779975578 0.0316092221258 0.0210728147505
0 0.7730000071 0.687099974956 0.0420726493993 0.0280484329329
0 0.642200009975 0.673959975245 0.0270821143876 0.018054742925
0 0.619200010481 0.654759975667 0.0222892706983 0.0148595137988
0 0.664600009483 0.635579976088 0.0257199950375 0.0171466633583
0 0.66700000943 0.647439975828 0.0271948988195 0.0181299325463
0 0.677600009197 0.662699975492 0.027972418864 0.0186482792426
0 0.77480000706 0.57681997738 0.0651883133959 0.0434588755973
0 0.669600009373 0.583259977239 0.0260640864886 0.0173760576591
0 0.703200008634 0.566999977596 0.0289779811151 0.0193186540768
0 0.984600002448 0.535819978282 0.0260947559394 0.0173965039596
0 0.912000004044 0.528079978452 0.0301478722623 0.0200985815082
0 0.865800005059 0.532559978353 0.0305846646019 0.0203897764012
0 0.886000004615 0.513199978779 0.047438121415 0.0316254142767
0 0.82120000604 0.518779978656 0.0263537643981 0.0175691762654
0 0.713200008414 0.491639979253 0.0284714405085 0.018980960339
0 0.597600010956 0.537859978237 0.0214957233924 0.0143304822616
0 0.585800011215 0.513339978776 0.0264307348262 0.0176204898841
0 0.763200007315 0.464399979852 0.0320817295354 0.0213878196903
0 0.765400007267 0.450119980166 0.0433629428743 0.0289086285829
0 0.808600006317 0.466379979808 0.0324329442139 0.0216219628092
0 0.81800000611 0.440859980369 0.0461697912241 0.0307798608161
0 0.767200007227 0.519779978634 0.101168624796 0.0674457498638
0 0.849600005416 0.608159976691 0.0501493997988 0.0334329331992
0 0.963000002923 0.631739976173 0.024496580752 0.0163310538346
0 0.956400003068 0.63005997621 0.101002416159 0.0673349441061
0 0.604000010815 0.565579977627 0.0227426839014 0.0151617892676
0 0.64700000987 0.566879977599 0.0341643831117 0.0227762554078
0 0.769200007183 0.615699976526 0.0412583260139 0.0275055506759
0 0.714800008379 0.603979976783 0.0220937776829 0.0147291851219
0 0.63700001009 0.623939976344 0.127825324221 0.0852168828137
0 0.545400012104 0.481359979479 0.0226100137933 0.0150733425289
0 0.553800011919 0.468439979763 0.021185764072 0.0141238427147
0 0.415600014957 0.401479981235 0.0203227653001 0.0135485102001
0 0.402800015239 0.331799982767 0.0222146746792 0.0148097831195
0 0.181200020111 0.331639982771 0.0244019011894 0.0162679341262
0 0.20260001964 0.339439982599 0.0210127290093 0.0140084860062
0 0.0772000223971 0.354299982273 0.0232774206161 0.0155182804107
0 0.0862000221992 0.330159982803 0.0224895125318 0.0149930083546
0 0.045000023105 0.336539982663 0.0229294707501 0.0152863138334
0 0.306200017362 0.292179983638 0.0305618109143 0.0203745406096
0 0.0930000220497 0.251719984528 0.0376361649415 0.0250907766277
0 0.0646000226741 0.168499986357 0.08691860862 0.05794573908
0 0.136800021087 0.0171999896837 0.0250128168624 0.0166752112416
0 0.232200018989 0.0331199893337 0.0203862807434 0.0135908538289
0 0.289200017736 0.070359988515 0.022555105583 0.0150367370554
0 0.0296000234436 0.0648799886355 0.0558676694324 0.0372451129549
0 0.408400015116 0.107639987695 0.022970429307 0.015313619538
0 0.513400012807 0.141379986954 0.120090686598 0.080060457732
0 0.503000013036 0.114899987536 0.0212439370948 0.0141626247299
0 0.42140001483 0.177719986155 0.0279007908563 0.0186005272375
0 0.476600013616 0.209519985456 0.0332501366769 0.0221667577846
0 0.402800015239 0.267039984191 0.0370216876548 0.0246811251032
0 0.359000016202 0.241179984759 0.0282733752166 0.0188489168111
0 0.301600017464 0.23615998487 0.0242574579695 0.0161716386463
0 0.582600011286 0.215379985327 0.0359174884925 0.0239449923284
0 0.912800004026 0.251799984526 0.0259809821704 0.0173206547802
0 0.785000006836 0.268639984156 0.0327946458658 0.0218630972439
0 0.788600006757 0.233559984927 0.0311020879168 0.0207347252779
0 0.540200012218 0.0772799883629 0.0290314053197 0.0193542702132
0 0.664400009487 0.0981599879038 0.0214108382673 0.0142738921782
0 0.770400007157 0.137359987042 0.0255705061983 0.0170470041322
0 0.79480000662 0.208299985482 0.0938400111281 0.0625600074187
0 0.648400009839 0.233619984926 0.035630580727 0.0237537204847
0 0.716400008344 0.264419984249 0.0292164113616 0.0194776075744
0 0.524000012574 0.187779985933 0.058033427327 0.0386889515513
0 0.513600012803 0.223739985143 0.0234122672659 0.0156081781772
0 0.821600006031 0.335019982696 0.0291366707896 0.019424447193
0 0.900600004294 0.346999982433 0.0245707810361 0.0163805206908
0 0.926400003727 0.332919982743 0.0333451130407 0.0222300753604
0 0.478200013581 0.308319983283 0.023801076755 0.0158673845033
0 0.472200013713 0.320039983026 0.0304475424767 0.0202983616511
0 0.233200018967 0.213319985372 0.0255204457399 0.0170136304933
0 0.547800012051 0.24297998472 0.0608316684438 0.0405544456292
0 0.531400012411 0.312919983182 0.021951412071 0.014634274714
0 0.649000009826 0.332339982755 0.0765499598428 0.0510333065619
0 0.691000008902 0.303759983384 0.0822767377756 0.0548511585171
0 0.548800012029 0.363259982076 0.0938994702891 0.0625996468594
0 0.480800013524 0.285779983779 0.0428466078301 0.0285644052201
0 0.954800003103 0.411899981006 0.0237605139329 0.015840342622
0 0.697800008753 0.0898399880867 0.0213069578695 0.0142046385796
0 0.786000006814 0.0298399894058 0.0826396266321 0.0550930844214
0 0.79300000666 0.0843399882076 0.0808794969577 0.0539196646385
0 0.541400012191 0.0192199896393 0.0353816635071 0.0235877756714
0 0.545200012108 0.0376399892344 0.0219329114668 0.0146219409779
0 0.359400016193 0.457779979997 0.0380451569079 0.0253634379386
