0 0.741400007794 0.0554200108287 0.150844231047 0.100562820698
0 0.920400003859 0.149880008752 0.156563588951 0.104375725967
0 0.520200012658 0.395520003352 0.219050121599 0.1460334144
0 0.268400018193 0.340280004566 0.117773659057 0.0785157727049
0 0.257000018444 0.803519994382 0.24604517432 0.164030116213
0 0.748200007645 0.660659997522 0.164724630873 0.109816420582
0 0.612400010631 0.674159997226 0.190093213365 0.12672880891
0 0.752000007561 0.767859995166 0.146299216306 0.097532810871
0 0.181400020106 0.0267200114597 0.0361798606974 0.0241199071316
0 0.0408000231973 0.0397200111739 0.0244080350795 0.0162720233863
0 0.0560000228631 0.0602200107232 0.0300954373948 0.0200636249299
0 0.108400021711 0.0557600108213 0.0250399246996 0.016693283133
0 0.391000015498 0.0198200116114 0.0226271293256 0.0150847528837
0 0.420400014852 0.0979200098944 0.111877209808 0.0745848065388
0 0.299800017503 0.135000009079 0.0351707368326 0.0234471578884
0 0.258800018405 0.130360009181 0.0513885445446 0.0342590296964
0 0.132600021179 0.119460009421 0.0415022965483 0.0276681976988
0 0.628600010274 0.0177400116571 0.0204104205692 0.0136069470461
0 0.666800009435 0.0297800113924 0.0693483770617 0.0462322513745
0 0.787800006774 0.143000008903 0.0273688242856 0.0182458828571
0 0.658400009619 0.127280009249 0.0589492567011 0.0392995044674
0 0.910200004083 0.00942001184006 0.0269392541071 0.0179595027381
0 0.92580000374 0.0302800113814 0.0342191923883 0.0228127949255
0 0.935600003525 0.0526200108903 0.023834417416 0.0158896116106
0 0.895200004413 0.0267200114597 0.0220321419802 0.0146880946534
0 0.843200005556 0.303360005378 0.0237790145371 0.0158526763581
0 0.843000005561 0.315780005105 0.0240028025942 0.0160018683961
0 0.838400005662 0.19364000779 0.0240209074635 0.016013938309
0 0.692400008872 0.18318000802 0.0330491033737 0.0220327355824
0 0.637800010072 0.151240008722 0.0734926113336 0.0489950742224
0 0.567600011615 0.170500008299 0.0984226206788 0.0656150804526
0 0.508200012921 0.153860008665 0.03838341127 0.0255889408467
0 0.624200010371 0.0416600111313 0.0209558421247 0.0139705614165
0 0.667800009413 0.0929600100034 0.0552168834733 0.0368112556489
0 0.684400009048 0.232400006938 0.0250239963719 0.0166826642479
0 0.661800009544 0.241800006731 0.0414149380804 0.0276099587202
0 0.621000010441 0.247380006608 0.0248062432713 0.0165374955142
0 0.494000013234 0.205680007525 0.0210605139923 0.0140403426615
0 0.412000015036 0.195060007759 0.0386317348877 0.0257544899252
0 0.387400015577 0.231280006962 0.0383136630029 0.0255424420019
0 0.354800016294 0.230360006983 0.0207743976965 0.0138495984643
0 0.448000014245 0.298400005487 0.248275140194 0.165516760129
0 0.697800008753 0.153960008662 0.0585411551382 0.0390274367588
0 0.388800015546 0.249180006569 0.0424762000115 0.0283174666743
0 0.580200011338 0.324500004913 0.0251163015254 0.0167442010169
0 0.418400014896 0.300680005437 0.0253083318609 0.0168722212406
0 0.185600020014 0.196400007729 0.0395187745516 0.0263458497011
0 0.481200013515 0.140780008952 0.0248383967277 0.0165589311518
0 0.226400019117 0.235800006863 0.0204728477416 0.0136485651611
0 0.150200020792 0.0708800104888 0.06969345785 0.0464623052333
0 0.155200020682 0.196000007738 0.0456501913675 0.0304334609117
0 0.0884000221508 0.18956000788 0.0974186413671 0.0649457609114
0 0.0658000226477 0.303480005375 0.0296970313357 0.0197980208904
0 0.0668000226257 0.281560005857 0.0549131569767 0.0366087713178
0 0.0274000234919 0.421660002777 0.0226703633578 0.0151135755719
0 0.0842000222432 0.429520002604 0.0246084747805 0.0164056498537
0 0.170400020348 0.351400004322 0.0215508294701 0.0143672196468
0 0.122000021412 0.303580005373 0.0242815977953 0.0161877318635
0 0.178800020163 0.318640005042 0.0286667356564 0.0191111571043
0 0.0972000219573 0.327780004841 0.0820202026598 0.0546801351065
0 0.172400020304 0.480040001493 0.044976848522 0.0299845656813
0 0.129200021254 0.500320001047 0.0583489269353 0.0388992846235
0 0.19440001982 0.383060003625 0.0254909634937 0.0169939756624
0 0.417000014926 0.442740002313 0.0289074413783 0.0192716275855
0 0.518800012688 0.404280003159 0.0272488176927 0.0181658784618
0 0.242800018756 0.381000003671 0.0240848186416 0.0160565457611
0 0.475200013647 0.314680005129 0.0297695497467 0.0198463664978
0 0.656400009663 0.391580003438 0.0297383856274 0.0198255904183
0 0.643600009945 0.419360002827 0.0482953820315 0.0321969213544
0 0.670400009355 0.441640002338 0.0649625466646 0.043308364443
0 0.704800008599 0.463600001855 0.0217178295764 0.0144785530509
0 0.791600006691 0.509260000851 0.0282207424817 0.0188138283211
0 0.737800007874 0.533120000326 0.0271281185637 0.0180854123758
0 0.812400006233 0.553159999886 0.0706792333587 0.0471194889058
0 0.892200004479 0.537440000231 0.172909416887 0.115272944591
0 0.536600012297 0.451740002116 0.547445739311 0.364963826207
0 0.43820001446 0.469320001729 0.0275233587441 0.0183489058294
0 0.727600008098 0.343020004506 0.0257908315754 0.017193887717
0 0.941600003393 0.362960004067 0.0384879842038 0.0256586561359
0 0.906400004167 0.450260002148 0.0343414744566 0.0228943163044
0 0.866000005055 0.378960003716 0.0561179717243 0.0374119811496
0 0.967400002826 0.638199998016 0.0497687028742 0.0331791352494
0 0.928400003683 0.636079998063 0.0203711438854 0.0135807625903
0 0.922800003806 0.687199996939 0.0465271397927 0.0310180931952
0 0.760400007377 0.650559997744 0.0219561608892 0.0146374405928
0 0.865000005077 0.568299999553 0.0209908646589 0.0139939097726
0 0.81440000619 0.603659998776 0.0231189288091 0.0154126192061
0 0.852400005354 0.583679999215 0.0292387703806 0.0194925135871
0 0.568800011589 0.569379999529 0.0445032528415 0.0296688352277
0 0.535600012319 0.567319999574 0.0466290415163 0.0310860276776
0 0.489800013326 0.557879999782 0.0353079578914 0.0235386385943
0 0.43820001446 0.513200000764 0.0224458827647 0.0149639218432
0 0.624600010362 0.579739999301 0.0882860703905 0.0588573802604
0 0.274400018062 0.576579999371 0.0245875008335 0.0163916672223
0 0.243600018739 0.578279999334 0.0377706158564 0.0251804105709
0 0.127200021298 0.582619999238 0.0249643393434 0.0166428928956
0 0.0778000223839 0.500700001039 0.0222455419975 0.0148303613316
0 0.0568000228456 0.496880001123 0.0202005821655 0.013467054777
0 0.147600020849 0.621719998378 0.0827638873747 0.0551759249164
0 0.087800022164 0.678219997136 0.0200904689438 0.0133936459625
0 0.322400017006 0.675279997201 0.0404632947024 0.0269755298016
0 0.27540001804 0.67487999721 0.0549322511832 0.0366215007888
0 0.194200019825 0.677759997146 0.0914135629018 0.0609423752678
0 0.337800016668 0.645839997848 0.0249227871843 0.0166151914562
0 0.0274000234919 0.658399997572 0.0267512800538 0.0178341867026
0 0.173200020286 0.575179999402 0.0358367585833 0.0238911723889
0 0.158200020616 0.585539999174 0.0443229956178 0.0295486637452
0 0.0792000223531 0.844739993475 0.0512865438873 0.0341910292582
0 0.125000021346 0.865339993022 0.0279949757504 0.0186633171669
0 0.125000021346 0.789419994692 0.0200869073302 0.0133912715535
0 0.193400019842 0.702459996603 0.0443262604303 0.0295508402869
0 0.2954000176 0.712679996379 0.0294758155551 0.0196505437034
0 0.265600018255 0.708819996464 0.0270062322303 0.0180041548202
0 0.225400019139 0.79311999461 0.0546974814841 0.036464987656
0 0.182200020089 0.764499995239 0.1345914008 0.0897276005336
0 0.0564000228543 0.729339996012 0.120913815084 0.0806092100559
0 0.0374000232721 0.893559992402 0.0990316566114 0.0660211044076
0 0.0322000233864 0.946739991233 0.0476114532789 0.0317409688526
0 0.147000020862 0.917359991879 0.0406031869715 0.0270687913143
0 0.396800015371 0.720679996203 0.0318629870977 0.0212419913984
0 0.486200013405 0.847279993419 0.020752929081 0.013835286054
0 0.297800017547 0.90957999205 0.0228540832614 0.0152360555076
0 0.250000018598 0.918939991844 0.0597141132304 0.0398094088203
0 0.430800014623 0.777399994956 0.0257778712591 0.0171852475061
0 0.458000014025 0.754999995448 0.024683268667 0.0164555124446
0 0.392800015459 0.759359995352 0.0346377809247 0.0230918539498
0 0.399200015318 0.83225999375 0.0393148721707 0.0262099147805
0 0.515800012754 0.700399996649 0.0382688460312 0.0255125640208
0 0.599800010908 0.886719992552 0.0561868295881 0.037457886392
0 0.572200011514 0.813179994169 0.0215698247429 0.0143798831619
0 0.767200007227 0.785919994768 0.0282130256521 0.0188086837681
0 0.88260000469 0.790339994671 0.0252755848021 0.0168503898681
0 0.968000002813 0.868839992945 0.0214764313185 0.014317620879
0 0.983400002474 0.701439996626 0.0439371541401 0.0292914360934
0 0.932400003595 0.956459991019 0.0335735509822 0.0223823673215
0 0.674000009276 0.977379990559 0.0200943273586 0.0133962182391
0 0.742800007764 0.955839991033 0.0784523561954 0.0523015707969
0 0.59880001093 0.925799991693 0.0713190376757 0.0475460251172
0 0.548000012046 0.908739992068 0.0451879730639 0.0301253153759
0 0.50100001308 0.931199991574 0.0656179825081 0.0437453216721
0 0.461600013946 0.949499991172 0.0371253701852 0.0247502467901
0 0.86940000498 0.597939998901 0.048140155037 0.0320934366914
0 0.800200006502 0.467040001779 0.0224716055299 0.0149810703533
0 0.228800019064 0.465560001812 0.0217190167809 0.0144793445206
0 0.650400009795 0.32416000492 0.11605023379 0.0773668225268
