0 0.76819998522 0.312839983184 0.494880279325 0.329920186217
0 0.893999982454 0.51859997866 0.132445528582 0.0882970190547
0 0.656199987682 0.33621998267 0.115200393202 0.0768002621348
0 0.631599988223 0.457699979999 0.457097494622 0.304731663082
0 0.190199997927 0.0515399889288 0.0993215323882 0.0662143549255
0 0.127999999295 0.58137997728 0.141367370752 0.0942449138343
0 0.0790000003722 0.620099976429 0.105150706713 0.0701004711421
0 0.900399982314 0.803699972392 0.116515222238 0.0776768148252
0 0.676199987243 0.886099970581 0.133751453584 0.0891676357224
0 0.974599980682 0.967379968794 0.0234278987924 0.0156185991949
0 0.981799980524 0.898039970318 0.0199165434777 0.0132776956518
0 0.973599980704 0.925619969712 0.0530220390673 0.0353480260449
0 0.907799982151 0.94933996919 0.0764307447196 0.050953829813
0 0.826599983936 0.926679969689 0.0208934149523 0.0139289433016
0 0.806199984385 0.950059969175 0.0379475093339 0.0252983395559
0 0.784999984851 0.925199969721 0.0343008127009 0.0228672084672
0 0.785799984833 0.889439970507 0.0250778163114 0.0167185442076
0 0.742599985783 0.963419968881 0.0250367588208 0.0166911725472
0 0.723399986205 0.97391996865 0.0325363299431 0.0216908866288
0 0.589599989147 0.985179968402 0.0214488288128 0.0142992192085
0 0.626999988324 0.989419968309 0.0232411119437 0.0154940746291
0 0.567799989626 0.963619968876 0.0215015604814 0.0143343736543
0 0.597799988966 0.951239969149 0.0241215230489 0.0160810153659
0 0.591999989094 0.908199970095 0.0488821578788 0.0325881052525
0 0.604599988817 0.872179970887 0.0431678455938 0.0287785637292
0 0.57079998956 0.861159971129 0.0256179943802 0.0170786629201
0 0.530399990448 0.885539970593 0.0716952825834 0.0477968550556
0 0.501399991086 0.851819971334 0.0245191376384 0.0163460917589
0 0.460599991983 0.949299969191 0.0203435413797 0.0135623609198
0 0.449399992229 0.944699969292 0.0217643284211 0.0145095522808
0 0.531799990417 0.948679969205 0.0350817954253 0.0233878636168
0 0.768599985211 0.956139969041 0.0576888412072 0.0384592274715
0 0.403999993227 0.965199968842 0.0264684285706 0.017645619047
0 0.0180000017133 0.959159968974 0.0354084745431 0.0236056496954
0 0.0692000005877 0.87793997076 0.033375584624 0.0222503897494
0 0.0888000001568 0.916919969903 0.0295500158393 0.0197000105595
0 0.0150000017793 0.811799972214 0.0242003732175 0.016133582145
0 0.130199999247 0.790359972686 0.0374205883825 0.0249470589217
0 0.182999998086 0.900139970272 0.0230444317238 0.0153629544825
0 0.277999995997 0.887719970545 0.0236580186071 0.0157720124047
0 0.344599994533 0.866979971001 0.0258576118312 0.0172384078875
0 0.260799996375 0.767219973194 0.0248680768414 0.0165787178943
0 0.171399998341 0.804899972366 0.0245118165437 0.0163412110291
0 0.177399998209 0.760559973341 0.065231250627 0.043487500418
0 0.225799997145 0.744319973698 0.0223395290241 0.0148930193494
0 0.356199994278 0.879559970725 0.0227840381932 0.0151893587954
0 0.420799992858 0.884879970608 0.0336103543232 0.0224069028821
0 0.432199992607 0.844919971486 0.032441848248 0.021627898832
0 0.347199994476 0.785579972791 0.0529905781468 0.0353270520979
0 0.392799993473 0.888239970534 0.0322371543973 0.0214914362649
0 0.373599993895 0.902679970216 0.0215575569626 0.0143717046417
0 0.380599993741 0.875839970806 0.0348973829857 0.0232649219904
0 0.345999994502 0.833779971731 0.0352022966868 0.0234681977912
0 0.250999996591 0.856999971221 0.0529802890408 0.0353201926939
0 0.337599994687 0.936359969476 0.0260876327122 0.0173917551414
0 0.393999993447 0.911359970025 0.038686643098 0.0257910953987
0 0.366799994045 0.898579970306 0.0214801907996 0.0143201271997
0 0.419599992884 0.782319972862 0.0620073966801 0.0413382644534
0 0.379199993772 0.757099973417 0.0691763313361 0.0461175542241
0 0.34019999463 0.739099973813 0.0219178735425 0.014611915695
0 0.226999997118 0.808119972295 0.0241207315792 0.0160804877195
0 0.422399992822 0.757119973416 0.0304950306586 0.020330020439
0 0.44799999226 0.751239973546 0.0370730342514 0.0247153561676
0 0.473799991692 0.741459973761 0.0218582165141 0.0145721443427
0 0.476999991622 0.762339973302 0.0402334716888 0.0268223144592
0 0.272599996116 0.857519971209 0.0236736501336 0.0157824334224
0 0.447599992268 0.903939970189 0.0369627231623 0.0246418154415
0 0.530599990444 0.838439971629 0.0291609095491 0.019440606366
0 0.487599991389 0.820939972013 0.0200276460365 0.0133517640244
0 0.470999991754 0.791279972665 0.0239657024521 0.0159771349681
0 0.53439999036 0.760519973342 0.0454208630225 0.0302805753483
0 0.533399990382 0.745479973672 0.0445393636465 0.0296929090977
0 0.650599987805 0.765759973226 0.0239830158518 0.0159886772345
0 0.575999989446 0.779139972932 0.0273954374542 0.0182636249695
0 0.593399989063 0.827199971876 0.0233094751388 0.0155396500926
0 0.549799990022 0.798919972497 0.0383161363457 0.0255440908971
0 0.515999990765 0.816899972102 0.0207337359408 0.0138224906272
0 0.617399988535 0.837099971658 0.105724522244 0.0704830148294
0 0.671799987339 0.786479972771 0.0202260081296 0.0134840054197
0 0.679399987172 0.800999972452 0.0435501254578 0.0290334169719
0 0.694199986847 0.815259972138 0.0249784868643 0.0166523245762
0 0.808599984332 0.804559972373 0.0235302951846 0.0156868634564
0 0.735799985932 0.752699973514 0.0203799489858 0.0135866326572
0 0.71499998639 0.751279973545 0.0262935137673 0.0175290091782
0 0.707999986543 0.797279972533 0.0205206327246 0.0136804218164
0 0.722799986218 0.728479974046 0.0269349010237 0.0179566006825
0 0.763399985325 0.741679973756 0.0217064521995 0.014470968133
0 0.764199985308 0.717559974286 0.031217543559 0.020811695706
0 0.846199983505 0.711859974411 0.0357122010396 0.0238081340264
0 0.899999982322 0.737759973842 0.0279472897011 0.0186315264674
0 0.905599982199 0.759779973358 0.0394280523375 0.026285368225
0 0.935199981548 0.770399973124 0.0365127726391 0.024341848426
0 0.754199985528 0.821159972008 0.0258037918917 0.0172025279278
0 0.987399980401 0.527619978462 0.0226474107366 0.0150982738244
0 0.952599981166 0.527179978472 0.0263930410818 0.0175953607212
0 0.925399981764 0.575259977415 0.0450444202475 0.0300296134983
0 0.907199982164 0.588239977129 0.0800175864567 0.0533450576378
0 0.88419998267 0.570219977525 0.0261690551573 0.0174460367716
0 0.790999984719 0.548239978009 0.0581858841775 0.0387905894517
0 0.712199986451 0.486879979358 0.0416940300826 0.0277960200551
0 0.782199984912 0.459359979963 0.0452576223973 0.0301717482649
0 0.708799986526 0.445939980258 0.0461799813965 0.0307866542643
0 0.830399983852 0.567659977582 0.030933900606 0.020622600404
0 0.937199981504 0.669979975332 0.0673637667942 0.0449091778628
0 0.897199982384 0.682399975059 0.0451277224332 0.0300851482888
0 0.874599982881 0.666619975406 0.0279753868753 0.0186502579169
0 0.86779998303 0.655139975658 0.0325401883579 0.0216934589053
0 0.870599982969 0.641339975962 0.0238064191754 0.0158709461169
0 0.843399983567 0.643439975916 0.0311447283468 0.0207631522312
0 0.843599983562 0.669719975338 0.0203786628476 0.0135857752317
0 0.835799983734 0.658959975574 0.0287171918497 0.0191447945665
0 0.825999983949 0.681719975074 0.0216708360631 0.0144472240421
0 0.730399986051 0.546039978057 0.0218657354762 0.0145771569841
0 0.558199989837 0.560979977729 0.0368453877796 0.0245635918531
0 0.659799987603 0.679419975125 0.0258310975963 0.0172207317309
0 0.491799991297 0.559579977759 0.0374133662215 0.0249422441477
0 0.454199992123 0.55635997783 0.0247627124379 0.0165084749586
0 0.511799990857 0.604279976777 0.0341943600265 0.0227962400177
0 0.533599990378 0.667719975382 0.0364508401352 0.0243005600901
0 0.55259998996 0.690699974877 0.0259998785094 0.0173332523396
0 0.628599988289 0.710139974449 0.0415773872358 0.0277182581572
0 0.573599989498 0.724339974137 0.0426148061424 0.0284098707616
0 0.471999991732 0.668599975363 0.0253545339045 0.016903022603
0 0.353199994344 0.677119975175 0.032680080627 0.021786720418
0 0.347599994467 0.698599974703 0.0365106950311 0.0243404633541
0 0.386999993601 0.69647997475 0.0268989880862 0.0179326587241
0 0.310799995276 0.585839977182 0.0297080129777 0.0198053419852
0 0.274799996068 0.701079974648 0.0250136083321 0.0166757388881
0 0.22419999718 0.70375997459 0.0491397812655 0.032759854177
0 0.211199997466 0.716779974303 0.021096031195 0.0140640207967
0 0.244599996731 0.671239975304 0.0255404303498 0.0170269535665
0 0.409399993108 0.567499977585 0.051238165302 0.034158776868
0 0.306599995368 0.463179979879 0.0206704183649 0.01378027891
0 0.266599996248 0.446039980256 0.0218880944952 0.0145920629968
0 0.322199995025 0.502199979021 0.119413980006 0.0796093200042
0 0.427999992699 0.474839979622 0.0221845988307 0.0147897325538
0 0.514199990804 0.463659979868 0.036542353819 0.0243615692127
0 0.564599989696 0.482839979447 0.0371410017118 0.0247606678078
0 0.218999997294 0.533119978341 0.0302135642473 0.0201423761648
0 0.184199998059 0.53589997828 0.0468912158538 0.0312608105692
0 0.151999998767 0.525559978507 0.0299545557886 0.0199697038591
0 0.405599993192 0.52497997852 0.0199814439929 0.013320962662
0 0.0462000010933 0.668899975356 0.0505812454528 0.0337208303018
0 0.0344000013528 0.688219974931 0.0413434090064 0.0275622726709
0 0.037800001278 0.571519977497 0.0224345053878 0.0149563369252
0 0.027200001511 0.556679977823 0.0369051437418 0.0246034291612
0 0.0568000008603 0.550819977952 0.0211292729223 0.0140861819482
0 0.182999998086 0.67645997519 0.0559029887677 0.0372686591784
0 0.068000000614 0.687739974942 0.0313348789417 0.0208899192945
0 0.22419999718 0.49269997923 0.0351745952473 0.0234497301649
0 0.0598000007943 0.421499980795 0.0410615468602 0.0273743645735
0 0.0462000010933 0.377339981766 0.0391791351175 0.0261194234117
0 0.150199998807 0.403139981199 0.0221631302152 0.0147754201434
0 0.241599996797 0.38761998154 0.0252027695899 0.0168018463933
0 0.409399993108 0.437279980448 0.04079689918 0.0271979327867
0 0.412399993042 0.401459981236 0.026114146947 0.017409431298
0 0.295199995619 0.391539981454 0.0340633717915 0.0227089145277
0 0.384199993662 0.59045997708 0.0244358354527 0.0162905569684
0 0.848799983448 0.396339981348 0.0630420454426 0.0420280302951
0 0.670199987375 0.418919980852 0.0310342193903 0.0206894795935
0 0.722399986227 0.411499981015 0.0306149383178 0.0204099588785
0 0.712399986447 0.396299981349 0.0316783767906 0.0211189178604
0 0.785799984833 0.419319980843 0.0751272930608 0.0500848620406
0 0.756599985475 0.377579981761 0.0852502894306 0.0568335262871
0 0.602399988865 0.324199982934 0.0299194343208 0.0199462895472
0 0.936399981522 0.470659979714 0.0496516642926 0.0331011095284
0 0.926799981733 0.426779980679 0.0486146411209 0.0324097607473
0 0.887399982599 0.455819980041 0.0382483667528 0.0254989111685
0 0.977399980621 0.457959979994 0.0351710336337 0.0234473557558
0 0.887399982599 0.409259981064 0.0796919956097 0.0531279970731
0 0.96879998081 0.402399981215 0.026143728127 0.0174291520847
0 0.989199980361 0.391939981445 0.0318121351696 0.021208090113
0 0.857999983246 0.326179982891 0.0677100347871 0.0451400231914
0 0.129999999251 0.372939981863 0.0598127501415 0.039875166761
0 0.112999999625 0.332399982754 0.0220925904783 0.0147283936522
0 0.123599999392 0.357679982198 0.054583707715 0.0363891384767
0 0.139999999031 0.312519983191 0.0726711647209 0.0484474431472
0 0.221399997242 0.47903997953 0.0413991086864 0.0275994057909
0 0.273199996103 0.363719982065 0.0389882919866 0.0259921946578
0 0.265799996265 0.351019982345 0.0281625694589 0.0187750463059
0 0.260399996384 0.336439982665 0.0242941623767 0.0161961082512
0 0.317399995131 0.367479981983 0.0259836533806 0.0173224355871
0 0.333599994775 0.367039981992 0.0229912053866 0.0153274702577
0 0.424399992778 0.37031998192 0.0254751340997 0.0169834227331
0 0.431399992625 0.350979982345 0.0387355163519 0.0258236775679
0 0.331399994823 0.321919982984 0.0476298549493 0.0317532366329
0 0.253999996525 0.313819983162 0.0566207528499 0.0377471685666
0 0.22599999714 0.283299983833 0.0201874239818 0.0134582826545
0 0.202399997659 0.290699983671 0.0330694837184 0.0220463224789
0 0.183599998073 0.298359983502 0.022866944644 0.0152446297627
0 0.183599998073 0.271599984091 0.0212234578163 0.0141489718776
0 0.24419999674 0.279519983917 0.0199366270213 0.0132910846809
0 0.245799996705 0.270199984121 0.0345846535213 0.0230564356809
0 0.278199995993 0.294699983583 0.0890627989653 0.0593751993102
0 0.49799999116 0.32847998284 0.0265852692847 0.0177235128565
0 0.520399990668 0.31437998315 0.0442169386783 0.0294779591189
0 0.526599990532 0.296319983547 0.0277144986762 0.0184763324508
0 0.503199991046 0.296939983534 0.0259918648787 0.0173279099191
0 0.967599980836 0.251279984537 0.0301474765275 0.020098317685
0 0.9555999811 0.218679985254 0.0377413314776 0.0251608876517
0 0.907599982155 0.186439985963 0.0325358352746 0.0216905568497
0 0.892199982494 0.199979985665 0.0448278543514 0.0298852362342
0 0.950199981219 0.291159983661 0.0357131903768 0.0238087935845
0 0.859799983206 0.154439986666 0.0357817514393 0.0238545009596
0 0.831199983835 0.15881998657 0.0385928539388 0.0257285692925
0 0.811799984261 0.166459986402 0.0247766620913 0.0165177747275
0 0.798599984552 0.178279986142 0.0229807184131 0.0153204789421
0 0.784199984868 0.155839986636 0.032479640926 0.0216530939507
0 0.781799984921 0.173239986253 0.0252121682926 0.0168081121951
0 0.677199987221 0.203079985597 0.0286030223458 0.0190686815638
0 0.831599983826 0.0997799878682 0.041278904226 0.027519269484
0 0.799999984521 0.1119799876 0.0350317349669 0.0233544899779
0 0.722799986218 0.114439987546 0.0972994262438 0.0648662841626
0 0.818999984103 0.0860399881703 0.029255490178 0.0195036601186
0 0.791999984697 0.102339987812 0.0322694067875 0.0215129378584
0 0.781799984921 0.0845999882019 0.0271361321944 0.0180907547963
0 0.78319998489 0.0701399885198 0.0237741667852 0.0158494445235
0 0.706999986565 0.06239998869 0.0284400785217 0.0189600523478
0 0.701399986689 0.0506799889477 0.0237770358629 0.0158513572419
0 0.686999987005 0.0854199881839 0.0410346368905 0.0273564245937
0 0.615599988575 0.0896199880916 0.0506175541252 0.0337450360834
0 0.742799985778 0.166819986394 0.0658273262432 0.0438848841621
0 0.593599989059 0.248179984606 0.0352676918706 0.0235117945804
0 0.551599989982 0.227019985071 0.0249145756862 0.0166097171241
0 0.533999990369 0.238239984824 0.0511626788796 0.0341084525864
0 0.50939999091 0.224579985124 0.0253811470731 0.0169207647154
0 0.507999990941 0.272219984077 0.0356750019638 0.0237833346426
0 0.591599989103 0.282239983857 0.020268153891 0.013512102594
0 0.564999989687 0.236399984865 0.0228293498334 0.0152195665556
0 0.597799988966 0.204399985568 0.0223044075562 0.0148696050375
0 0.422799992814 0.254919984457 0.037703044131 0.025135362754
0 0.396199993398 0.163679986463 0.0345174775307 0.0230116516871
0 0.402999993249 0.103699987782 0.0950140574912 0.0633427049941
0 0.417999992919 0.0662599886051 0.0256100796832 0.0170733864555
0 0.3369999947 0.117339987482 0.10863119471 0.0724207964731
0 0.285799995826 0.088099988125 0.033467395109 0.0223115967393
0 0.256199996476 0.114159987552 0.0232156859796 0.0154771239864
0 0.209999997492 0.102799987802 0.0409979324833 0.0273319549889
0 0.188399997967 0.113099987575 0.020254402105 0.0135029347367
0 0.188599997963 0.0808399882846 0.0204600852927 0.0136400568618
0 0.238999996855 0.0765599883787 0.0315136521598 0.0210091014398
0 0.121199999444 0.096739987935 0.0374846974281 0.0249897982854
0 0.127199999313 0.0688999885471 0.0413807070159 0.0275871380106
0 0.196599997787 0.240359984778 0.046659414166 0.0311062761107
0 0.116799999541 0.238039984829 0.0291617010188 0.0194411340125
0 0.0532000009394 0.167319986383 0.0297579745024 0.0198386496683
0 0.211999997448 0.185379985986 0.0510271396938 0.0340180931292
0 0.177599998204 0.170279986318 0.0416338783855 0.0277559189237
0 0.168799998398 0.212459985391 0.091393182557 0.0609287883714
0 0.257799996441 0.191539985851 0.0357452448995 0.0238301632663
0 0.302599995456 0.183959986017 0.0278195662786 0.018546377519
0 0.286399995812 0.168259986363 0.0225803336797 0.0150535557864
0 0.100199999906 0.270119984123 0.0231859069323 0.0154572712882
0 0.064000000702 0.262619984288 0.0722231928719 0.0481487952479
0 0.172599998314 0.132019987159 0.0280265356046 0.0186843570697
0 0.0564000008691 0.0201399896191 0.0234637127962 0.0156424751975
0 0.0430000011637 0.0205599896099 0.0533972946379 0.0355981964252
0 0.120599999458 0.0256799894973 0.0379620525896 0.0253080350597
0 0.259799996397 0.043339989109 0.0637785079965 0.042519005331
0 0.336799994704 0.0381199892238 0.0481553908287 0.0321035938858
0 0.317999995118 0.0180399896653 0.029268549428 0.0195123662853
0 0.650799987801 0.0132399897708 0.0373863573181 0.0249242382121
0 0.676399987238 0.021279989594 0.022311036115 0.0148740240766
0 0.762799985339 0.0090599898627 0.0239130697172 0.0159420464781
0 0.471799991736 0.161199986518 0.162540174507 0.108360116338
0 0.381399993724 0.190599985871 0.15384785855 0.102565239033
0 0.902999982256 0.328679982836 0.0849279633961 0.0566186422641
0 0.94559998132 0.329719982813 0.0705404293604 0.047026952907
