0 0.792599984684 0.743979995691 0.189676702436 0.126451134958
0 0.754199985528 0.84043999357 0.132615694567 0.0884104630447
0 0.723599986201 0.761679995301 0.141691873328 0.0944612488851
0 0.691399986908 0.678999997119 0.115846430343 0.077230953562
0 0.859199983219 0.0897800100733 0.12626810759 0.0841787383933
0 0.785199984846 0.0819000102466 0.157568755467 0.105045836978
0 0.725999986148 0.475400001595 0.175035502363 0.116690334908
0 0.691399986908 0.421940002771 0.141271405051 0.0941809367004
0 0.659799987603 0.545140000062 0.238288771281 0.158859180854
0 0.384599993654 0.757879995385 0.124812792683 0.0832085284553
0 0.105999999779 0.886599992555 0.140489828724 0.093659885816
0 0.166399998451 0.696039996745 0.142734634655 0.0951564231031
0 0.183799998068 0.776119994984 0.106715838041 0.0711438920272
0 0.305399995395 0.645459997857 0.132099260589 0.0880661737261
0 0.249599996622 0.594579998975 0.0804005588568 0.0536003725712
0 0.306799995364 0.551319999926 0.466029230163 0.310686153442
0 0.158399998627 0.418680002842 0.121364952812 0.0809099685411
0 0.314799995188 0.187600007923 0.111488400319 0.0743256002127
0 0.927999981707 0.0291600114061 0.027143156488 0.0180954376587
0 0.649999987819 0.049360010962 0.0910603695491 0.0607069130327
0 0.621999988434 0.0820800102426 0.0359749689793 0.0239833126529
0 0.524999990567 0.0874000101256 0.0240942173443 0.0160628115629
0 0.417399992932 0.0617000106907 0.0206917880468 0.0137945253645
0 0.172199998323 0.051680010911 0.0253700664973 0.0169133776649
0 0.100799999893 0.0322200113388 0.0844709885793 0.0563139923862
0 0.140199999027 0.0526200108903 0.0506721655343 0.0337814436895
0 0.0572000008515 0.0628800106647 0.0727519935638 0.0485013290425
0 0.414999992985 0.0904600100584 0.0249130916805 0.016608727787
0 0.328399994889 0.0800800102866 0.0214439810609 0.0142959873739
0 0.391799993495 0.126080009275 0.0356605576418 0.0237737050946
0 0.348999994436 0.111080009605 0.0303895673213 0.0202597115475
0 0.290999995711 0.116960009476 0.0333264145691 0.0222176097127
0 0.440399992427 0.129880009192 0.0424975696934 0.0283317131289
0 0.47479999167 0.0854600101683 0.0512208519024 0.0341472346016
0 0.170199998367 0.105220009734 0.078884300783 0.0525895338553
0 0.0228000016078 0.225780007083 0.0244650208978 0.0163100139318
0 0.0256000015462 0.403920003167 0.0661380770334 0.0440920513556
0 0.0764000004294 0.403820003169 0.0231940194967 0.0154626796644
0 0.112799999629 0.368700003941 0.0302756946185 0.0201837964124
0 0.0328000013879 0.337220004633 0.0211270963806 0.0140847309204
0 0.0572000008515 0.347260004413 0.0780593914904 0.0520395943269
0 0.0754000004514 0.36558000401 0.0660692191696 0.0440461461131
0 0.0983999999457 0.299040005473 0.0312039896405 0.0208026597603
0 0.076600000425 0.26552000621 0.0225131576891 0.0150087717927
0 0.110399999682 0.248160006591 0.0353498068517 0.0235665379011
0 0.137799999079 0.235520006869 0.0486974486381 0.0324649657587
0 0.153799998728 0.30282000539 0.0239054518214 0.0159369678809
0 0.0936000000512 0.276900005959 0.0450100902493 0.0300067268329
0 0.203399997637 0.312200005183 0.102844561881 0.068563041254
0 0.182599998095 0.37602000378 0.0233484550215 0.015565636681
0 0.230599997039 0.410000003033 0.031433120118 0.020955413412
0 0.0186000017001 0.134380009093 0.0297131575308 0.0198087716872
0 0.0764000004294 0.0895800100777 0.0236490156392 0.0157660104262
0 0.119199999488 0.18316000802 0.0204547428723 0.0136364952482
0 0.194399997835 0.171740008271 0.0649234678482 0.0432823118988
0 0.145199998917 0.195320007753 0.0814389671004 0.0542926447336
0 0.246599996687 0.288540005704 0.0285252604479 0.0190168402986
0 0.254999996503 0.294900005564 0.0312315921462 0.0208210614308
0 0.290199995729 0.263860006246 0.0236438710862 0.0157625807241
0 0.296999995579 0.28508000578 0.0454405508313 0.0302937005542
0 0.311399995263 0.313620005152 0.0367499167473 0.0244999444982
0 0.29879999554 0.324960004903 0.0403989877894 0.0269326585263
0 0.265399996274 0.310920005211 0.0428834111711 0.0285889407807
0 0.207399997549 0.364900004025 0.0289575018367 0.0193050012245
0 0.314799995188 0.353100004284 0.0199196104228 0.0132797402819
0 0.312399995241 0.377940003738 0.0393027033241 0.0262018022161
0 0.306399995373 0.390940003452 0.0304266674634 0.0202844449756
0 0.387999993579 0.394300003378 0.0293357254186 0.0195571502791
0 0.377999993799 0.388060003516 0.0353136960467 0.0235424640312
0 0.410399993086 0.342280004522 0.0336882151547 0.0224588101031
0 0.378599993785 0.319100005032 0.0275523463218 0.0183682308812
0 0.227799997101 0.229140007009 0.0653342406214 0.0435561604143
0 0.268399996208 0.162360008478 0.232440799551 0.154960533034
0 0.411999993051 0.230420006981 0.0973490909674 0.0648993939782
0 0.395599993412 0.275940005981 0.0575690324817 0.0383793549878
0 0.464199991903 0.275380005993 0.0211369897519 0.0140913265012
0 0.451999992172 0.20912000745 0.0257365169674 0.0171576779783
0 0.402199993267 0.144200008877 0.0221857860353 0.0147905240235
0 0.562999989731 0.17180000827 0.0294773984945 0.0196515989963
0 0.571599989542 0.239260006787 0.0216039568736 0.0144026379157
0 0.560599989784 0.227580007044 0.0198811252087 0.0132540834725
0 0.539199990255 0.218400007246 0.0268266675426 0.0178844450284
0 0.518799990703 0.250160006547 0.026159557521 0.017439705014
0 0.487799991385 0.25550000643 0.0533261612988 0.0355507741992
0 0.443799992352 0.266600006186 0.0287843678403 0.0191895785602
0 0.648799987845 0.307780005281 0.0216201820024 0.0144134546683
0 0.660599987586 0.145500008848 0.0678916770827 0.0452611180552
0 0.778599984991 0.171680008273 0.0537093315662 0.0358062210442
0 0.74319998577 0.204860007543 0.0409752766632 0.0273168511088
0 0.775599985057 0.15180000871 0.032295030619 0.0215300204127
0 0.755599985497 0.167660008361 0.0449556767076 0.0299704511384
0 0.735199985945 0.26458000623 0.0402834332135 0.0268556221423
0 0.741999985796 0.284420005794 0.0305881272818 0.0203920848545
0 0.877999982806 0.176900008158 0.0761756936094 0.0507837957396
0 0.961999980959 0.277880005938 0.0457416061176 0.0304944040784
0 0.939999981443 0.53704000024 0.0200912604135 0.013394173609
0 0.979799980568 0.548039999998 0.0457534781631 0.0305023187754
0 0.924399981786 0.576139999381 0.03392981128 0.0226198741867
0 0.863999983114 0.450460002144 0.0260053198636 0.017336879909
0 0.851199983395 0.457360001992 0.0207476855942 0.0138317903961
0 0.851999983378 0.392360003421 0.0391267991838 0.0260845327892
0 0.842999983575 0.369140003932 0.0203108932547 0.0135405955031
0 0.716399986359 0.339820004576 0.0278433103695 0.018562206913
0 0.767199985242 0.534180000303 0.0281993727998 0.0187995818666
0 0.6917999869 0.548379999991 0.0298117944419 0.0198745296279
0 0.763599985321 0.577659999347 0.0221670875637 0.0147780583758
0 0.817399984138 0.598319998893 0.0393642400931 0.0262428267287
0 0.809199984319 0.572199999467 0.056796063388 0.0378640422587
0 0.87279998292 0.594019998987 0.0611959423723 0.0407972949149
0 0.753799985537 0.350080004351 0.0422814984658 0.0281876656439
0 0.929399981676 0.459180001952 0.0267766070842 0.0178510713894
0 0.566799989648 0.448780002181 0.0328677578791 0.0219118385861
0 0.529599990466 0.476380001574 0.0207913153613 0.0138608769075
0 0.557999989841 0.492520001219 0.0285013184896 0.0190008789931
0 0.590399989129 0.423100002745 0.0329676809285 0.0219784539523
0 0.740799985822 0.50068000104 0.0200917550821 0.0133945033881
0 0.56079998978 0.562399999683 0.0677957113819 0.0451971409212
0 0.593599989059 0.582479999241 0.0250911723625 0.0167274482417
0 0.540399990228 0.574219999423 0.0212952836914 0.0141968557943
0 0.5325999904 0.582119999249 0.0274996146532 0.0183330764355
0 0.520799990659 0.590759999059 0.0269273820616 0.0179515880411
0 0.547199990079 0.606679998709 0.0261651967425 0.017443464495
0 0.354199994322 0.417840002861 0.0704492124778 0.0469661416518
0 0.490799991319 0.442140002327 0.0354791132136 0.0236527421424
0 0.447399992273 0.337680004623 0.0247256122958 0.0164837415305
0 0.490799991319 0.479180001512 0.0257836094145 0.017189072943
0 0.477199991618 0.518300000652 0.0278078921005 0.0185385947337
0 0.469199991794 0.498920001078 0.0262685824718 0.0175123883146
0 0.458199992035 0.528360000431 0.041667416914 0.0277782779427
0 0.431999992611 0.52794000044 0.0249071556578 0.0166047704385
0 0.410999993073 0.495060001163 0.0621195875097 0.0414130583398
0 0.468999991798 0.358840004158 0.030435076829 0.0202900512193
0 0.419399992888 0.388920003497 0.0847725385342 0.0565150256895
0 0.265399996274 0.360640004118 0.0632818607611 0.0421879071741
0 0.129399999264 0.424560002713 0.0473551160304 0.0315700773536
0 0.192199997883 0.51384000075 0.0302743095466 0.020182873031
0 0.211599997457 0.530600000382 0.0635050552159 0.0423367034773
0 0.161399998561 0.542860000112 0.0201120364931 0.0134080243287
0 0.126799999321 0.540960000154 0.0465057701109 0.0310038467406
0 0.130999999229 0.51476000073 0.021984752732 0.0146565018213
0 0.0886000001611 0.510480000824 0.0204817517757 0.0136545011838
0 0.169399998385 0.469200001732 0.0309816855891 0.0206544570594
0 0.0442000011373 0.455460002034 0.0352420680391 0.0234947120261
0 0.0856000002271 0.454860002047 0.100333624264 0.0668890828429
0 0.104199999818 0.512720000775 0.0879146732348 0.0586097821565
0 0.0924000000776 0.610019998636 0.206947560582 0.137965040388
0 0.0958000000029 0.664319997442 0.0312008237617 0.0208005491744
0 0.0718000005305 0.670979997295 0.0247778492959 0.0165185661972
0 0.0572000008515 0.682119997051 0.038734428081 0.025822952054
0 0.0482000010494 0.743179995708 0.0310941732199 0.0207294488132
0 0.0442000011373 0.763459995262 0.0731821573446 0.0487881048964
0 0.120599999458 0.770739995102 0.0715582593919 0.0477055062613
0 0.0860000002183 0.716299996299 0.103956576806 0.0693043845377
0 0.143199998961 0.613319998563 0.026673518156 0.0177823454373
0 0.252799996551 0.693259996806 0.0217678900348 0.0145119266899
0 0.279399995966 0.608879998661 0.027297196278 0.018198130852
0 0.264199996301 0.546040000042 0.0212749033467 0.0141832688978
0 0.242199996784 0.548139999996 0.0488430790625 0.0325620527083
0 0.317999995118 0.725019996107 0.0236609866184 0.0157739910789
0 0.28379999587 0.736319995859 0.0433768925277 0.0289179283518
0 0.320599995061 0.705719996532 0.0287533026546 0.0191688684364
0 0.342199994586 0.679159997116 0.0455468056382 0.0303645370921
0 0.422599992818 0.719259996234 0.0245645482123 0.0163763654749
0 0.483599991477 0.668919997341 0.0274158177989 0.018277211866
0 0.476999991622 0.57933999931 0.0805427266012 0.0536951510675
0 0.544999990127 0.681399997066 0.0300243040557 0.0200162027038
0 0.57899998938 0.66395999745 0.023256149868 0.015504099912
0 0.641999987995 0.732819995936 0.0297558968945 0.0198372645963
0 0.520599990664 0.628619998227 0.0481492569386 0.0320995046257
0 0.491999991292 0.622619998359 0.0466368572796 0.0310912381864
0 0.473399991701 0.543360000101 0.0226372205642 0.0150914803761
0 0.524599990576 0.734939995889 0.0256848735696 0.0171232490464
0 0.620199988474 0.752099995512 0.0470767165642 0.0313844777095
0 0.60219998887 0.680419997088 0.0403853349371 0.0269235566247
0 0.655599987695 0.647639997809 0.0428814324968 0.0285876216646
0 0.662399987546 0.683659997017 0.036010486182 0.024006990788
0 0.669399987392 0.728299996035 0.0279436291537 0.0186290861025
0 0.642399987986 0.665559997415 0.0304556550411 0.0203037700274
0 0.656399987678 0.717299996277 0.0461336804192 0.0307557869461
0 0.784999984851 0.719079996238 0.0214995818072 0.0143330545381
0 0.735999985928 0.641819997937 0.0198908207125 0.0132605471417
0 0.719199986297 0.640019997976 0.028142584849 0.0187617232327
0 0.697199986781 0.633759998114 0.0261857749547 0.0174571833031
0 0.809399984314 0.633959998109 0.0634711209526 0.0423140806351
0 0.893399982467 0.673419997242 0.0271288110997 0.0180858740665
0 0.846599983496 0.589859999079 0.0371421889163 0.0247614592775
0 0.974199980691 0.716399996297 0.0318932608136 0.0212621738757
0 0.988199980383 0.690079996876 0.0273728805678 0.0182485870452
0 0.981199980537 0.889599992489 0.0233949538662 0.0155966359108
0 0.965199980889 0.896959992327 0.0209900731892 0.0139933821261
0 0.91239998205 0.891259992453 0.0314381657373 0.0209587771582
0 0.859399983215 0.840259993574 0.0289062541738 0.0192708361158
0 0.870399982973 0.849919993361 0.0332648778 0.0221765852
0 0.894599982441 0.849839993363 0.0263103324984 0.0175402216656
0 0.884399982665 0.975319990604 0.0675549067263 0.0450366044842
0 0.868399983017 0.95459999106 0.0280419692637 0.0186946461758
0 0.710999986478 0.963319990868 0.0477539178245 0.0318359452163
0 0.698799986746 0.91455999194 0.0547647564084 0.0365098376056
0 0.786599984815 0.829139993818 0.0204353518647 0.0136235679098
0 0.781799984921 0.880879992681 0.0216152353168 0.0144101568779
0 0.642399987986 0.828899993824 0.0302135642473 0.0201423761648
0 0.647599987871 0.942999991315 0.0329907324834 0.0219938216556
0 0.666799987449 0.928399991636 0.0267853132508 0.0178568755006
0 0.591599989103 0.937979991425 0.0208265357629 0.0138843571752
0 0.670999987357 0.902899992197 0.025996910498 0.0173312736654
0 0.524199990584 0.933299991528 0.0314248096862 0.0209498731241
0 0.479999991556 0.911279992012 0.0262344503411 0.0174896335607
0 0.565599989674 0.79313999461 0.0216759806161 0.0144506537441
0 0.596999988984 0.806279994321 0.0298314822506 0.0198876548337
0 0.581199989331 0.795099994567 0.0302717372701 0.02018115818
0 0.672799987317 0.773419995043 0.0244132785663 0.0162755190442
0 0.523999990589 0.912019991996 0.0358006477784 0.0238670985189
0 0.540599990224 0.917819991869 0.0229119594831 0.0152746396554
0 0.470399991767 0.905839992132 0.0304322077513 0.0202881385009
0 0.456599992071 0.901739992222 0.0242268874524 0.0161512583016
0 0.412799993034 0.886399992559 0.0340355714184 0.0226903809456
0 0.571199989551 0.885879992571 0.0271997465714 0.0181331643809
0 0.410399993086 0.826659993873 0.0260972292822 0.0173981528548
0 0.474999991666 0.806599994314 0.0334040775332 0.0222693850221
0 0.480599991543 0.774579995018 0.0840469586886 0.0560313057924
0 0.457799992044 0.821559993985 0.0323680436986 0.0215786957991
0 0.344399994537 0.893239992409 0.036803637753 0.024535758502
0 0.375399993856 0.875759992793 0.0271145646452 0.0180763764301
0 0.428399992691 0.903959992173 0.0288279976074 0.0192186650716
0 0.457599992049 0.902999992194 0.0501230834314 0.0334153889543
0 0.304799995408 0.917439991877 0.0230366159605 0.0153577439737
0 0.31199999525 0.837019993645 0.118601734229 0.0790678228192
0 0.360399994186 0.81585999411 0.043473748632 0.028982499088
0 0.127199999313 0.856319993221 0.0695015264482 0.0463343509655
0 0.154799998706 0.919459991833 0.036347751207 0.024231834138
0 0.271799996133 0.876679992773 0.113261292442 0.0755075282949
0 0.238599996863 0.930099991599 0.0237044185181 0.0158029456787
0 0.209999997492 0.941379991351 0.0314309435763 0.0209539623842
0 0.230199997048 0.944999991271 0.0246610085817 0.0164406723878
0 0.217399997329 0.967959990766 0.0532316796036 0.0354877864024
0 0.06500000068 0.957499990996 0.0226120914013 0.0150747276009
0 0.051400000979 0.976739990573 0.0392211819452 0.0261474546302
0 0.0836000002711 0.974019990633 0.0506824546404 0.0337883030936
0 0.724399986183 0.101140009824 0.0247751780856 0.0165167853904
0 0.666799987449 0.114200009536 0.0298661090499 0.0199107393666
0 0.582799989296 0.508260000873 0.155407053855 0.10360470257
0 0.0828000002887 0.57205999947 0.0305347030772 0.0203564687181
0 0.562399989745 0.896639992334 0.0491735176613 0.0327823451076
0 0.0518000009702 0.66257999748 0.0292451021382 0.0194967347588
