0 0.319599995083 0.317399982033 0.195217966783 0.130145319773
0 0.534799990351 0.146459974517 0.194227640389 0.129485102133
0 0.609799988702 0.346379983307 0.15083333839 0.100555565559
0 0.545799990109 0.409819986097 0.113028790764 0.0753525321457
0 0.398199993355 0.950280009861 0.108056382715 0.0720375932277
0 0.698399986755 0.434959987202 0.197305467974 0.131536987325
0 0.817399984138 0.450039987865 0.426425047693 0.284283383879
0 0.0188000016957 0.0681199710719 0.0267145738846 0.0178097170977
0 0.0154000017705 0.0551399705012 0.0246096603619 0.0164064413234
0 0.156999998657 0.0183599688839 0.0350865419293 0.0233910294956
0 0.17459999827 0.0537199704387 0.037713528617 0.0251423540696
0 0.155199998697 0.0676199710499 0.0349820679361 0.0233213801622
0 0.113599999612 0.0969999723418 0.0932352231958 0.0621568195634
0 0.175399998253 0.112939973043 0.103472784129 0.0689818606358
0 0.252799996551 0.101859972555 0.0461495067693 0.0307663398754
0 0.126199999335 0.141839974313 0.0431124398714 0.0287416284766
0 0.0294000014627 0.110919972954 0.0310741865605 0.02071612574
0 0.0548000009043 0.0854199718326 0.0222250612532 0.0148167084794
0 0.285399995834 0.11991997335 0.0264472550118 0.0176315045041
0 0.457799992044 0.0265199692427 0.0231931275635 0.0154620860622
0 0.553399989942 0.0398799698302 0.0442442414647 0.0294961629219
0 0.769199985198 0.0276799692937 0.0233673498193 0.0155782342403
0 0.850599983408 0.0212599690114 0.0208584899762 0.0139056609013
0 0.884799982656 0.0285999693342 0.0537396017378 0.0358264035215
0 0.911599982067 0.114899973129 0.0400463853977 0.026697592026
0 0.890399982533 0.0860599718607 0.0608509565043 0.0405673070118
0 0.880199982758 0.147999974584 0.024914870844 0.0166099149915
0 0.858999983224 0.141559974301 0.0358389327612 0.0238926234167
0 0.958399981038 0.214599977513 0.02486243598 0.0165749584132
0 0.868599983013 0.16017997512 0.0459217613788 0.030614509605
0 0.903799982239 0.203559977027 0.0438038875406 0.0292025936198
0 0.828799983888 0.154639974876 0.0601821646537 0.0401214457487
0 0.927199981724 0.288159980747 0.0305867401924 0.0203911614732
0 0.889399982555 0.254719979277 0.025156269086 0.0167708471634
0 0.917999981927 0.256599979359 0.0313200368192 0.0208800259233
0 0.827999983905 0.224439977945 0.0361039761588 0.0240693190267
0 0.806799984371 0.213219977452 0.0312053726542 0.0208035831416
0 0.836799983712 0.258619979448 0.0849938476426 0.0566625688323
0 0.854399983325 0.204139977053 0.0631716444391 0.0421144324038
0 0.841199983615 0.176819975851 0.0596393154104 0.0397595462293
0 0.797199984582 0.177199975868 0.0204629530207 0.0136419695803
0 0.805399984402 0.0943199722239 0.0240134858513 0.0160089916234
0 0.795999984609 0.0807999716294 0.0204917427291 0.0136611627204
0 0.798599984552 0.112559973026 0.0255741650589 0.0170494444971
0 0.699199986737 0.195579976676 0.0313512009365 0.0209008020028
0 0.62399998839 0.240339978644 0.0474618623756 0.0316412436706
0 0.708799986526 0.234659978395 0.0303131884961 0.0202087936637
0 0.703399986645 0.25205997916 0.022747530153 0.0151650211022
0 0.709599986508 0.285239980619 0.0393412848771 0.0262275249813
0 0.702599986662 0.316519981994 0.0243213675435 0.0162142460984
0 0.630999988236 0.274739980157 0.045265138374 0.0301767609063
0 0.606599988773 0.26751997984 0.0504057337227 0.0336038246982
0 0.61719998854 0.356279983742 0.0263546530632 0.0175697698677
0 0.66539998748 0.354379983659 0.0262952928398 0.0175301963828
0 0.751399985589 0.306019981532 0.0452263563613 0.0301509062295
0 0.812999984235 0.335119982812 0.0206817943778 0.0137878638279
0 0.664399987502 0.125779973607 0.0278959412645 0.0185972954029
0 0.790599984727 0.253079979205 0.185887528997 0.123925027505
0 0.49939999113 0.332299982688 0.0374789568008 0.0249859728485
0 0.463799991912 0.273019980081 0.0520765261447 0.0347176863863
0 0.386999993601 0.243819978798 0.0203091111084 0.0135394082986
0 0.455399992097 0.315919981968 0.0733923866424 0.0489282609887
0 0.43479999255 0.34507998325 0.0332454845997 0.0221636578616
0 0.424599992774 0.357299983787 0.0263476287701 0.0175650870053
0 0.549599990026 0.242019978718 0.126693514196 0.0844623483684
0 0.272999996107 0.214139977492 0.0314151121104 0.0209434094549
0 0.21919999729 0.171179975603 0.0273174758872 0.0182116517926
0 0.293999995645 0.10673997277 0.0281615782643 0.0187743867478
0 0.276399996032 0.137119974106 0.0246525975902 0.0164350661441
0 0.294799995628 0.199379976843 0.0285850145248 0.0190566776068
0 0.418199992915 0.121239973408 0.0890949465455 0.0593966349479
0 0.251799996573 0.228939978143 0.0290197292277 0.0193464874278
0 0.150599998798 0.211919977395 0.0625354017777 0.0416902706015
0 0.131199999225 0.183999976167 0.0626904308945 0.0417936233529
0 0.105199999796 0.154679974878 0.057849307873 0.0385662077923
0 0.187999997976 0.254219979255 0.0223134090524 0.014875607016
0 0.154199998719 0.252959979199 0.0463994133099 0.0309329442468
0 0.118399999506 0.256079979337 0.0457967091747 0.0305311414635
0 0.0564000008691 0.277399980274 0.0249254567505 0.016616972263
0 0.0254000015506 0.332699982706 0.0199928200512 0.0133285475799
0 0.0740000004821 0.264699979716 0.0829336521549 0.0552891050832
0 0.141599998996 0.302919981396 0.107384622853 0.0715897532903
0 0.143399998956 0.360219983916 0.0328129464383 0.0218752990684
0 0.0880000001743 0.322379982252 0.0213012183092 0.0142008131428
0 0.0716000005349 0.311039981753 0.0252468923604 0.0168312626837
0 0.0638000007064 0.329879982582 0.0342586646799 0.022839111293
0 0.236999996899 0.187879976338 0.0563012921797 0.0375341972621
0 0.197399997769 0.177799975895 0.0370717456681 0.0247144987421
0 0.174799998266 0.166839975413 0.030087322846 0.0200582165536
0 0.170599998358 0.365419984144 0.133184554628 0.0887897089416
0 0.227199997114 0.397659985562 0.132616675157 0.0884111226028
0 0.10639999977 0.418639986484 0.0332637873353 0.0221758596861
0 0.125999999339 0.48517998941 0.0230221701201 0.0153481144257
0 0.165799998464 0.433639987144 0.0200090451789 0.0133393643324
0 0.253399996538 0.464359988495 0.0228960296453 0.0152640207703
0 0.248199996652 0.44513998765 0.0265269955786 0.0176846648855
0 0.229799997057 0.542999991953 0.0656286630205 0.0437524448994
0 0.109799999695 0.568999993096 0.0248273145145 0.0165515441013
0 0.104799999805 0.527379991266 0.040917002008 0.0272780031378
0 0.0674000006272 0.545179992048 0.0228811895894 0.0152541273991
0 0.355999994282 0.441999987512 0.0273478485349 0.0182319002257
0 0.367799994023 0.405199985893 0.0227146841627 0.0151431237739
0 0.290399995725 0.424399986738 0.0207935894652 0.0138623938911
0 0.403199993245 0.484359989374 0.031094863705 0.0207299105039
0 0.369599993983 0.472019988832 0.0253221809104 0.0168814550537
0 0.365999994062 0.490219989632 0.028325412481 0.0188836095662
0 0.469999991776 0.441899987507 0.0252484752997 0.0168323179766
0 0.506999990963 0.438519987359 0.0331662387014 0.0221108272593
0 0.405199993201 0.447599987758 0.0210021417169 0.0140014287347
0 0.466799991846 0.457379988188 0.0269448915515 0.0179632622191
0 0.394599993434 0.532599991495 0.0500263229613 0.0333508841739
0 0.344999994524 0.551659992333 0.0573207050834 0.0382138059093
0 0.397599993368 0.57317999328 0.0626052489739 0.0417368354021
0 0.4233999928 0.597219994337 0.0257219720152 0.0171479824745
0 0.353799994331 0.575719993391 0.0531522323269 0.0354348238884
0 0.269599996182 0.545279992053 0.0235592812084 0.0157061885082
0 0.356599994269 0.519459990918 0.031872086897 0.0212480593328
0 0.435799992528 0.546019992085 0.0758406001239 0.0505604034174
0 0.475999991644 0.513639990662 0.0617627295361 0.0411751557398
0 0.488799991363 0.563519992855 0.034069701302 0.0227131356994
0 0.566599989652 0.446199987696 0.026193687924 0.0174624597678
0 0.594399989041 0.454719988071 0.0466532771988 0.0311021868506
0 0.563999989709 0.484639989386 0.0205832564069 0.013722171843
0 0.554199989925 0.473219988884 0.0257287984409 0.0171525334252
0 0.704399986623 0.424639986748 0.0248318654649 0.0165545780685
0 0.665999987467 0.280119980394 0.0919833160837 0.061322214767
0 0.743599985761 0.441359987483 0.0267848168157 0.0178565457215
0 0.81639998416 0.412699986223 0.0286075714097 0.019071715531
0 0.806199984385 0.446459987708 0.0624198472094 0.0416132342176
0 0.863399983127 0.32209998224 0.034966634278 0.0233110910561
0 0.941399981412 0.396139985495 0.0284423521212 0.0189615693314
0 0.986399980423 0.369359984318 0.0354642708177 0.0236428487712
0 0.905399982204 0.546659992114 0.0220810137776 0.0147206768227
0 0.936399981522 0.551279992317 0.0482810334589 0.0321873577622
0 0.923999981795 0.571659993213 0.0360776597931 0.0240517747818
0 0.866199983065 0.68165999805 0.0240487062505 0.0160324718911
0 0.8509999834 0.666499997383 0.0518171219684 0.0345447502573
0 0.94239998139 0.689519998395 0.0202814096708 0.0135209406723
0 0.743599985761 0.638079996133 0.0351555976559 0.0234370666497
0 0.622999988412 0.647499996548 0.0487099110731 0.0324732761905
0 0.783999984873 0.511279990558 0.0227425834677 0.0151617233118
0 0.781999984917 0.521979991028 0.0209084514976 0.0139389685844
0 0.668999987401 0.537499991711 0.0220029550838 0.01466863769
0 0.631399988228 0.512199990598 0.0216703399652 0.014446894263
0 0.692999986873 0.662639997213 0.059029290181 0.0393528627162
0 0.691399986908 0.535999991645 0.0363907849717 0.0242605249146
0 0.756199985484 0.715379999532 0.0673143944321 0.0448762659146
0 0.69039998693 0.752140001149 0.085007500494 0.0566716707338
0 0.546799990088 0.632959995908 0.0311726255977 0.0207817517691
0 0.496599991191 0.670259997548 0.0207618317457 0.0138412220767
0 0.547199990079 0.684579998178 0.0396131547004 0.0264087715421
0 0.565399989679 0.519919990938 0.0276202130267 0.0184134765656
0 0.647799987867 0.564259992887 0.02909828259 0.0193988563395
0 0.419599992884 0.661899997181 0.0347402739593 0.0231601841671
0 0.449999992216 0.703079998991 0.0628574309898 0.0419049567571
0 0.343999994546 0.635619996025 0.0543195511206 0.0362130364689
0 0.299199995531 0.638319996144 0.0233127384137 0.0155418266342
0 0.201399997681 0.603399994608 0.0648654884146 0.0432436617952
0 0.151799998772 0.659479997074 0.0238706255802 0.0159137514364
0 0.287199995795 0.652539996769 0.024092929617 0.0160619541374
0 0.128799999277 0.620599995365 0.0589624109959 0.0393082765899
0 0.0594000008031 0.669139997499 0.0386161008142 0.0257440689075
0 0.0416000011945 0.633299995923 0.0249530592544 0.0166353739335
0 0.0568000008603 0.616459995183 0.0411009197669 0.0274006149851
0 0.0256000015462 0.572459993248 0.0217793649089 0.0145195775636
0 0.0372000012912 0.533239991523 0.0593888152676 0.0395925461231
0 0.118599999502 0.712799999419 0.066068522276 0.0440456844224
0 0.164999998481 0.719499999713 0.0362849259066 0.0241899521998
0 0.15779999864 0.699959998854 0.0412658422543 0.0275105633173
0 0.0410000012077 0.863120006028 0.0219409236504 0.0146272833983
0 0.154799998706 0.911780008168 0.041941658398 0.0279611074429
0 0.252599996556 0.900520007673 0.0331741533979 0.022116103724
0 0.226399997132 0.876360006611 0.0289951936687 0.0193301303874
0 0.159999998591 0.816340003972 0.0222425725191 0.0148283826574
0 0.200399997703 0.804540003453 0.0310238293043 0.0206825542336
0 0.274399996076 0.839520004991 0.0248172232765 0.0165448166089
0 0.141399999 0.876260006606 0.0256713179579 0.0171142131007
0 0.0808000003326 0.887400007096 0.0229676576482 0.0153117727754
0 0.117199999532 0.837620004907 0.0633229140752 0.0422152788344
0 0.143599998952 0.902880007777 0.0427207613305 0.0284805094321
0 0.147399998868 0.925940008791 0.0434682054771 0.0289788055627
0 0.171599998336 0.879120006732 0.0286584233344 0.0191056168164
0 0.262799996331 0.877120006644 0.0299379329504 0.0199586232833
0 0.29559999561 0.900800007685 0.0240479147809 0.0160319442447
0 0.278199995993 0.931640009041 0.0211700322155 0.0141133557412
0 0.0196000016781 0.909900008085 0.0223085613008 0.0148723751814
0 0.364399994098 0.733640000335 0.0293639195898 0.0195759476844
0 0.331399994823 0.875580006576 0.0279094951822 0.0186063313487
0 0.311799995254 0.941340009468 0.0389731525581 0.0259821034191
0 0.528599990488 0.908560008026 0.0467445930092 0.0311630640615
0 0.493399991262 0.93274000909 0.0231729450876 0.0154486310773
0 0.57399998949 0.945460009649 0.0247348114996 0.0164898754207
0 0.388199993574 0.988060011522 0.0271762974892 0.0181175328544
0 0.830799983844 0.813560003849 0.0301637986005 0.0201092003933
0 0.845399983523 0.866480006176 0.0283169041823 0.0188779373666
0 0.825999983949 0.877800006674 0.0255588303345 0.0170392213468
0 0.787799984789 0.906980007957 0.0277927534095 0.018528503495
0 0.898399982357 0.942880009536 0.0323290616837 0.0215527092107
0 0.888399982577 0.937020009278 0.0234125625228 0.0156083760447
0 0.875799982854 0.877220006648 0.0499008750225 0.0332672522091
0 0.950399981214 0.891160007261 0.0255573463289 0.0170382320097
0 0.920199981878 0.911420008152 0.0256351082216 0.0170900732749
0 0.929399981676 0.871940006416 0.0245746378301 0.0163830929673
0 0.825599983958 0.844680005218 0.0702363024965 0.0468242047527
0 0.91419998201 0.848620005391 0.0530553762291 0.0353702531522
0 0.945399981324 0.819580004114 0.0269168933128 0.0179445967254
0 0.939599981452 0.841880005095 0.0232172673877 0.0154781792794
0 0.902799982261 0.969640010712 0.0281009319027 0.0187339558374
0 0.842399983589 0.952720009968 0.0699259474617 0.0466173013825
0 0.873799982898 0.917480008419 0.0282162886036 0.0188108603098
0 0.0834000002755 0.990040011609 0.0204029991951 0.0136020003605
0 0.0993999999237 0.988660011549 0.0210348887735 0.0140232601072
0 0.54759999007 0.302199981365 0.145021972516 0.0966813213877
0 0.597399988975 0.645099996442 0.035551233545 0.0237008239266
0 0.245199996718 0.847800005355 0.0202683504216 0.0135122345056
0 0.345599994511 0.967680010626 0.0528182321365 0.0352121570801
