0 0.238000018862 0.0663200105891 0.19021885918 0.126812572786
0 0.859200005205 0.0984400098829 0.170985156184 0.113990104122
0 0.76160000735 0.384300003598 0.309543798845 0.206362532563
0 0.960800002971 0.329400004805 0.0905434409026 0.0603622939351
0 0.0796000223443 0.683259997026 0.148157191422 0.0987714609482
0 0.478800013568 0.566039999603 0.155937338553 0.103958225702
0 0.225200019143 0.848759993387 0.0295397267332 0.0196931511555
0 0.157800020625 0.799839994462 0.0207937887041 0.0138625258027
0 0.245600018695 0.839899993582 0.01981879697 0.0132125313133
0 0.39000001552 0.85591999323 0.0215402435629 0.0143601623753
0 0.424200014768 0.849039993381 0.0358907763902 0.0239271842601
0 0.405400015181 0.846059993446 0.0212424530891 0.0141616353927
0 0.400600015287 0.965459990821 0.0201117396919 0.0134078264613
0 0.634000010156 0.973279990649 0.0656304481559 0.0437536321039
0 0.524400012565 0.980639990488 0.0237978119424 0.0158652079616
0 0.512000012838 0.889639992488 0.0229393641214 0.0152929094142
0 0.512400012829 0.910339992033 0.0629309428838 0.0419539619225
0 0.492000013278 0.942279991331 0.0371269531246 0.0247513020831
0 0.458200014021 0.96777999077 0.0552677354014 0.0368451569343
0 0.419600014869 0.950739991145 0.041888830562 0.0279258870413
0 0.475600013638 0.92455999172 0.0254899741565 0.0169933161044
0 0.45140001417 0.913639991961 0.0613637339483 0.0409091559655
0 0.487400013379 0.880539992688 0.0371043962382 0.0247362641588
0 0.516200012746 0.861419993109 0.0410272168621 0.0273514779081
0 0.584000011255 0.841879993538 0.0684615352652 0.0456410235101
0 0.470000013761 0.835739993673 0.0220785418912 0.0147190279275
0 0.429200014658 0.817659994071 0.019985203474 0.0133234689827
0 0.361200016153 0.806999994305 0.0451810477041 0.0301206984694
0 0.451200014175 0.814379994143 0.0295391331309 0.0196927554206
0 0.551600011967 0.820119994017 0.0353811688385 0.0235874458923
0 0.515000012772 0.799679994466 0.0293332520758 0.0195555013839
0 0.534400012345 0.838099993621 0.0483649324312 0.0322432882875
0 0.630200010239 0.800739994443 0.0437662956191 0.0291775304127
0 0.700400008696 0.86455999304 0.0199806525232 0.0133204350155
0 0.694200008832 0.885639992576 0.0328940742466 0.0219293828311
0 0.749400007619 0.853719993278 0.0369970531604 0.024664702107
0 0.778600006977 0.825779993892 0.028390116997 0.0189267446647
0 0.699600008713 0.845299993463 0.0348014172848 0.0232009448565
0 0.717800008313 0.857899993186 0.0301078041089 0.0200718694059
0 0.7912000067 0.809779994244 0.0241167742307 0.0160778494871
0 0.763800007302 0.807339994298 0.0282500268605 0.0188333512403
0 0.646000009892 0.832559993743 0.0834559286917 0.0556372857945
0 0.918800003894 0.872859992857 0.0887705487794 0.0591803658529
0 0.943800003345 0.909879992043 0.0319128496886 0.0212752331258
0 0.878600004778 0.981259990474 0.0236584143419 0.0157722762279
0 0.779400006959 0.753899995472 0.0360098925798 0.0240065950532
0 0.750400007597 0.774139995027 0.0624923697374 0.041661579825
0 0.588200011163 0.71533999632 0.0507895998507 0.0338597332338
0 0.739200007843 0.732979995932 0.075418454976 0.050278969984
0 0.712400008432 0.730419995989 0.0661117606659 0.0440745071106
0 0.68840000896 0.700959996636 0.0754316131597 0.0502877421065
0 0.665000009474 0.722799996156 0.117077165723 0.0780514438155
0 0.548000012046 0.775899994989 0.0628116288268 0.0418744192179
0 0.371000015938 0.712419996384 0.0420965913577 0.0280643942384
0 0.327800016888 0.705119996545 0.0294627563051 0.0196418375367
0 0.282800017877 0.7389999958 0.0280944041312 0.0187296027541
0 0.457200014043 0.660839997518 0.0586795634016 0.0391197089344
0 0.472600013704 0.68579999697 0.0324051438407 0.0216034292271
0 0.55240001195 0.677499997152 0.144426401134 0.0962842674226
0 0.548000012046 0.620119998414 0.0232206326653 0.0154804217768
0 0.454200014109 0.628599998227 0.0331448712071 0.0220965808047
0 0.581000011321 0.60301999879 0.0207094971813 0.0138063314542
0 0.0584000228104 0.762979995273 0.0198598544606 0.0132399029737
0 0.0612000227488 0.746359995638 0.0233680438965 0.015578695931
0 0.195200019803 0.753199995488 0.0871973048874 0.0581315365916
0 0.148400020832 0.730319995991 0.0316754087793 0.0211169391862
0 0.111400021645 0.775399995 0.0353422878896 0.0235615252597
0 0.169600020366 0.630039998196 0.0252921067321 0.016861404488
0 0.212800019416 0.608619998666 0.0331189505745 0.022079300383
0 0.208600019508 0.683279997025 0.0521243145625 0.0347495430417
0 0.229200019055 0.647399997814 0.112925907158 0.0752839381052
0 0.28400001785 0.631799998157 0.0317191374801 0.0211460916534
0 0.269400018171 0.612679998577 0.0361448381632 0.0240965587755
0 0.267400018215 0.599439998868 0.0221611515409 0.0147741010273
0 0.296200017582 0.593199999005 0.0253236665863 0.0168824443908
0 0.325600016936 0.592579999019 0.0324294815339 0.0216196543559
0 0.141800020977 0.621319998387 0.0762344602345 0.0508229734897
0 0.25080001858 0.578139999337 0.0385170707152 0.0256780471435
0 0.239400018831 0.592159999028 0.0379728363642 0.0253152242428
0 0.0944000220189 0.79039999467 0.0428376048623 0.0285584032415
0 0.06160002274 0.531820000355 0.0363337026199 0.0242224684133
0 0.0716000225202 0.502440001001 0.0209439700793 0.0139626467195
0 0.0240000235667 0.487640001326 0.0663013176585 0.044200878439
0 0.106200021759 0.506460000912 0.0491575893337 0.0327717262225
0 0.181800020097 0.524440000517 0.0221570952587 0.0147713968391
0 0.327000016905 0.523060000548 0.0258973831835 0.0172649221223
0 0.414800014975 0.511780000796 0.0353189395335 0.023545959689
0 0.216000019345 0.470380001706 0.0305087824446 0.0203391882964
0 0.186200020001 0.459080001954 0.0615500261284 0.0410333507523
0 0.284800017833 0.429740002599 0.0702210713373 0.0468140475582
0 0.252000018554 0.422120002767 0.0661729017001 0.0441152678
0 0.160000020577 0.414740002929 0.0584056159524 0.0389370773016
0 0.137400021074 0.381520003659 0.0443208190762 0.0295472127174
0 0.183600020058 0.371100003888 0.048768977712 0.032512651808
0 0.0966000219705 0.354520004253 0.0476553798471 0.0317702532314
0 0.267000018224 0.471140001689 0.0801282932807 0.0534188621871
0 0.412200015032 0.615479998516 0.0484351753669 0.0322901169113
0 0.400800015283 0.595679998951 0.0387549073595 0.0258366049063
0 0.537200012284 0.527560000449 0.0225832027573 0.0150554685049
0 0.573600011484 0.56297999967 0.041770901577 0.027847267718
0 0.553200011932 0.508880000859 0.0359646798733 0.0239764532488
0 0.432200014592 0.4615400019 0.111947452744 0.0746316351625
0 0.445000014311 0.496820001124 0.0424698682539 0.0283132455026
0 0.589400011136 0.481160001469 0.0249450472695 0.016630031513
0 0.601000010881 0.618299998454 0.0255197532039 0.0170131688026
0 0.633600010164 0.603799998772 0.0268876107093 0.0179250738062
0 0.636200010107 0.589139999095 0.025295569412 0.0168637129413
0 0.707600008538 0.472840001652 0.0399027362888 0.0266018241926
0 0.693600008845 0.461580001899 0.0326183459906 0.0217455639937
0 0.595000011013 0.631979998153 0.0256505435715 0.017100362381
0 0.501800013062 0.404860003146 0.0210118386059 0.0140078924039
0 0.387400015577 0.416820002883 0.0265859618207 0.0177239745471
0 0.342600016562 0.448620002184 0.0199687804778 0.0133125203185
0 0.424600014759 0.37558000379 0.0276544459128 0.0184362972752
0 0.438800014447 0.351440004321 0.0437622393369 0.0291748262246
0 0.46960001377 0.407260003093 0.126417497495 0.0842783316637
0 0.572000011519 0.370760003896 0.0202888310369 0.0135258873579
0 0.63060001023 0.351680004315 0.023059469648 0.0153729797654
0 0.347200016461 0.533280000323 0.0252565895294 0.0168377263529
0 0.592200011075 0.589559999086 0.0510184335271 0.0340122890181
0 0.785200006831 0.484120001404 0.0293737159641 0.0195824773094
0 0.736200007909 0.436800002444 0.0199823343963 0.0133215562642
0 0.639800010028 0.426040002681 0.0223524893404 0.0149016595603
0 0.603400010828 0.41244000298 0.0401758922683 0.0267839281789
0 0.850600005394 0.413900002947 0.0246412218393 0.0164274812262
0 0.910400004079 0.391920003431 0.0243052429525 0.0162034953017
0 0.904400004211 0.415180002919 0.0260182801799 0.0173455201199
0 0.962000002944 0.45516000204 0.0223860278688 0.0149240185792
0 0.951600003173 0.443500002297 0.022254643899 0.014836429266
0 0.990800002311 0.411840002993 0.0200723640745 0.0133815760497
0 0.679400009158 0.446160002238 0.026648784728 0.0177658564853
0 0.77980000695 0.530600000382 0.0213939206025 0.014262613735
0 0.942800003367 0.288220005711 0.0236046933362 0.0157364622241
0 0.818800006093 0.287600005724 0.0201144109022 0.0134096072681
0 0.826400005926 0.24414000668 0.0232629762941 0.0155086508627
0 0.893400004453 0.296300005533 0.0840708017133 0.0560472011422
0 0.872800004906 0.280000005891 0.0209169611758 0.0139446407839
0 0.828800005873 0.268760006138 0.0692654706109 0.0461769804072
0 0.787400006783 0.225680007086 0.0980173881935 0.0653449254624
0 0.694200008832 0.187380007928 0.0576881486713 0.0384587657808
0 0.705600008582 0.214720007326 0.023550081927 0.015700054618
0 0.731200008019 0.23640000685 0.0996687897182 0.0664458598121
0 0.672800009303 0.251200006524 0.0984756491486 0.0656504327657
0 0.565800011655 0.223020007144 0.089746035182 0.0598306901213
0 0.621800010424 0.237440006827 0.0224147186454 0.0149431457636
0 0.550600011989 0.263880006246 0.034984939321 0.0233232928807
0 0.546800012073 0.247740006601 0.0206928763176 0.0137952508784
0 0.540400012213 0.361120004108 0.0268367587812 0.0178911725208
0 0.506800012952 0.328780004819 0.0258594915717 0.0172396610478
0 0.574600011462 0.341660004536 0.0526160151123 0.0350773434082
0 0.599200010921 0.328360004828 0.0363528957601 0.0242352638401
0 0.442800014359 0.299120005471 0.019880333739 0.013253555826
0 0.464200013889 0.288580005703 0.0280770907315 0.0187180604877
0 0.424000014773 0.268820006137 0.0211702314792 0.0141134876528
0 0.507600012935 0.254360006455 0.0261789485285 0.0174526323524
0 0.349200016417 0.232400006938 0.0303706709823 0.0202471139882
0 0.264200018286 0.228920007014 0.0273590298481 0.0182393532321
0 0.250600018585 0.22004000721 0.0422222371722 0.0281481581148
0 0.325800016932 0.294280005577 0.020566241166 0.013710827444
0 0.256400018457 0.28732000573 0.0378544127107 0.0252362751405
0 0.231200019011 0.303820005368 0.0305314382647 0.0203542921764
0 0.225600019134 0.290760005655 0.0219953386392 0.0146635590928
0 0.271600018123 0.321940004969 0.0217120914211 0.0144747276141
0 0.24900001862 0.324280004918 0.0307433542763 0.0204955695175
0 0.305800017371 0.308520005264 0.0513235450957 0.0342156967304
0 0.340800016602 0.336240004655 0.0278557760172 0.0185705173448
0 0.356200016263 0.378120003734 0.030377299541 0.0202515330273
0 0.317000017125 0.357220004194 0.0362797837467 0.0241865224978
0 0.27900001796 0.354520004253 0.0488897757747 0.0325931838498
0 0.273200018088 0.33328000472 0.0248596674759 0.0165731116506
0 0.345200016505 0.352960004287 0.0208510713235 0.0139007142157
0 0.499400013115 0.294500005572 0.061877100981 0.041251400654
0 0.585200011229 0.27186000607 0.0673306240006 0.0448870826671
0 0.532600012385 0.325440004892 0.0464447280104 0.030963152007
0 0.519000012684 0.344100004482 0.0333028683455 0.0222019122304
0 0.468200013801 0.351720004315 0.11714345131 0.078095634207
0 0.478400013577 0.398180003293 0.0426286568621 0.0284191045747
0 0.201600019662 0.299700005458 0.0235063532262 0.0156709021508
0 0.131000021214 0.283740005809 0.0265117615365 0.017674507691
0 0.125600021333 0.308040005275 0.0215607228414 0.0143738152276
0 0.0922000220673 0.314880005124 0.0560536648114 0.0373691098743
0 0.0260000235227 0.346840004422 0.0595180266128 0.0396786844085
0 0.0112000238481 0.283480005815 0.0229733973184 0.0153155982123
0 0.198600019728 0.327900004838 0.0466193460125 0.0310795640084
0 0.130400021227 0.32556000489 0.0245309107501 0.0163539405001
0 0.0102000238701 0.247520006605 0.020143002745 0.0134286684967
0 0.205000019587 0.260080006329 0.0913827945173 0.0609218630115
0 0.156600020651 0.333500004715 0.0364920954932 0.0243280636621
0 0.219200019275 0.3614600041 0.0253476085446 0.0168984056964
0 0.228000019082 0.372120003866 0.0211695389432 0.0141130259621
0 0.145600020893 0.351660004316 0.0593447936826 0.0395631957884
0 0.142000020972 0.240680006756 0.0497368462188 0.0331578974792
0 0.115000021566 0.170620008296 0.0207959652458 0.0138639768305
0 0.172800020295 0.187520007924 0.0244444426856 0.0162962951237
0 0.22760001909 0.12176000937 0.0846919075587 0.0564612717058
0 0.0556000228719 0.07310001044 0.0218643504042 0.0145762336028
0 0.0964000219749 0.0446600110653 0.0290719681418 0.0193813120945
0 0.0672000226169 0.0431200110991 0.0532073419104 0.0354715612736
0 0.10980002168 0.0188600116325 0.0365496749137 0.0243664499425
0 0.0264000235139 0.0561600108125 0.027820456682 0.0185469711213
0 0.34680001647 0.133400009114 0.043328316075 0.02888554405
0 0.325000016949 0.14680000882 0.0313370554834 0.0208913703223
0 0.34180001658 0.163840008445 0.0372249964334 0.024816664289
0 0.38680001559 0.178020008133 0.0506689996555 0.0337793331037
0 0.408400015116 0.136880009038 0.0339337686285 0.022622512419
0 0.543600012143 0.129160009208 0.021640958082 0.014427305388
0 0.542000012178 0.0961200099339 0.0214918649776 0.0143279099851
0 0.554000011914 0.0825800102316 0.0198749913186 0.0132499942124
0 0.44460001432 0.0112400118 0.0231346592693 0.0154231061796
0 0.424200014768 0.0172600116677 0.0204958992966 0.0136639328644
0 0.322400017006 0.0190600116281 0.0227578207594 0.0151718805063
0 0.344800016514 0.0111800118014 0.0235505765956 0.015700384397
0 0.491600013286 0.059140010747 0.0218365500311 0.0145577000207
0 0.453400014126 0.0474200110046 0.101881936861 0.0679212912406
0 0.343400016545 0.108160009669 0.0231425739663 0.0154283826442
0 0.325600016936 0.0664800105856 0.1028930394 0.0685953596
0 0.448200014241 0.108060009671 0.174643724862 0.116429149908
0 0.425800014733 0.0650400106172 0.0208920298804 0.0139280199202
0 0.543800012139 0.151660008713 0.0509489820611 0.0339659880408
0 0.581200011316 0.178580008121 0.0375212039679 0.0250141359786
0 0.763600007306 0.131440009157 0.0263146855817 0.0175431237212
0 0.780200006941 0.150460008739 0.0461604914552 0.0307736609701
0 0.933400003573 0.142660008911 0.076928777027 0.0512858513513
0 0.580400011334 0.0640200106397 0.0588229183506 0.0392152789004
0 0.647600009857 0.088020010112 0.081956192548 0.0546374616986
0 0.759400007399 0.0879200101142 0.155294269423 0.103529512949
0 0.564000011695 0.0411800111418 0.0217088266086 0.0144725510724
0 0.609000010705 0.135080009077 0.0321230838271 0.0214153892181
0 0.652800009742 0.130360009181 0.037440375125 0.0249602500833
0 0.848000005451 0.740059995777 0.165773328223 0.110515552149
0 0.71660000834 0.589559999086 0.363720889003 0.242480592668
0 0.598600010934 0.981859990461 0.0405654932271 0.0270436621514
0 0.222200019209 0.152360008697 0.0429257547999 0.0286171698666
