0 0.224199989982 0.242719978749 0.125598334642 0.0837322230947
0 0.114799985172 0.168359975479 0.124457628865 0.0829717525765
0 0.417799998495 0.497079989933 0.256502484621 0.171001656414
0 0.464800000561 0.615099995123 0.164737503121 0.109825002081
0 0.249199991081 0.577479993469 0.255858426112 0.170572284075
0 0.626600007676 0.731740000252 0.129157969843 0.0861053132288
0 0.911000020181 0.142819974356 0.177303074741 0.118202049828
0 0.878200018739 0.670819997573 0.160768282325 0.107178854883
0 0.948600021834 0.640979996261 0.0788353337951 0.0525568891967
0 0.817400016065 0.661099997146 0.0809916931292 0.0539944620862
0 0.90280001982 0.752820001179 0.0889457662502 0.0592971775002
0 0.840800017094 0.859360005863 0.115092563047 0.0767283753646
0 0.548400004237 0.245939978891 0.161570634784 0.107713756523
0 0.500800002144 0.315679981957 0.0869120847274 0.0579413898182
0 0.0275999813374 0.0306799694256 0.0614047954888 0.0409365303259
0 0.233399990386 0.0433399699823 0.0209010342267 0.0139340228178
0 0.379399996806 0.0419799699225 0.0206727941375 0.0137818627584
0 0.677000009892 0.0322399694942 0.0357496992745 0.0238331328496
0 0.724400011976 0.0384599697677 0.0502482378915 0.033498825261
0 0.679800010015 0.068439971086 0.0537286271838 0.0358190847892
0 0.703200011044 0.0822399716928 0.0384976822468 0.0256651214979
0 0.707800011246 0.0667999710138 0.0224111585099 0.0149407723399
0 0.68720001034 0.0972599723532 0.049705982179 0.0331373214527
0 0.745600012908 0.0744199713489 0.0326497101308 0.0217664734205
0 0.620400007403 0.0494399702505 0.0297570860617 0.0198380573744
0 0.59100000611 0.0584999706489 0.0450372010569 0.0300248007046
0 0.58780000597 0.0759599714166 0.0891635193652 0.0594423462435
0 0.505400002346 0.0739199713269 0.0258705738538 0.0172470492359
0 0.505800002364 0.0889799719891 0.0198896348198 0.0132597565465
0 0.647000008573 0.0444199700298 0.051417040845 0.03427802723
0 0.658600009083 0.0897599720234 0.029835045832 0.0198900305547
0 0.595400006304 0.115639973161 0.0290900749298 0.0193933832865
0 0.570000005187 0.115479973154 0.0221468076134 0.0147645384089
0 0.805200015529 0.0602399707254 0.0336029365111 0.022401957674
0 0.67060000961 0.120799973388 0.0393644405569 0.0262429603712
0 0.795200015089 0.135379974029 0.0317928451926 0.0211952301284
0 0.808600015678 0.139699974219 0.032162065831 0.0214413772207
0 0.827800016523 0.141059974279 0.0279915149166 0.0186610099444
0 0.816400016021 0.153659974833 0.0250407178209 0.0166938118806
0 0.761400013603 0.123899973525 0.0209573275127 0.0139715516751
0 0.982800023338 0.0218999690396 0.0364058276973 0.0242705517982
0 0.939200021421 0.0615799707843 0.126630213329 0.0844201422192
0 0.87140001844 0.0541599704581 0.0530926812396 0.0353951208264
0 0.812800015863 0.177519975882 0.061726626876 0.041151084584
0 0.763800013708 0.176759975849 0.0229776529835 0.0153184353223
0 0.771400014043 0.191699976506 0.0560294297474 0.0373529531649
0 0.753400013251 0.21475997752 0.0402790827868 0.0268527218579
0 0.748800013049 0.229419978164 0.0310338257023 0.0206892171348
0 0.721200011835 0.230519978213 0.0471229217159 0.0314152811439
0 0.761800013621 0.252199979166 0.0237145113209 0.0158096742139
0 0.77180001406 0.263739979673 0.0402717616916 0.0268478411277
0 0.858600017877 0.265299979742 0.0392473030338 0.0261648686892
0 0.893800019425 0.330499982609 0.0565117316263 0.0376744877509
0 0.939000021412 0.32165998222 0.0345771368397 0.0230514245598
0 0.955600022142 0.313599981866 0.0253348477667 0.0168898985112
0 0.968200022696 0.324419982342 0.0398075646832 0.0265383764555
0 0.943400021606 0.358339983833 0.0406828312931 0.0271218875287
0 0.731400012284 0.348399983396 0.0200894809317 0.0133929872878
0 0.773800014148 0.366959984212 0.0397560202157 0.0265040134771
0 0.829800016611 0.342739983147 0.0418826994342 0.0279217996228
0 0.840000017059 0.367539984238 0.0287477642628 0.0191651761752
0 0.63420000801 0.25501997929 0.0431788300837 0.0287858867225
0 0.679800010015 0.148079974588 0.0603997278399 0.0402664852266
0 0.629000007781 0.140999974276 0.0453236141727 0.0302157427818
0 0.574200005372 0.142979974364 0.0218876012702 0.0145917341801
0 0.690000010463 0.197199976748 0.0413446978716 0.0275631319144
0 0.689200010428 0.179139975954 0.0277984952313 0.0185323301542
0 0.656800009004 0.244399978823 0.0208526556382 0.0139017704255
0 0.57440000538 0.249439979045 0.0199547332068 0.0133031554712
0 0.639800008256 0.293259980971 0.0522968584059 0.0348645722706
0 0.651000008749 0.320039982149 0.040612489419 0.027074992946
0 0.662000009232 0.344019983203 0.0489154028324 0.0326102685549
0 0.670200009593 0.375619984593 0.0566041357196 0.0377360904798
0 0.843800017226 0.386899985089 0.0246664515628 0.0164443010419
0 0.572600005301 0.358159983825 0.0254892833017 0.0169928555345
0 0.546000004132 0.36077998394 0.0256815115173 0.0171210076782
0 0.626200007658 0.229399978163 0.0535496560866 0.0356997707244
0 0.519200002953 0.119179973317 0.0592313206214 0.0394875470809
0 0.481400001291 0.167499975442 0.0368177877022 0.0245451918015
0 0.501200002162 0.183739976156 0.0479382344922 0.0319588229948
0 0.283999992611 0.0910799720815 0.0213477199669 0.0142318133113
0 0.292399992981 0.11991997335 0.0207494677696 0.013832978513
0 0.296799993174 0.193879976602 0.0439868217648 0.0293245478432
0 0.368999996349 0.220059977753 0.0707384003842 0.0471589335895
0 0.326399994476 0.238959978584 0.0239203923896 0.0159469282597
0 0.307999993667 0.221199977803 0.0475703989258 0.0317135992839
0 0.340399995091 0.16449997531 0.0254131043383 0.0169420695588
0 0.320399994212 0.196439976714 0.032441751454 0.0216278343026
0 0.428799998978 0.142199974329 0.198227556259 0.132151704173
0 0.463000000482 0.215779977565 0.0708794798672 0.0472529865781
0 0.526200003261 0.181639976063 0.033569200113 0.022379466742
0 0.368599996331 0.250739979102 0.0229599438479 0.0153066292319
0 0.337999994986 0.260539979533 0.0640734336187 0.0427156224125
0 0.34559999532 0.285339980623 0.0272534693747 0.0181689795831
0 0.3041999935 0.296239981102 0.0375332763563 0.0250221842375
0 0.480400001247 0.268239979871 0.0492896690905 0.0328597793936
0 0.387999997184 0.297719981168 0.0239874694509 0.0159916463006
0 0.373399996542 0.287499980718 0.0274740915675 0.018316061045
0 0.339999995074 0.309759981697 0.0851628376459 0.0567752250973
0 0.365199996182 0.338359982954 0.0496341562992 0.0330894375328
0 0.29919999328 0.245479978871 0.0481589556187 0.0321059704125
0 0.433999999207 0.291899980912 0.102299443874 0.0681996292492
0 0.285199992664 0.33325998273 0.020254007706 0.013502671804
0 0.211599989428 0.199839976864 0.030872464807 0.0205816432046
0 0.224999990017 0.205519977113 0.0218205242089 0.0145470161393
0 0.162199987256 0.183219976133 0.0217557226231 0.0145038150821
0 0.133999986016 0.188279976355 0.0274335287428 0.0182890191619
0 0.121199985453 0.22249997786 0.0247561844457 0.0165041229638
0 0.15159998679 0.225019977971 0.0322820724319 0.0215213816213
0 0.237199990554 0.169079975511 0.0201902943911 0.0134601962608
0 0.10839998489 0.266819979809 0.0212670889861 0.0141780593241
0 0.0959999843449 0.265439979748 0.0227330888307 0.0151553925538
0 0.0917999841603 0.130079973796 0.0232178640527 0.0154785760351
0 0.0721999832984 0.217839977655 0.0287794230528 0.0191862820352
0 0.0403999819002 0.147179974548 0.0833545271344 0.0555696847563
0 0.0507999823575 0.0720399712443 0.0226806539598 0.0151204359732
0 0.0355999816891 0.0724999712645 0.0231848201906 0.0154565467937
0 0.0309999814869 0.0823799716989 0.0209593061871 0.0139728707914
0 0.0763999834831 0.0959799722969 0.0919603755946 0.0613069170631
0 0.0523999824278 0.246719978925 0.0415300996606 0.027686733107
0 0.0471999821992 0.201659976944 0.027127427817 0.018084951878
0 0.0207999810384 0.272879980075 0.0240055743214 0.0160037162143
0 0.0183999809328 0.345599983273 0.02632220628 0.01754813752
0 0.0333999815924 0.405279985897 0.0524017281478 0.0349344854319
0 0.079399983615 0.491599989693 0.0529608025925 0.0353072017284
0 0.123599985559 0.291579980898 0.0296636926311 0.0197757950874
0 0.0769999835095 0.330239982597 0.0289533485304 0.0193022323536
0 0.0635999829203 0.317819982051 0.0299066738444 0.0199377825629
0 0.0497999823135 0.290199980837 0.0231028041378 0.0154018694252
0 0.0445999820849 0.299519981247 0.0422908010241 0.0281938673494
0 0.0631999829027 0.379259984753 0.0965030162253 0.0643353441502
0 0.110799984996 0.364019984083 0.0259919655267 0.0173279770178
0 0.126999985708 0.409419986079 0.10596295948 0.0706419729863
0 0.0497999823135 0.467979988654 0.0348567235289 0.023237815686
0 0.121199985453 0.509919990498 0.0276415863534 0.0184277242356
0 0.092999984213 0.510979990545 0.0276081467564 0.018405431171
0 0.0585999827005 0.498399989992 0.0199407835524 0.0132938557016
0 0.0711999832545 0.514299990691 0.0210756522403 0.0140504348269
0 0.147999986631 0.493059989757 0.0331253834506 0.0220835889671
0 0.266999991864 0.368199984267 0.022729824018 0.015153216012
0 0.268799991943 0.352779983589 0.0220124556233 0.0146749704155
0 0.320599994221 0.304299981457 0.0348529640476 0.0232353093651
0 0.382399996938 0.386759985083 0.0221323632904 0.0147549088603
0 0.394599997475 0.402219985762 0.0218570307511 0.0145713538341
0 0.378399996762 0.4007999857 0.046045731386 0.0306971542573
0 0.33559999488 0.419259986512 0.0385449725644 0.0256966483762
0 0.35719999583 0.407819986009 0.0372824793792 0.0248549862528
0 0.33239999474 0.383579984943 0.0386376734588 0.0257584489726
0 0.321399994256 0.399159985628 0.0288808301146 0.0192538867431
0 0.455400000148 0.421479986609 0.0326771147709 0.0217847431806
0 0.425399998829 0.407319985987 0.0662665962962 0.0441777308641
0 0.580600005653 0.442279987524 0.189547111775 0.126364741183
0 0.489400001643 0.387779985128 0.0916125246394 0.0610750164263
0 0.701000010947 0.298519981203 0.0200831491737 0.0133887661158
0 0.717800011686 0.447399987749 0.0271277246181 0.0180851497454
0 0.822600016294 0.404959985883 0.110225024084 0.0734833493892
0 0.677800009927 0.418039986458 0.0282116424409 0.0188077616273
0 0.740200012671 0.411999986192 0.0220755753359 0.0147170502239
0 0.72380001195 0.382799984909 0.073917140768 0.0492780938454
0 0.899800019688 0.460439988322 0.0275144565248 0.0183429710165
0 0.912600020251 0.470479988764 0.0284556129913 0.0189704086609
0 0.966400022617 0.454399988057 0.0248855897498 0.0165903931666
0 0.983400023364 0.424359986736 0.0254974948004 0.0169983298669
0 0.87140001844 0.354079983646 0.039114632917 0.0260764219447
0 0.886600019108 0.378899984737 0.0976134482846 0.0650756321898
0 0.832000016707 0.313639981868 0.0225196887994 0.0150131258662
0 0.934600021219 0.502019990151 0.0355457968801 0.0236971979201
0 0.8796000188 0.511719990577 0.0479884928213 0.0319923285475
0 0.868600018317 0.509619990485 0.0372708052004 0.024847203467
0 0.79500001508 0.556619992552 0.052004509267 0.0346696728447
0 0.729000012178 0.543699991983 0.021204859677 0.014136573118
0 0.718000011695 0.507619990397 0.0477459073429 0.0318306048953
0 0.847000017367 0.537819991725 0.0294223932911 0.0196149288607
0 0.880800018853 0.541499991887 0.0662421596677 0.0441614397785
0 0.930800021052 0.415639986353 0.0606461717334 0.0404307811556
0 0.92940002099 0.591399994081 0.0453120389276 0.0302080259518
0 0.920400020594 0.610699994929 0.0438412902645 0.029227526843
0 0.878800018765 0.601539994527 0.0868455023346 0.0578970015564
0 0.920400020594 0.559639992684 0.0356329574863 0.0237553049909
0 0.813200015881 0.586999993887 0.0294780929747 0.0196520619832
0 0.791600014931 0.618519995273 0.0285047830496 0.0190031886997
0 0.751600013172 0.60615999473 0.0233502373684 0.0155668249122
0 0.744800012873 0.624799995549 0.0220721126557 0.0147147417705
0 0.770000013981 0.68893999837 0.0263719699405 0.0175813132937
0 0.753200013242 0.519299990911 0.0218306154482 0.0145537436321
0 0.767600013876 0.528939991334 0.0256599439666 0.0171066293111
0 0.819600016162 0.53361999154 0.0445748837892 0.0297165891928
0 0.828000016531 0.522959991071 0.0355471819522 0.0236981213014
0 0.574600005389 0.564579992902 0.0519509861251 0.0346339907501
0 0.605800006761 0.549019992217 0.0488886907283 0.0325924604855
0 0.545800004123 0.661039997143 0.0341845678437 0.0227897118958
0 0.55120000436 0.683239998119 0.0520058943391 0.034670596226
0 0.630200007834 0.691819998496 0.0292748831164 0.0195165887443
0 0.618400007315 0.683699998139 0.027771189525 0.01851412635
0 0.770800014016 0.550559992285 0.021090888033 0.014060592022
0 0.500600002135 0.714939999513 0.038682292566 0.025788195044
0 0.764800013752 0.62799999569 0.0274094878492 0.0182729918994
0 0.725000012002 0.706959999162 0.0275321656604 0.0183547771069
0 0.69560001071 0.716159999567 0.0455899437436 0.0303932958291
0 0.704800011114 0.667019997406 0.0234853808282 0.0156569205521
0 0.751800013181 0.735200000404 0.0227791919437 0.0151861279625
0 0.822200016276 0.757700001393 0.0544540092098 0.0363026728065
0 0.544000004044 0.751140001105 0.0397878768732 0.0265252512488
0 0.496200001942 0.752440001162 0.0227684081683 0.0151789387789
0 0.573200005328 0.722719999855 0.0274046400969 0.0182697600646
0 0.527600003323 0.557859992606 0.0352910425543 0.0235273617029
0 0.321599994265 0.608859994849 0.0267950105219 0.017863340348
0 0.339799995065 0.599079994418 0.0210112463894 0.0140074975929
0 0.261799991635 0.69143999848 0.0239634285573 0.0159756190382
0 0.298999993271 0.751660001128 0.0209736515763 0.0139824343842
0 0.292199992972 0.718699999678 0.0742465900515 0.049497726701
0 0.311999993843 0.747320000937 0.0392733226019 0.0261822150679
0 0.170999987643 0.833800004739 0.023497055007 0.015664703338
0 0.224199989982 0.645619996465 0.0240969890776 0.0160646593851
0 0.257799991459 0.581059993626 0.0310773565385 0.0207182376923
0 0.193399988628 0.588519993954 0.0336355846383 0.0224237230922
0 0.209199989322 0.525359991177 0.0315743006079 0.0210495337386
0 0.087199983958 0.536039991647 0.0229329349426 0.0152886232951
0 0.072599983316 0.546999992129 0.0226812475621 0.0151208317081
0 0.0513999823839 0.547159992136 0.029446335251 0.0196308901673
0 0.0691999831665 0.527959991291 0.0203815332695 0.0135876888463
0 0.251599991187 0.900960007692 0.025270738717 0.0168471591446
0 0.230999990281 0.964660010493 0.0327568553482 0.0218379035655
0 0.207599989252 0.976780011026 0.0202056291175 0.0134704194117
0 0.209399989331 0.96276001041 0.0214330008325 0.0142886672217
0 0.252399991222 0.927700008868 0.0721619576635 0.0481079717757
0 0.247399991002 0.954560010049 0.0491302868695 0.0327535245797
0 0.375599996639 0.785300002607 0.0526510411191 0.0351006940794
0 0.393399997422 0.812360003797 0.044884150594 0.0299227670627
0 0.500800002144 0.862660006008 0.0596095442282 0.0397396961521
0 0.466000000614 0.873240006473 0.0282346939973 0.0188231293316
0 0.550200004316 0.863660006052 0.0235459282641 0.0156972855094
0 0.595000006286 0.900600007676 0.0720946827347 0.0480631218232
0 0.533800003595 0.876860006633 0.0232775210851 0.0155183473901
0 0.513200002689 0.826520004419 0.0344924495765 0.0229949663843
0 0.481400001291 0.788380002742 0.0238591524177 0.0159061016118
0 0.569400005161 0.864760006101 0.0241414103173 0.0160942735449
0 0.690800010499 0.938940009362 0.0235133790706 0.0156755860471
0 0.760800013577 0.85838000582 0.0422881298137 0.0281920865425
0 0.782200014518 0.870780006365 0.0626578899707 0.0417719266471
0 0.790400014878 0.831660004645 0.0293382006964 0.0195588004643
0 0.818600016118 0.817260004012 0.0320257351666 0.021350490111
0 0.776000014245 0.784360002565 0.0317266585348 0.0211511056898
0 0.659800009136 0.871480006396 0.0410740152171 0.0273826768114
0 0.642600008379 0.849680005438 0.025972871319 0.017315247546
0 0.57440000538 0.799320003223 0.0270578774127 0.0180385849418
0 0.722200011879 0.863540006047 0.0248005067517 0.0165336711678
0 0.788800014808 0.92002000853 0.0400451045419 0.0266967363613
0 0.785800014676 0.899160007613 0.0341626045581 0.0227750697054
0 0.670400009602 0.751400001116 0.0251829845084 0.016788656339
0 0.832600016734 0.905580007895 0.0336399377219 0.0224266251479
0 0.83820001698 0.950640009877 0.0485304517327 0.0323536344885
0 0.842600017173 0.975160010955 0.0258980774276 0.0172653849518
0 0.725600012029 0.971840010809 0.0206079925517 0.0137386617012
0 0.798600015239 0.967260010608 0.0313022328813 0.0208681552542
0 0.893400019407 0.979280011136 0.0202643957465 0.0135095971643
0 0.979000023171 0.978700011111 0.0260909981792 0.0173939987861
0 0.919000020533 0.860260005903 0.0523317820087 0.0348878546724
0 0.613600007104 0.99006001161 0.0241578333146 0.0161052222097
0 0.562400004853 0.962200010385 0.0400319463573 0.0266879642382
0 0.501400002171 0.982180011264 0.022028383952 0.0146855893013
0 0.458800000297 0.959560010269 0.101655385365 0.0677702569098
0 0.429799999022 0.881880006853 0.0471227238484 0.0314151492323
0 0.586200005899 0.958200010209 0.0258750258712 0.0172500172474
0 0.602400006612 0.963740010453 0.0199662095181 0.0133108063454
0 0.397999997624 0.982340011271 0.027269892372 0.018179928248
0 0.256799991415 0.285879980647 0.0323271862076 0.0215514574718
0 0.174999987819 0.242599978744 0.376391354354 0.250927569569
0 0.221399989859 0.579599993562 0.0216679684146 0.0144453122764
