0 0.104199999818 0.775612002181 0.165125301517 0.110083541605
0 0.111199999664 0.892246007309 0.263196305314 0.175464215116
0 0.0884000001655 0.471281988799 0.150765074133 0.100510056051
0 0.142399998978 0.597455994347 0.180503556733 0.120335712425
0 0.388799993561 0.501411990124 0.17703494101 0.118023301791
0 0.465799991868 0.611669994972 0.160034173021 0.106689455718
0 0.570599989564 0.261469979574 0.162465963507 0.108310649482
0 0.324199994981 0.299233981234 0.114264472748 0.0761763201896
0 0.474599991675 0.331157982638 0.0729472839004 0.0486315258078
0 0.864399983105 0.416127986374 0.200940292321 0.133960203716
0 0.69359998686 0.854039605629 0.114882808409 0.0765885439906
0 0.720199986275 0.907959608 0.168016144398 0.11201077032
0 0.0330000013835 0.830510804595 0.0231910499557 0.0154607009902
0 0.0716000005349 0.979571611149 0.0260233240828 0.0173488838661
0 0.0250000015594 0.907690607988 0.0351022723885 0.0234015164691
0 0.196199997796 0.977131611042 0.0555999511399 0.0370666365381
0 0.333599994775 0.940639409437 0.0468179028851 0.0312119373153
0 0.285799995826 0.930090808973 0.05178566105 0.0345237763103
0 0.260399996384 0.799654003238 0.0629800098512 0.0419866760034
0 0.261199996366 0.755518001297 0.0591371279202 0.0394247545471
0 0.277199996015 0.730486000196 0.0208160474164 0.0138773658596
0 0.166399998451 0.683317998122 0.0618878806738 0.0412585898371
0 0.422599992818 0.857208005769 0.0198077150878 0.0132051442628
0 0.47119999175 0.828085804488 0.0293282045221 0.0195521376376
0 0.415999992963 0.882907406899 0.0287462764651 0.0191641855741
0 0.413799993012 0.925325008764 0.0501818467467 0.0334545667043
0 0.43979999244 0.977418411054 0.0311830136368 0.020788677129
0 0.521999990633 0.792334002916 0.0248949851692 0.0165966578741
0 0.450599992202 0.837564604905 0.0404111539707 0.0269407710907
0 0.420799992858 0.818043204046 0.0722872971496 0.0481915346116
0 0.397799993363 0.817356004016 0.036149980332 0.0240999884775
0 0.489399991349 0.958831810237 0.0246644696349 0.0164429808411
0 0.574399989481 0.961304810346 0.0261895327084 0.0174596896238
0 0.512199990848 0.939599209391 0.0342258186896 0.0228172139647
0 0.564999989687 0.803500803407 0.0209035048123 0.013935670794
0 0.597399988975 0.789198002778 0.0279649969911 0.018643332557
0 0.645999987907 0.838310204938 0.0366306002743 0.0244204017935
0 0.647599987871 0.809798803684 0.0992651336251 0.0661767601148
0 0.623199988408 0.884343406962 0.0747837902795 0.0498558634746
0 0.594199989045 0.86359920605 0.022087939137 0.0147252937292
0 0.559199989815 0.961875810371 0.0199852021559 0.0133234689827
0 0.540199990233 0.860374405908 0.0202791341955 0.0135194236887
0 0.655799987691 0.962789810411 0.0361395922929 0.0240930631177
0 0.664199987506 0.978582211105 0.0276794743164 0.0184529840947
0 0.620799988461 0.943276609553 0.0361518600724 0.0241012416379
0 0.618199988518 0.976476611013 0.0266193996597 0.0177462676103
0 0.609799988702 0.965781210543 0.0222848172114 0.0148565457875
0 0.7963999846 0.899158207613 0.0725680710064 0.0483787171951
0 0.810199984297 0.929683608955 0.0257743079455 0.017182873097
0 0.737199985902 0.840691405042 0.0548553760708 0.0365702531259
0 0.769799985185 0.808288603618 0.0292998105485 0.0195332083207
0 0.830399983852 0.782858002499 0.0276948090408 0.018463207245
0 0.887399982599 0.819101604093 0.0240924349485 0.0160616243583
0 0.967999980827 0.953736810013 0.0678677306481 0.0452451567496
0 0.949999981223 0.830901004612 0.0339741313423 0.0226494223887
0 0.932599981606 0.823518004287 0.0292604349337 0.019506957909
0 0.987399980401 0.728154000094 0.0205541698974 0.0137027808354
0 0.975399980665 0.723437999887 0.02358629011 0.0157241944438
0 0.946399981302 0.6600599971 0.0785614748984 0.0523743200533
0 0.963599980924 0.742758000736 0.0417291487981 0.0278194343669
0 0.975799980656 0.756922001359 0.0212889505297 0.0141926346226
0 0.919599981891 0.638259996141 0.0477936860245 0.0318624594512
0 0.960999980981 0.572637993256 0.0405918069173 0.0270612063964
0 0.908599982133 0.58002199358 0.0673252771397 0.0448835210535
0 0.865599983079 0.63073399581 0.0217201036192 0.0144800700345
0 0.717999986324 0.751734001131 0.0225430341833 0.0150286904468
0 0.648999987841 0.744782000825 0.0200142886653 0.0133428599903
0 0.648799987845 0.704057999034 0.0269312387001 0.0179541603176
0 0.689799986944 0.725963999998 0.0240611718974 0.0160407823229
0 0.76639998526 0.59662199431 0.0202822011404 0.0135214683188
0 0.744599985739 0.564169992883 0.115040113001 0.0766934137255
0 0.791799984701 0.569463993116 0.0354108466166 0.0236072326348
0 0.81139998427 0.609995994898 0.0347379984841 0.0231586671835
0 0.792199984692 0.606369994739 0.0917074889122 0.0611383299739
0 0.782599984903 0.646579996507 0.0235500803737 0.015700054618
0 0.813399984226 0.634407995972 0.0500082180932 0.033338814261
0 0.84599998351 0.562453992808 0.0313138039957 0.0208758707074
0 0.786799984811 0.672773997659 0.024921598336 0.0166143999865
0 0.752399985567 0.626097995606 0.0622217819306 0.0414811906897
0 0.757399985457 0.662159997192 0.0614650380156 0.0409766947131
0 0.761399985369 0.702393998961 0.0517840781107 0.0345227210174
0 0.709799986504 0.6987339988 0.0293797489828 0.0195865006137
0 0.760999985378 0.733038000309 0.0253660085421 0.0169106734767
0 0.89419998245 0.690143998423 0.0487005123711 0.0324670103888
0 0.864399983105 0.66734799742 0.0293530368822 0.0195686925455
0 0.931599981628 0.695725998668 0.0456238719909 0.0304159166667
0 0.603399988843 0.629437995753 0.0636767999405 0.0424512027602
0 0.579999989358 0.603267994603 0.0625361932473 0.041690798248
0 0.500399991108 0.732116000268 0.0861438530378 0.0574292391463
0 0.484799991451 0.753294001199 0.0657605416502 0.0438403639916
0 0.458199992035 0.728806000123 0.0357762087918 0.0238508074343
0 0.464999991886 0.74624800089 0.0417268733229 0.0278179173834
0 0.572399989525 0.677863997883 0.0625562767896 0.041704187277
0 0.539999990237 0.699779998846 0.0353156723917 0.0235437831473
0 0.552799989956 0.571959993226 0.0304423959158 0.0202949319491
0 0.552799989956 0.582669993697 0.0536171218101 0.035744750231
0 0.600199988913 0.556395992542 0.0650324885098 0.0433549951994
0 0.663999987511 0.551505992327 0.0840405224544 0.0560270186649
0 0.57259998952 0.564961992918 0.0230718348403 0.0153812242414
0 0.477399991613 0.516379990782 0.0277112320359 0.0184741559091
0 0.591799989098 0.466951988609 0.0583566399159 0.0389044291766
0 0.574799989472 0.737548000507 0.0249464306961 0.0166309548943
0 0.350599994401 0.713453999448 0.0254026140132 0.0169350771258
0 0.338199994674 0.725983999999 0.0271943034236 0.0181295368115
0 0.321799995034 0.694909998632 0.0225820140634 0.0150546770352
0 0.369399993988 0.645195996446 0.0219410225841 0.0146273493541
0 0.406199993179 0.620291995351 0.0229172014583 0.0152781353132
0 0.423199992805 0.554953992478 0.0312546416397 0.0208364291341
0 0.373999993887 0.587945993929 0.0372432967138 0.0248288661135
0 0.293599995654 0.561855992782 0.0266164316485 0.017744288936
0 0.269399996186 0.632719995898 0.0252454083548 0.0168302733466
0 0.256599996468 0.652411996764 0.0612830989308 0.0408554019819
0 0.258199996432 0.621463995403 0.0344078567081 0.0229385726517
0 0.411999993051 0.739870000609 0.0295351738344 0.0196901171883
0 0.431999992611 0.7442200008 0.030016387379 0.0200109262392
0 0.143399998956 0.656101996926 0.038523399932 0.0256822683152
0 0.181799998112 0.658429997028 0.0301262037924 0.0200841371862
0 0.0866000002051 0.631895995861 0.0231010202835 0.0154006812048
0 0.105399999792 0.690215998426 0.0660098545886 0.0440065726282
0 0.226399997132 0.727592000069 0.0799260675013 0.0532840485152
0 0.239599996841 0.617003995207 0.0201852461088 0.0134568316268
0 0.211799997453 0.76627600177 0.111384512575 0.0742563466141
0 0.0118000018496 0.568803993087 0.0216151349574 0.0144100909221
0 0.0460000010977 0.754626001258 0.0807322782691 0.0538215223959
0 0.0456000011065 0.665779997351 0.0817962113403 0.0545308111568
0 0.0658000006624 0.603935994632 0.0531639065042 0.0354426066738
0 0.0146000017881 0.471899988826 0.0212166299908 0.0141444209268
0 0.173199998301 0.548659992201 0.0236561373063 0.0157707592443
0 0.155599998688 0.381417984848 0.101517854104 0.0676785738666
0 0.168399998407 0.482863989308 0.0276254565131 0.0184169722234
0 0.163399998517 0.466447988587 0.0652552872151 0.0435035276794
0 0.193999997844 0.360337983921 0.0805077976909 0.0536718686672
0 0.233399996978 0.381861984867 0.0739238585095 0.0492825755901
0 0.270799996155 0.473375988891 0.0256992172629 0.0171328126386
0 0.202599997655 0.498413989992 0.0323362838442 0.0215575239847
0 0.228999997074 0.527875991288 0.0208648217333 0.013909882073
0 0.186799998002 0.531427991444 0.028490829637 0.0189938876774
0 0.163999998503 0.50587999032 0.074746986941 0.049831327914
0 0.243399996758 0.460121988308 0.0764332130212 0.0509554787082
0 0.229599997061 0.432743987105 0.045300754508 0.0302005049972
0 0.282199995905 0.46266998842 0.0368810014835 0.024587335944
0 0.419599992884 0.454451988059 0.0241511026359 0.0161007361526
0 0.436399992515 0.424655986749 0.0437788573131 0.0291859068004
0 0.429599992664 0.386001985049 0.0219364716336 0.014624315387
0 0.285199995839 0.32212198224 0.028491818974 0.0189945472355
0 0.246799996683 0.31164398178 0.0423056355013 0.0282037588611
0 0.278999995975 0.361729983982 0.102423097511 0.0682820695112
0 0.280799995936 0.288181980748 0.0352510686819 0.0235007140046
0 0.26739999623 0.294701981035 0.0293365149534 0.0195576779255
0 0.35699999426 0.275959980211 0.070219681634 0.0468131241769
0 0.318399995109 0.255169979297 0.0240932264181 0.0160621520048
0 0.252999996547 0.274553980149 0.0438629509629 0.0292419692373
0 0.239599996841 0.250851979107 0.033602734211 0.0224018242849
0 0.236399996912 0.295307981061 0.0224208510568 0.0149472350237
0 0.226999997118 0.304791981478 0.0233235221877 0.0155490158173
0 0.221599997237 0.293719980992 0.0261002945059 0.0174001974849
0 0.203599997633 0.258075979424 0.038201667521 0.0254677800271
0 0.232599996995 0.275123980174 0.0205868180203 0.0137245462521
0 0.39839999335 0.278335980315 0.0298029873758 0.019868659561
0 0.405999993183 0.290971980871 0.0268441770391 0.0178961192064
0 0.42479999277 0.260379979526 0.0223133101186 0.0148755410602
0 0.471799991736 0.363939984079 0.0694151527391 0.046276771545
0 0.397599993368 0.397207985542 0.0466936421507 0.0311290968203
0 0.428599992686 0.400233985675 0.0208903466294 0.0139268986715
0 0.434199992563 0.298813981216 0.0237877191349 0.0158584804692
0 0.547399990074 0.453813988031 0.0239562032357 0.0159708032105
0 0.566199989661 0.396991985533 0.0210986020799 0.0140657356477
0 0.534199990365 0.534215991566 0.022509198856 0.0150061335604
0 0.477399991613 0.465907988563 0.0234833001224 0.0156555344475
0 0.581599989322 0.326053982413 0.0422182770392 0.0281455198825
0 0.558799989824 0.321755982224 0.0257268197668 0.0171512143091
0 0.511799990857 0.349109983427 0.0247583577216 0.016505572903
0 0.642999987973 0.315837981964 0.0244197076469 0.0162798061717
0 0.663999987511 0.297801981171 0.0412890916751 0.0275260629323
0 0.664199987506 0.349555983447 0.109342520889 0.0728950187338
0 0.743799985756 0.347639983363 0.0541627411971 0.0361084965129
0 0.82139998405 0.464529988502 0.0323240160647 0.0215493454645
0 0.86599998307 0.506285990338 0.0215631947619 0.0143754641228
0 0.858999983224 0.538575991758 0.0254664262534 0.016977618622
0 0.875599982859 0.541541991889 0.0221487833661 0.0147658565513
0 0.919999981883 0.503897990233 0.0456797695346 0.0304531816983
0 0.889599982551 0.472617988858 0.0359492438431 0.0239661641428
0 0.906599982177 0.385347985021 0.0227097374774 0.0151398259835
0 0.898599982353 0.349141983429 0.0223684161927 0.0149122784454
0 0.91099998208 0.471011988787 0.0215441994905 0.0143628006076
0 0.938399981478 0.340595983053 0.0224782326061 0.0149854893924
0 0.927199981724 0.325371982383 0.0301595444512 0.0201063642936
0 0.92739998172 0.400619985692 0.0725049513022 0.0483366373895
0 0.904399982226 0.307975981618 0.025857511192 0.0172383419317
0 0.917799981931 0.248231978992 0.0359884215906 0.0239922826428
0 0.862199983153 0.165327975346 0.0206686361949 0.0137790917054
0 0.948599981254 0.186395976273 0.0945809194608 0.063053950466
0 0.982399980511 0.224117977931 0.0240141783872 0.0160094533141
0 0.970799980766 0.145567974477 0.0201381536649 0.0134254366621
0 0.82959998387 0.140501974255 0.0229693395212 0.0153128940241
0 0.769599985189 0.154831974885 0.045272855203 0.0301819054593
0 0.79819998456 0.235981978453 0.0453082734696 0.0302055176387
0 0.746599985695 0.254459979265 0.0980345961935 0.065356401773
0 0.763599985321 0.313345981855 0.0437057453045 0.0291371654581
0 0.730799986042 0.321223982201 0.0293063401731 0.019537561404
0 0.705399986601 0.23888197858 0.0734583754241 0.0489722535128
0 0.687999986983 0.229297978159 0.0571686439777 0.0381124318322
0 0.665199987484 0.21955197773 0.0357654250179 0.0238436182512
0 0.869199982999 0.252395979175 0.0679076998652 0.0452718028961
0 0.630799988241 0.207547977203 0.0364056250275 0.0242704182858
0 0.647799987867 0.211113977359 0.0304372513631 0.0202915022471
0 0.631799988219 0.147105974545 0.0323560705854 0.0215707151463
0 0.748599985651 0.208139977229 0.026092181942 0.0173947891086
0 0.582199989309 0.177713975891 0.0432622255018 0.0288414855702
0 0.568799989604 0.16382597528 0.0259444739194 0.017296317087
0 0.510399990888 0.161249975167 0.0284282046012 0.0189521376508
0 0.481799991517 0.200099976875 0.0345239059449 0.0230159388146
0 0.53759999029 0.159579975093 0.0807167456773 0.053811167334
0 0.412799993034 0.132871973919 0.0738834935576 0.0492556656204
0 0.263199996323 0.170627975579 0.0227097374774 0.0151398259835
0 0.245799996705 0.167295975433 0.024233118678 0.0161554135175
0 0.333399994779 0.233889978361 0.043836040995 0.0292240292575
0 0.365599994071 0.220293977763 0.0408332051592 0.0272221385683
0 0.300199995509 0.126653973646 0.0537060632115 0.0358040445025
0 0.365599994071 0.103019972606 0.0362320953077 0.0241547317983
0 0.357799994243 0.185621976239 0.0229652832393 0.015310189836
0 0.369599993983 0.190311976445 0.0274863557229 0.0183242383572
0 0.267799996221 0.209423977285 0.0210954362013 0.0140636250618
0 0.251599996578 0.207783977213 0.0269795183485 0.017986346752
0 0.184199998059 0.171017975596 0.0619436792838 0.0412957889129
0 0.167199998433 0.20317797701 0.051974921229 0.0346499497714
0 0.191999997888 0.203725977035 0.0438381186028 0.0292254143294
0 0.188599997963 0.225893978009 0.053682022321 0.0357880172411
0 0.160199998587 0.249641979054 0.0974751260877 0.0649834216778
0 0.133199999181 0.27730598027 0.0243359107982 0.0162239416022
0 0.100999999889 0.293947981002 0.0284534326962 0.0189689563819
0 0.158999998613 0.118157973272 0.0361783743055 0.0241189177945
0 0.124399999374 0.10468997268 0.0221825197597 0.0147883474818
0 0.13139999922 0.229791978181 0.0234850809291 0.015656721652
0 0.0832000002799 0.0696019711371 0.0214808819188 0.0143205888904
0 0.193399997857 0.0900899720379 0.0217682843339 0.0145121905131
0 0.284599995852 0.0961879723061 0.0818442931213 0.0545628656796
0 0.353399994339 0.0686759710963 0.0219278644012 0.0146185772316
0 0.388199993574 0.0942399722204 0.09402718751 0.0626847958077
0 0.425599992752 0.0751339713803 0.0344361517479 0.0229574360128
0 0.461799991956 0.0188699689063 0.0258594898662 0.0172396610478
0 0.487399991393 0.0357859696501 0.0368176839118 0.0245451242268
0 0.470799991758 0.0579479706246 0.0484130110223 0.0322753428103
0 0.556199989881 0.0679419710641 0.0857233847885 0.0571489269617
0 0.596199989001 0.0894239720086 0.0226121888436 0.0150747935567
0 0.600599988905 0.0697079711417 0.0349873114225 0.0233248758201
0 0.657599987652 0.0595059706931 0.0523016003252 0.0348677358499
0 0.521399990646 0.0222439690547 0.0387521346596 0.0258347581437
0 0.674399987282 0.0872159719116 0.0212939961487 0.0141959983688
0 0.678199987199 0.0279799693069 0.073035829567 0.0486905562561
0 0.896199982406 0.0243179691459 0.0247176959685 0.0164784650659
0 0.880399982753 0.0949999722538 0.0274487609147 0.0182991751501
0 0.860199983197 0.11084197295 0.0266928084694 0.0177952068199
0 0.761999985356 0.107735972814 0.0938822496311 0.0625881705488
0 0.842599983584 0.0592899706836 0.0211466838609 0.0140977901704
0 0.920799981865 0.0109119685564 0.0202018669714 0.0134679122025
0 0.873799982898 0.532417991487 0.047488277675 0.0316588538714
0 0.410999993073 0.559787992691 0.134570615845 0.0897137498139
0 0.138399999066 0.70169399893 0.0462109446006 0.0308072984323
0 0.333199994784 0.400259985676 0.176466072203 0.117644055894
0 0.901399982292 0.268771979895 0.0321788803184 0.0214525882939
0 0.891799982503 0.078447971526 0.030646397217 0.0204309328255
