0 0.330999994678 0.550879992299 0.118844129662 0.0792294197748
0 0.560800004782 0.578239993502 0.140122793893 0.093415195929
0 0.846000017323 0.5417999919 0.153801369849 0.102534246566
0 0.813200015881 0.609519994878 0.147390464874 0.0982603099158
0 0.89120001931 0.85770000579 0.0386799181568 0.0257866121045
0 0.94440002165 0.92228000863 0.0277193482563 0.0184795655042
0 0.742800012785 0.964780010499 0.0349161826939 0.0232774551293
0 0.742400012768 0.935320009203 0.0432414551277 0.0288276367518
0 0.677800009927 0.968940010681 0.0673558565398 0.0449039043599
0 0.472000000878 0.880940006812 0.0502377509173 0.0334918339449
0 0.463800000517 0.862160005986 0.0285424767964 0.0190283178643
0 0.534400003622 0.888120007128 0.0375324848866 0.025021656591
0 0.569600005169 0.863540006047 0.0206125435028 0.0137416956685
0 0.600600006532 0.849860005445 0.0839995749807 0.0559997166538
0 0.522400003094 0.849640005436 0.0302699584597 0.0201799723065
0 0.443799999638 0.874100006511 0.0297804344193 0.0198536229462
0 0.655600008951 0.927500008859 0.0557598353637 0.0371732235758
0 0.283599992594 0.914820008302 0.0936055444039 0.0624036962693
0 0.0607999827972 0.771440001997 0.0243948785048 0.0162632523365
0 0.0107999805987 0.629039995736 0.0271981654259 0.0181321102839
0 0.283799992603 0.817380004017 0.0245823579018 0.0163882386012
0 0.130999985884 0.903140007788 0.0595628475129 0.0397085650086
0 0.115999985224 0.888280007135 0.0564630562367 0.0376420374911
0 0.104599984723 0.874180006515 0.0531798418459 0.0354532278973
0 0.0925999841954 0.856520005738 0.0305879314318 0.0203919542879
0 0.324399994388 0.759700001481 0.027940366184 0.0186269107894
0 0.374399996586 0.741500000681 0.0224926798941 0.0149951199294
0 0.342399995179 0.789980002812 0.0295063880183 0.0196709253455
0 0.361999996041 0.79470000302 0.0221556127143 0.0147704084762
0 0.391599997343 0.842580005125 0.037606190507 0.0250707936714
0 0.355199995742 0.810360003709 0.0324522384282 0.0216348256188
0 0.410999998196 0.849200005416 0.0248737177036 0.0165824784691
0 0.473000000922 0.820040004134 0.0395584495794 0.0263722997196
0 0.463800000517 0.790680002843 0.0635341459177 0.0423560972785
0 0.433399999181 0.760720001526 0.0489502275014 0.0326334850009
0 0.452200000007 0.76514000172 0.0341082899465 0.0227388599643
0 0.371399996454 0.688019998329 0.0223013420821 0.014867561388
0 0.409199998117 0.686559998265 0.023781291581 0.0158541943873
0 0.425999998855 0.70349999901 0.0408801051283 0.0272534034189
0 0.397599997606 0.71941999971 0.0216371010943 0.0144247340629
0 0.50320000225 0.725219999965 0.0259759382643 0.0173172921762
0 0.424199998776 0.901000007694 0.0240195239758 0.0160130159839
0 0.447799999814 0.894860007424 0.0206244155491 0.013749610366
0 0.633000007957 0.824160004315 0.0452228007133 0.0301485338089
0 0.637400008151 0.868180006251 0.0272242839276 0.0181495226184
0 0.638200008186 0.848800005399 0.0206810056362 0.0137873370908
0 0.573200005328 0.809240003659 0.0357768071134 0.0238512047423
0 0.575200005416 0.78924000278 0.0284114885528 0.0189409923685
0 0.554400004501 0.769540001914 0.0346668697226 0.0231112464818
0 0.583200005767 0.707959999206 0.0252093998113 0.0168062665409
0 0.519400002962 0.711099999344 0.0314833805203 0.0209889203469
0 0.661000009188 0.671119997586 0.0524113247185 0.0349408831457
0 0.711200011396 0.662359997201 0.0211894260169 0.0141262840113
0 0.553000004439 0.78948000279 0.0292453019345 0.0194968679563
0 0.790600014887 0.820420004151 0.0208507758976 0.0139005172651
0 0.710600011369 0.84906000541 0.0416761258294 0.0277840838863
0 0.717600011677 0.826940004438 0.021456052389 0.014304034926
0 0.875800018633 0.758740001439 0.0234219643145 0.0156146428763
0 0.840600017085 0.790260002825 0.0505737298263 0.0337158198842
0 0.699800010894 0.866300006168 0.0200168635821 0.0133445757214
0 0.892200019354 0.731560000244 0.0231676057235 0.0154450704824
0 0.881200018871 0.704879999071 0.0349912733864 0.023327515591
0 0.890400019275 0.687499998306 0.0309089713492 0.0206059808995
0 0.905000019917 0.723439999887 0.0282305387812 0.0188203591874
0 0.860800017974 0.701999998944 0.0207012870485 0.0138008580324
0 0.811400015801 0.747320000937 0.0566428188037 0.0377618792025
0 0.841400017121 0.700799998891 0.151307250799 0.100871500533
0 0.729200012187 0.606339994738 0.0238517323888 0.0159011549259
0 0.687000010332 0.6464199965 0.0694556257868 0.0463037505245
0 0.94760002179 0.697279998736 0.020077411018 0.0133849406787
0 0.926600020867 0.69439999861 0.0445799294088 0.0297199529392
0 0.939600021438 0.613119995036 0.0214056951261 0.0142704634174
0 0.982600023329 0.683999998152 0.0199266360306 0.0132844240204
0 0.956400022177 0.724339999926 0.0271605706128 0.0181070470752
0 0.943800021623 0.712639999412 0.0222906572404 0.0148604381603
0 0.614000007122 0.528879991332 0.0209625709998 0.0139750473332
0 0.695000010683 0.507039990371 0.0323082898674 0.0215388599116
0 0.714200011528 0.515819990758 0.0201341000389 0.0134227333592
0 0.722000011871 0.556839992561 0.0221029799759 0.014735319984
0 0.684400010217 0.535019991602 0.0369187990291 0.0246125326861
0 0.439399999444 0.568359993068 0.0392566028034 0.0261710685356
0 0.548600004246 0.520639990969 0.0204156654025 0.0136104436016
0 0.567000005055 0.49107998967 0.0843363453594 0.0562242302396
0 0.537400003754 0.460019988304 0.0279204805066 0.018613653671
0 0.547400004193 0.442699987542 0.0283873487254 0.0189248991503
0 0.494600001872 0.461619988374 0.0251573606753 0.0167715737835
0 0.485600001476 0.447959987774 0.0284302859593 0.0189535239729
0 0.457000000218 0.465459988543 0.0675666842945 0.0450444561963
0 0.463000000482 0.492959989752 0.0369265158591 0.0246176772394
0 0.403399997861 0.452179987959 0.0310542060483 0.0207028040322
0 0.484400001423 0.483699989345 0.0241459612684 0.0160973075122
0 0.49820000203 0.515459990742 0.0277091580833 0.0184727720555
0 0.492000001757 0.486839989483 0.0552504256458 0.0368336170972
0 0.518400002918 0.525559991186 0.0619899884353 0.0413266589569
0 0.472400000895 0.511599990572 0.0357830399377 0.0238553599585
0 0.282199992532 0.657219996975 0.0465053774433 0.0310035849622
0 0.21959998978 0.627519995669 0.0585498651665 0.0390332434444
0 0.20799998927 0.604439994654 0.0508069166014 0.0338712777343
0 0.250399991134 0.564199992885 0.0731344761189 0.0487563174126
0 0.28259999255 0.637119996091 0.0476424226731 0.0317616151154
0 0.256399991398 0.631679995852 0.0933635525278 0.0622423683519
0 0.245399990914 0.603139994597 0.0494665625796 0.0329777083864
0 0.269399991969 0.589659994004 0.024226295448 0.016150863632
0 0.277199992312 0.524719991149 0.0837209776287 0.0558139850858
0 0.31579999401 0.479579989164 0.0646285507147 0.0430857004765
0 0.239799990668 0.52769999128 0.0232331987791 0.0154887991861
0 0.229799990228 0.509799990493 0.0482661008361 0.0321774005574
0 0.22459999 0.491059989669 0.0398779065572 0.0265852710382
0 0.185799988294 0.527139991255 0.0519236804188 0.0346157869458
0 0.248999991072 0.482099989275 0.038510642564 0.0256737617093
0 0.264199991741 0.494239989809 0.056340873094 0.0375605820627
0 0.191599988549 0.495759989875 0.0271815445611 0.0181210297074
0 0.268399991925 0.421599986615 0.024075025792 0.0160500171947
0 0.245599990923 0.406999985973 0.0265565802597 0.0177043868398
0 0.256199991389 0.400819985701 0.0200548541301 0.0133699027534
0 0.264599991758 0.387519985116 0.0209337812876 0.0139558541917
0 0.160999987203 0.507159990377 0.0673304305741 0.044886953716
0 0.0627999828851 0.487179989498 0.0233476650917 0.0155651100611
0 0.103999984697 0.485459989423 0.0256694416036 0.0171129610691
0 0.166999987467 0.44469998763 0.0656157113605 0.0437438075737
0 0.156999987027 0.428699986927 0.0562930881079 0.0375287254052
0 0.137399986165 0.414599986307 0.0649342559057 0.0432895039371
0 0.143799986447 0.386339985064 0.0386223387324 0.0257482258216
0 0.112599985075 0.396999985533 0.0234420478594 0.0156280319063
0 0.0935999842394 0.377659984683 0.0529800946677 0.0353200631118
0 0.0305999814693 0.42671998684 0.0495704429843 0.0330469619895
0 0.0705999832281 0.42331998669 0.0805180974175 0.0536787316117
0 0.137199986157 0.354439983662 0.0683525148226 0.0455683432151
0 0.184399988232 0.369819984338 0.0803015315072 0.0535343543381
0 0.253199991257 0.378339984712 0.0256498527273 0.0170999018182
0 0.243999990853 0.370299984359 0.0217650223927 0.0145100149284
0 0.248199991037 0.340419983045 0.0230089160386 0.0153392773591
0 0.157199987036 0.308499981642 0.0272835452252 0.0181890301501
0 0.183199988179 0.298879981219 0.0345599223726 0.0230399482484
0 0.20299998905 0.332839982712 0.0349554593803 0.0233036395868
0 0.135599986086 0.405699985915 0.0216483795382 0.0144322530255
0 0.230399990255 0.411699986179 0.0220768614742 0.0147179076495
0 0.257199991433 0.292059980919 0.0482346399136 0.0321564266091
0 0.0689999831577 0.265779979763 0.0237202494765 0.015813499651
0 0.375999996657 0.411739986181 0.0238809178358 0.0159206118905
0 0.444199999655 0.394759985434 0.0235236681774 0.0156824454516
0 0.449199999875 0.438899987375 0.021284006652 0.014189337768
0 0.428199998952 0.421139986594 0.0579852504336 0.0386568336224
0 0.382799996956 0.303079981403 0.0201604164081 0.0134402776054
0 0.257599991451 0.269619979932 0.0238484675761 0.015898978384
0 0.369999996393 0.317639982043 0.0323596364674 0.0215730909783
0 0.331199994687 0.313639981868 0.023023558229 0.0153490388193
0 0.306599993605 0.296259981103 0.0226838198388 0.0151225465592
0 0.305199993544 0.311079981755 0.0283400584078 0.0188933722719
0 0.278799992383 0.236979978497 0.0215097733983 0.0143398489322
0 0.49160000174 0.366739984202 0.036899111219 0.0245994074794
0 0.600800006541 0.314739981916 0.0239618456178 0.0159745637452
0 0.591200006119 0.319939982145 0.0213763118116 0.0142508745411
0 0.553200004448 0.364499984104 0.103214580772 0.0688097205149
0 0.665800009399 0.273839980118 0.0201131260905 0.013408750727
0 0.590600006093 0.2961799811 0.019943751564 0.013295834376
0 0.624000007561 0.249759979059 0.0251461811651 0.0167641207767
0 0.641800008344 0.242499978739 0.0283275927593 0.0188850618395
0 0.633200007966 0.231839978271 0.0406118958167 0.0270745972112
0 0.510000002549 0.239859978623 0.0299899760356 0.0199933173571
0 0.729800012213 0.245119978855 0.0198379914186 0.0132253276124
0 0.655000008924 0.212179977406 0.0219638791674 0.0146425861116
0 0.737400012548 0.362979984037 0.0330210083773 0.0220140055849
0 0.645400008502 0.417239986423 0.0373873491211 0.0249248994141
0 0.879400018791 0.41261998622 0.0363130278691 0.0242086852461
0 0.938000021368 0.307579981601 0.0220145332314 0.0146763554876
0 0.893800019425 0.187339976314 0.0352338588649 0.0234892392432
0 0.877600018712 0.195319976665 0.0201585366674 0.0134390244449
0 0.921400020638 0.119439973328 0.0269596362299 0.01797309082
0 0.962200022432 0.0403599698513 0.0234315608852 0.0156210405901
0 0.760800013577 0.12675997365 0.0400473800175 0.026698253345
0 0.715000011563 0.141779974311 0.0210167866777 0.0140111911184
0 0.704800011114 0.139659974218 0.0229313520031 0.0152875680021
0 0.600600006532 0.116879973216 0.0331147975427 0.0220765316951
0 0.590800006102 0.131099973841 0.0250072782239 0.0166715188159
0 0.68720001034 0.0402199698451 0.0315976489655 0.0210650993103
0 0.616400007227 0.0408599698733 0.0202796315392 0.0135197543594
0 0.571000005231 0.0738599713243 0.0249642420562 0.0166428280375
0 0.424399998785 0.106079972741 0.0302006059229 0.0201337372819
0 0.431999999119 0.125059973576 0.0339953076397 0.0226635384264
0 0.392599997387 0.0350399696173 0.027557294825 0.0183715298833
0 0.296199993148 0.0882199719557 0.0463005846455 0.0308670564303
0 0.355399995751 0.0905999720603 0.023758437892 0.0158389585947
0 0.368399996323 0.128999973749 0.0214213266537 0.0142808844358
0 0.313599993913 0.0614399707782 0.046526252458 0.0310175016387
0 0.180999988082 0.0887599719794 0.0447901635612 0.0298601090408
0 0.396799997571 0.0847799718044 0.0421830622044 0.0281220414696
0 0.40699999802 0.116099973182 0.0213164569118 0.0142109712745
0 0.37219999649 0.0668799710174 0.0730071484229 0.0486714322819
0 0.286199992708 0.0378399697405 0.0588342006743 0.0392228004495
0 0.41199999824 0.062799970838 0.0358591199674 0.0239060799783
0 0.316799994054 0.0200799689595 0.0331422021828 0.0220948014552
0 0.143799986447 0.185619976238 0.0421646605327 0.0281097736885
0 0.108199984881 0.0589599706691 0.0202267019996 0.0134844679998
0 0.0159999808273 0.128699973736 0.0262270320425 0.0174846880283
0 0.134599986042 0.0318399694766 0.0341389593993 0.0227593062662
0 0.117999985312 0.024479969153 0.0293676829446 0.0195784552964
0 0.45179999999 0.0902399720445 0.0224001768671 0.0149334512447
0 0.573400005336 0.0116399685884 0.0218480277827 0.0145653518551
0 0.358399995883 0.714599999498 0.0341092792837 0.0227395195225
0 0.341799995153 0.723799999902 0.0259882060454 0.017325470697
0 0.23779999058 0.388539985161 0.0441208769538 0.0294139179692
0 0.668600009522 0.305719981519 0.0302084216866 0.0201389477911
