0 0.340000016619 0.84974000544 0.0862690041755 0.0575126732436
0 0.764000007298 0.536539991669 0.128750345938 0.08583356962
0 0.943600003349 0.958920010241 0.0364238288294 0.0242825541545
0 0.897800004356 0.942620009524 0.0390966218229 0.0260644162677
0 0.840600005614 0.976820011028 0.0249803649572 0.0166535777365
0 0.901800004268 0.974480010925 0.0208135740738 0.0138757169644
0 0.905200004193 0.928080008885 0.0407066689496 0.0271377810896
0 0.892200004479 0.918660008471 0.0347596649656 0.0231731115055
0 0.715600008362 0.912520008201 0.0244011081103 0.0162674064798
0 0.679600009153 0.938360009337 0.0214883019467 0.014325535576
0 0.822800006005 0.931300009026 0.0233235221877 0.0155490158173
0 0.660800009566 0.915820008346 0.0245927426982 0.0163951628802
0 0.612600010626 0.931340009028 0.0333767696272 0.0222511812191
0 0.587200011185 0.914480008287 0.0225113753975 0.0150075845882
0 0.626600010318 0.97754001106 0.0477189910767 0.031812662816
0 0.113800021592 0.95366001001 0.0243186963334 0.0162124652916
0 0.13800002106 0.925800008785 0.0351665792972 0.0234443877444
0 0.21260001942 0.971440010791 0.0595088218526 0.0396725505184
0 0.0478000230434 0.968820010676 0.0245036034294 0.016335736697
0 0.354200016307 0.932040009059 0.0228780237108 0.0152520168132
0 0.08480002223 0.913040008223 0.0203350317393 0.0135566887203
0 0.1362000211 0.901680007724 0.0239672838107 0.015978190261
0 0.210000019477 0.8875000071 0.0296240163022 0.019749345504
0 0.150200020792 0.875580006576 0.0270661842747 0.0180441240399
0 0.206400019557 0.827560004465 0.0217333607358 0.0144889081128
0 0.260400018369 0.92252000864 0.0493489238783 0.0328992847554
0 0.239800018822 0.892540007322 0.0199436499995 0.0132957675432
0 0.332400016786 0.900600007676 0.0714641687181 0.0476427822877
0 0.490000013322 0.864540006091 0.0312669094192 0.0208446076543
0 0.543600012143 0.839600004994 0.0226199056726 0.0150799381097
0 0.467000013827 0.8260800044 0.0264746596483 0.0176497742629
0 0.291000017697 0.807360003577 0.0310276877188 0.0206851265102
0 0.374000015872 0.815040003914 0.0259506078091 0.0173004063471
0 0.348000016443 0.809620003676 0.0240268419016 0.0160178956575
0 0.353800016316 0.950280009861 0.0350567628839 0.0233711767974
0 0.368800015986 0.975980010991 0.0272418905361 0.0181612615552
0 0.497600013154 0.914940008307 0.0210124308223 0.0140082881388
0 0.530000012442 0.916100008358 0.023416519871 0.015611014277
0 0.237800018866 0.85588000571 0.0841975302454 0.0561316905324
0 0.128800021263 0.822580004246 0.0285689872645 0.0190459927658
0 0.722400008212 0.871500006397 0.0272799800128 0.0181866545414
0 0.701600008669 0.852180005547 0.0511046014198 0.034069736527
0 0.539600012231 0.870320006345 0.0288890378024 0.0192593598052
0 0.627600010296 0.846580005301 0.0427223442698 0.028481564725
0 0.768400007201 0.821240004187 0.0273207406995 0.0182138283343
0 0.736000007913 0.815660003942 0.0272701855759 0.0181801249163
0 0.690000008924 0.80356000341 0.0561394366372 0.0374262935599
0 0.684400009048 0.797000003121 0.0514727337388 0.0343151580891
0 0.76980000717 0.786480002659 0.0310906095556 0.0207270744042
0 0.433000014575 0.790080002817 0.0449320285868 0.0299546877002
0 0.537600012275 0.758240001417 0.0508212552867 0.0338808390924
0 0.614200010591 0.767540001826 0.0296876306749 0.0197917550887
0 0.65200000976 0.767300001815 0.0260730877368 0.0173820596376
0 0.62380001038 0.902840007775 0.0231193230191 0.0154128830293
0 0.662800009522 0.736800000474 0.0210499266967 0.0140332853901
0 0.843400005552 0.735900000435 0.0246823766356 0.0164549188424
0 0.848200005446 0.783960002548 0.0303015143189 0.0202010108783
0 0.945000003318 0.789880002808 0.020166349771 0.0134442340674
0 0.863000005121 0.815120003918 0.0417570481032 0.0278380339048
0 0.867400005024 0.848800005399 0.0404837713106 0.0269891826539
0 0.776000007034 0.880840006808 0.0252245333429 0.0168163566711
0 0.982600002492 0.698939998809 0.0271567086154 0.0181044736044
0 0.520600012649 0.714699999502 0.0257873671947 0.0171915792637
0 0.682600009087 0.71623999957 0.0324853769387 0.0216569193876
0 0.60880001071 0.740960000657 0.0276469251272 0.0184312846338
0 0.588400011158 0.736520000462 0.0280327665795 0.0186885122856
0 0.53100001242 0.698979998811 0.0278028446474 0.0185352309875
0 0.597200010965 0.685559998221 0.0477889372066 0.0318592935724
0 0.763400007311 0.598059994374 0.0361890591457 0.0241260410217
0 0.957800003037 0.627839995683 0.033643099163 0.0224287342546
0 0.959200003006 0.611139994949 0.0208273258589 0.0138848848217
0 0.937600003481 0.582639993696 0.0247414400579 0.0164942944598
0 0.895200004413 0.606639994751 0.0306942811305 0.0204628554367
0 0.973800002685 0.548599992199 0.0295013385071 0.0196675603019
0 0.939200003446 0.569639993124 0.0335990736639 0.02239938392
0 0.412800015019 0.918040008443 0.0329647107429 0.0219764752781
0 0.928600003679 0.728420000106 0.021244133561 0.0141627566415
0 0.869600004976 0.455559988108 0.0203318658607 0.0135545781344
0 0.921800003828 0.397099985537 0.0204751218665 0.0136500821447
0 0.986200002412 0.332139982681 0.0299283363809 0.0199522255699
0 0.826000005934 0.357959983816 0.0238919952607 0.015927997891
0 0.787600006779 0.347319983348 0.0254905660776 0.0169937118392
0 0.974600002667 0.311079981755 0.0258343607049 0.0172229082726
0 0.951400003178 0.517319990823 0.0204851141708 0.0136567436813
0 0.822000006022 0.480339989197 0.0200996684534 0.0133997798527
0 0.789200006744 0.455879988122 0.0229719117976 0.0153146088751
0 0.848400005442 0.45173998794 0.0265260062415 0.0176840053274
0 0.757400007443 0.503179990202 0.024465415019 0.0163102777551
0 0.665400009465 0.518539990877 0.025358291713 0.0169055289237
0 0.772000007122 0.575859993397 0.0314804083561 0.0209869402883
0 0.772800007104 0.553479992413 0.0271549278087 0.0181032863998
0 0.791400006695 0.563619992859 0.028171768436 0.0187811801961
0 0.857400005244 0.556199992533 0.0312753187842 0.020850213898
0 0.854000005319 0.514119990683 0.045596269487 0.0303975149962
0 0.859000005209 0.534619991584 0.0497917511451 0.0331945029527
0 0.981000002527 0.530899991421 0.029599183942 0.0197327905962
0 0.602000010859 0.531059991428 0.0465013150268 0.0310008787292
0 0.633200010173 0.499399990036 0.0349729660351 0.0233153122279
0 0.946600003283 0.472499988853 0.0289105064166 0.0192736722156
0 0.805000006396 0.439359987396 0.0488603892395 0.0325735949747
0 0.681000009122 0.442259987523 0.0208820361981 0.0139213583836
0 0.633400010169 0.456939988169 0.031700634785 0.0211337579173
0 0.622200010415 0.435719987235 0.0236456503335 0.0157637679287
0 0.725000008155 0.441079987471 0.0201811898269 0.0134541274386
0 0.738200007865 0.427079986856 0.0206185757398 0.0137457180665
0 0.703800008621 0.39875998561 0.0394680189541 0.0263120143715
0 0.52780001249 0.440859987461 0.0263580168092 0.0175720123651
0 0.490600013308 0.510579990527 0.0296213450921 0.0197475646972
0 0.556800011853 0.48813998954 0.0345156944473 0.0230104644826
0 0.668600009395 0.478979989138 0.0314686352451 0.0209790915471
0 0.702000008661 0.496919989926 0.0397229711137 0.0264819824891
0 0.364000016092 0.535259991612 0.0290910604295 0.0193940415655
0 0.402400015247 0.546819992121 0.0309276657423 0.0206184451881
0 0.334600016738 0.514919990718 0.0442843096155 0.0295228750242
0 0.381000015718 0.490199989631 0.0292699325694 0.0195132896666
0 0.213600019398 0.50859999044 0.0230855866254 0.0153903920987
0 0.234800018932 0.491059989669 0.0315274018663 0.0210182692972
0 0.459000014003 0.540979991864 0.0220799255069 0.0147199513088
0 0.57420001147 0.524439991137 0.0335684042152 0.0223789376195
0 0.510600012869 0.627699995677 0.0234346247392 0.0156230841899
0 0.490800013304 0.603519994614 0.0222815523991 0.0148543692458
0 0.441200014394 0.626999995646 0.0272093413469 0.0181395620943
0 0.399800015305 0.616259995174 0.0264278640055 0.0176185771657
0 0.320000017059 0.645919996478 0.0208962826518 0.01393085602
0 0.269800018163 0.616059995165 0.0273023390302 0.018201560554
0 0.375200015845 0.597019994328 0.0382895206517 0.0255263487847
0 0.260000018378 0.567019993009 0.0257436384968 0.0171624267965
0 0.104000021808 0.581399993641 0.0239471013348 0.0159647352761
0 0.0852000222212 0.626979995645 0.0228549721574 0.0152366491099
0 0.0788000223619 0.64299999635 0.0251365812785 0.0167577219576
0 0.113800021592 0.654819996869 0.028140505385 0.0187603381607
0 0.182200020089 0.653379996806 0.032255356073 0.0215035721336
0 0.137000021082 0.622559995451 0.0204360430528 0.0136240296004
0 0.255200018484 0.604019994636 0.0218424846132 0.0145616573692
0 0.476200013625 0.704399999049 0.0272941275327 0.0181960862219
0 0.428800014667 0.698599998794 0.0248354270783 0.0165569524776
0 0.595800010995 0.625979995601 0.0491007981444 0.0327338675886
0 0.445400014302 0.742760000736 0.0255452764168 0.0170301854011
0 0.326000016927 0.774620002137 0.0334552240558 0.0223034841749
0 0.0750000224454 0.610739994931 0.0228864330758 0.0152576230569
0 0.0362000232984 0.625239995569 0.0258602813358 0.0172401886943
0 0.142800020955 0.586339993858 0.0205575336434 0.0137050233329
0 0.221800019218 0.592819994143 0.0245905661567 0.0163937118524
0 0.190000019917 0.583979993755 0.0406587850361 0.0271058584785
0 0.644800009918 0.643439996369 0.0310083956462 0.0206722651276
0 0.676800009215 0.670139997543 0.0231642389215 0.0154428269662
0 0.822400006014 0.683399998126 0.0207582701323 0.0138388476676
0 0.380600015727 0.754240001241 0.0346713171664 0.0231142129688
0 0.224200019165 0.792500002923 0.0352664034063 0.0235109371549
0 0.0136000237953 0.564179992884 0.0232210268685 0.0154806856001
0 0.176800020207 0.499059990021 0.0273943473766 0.0182628994556
0 0.215400019359 0.486239989457 0.0212031750069 0.0141354509369
0 0.0958000219881 0.49699998993 0.0199897531063 0.0133265029498
0 0.154800020691 0.495439989861 0.022165602096 0.0147770690386
0 0.0256000235315 0.503919990234 0.0407150783146 0.0271433873333
0 0.0584000228104 0.486099989451 0.0250313158156 0.0166875449777
0 0.159600020585 0.462419988409 0.0326768136593 0.0217845438763
0 0.174800020251 0.478459989115 0.0280654147024 0.0187102777023
0 0.0910000220937 0.400479985686 0.0216161242945 0.0144107504801
0 0.118200021496 0.405099985889 0.0269897085202 0.0179931402002
0 0.0336000233556 0.453539988019 0.0203655033206 0.0135770031092
0 0.256400018457 0.447679987761 0.0370293031083 0.0246862037004
0 0.243000018752 0.425619986791 0.0445659738757 0.0297106512101
0 0.0680000225993 0.376899984649 0.0377916862445 0.0251944591581
0 0.307400017336 0.366539984194 0.0428277086664 0.0285518076607
0 0.22900001906 0.343859983196 0.0301153210847 0.0200768820473
0 0.137800021065 0.347199983343 0.0225405608407 0.0150270415516
0 0.465800013854 0.42445998674 0.0289582913964 0.0193055288709
0 0.397000015366 0.432799987107 0.0262162448089 0.017477497692
0 0.324800016954 0.397439985552 0.020597008192 0.0137313397003
0 0.337800016668 0.388359985153 0.0209612820964 0.0139741889859
0 0.243400018743 0.318579982085 0.0274951608227 0.0183301084241
0 0.299400017512 0.313979981882 0.0269473648942 0.0179649111143
0 0.32860001687 0.334179982771 0.0218994704277 0.0145996479147
0 0.156000020665 0.328559982524 0.0410300832336 0.0273533906265
0 0.362200016131 0.316439981991 0.0382074056759 0.025471605464
0 0.0764000224146 0.3234799823 0.0684751836012 0.0456501254117
0 0.152800020735 0.419559986525 0.0207729123207 0.0138486091272
0 0.146800020867 0.411899986188 0.020804076438 0.0138693852068
0 0.264800018273 0.402799985788 0.0273753521051 0.0182502359404
0 0.401200015274 0.401139985715 0.0552044141845 0.036802945217
0 0.460200013977 0.379059984744 0.0323704159727 0.0215802787385
0 0.525800012534 0.374119984527 0.0249392085356 0.0166261401203
0 0.620000010463 0.382999984917 0.0529034140571 0.0352689450309
0 0.724800008159 0.342279983127 0.0445767576496 0.0297178403931
0 0.684600009043 0.332659982704 0.0205408138471 0.0136938768013
0 0.693600008845 0.312859981833 0.0206933696213 0.0137955806575
0 0.672200009316 0.290379980845 0.0300807932214 0.0200538634703
0 0.569800011567 0.318719982091 0.0243081104269 0.0162054080201
0 0.545000012112 0.336559982875 0.0350907960786 0.0233938655954
0 0.488800013348 0.321339982206 0.0387817158376 0.0258544789303
0 0.413000015014 0.335139982813 0.0251403407593 0.0167602282783
0 0.561400011752 0.41125998616 0.0358224108324 0.0238816087967
0 0.353800016316 0.448899987815 0.0413953464751 0.0275968994702
0 0.387800015568 0.46583998856 0.0455067344833 0.0303378249898
0 0.441600014386 0.476899989046 0.0217504762669 0.0145003184676
0 0.818400006102 0.256039979335 0.0253353390933 0.0168902271762
0 0.772200007117 0.247299978951 0.040969436872 0.0273129597161
0 0.726800008115 0.242759978751 0.0535241241267 0.0356827517713
0 0.699400008718 0.275839980205 0.0247444080691 0.0164962731341
0 0.935200003534 0.293939981001 0.0351714270488 0.023447619579
0 0.907200004149 0.241619978701 0.0216381865109 0.0144254586254
0 0.614200010591 0.408499986039 0.0211142336054 0.0140761566654
0 0.830200005842 0.305019981489 0.0253750115093 0.0169166754553
0 0.845800005499 0.309479981685 0.0326581151889 0.0217720782286
0 0.930000003648 0.344299983216 0.0363948412536 0.0242632291027
0 0.812000006242 0.37463998455 0.021993160647 0.014662108065
0 0.662200009536 0.420219986554 0.0319048339536 0.0212698907053
0 0.447600014254 0.27685998025 0.0256996129977 0.0171330764618
0 0.420600014847 0.270679979979 0.031180243493 0.0207868303663
0 0.397200015362 0.234599978392 0.0226725384041 0.0151150265996
0 0.538200012262 0.224759977959 0.0317406040021 0.0211604040637
0 0.583400011268 0.217639977646 0.0240619633671 0.0160413099694
0 0.452200014153 0.248619979009 0.0264825743447 0.0176550507276
0 0.374400015863 0.251999979157 0.0449903005395 0.0299935356712
0 0.287000017785 0.231719978265 0.023245760295 0.0154971745521
0 0.317400017116 0.271479980014 0.0336767366229 0.0224511592294
0 0.434000014553 0.192779976553 0.0332797156619 0.0221864785713
0 0.345200016505 0.217359977634 0.0259912695622 0.0173275141843
0 0.679200009162 0.183879976162 0.0284184101644 0.0189456080258
0 0.742200007777 0.163919975284 0.0289376142519 0.019291744107
0 0.694000008837 0.147279974553 0.0293595665068 0.0195730456288
0 0.73160000801 0.218299977675 0.0297954684142 0.0198636469196
0 0.40320001523 0.215119977536 0.0317422858751 0.0211615253125
0 0.807800006335 0.205639977119 0.0210948425991 0.014063229327
0 0.769400007179 0.179759975981 0.0220476731188 0.0146984497153
0 0.873400004892 0.191899976515 0.021986433155 0.0146576230701
0 0.943000003362 0.168659975493 0.0203356253415 0.0135570844552
0 0.919400003881 0.177319975873 0.0201866311807 0.0134577550081
0 0.944200003336 0.114859973127 0.0711713249492 0.0474475530956
0 0.851600005372 0.37077998438 0.0297253244168 0.0198168842516
0 0.620400010455 0.349319983436 0.0468815172579 0.0312543469
0 0.825600005943 0.0318799694784 0.026299942724 0.0175332963057
0 0.730200008041 0.0356599696446 0.0271031854806 0.0180687915122
0 0.666800009435 0.0225799690695 0.0392203878887 0.0261469269837
0 0.742800007764 0.0771999714711 0.0217903465503 0.0145268986583
0 0.862000005143 0.0913799720946 0.031317068808 0.020878047249
0 0.796600006581 0.0940999722142 0.0612731066265 0.0408487404452
0 0.871600004932 0.0651599709417 0.0471974125802 0.0314649437954
0 0.924200003776 0.0465199701221 0.0546373261834 0.0364248865247
0 0.96220000294 0.0718999712381 0.0208697684186 0.0139131798634
0 0.93900000345 0.0218999690396 0.0293133644662 0.0195422442664
0 0.572800011501 0.0358599696534 0.0266060436094 0.0177373635762
0 0.901200004281 0.121499973419 0.0227049886596 0.0151366601047
0 0.761400007355 0.13333997394 0.0206903026765 0.0137935360274
0 0.749200007623 0.145459974473 0.0212184107975 0.0141456081313
0 0.626200010327 0.141679974306 0.0236724613677 0.0157816419527
0 0.644000009936 0.125679973603 0.028452146558 0.0189680989564
0 0.672600009307 0.0671599710297 0.0315784516585 0.0210523024942
0 0.785600006823 0.05897997067 0.0227202244502 0.0151468172992
0 0.59880001093 0.0720399712443 0.0424420650815 0.0282947119205
0 0.520400012653 0.0414199698979 0.0260504319182 0.0173669557576
0 0.357200016241 0.0561999705478 0.0272951168697 0.01819674578
0 0.566600011637 0.105899972733 0.0424170348539 0.0282780251011
0 0.500400013093 0.0942199722195 0.0338467047293 0.0225644713078
0 0.564800011677 0.139559974213 0.0302508602615 0.0201672415045
0 0.583600011264 0.129979973792 0.0302572909524 0.020171528632
0 0.473600013682 0.00963996850049 0.0264928634501 0.0176619101316
0 0.452600014144 0.0220199690448 0.037417024301 0.0249446845126
0 0.403600015221 0.106599972764 0.0257161349266 0.0171440910818
0 0.51100001286 0.168519975487 0.0380171561599 0.0253447724449
0 0.360400016171 0.179679975977 0.0307935116374 0.0205290091123
0 0.407600015133 0.164759975321 0.053623552501 0.0357490373585
0 0.335200016725 0.109039972871 0.0286913682584 0.0191275801005
0 0.354000016312 0.0948399722468 0.0628835494881 0.0419223690904
0 0.298000017543 0.124719973561 0.0243668770481 0.0162445857702
0 0.274800018053 0.0952399722644 0.0233341080942 0.0155560730888
0 0.276600018013 0.0812199716479 0.0242079895167 0.0161386607423
0 0.28040001793 0.0656999709655 0.0223839487845 0.0149226335073
0 0.238200018857 0.10105997252 0.0203962717031 0.0135975153656
0 0.232400018985 0.162739975232 0.0413936646021 0.0275957782215
0 0.194200019825 0.124779973563 0.0340420987981 0.0226947340289
0 0.155800020669 0.111559972982 0.0221699551791 0.0147799710942
0 0.36500001607 0.0363999696771 0.0269461776897 0.0179641196446
0 0.319000017081 0.153899974844 0.0291571481449 0.0194381000453
0 0.134800021131 0.0935399721896 0.0280301943032 0.0186867974346
0 0.176200020221 0.0983999724033 0.0233521140286 0.0155680770459
0 0.216000019345 0.0757599714078 0.0304784077847 0.0203189398633
0 0.238400018853 0.0547999704862 0.0433423618035 0.0288949097748
0 0.298400017534 0.0428599699612 0.0382770550048 0.0255180383529
0 0.17760002019 0.0297199693834 0.0219871256909 0.0146580847607
0 0.151600020761 0.0564799705601 0.0445453956649 0.029696932402
0 0.23580001891 0.0266199692471 0.0404650728403 0.0269767170061
0 0.0434000231402 0.215659977559 0.0234371970155 0.0156247990409
0 0.110800021658 0.248739979014 0.0261475848172 0.0174317243612
0 0.0560000228631 0.244399978823 0.0346351074301 0.023090073143
0 0.112200021628 0.184479976188 0.0208697684186 0.0139131798634
0 0.0472000230566 0.173959975726 0.0213991626779 0.0142661093929
0 0.0212000236282 0.164759975321 0.0290242801781 0.019349521395
0 0.103400021821 0.169459975528 0.0261256215345 0.0174170821718
0 0.0718000225158 0.121559973422 0.0204330750416 0.0136220509262
0 0.0280000234787 0.132559973905 0.037509131581 0.02500608937
0 0.161000020555 0.202619976986 0.0471612028439 0.0314408039696
0 0.14440002092 0.178059975906 0.0201178722552 0.0134119157214
0 0.0140000237865 0.192919976559 0.0277821675029 0.0185214462236
0 0.0660000226433 0.0414799699005 0.0401978529011 0.0267985703683
0 0.0482000230346 0.0700399711563 0.0478748116632 0.0319165432139
0 0.0438000231314 0.101119972523 0.0513602461154 0.0342401663353
0 0.0550000228851 0.0108999685559 0.0246442871589 0.0164295258562
0 0.185400020018 0.013539968672 0.022478925142 0.0149859510831
0 0.120000021456 0.0188199689041 0.0466849359846 0.0311232927092
0 0.409200015098 0.0100999685207 0.0229078027563 0.0152718695114
0 0.0628000227136 0.83996000501 0.0387218609456 0.0258145756664
0 0.0886000221464 0.851540005519 0.026838142083 0.0178920959021
0 0.604000010815 0.813320003839 0.0455745040717 0.0303830047184
0 0.460400013972 0.96550001053 0.0410986442916 0.0273990980016
0 0.419000014882 0.948680009791 0.0335441654573 0.0223627784465
0 0.859200005205 0.695959998678 0.0320277096161 0.021351807819
0 0.775000007056 0.677919997885 0.0356131660448 0.0237421122625
0 0.113200021606 0.685219998206 0.0413447913515 0.0275631960523
0 0.902000004264 0.665959997359 0.0414321498136 0.0276214350309
0 0.936000003516 0.684379998169 0.0231986678511 0.0154657795874
0 0.098400021931 0.0770799714659 0.0267434625267 0.0178289761937
