0 0.133999999163 0.312539981819 0.368196625859 0.245464433429
0 0.0672000006316 0.0229399690853 0.0199204995123 0.0132803338841
0 0.0622000007416 0.0329999695276 0.0245862130737 0.0163908097968
0 0.0708000005525 0.0582399706375 0.0496940046438 0.0331293386143
0 0.0384000012648 0.0487599702206 0.0363844532145 0.0242563037429
0 0.938199981482 0.0785599715309 0.0624632791062 0.0416421888174
0 0.984599980462 0.246279978906 0.0314011624579 0.020934109686
0 0.908599982133 0.196159976702 0.0548429104238 0.036561942694
0 0.848199983461 0.248919979022 0.021402823225 0.0142685497578
0 0.9191999819 0.265539979753 0.0350102640422 0.0233401775675
0 0.947799981271 0.268319979875 0.0413640834241 0.0275760574348
0 0.931199981636 0.143979974407 0.0266412640087 0.0177608438439
0 0.781599984925 0.0705399711783 0.0736552534985 0.049103505571
0 0.743399985765 0.103359972621 0.0397433514571 0.0264955693856
0 0.744799985734 0.129579973774 0.0344083513766 0.0229389024307
0 0.728399986095 0.195519976674 0.0419538272438 0.0279692200073
0 0.671599987344 0.202979977002 0.0930708943106 0.0620472669661
0 0.634799988153 0.0710999712029 0.0844711808753 0.0563141242978
0 0.530399990448 0.183879976162 0.0430744493284 0.0287163014463
0 0.437199992497 0.0792799715626 0.0259211255648 0.0172807515163
0 0.374799993869 0.0407999698706 0.0800803051485 0.0533868736202
0 0.346799994485 0.0253999691935 0.024091247744 0.0160608328886
0 0.376199993838 0.095299972267 0.0215105620305 0.0143403756328
0 0.32699999492 0.080539971618 0.0822904841341 0.0548603263744
0 0.30559999539 0.112479973022 0.135663833293 0.0904425614941
0 0.286599995808 0.0155799687617 0.035346836509 0.0235645592269
0 0.326599994929 0.0178799688628 0.0282403294941 0.0188268875711
0 0.107599999743 0.0777599714958 0.099817183703 0.0665447935244
0 0.203399997637 0.0732999712997 0.0417669414737 0.0278446294857
0 0.01360000181 0.471639988815 0.0218196309272 0.0145464215775
0 0.0350000013396 0.460339988318 0.0380928404447 0.0253952286381
0 0.0150000017793 0.295839981085 0.0209314041173 0.0139542703319
0 0.191799997892 0.323659982308 0.027627830922 0.0184185551628
0 0.362799994133 0.217399977636 0.0252068242096 0.0168045505814
0 0.365399994076 0.255559979314 0.0304474415348 0.0202982956953
0 0.450399992207 0.238239978552 0.0419085156066 0.0279390122471
0 0.476399991635 0.257579979403 0.0246715928617 0.0164477296593
0 0.475399991657 0.276119980218 0.0244739233177 0.0163159499546
0 0.441999992392 0.27297998008 0.0219758472485 0.0146505657986
0 0.454999992106 0.291079980876 0.055416033381 0.0369440246907
0 0.438799992462 0.324279982335 0.0556860234639 0.0371240180912
0 0.381799993715 0.304899981483 0.0221153437735 0.0147435634881
0 0.344999994524 0.345939983288 0.0511443727695 0.0340962507619
0 0.344599994533 0.375019984566 0.0467731848501 0.03118212529
0 0.498599991147 0.323139982285 0.026665700634 0.0177771349285
0 0.477199991618 0.320419982166 0.0598694352099 0.0399129594391
0 0.489399991349 0.371179984398 0.137951180569 0.0919674597787
0 0.351599994379 0.398559985602 0.0372376574926 0.0248251066324
0 0.598199988957 0.385599985032 0.0265941715648 0.0177294488792
0 0.66039998759 0.387499985115 0.0310296663929 0.0206864456263
0 0.667399987436 0.35349998362 0.0257067362245 0.01713782528
0 0.696599986794 0.426839986845 0.0275973593407 0.0183982407739
0 0.634199988166 0.422299986645 0.0876138100373 0.0584092105439
0 0.54939999003 0.430839987021 0.0201641732295 0.0134427830396
0 0.530599990444 0.286939980694 0.0413892125853 0.0275928102101
0 0.570399989569 0.290219980838 0.0261651950168 0.017443464495
0 0.704599986618 0.287059980699 0.0295791993335 0.0197194675229
0 0.720999986258 0.248919979022 0.0306913131194 0.0204608767624
0 0.720999986258 0.357239983785 0.0198504544487 0.013233637172
0 0.65859998763 0.258219979431 0.0713516810947 0.0475677905339
0 0.596999988984 0.262179979605 0.0926854485931 0.0617903031375
0 0.805799984393 0.372879984472 0.0229454964981 0.0152969986744
0 0.807399984358 0.394779985435 0.0405716244413 0.0270477514115
0 0.830999983839 0.360159983913 0.0634693359596 0.0423128934305
0 0.770399985172 0.375839984603 0.0350515193975 0.0233676811395
0 0.791199984714 0.273419980099 0.0266566976668 0.01777113295
0 0.80139998449 0.274699980155 0.0434207172984 0.0289471467748
0 0.763399985325 0.323419982298 0.0256769571791 0.0171179725818
0 0.830599983848 0.313559981864 0.0779438317737 0.051962557943
0 0.872399982929 0.259639979493 0.0227944247295 0.0151962841553
0 0.90419998223 0.310639981736 0.0350939619572 0.0233959761812
0 0.873999982894 0.353119983603 0.0409623136452 0.0273082108979
0 0.876199982846 0.406959985971 0.0533128017313 0.0355418701651
0 0.932999981597 0.362039983996 0.0232318106425 0.0154878747832
0 0.930999981641 0.417659986441 0.0202602378577 0.0135068261293
0 0.937799981491 0.433859987154 0.0248865758042 0.0165910516304
0 0.865399983083 0.443339987571 0.0299500028625 0.0199666698919
0 0.903399982248 0.468259988666 0.0369286875296 0.0246191266435
0 0.971199980757 0.434159987167 0.0206781338307 0.013785423463
0 0.955199981109 0.463419988453 0.028879441233 0.0192529620918
0 0.962999980937 0.473839988912 0.0222650304703 0.0148433546258
0 0.942199981395 0.370579984371 0.0234540157455 0.0156360115283
0 0.9191999819 0.547639992157 0.0245044938327 0.0163363302993
0 0.903599982243 0.525179991169 0.0225442213878 0.0150294819165
0 0.856999983268 0.577659993477 0.0208606665177 0.0139071119291
0 0.858599983232 0.533759991546 0.0220750777553 0.0147167194742
0 0.853999983334 0.544339992012 0.0266207847316 0.0177471909916
0 0.851999983378 0.5554599925 0.0240184325366 0.0160122894138
0 0.8509999834 0.562819992824 0.0200892804143 0.0133928544928
0 0.731399986029 0.451419987926 0.0270640077332 0.0180426730121
0 0.754799985515 0.446339987702 0.0438633466977 0.0292422330605
0 0.805199984407 0.576939993445 0.0665749639156 0.0443833122044
0 0.82639998394 0.62457999554 0.0201352845874 0.0134235239436
0 0.796599984596 0.647039996527 0.0226629418346 0.0151086288863
0 0.792999984675 0.657379996982 0.0220327341293 0.0146884903883
0 0.691399986908 0.639779996208 0.0236253689238 0.015750246988
0 0.694799986834 0.647919996566 0.0226463209721 0.0150975483105
0 0.634199988166 0.633939995951 0.0211580612371 0.0141053750884
0 0.577799989406 0.618139995257 0.0298344482942 0.019889633508
0 0.644399987942 0.583599993738 0.0213720548425 0.0142480375014
0 0.687199987001 0.652079996749 0.06708714371 0.0447247654232
0 0.691999986895 0.672419997643 0.0202884339639 0.0135256235347
0 0.918399981918 0.662959997227 0.0307575987022 0.0205050671539
0 0.821799984042 0.659459997073 0.0331914667964 0.0221276459904
0 0.689599986948 0.541019991866 0.0622940035358 0.0415293384296
0 0.628599988289 0.540539991844 0.112792339207 0.0751948977642
0 0.665199987484 0.484299989372 0.0243896318004 0.016259755606
0 0.651999987775 0.491699989697 0.0289975680776 0.0193317133268
0 0.632799988197 0.504659990267 0.0331281492247 0.0220854342732
0 0.44979999222 0.522599991056 0.0254335802631 0.0169557212937
0 0.50439999102 0.538359991749 0.0344653371911 0.0229768929762
0 0.507199990958 0.556619992551 0.0228203453604 0.015213564577
0 0.562799989736 0.623359995486 0.0201316240403 0.0134210835787
0 0.561799989758 0.608999994855 0.0234729120833 0.0156486090876
0 0.439199992453 0.649779996648 0.0206749679521 0.0137833128771
0 0.404199993223 0.560939992741 0.0259544662236 0.0173029786237
0 0.54259999018 0.552379992365 0.0211405499712 0.0140937009103
0 0.530199990452 0.483159989321 0.0459049426488 0.0306032971177
0 0.517599990729 0.50473999027 0.0454260045794 0.0302840050504
0 0.57759998941 0.511899990585 0.0654104152657 0.0436069463866
0 0.583799989274 0.448179987783 0.118140695338 0.0787604687532
0 0.545799990109 0.400239985675 0.0397128798757 0.0264752549967
0 0.534599990356 0.447519987754 0.0438865961186 0.0292577326754
0 0.477399991613 0.4690199887 0.0615453721846 0.0410302508293
0 0.259399996406 0.617359995222 0.036193016494 0.0241286792541
0 0.30559999539 0.466859988605 0.0975981006839 0.0650654047474
0 0.234799996947 0.474139988925 0.131292942175 0.0875286338897
0 0.171399998341 0.439559987404 0.147614035606 0.0984093635614
0 0.0754000004514 0.531399991443 0.0711170103448 0.0474113433569
0 0.0924000000776 0.566119992969 0.0640846046754 0.0427230726014
0 0.100799999893 0.615419995137 0.0315828047415 0.0210552045497
0 0.0336000013703 0.49221998972 0.0910889553841 0.0607259742613
0 0.0500000010098 0.708779999242 0.0365092086174 0.0243394740169
0 0.176599998226 0.765720001746 0.0246492338442 0.0164328236466
0 0.209799997497 0.793520002968 0.0826508006903 0.0551005374277
0 0.15459999871 0.812720003812 0.0319093849041 0.0212729246725
0 0.14959999882 0.82404000431 0.0215084844227 0.0143389905609
0 0.270999996151 0.691039998462 0.0305959410271 0.0203972953634
0 0.354799994309 0.776540002222 0.0210181689772 0.0140121135756
0 0.267599996226 0.823660004293 0.0894381475706 0.0596254356464
0 0.402399993262 0.836520004859 0.0332019537692 0.022134637306
0 0.442599992378 0.668759997482 0.0236890822303 0.0157927225285
0 0.451799992176 0.689999998416 0.02086393133 0.0139092884707
0 0.479399991569 0.742520000726 0.0906958917713 0.0604639318355
0 0.393999993447 0.856460005736 0.0254213124836 0.0169475427735
0 0.459599992005 0.859120005853 0.0271989533078 0.0181326367345
0 0.512399990844 0.88022000678 0.0842322559761 0.0561548410211
0 0.47479999167 0.904280007838 0.0499718104895 0.0333145425236
0 0.551999989973 0.89796000756 0.0213854108928 0.0142569415355
0 0.681799987119 0.908100008006 0.0239657008714 0.0159771349681
0 0.59079998912 0.675359997773 0.0231956009062 0.0154637349574
0 0.483399991481 0.655859996915 0.0490606310599 0.0327070895305
0 0.427399992713 0.652119996751 0.062968632475 0.0419790910854
0 0.554999989907 0.783360002521 0.0219201475722 0.0146134326786
0 0.636399988118 0.784420002568 0.0295427917298 0.0196951957855
0 0.655999987687 0.808000003605 0.0347010962118 0.0231340656671
0 0.644199987946 0.767320001816 0.0542481209851 0.0361654163754
0 0.66039998759 0.746800000914 0.0295468480117 0.0196978999737
0 0.626399988337 0.726220000009 0.0497825503104 0.0331883690626
0 0.719199986297 0.769960001932 0.0261273034075 0.0174182034205
0 0.708799986526 0.758560001431 0.0235255448147 0.0156836975776
0 0.707799986548 0.74694000092 0.0215716041269 0.0143810703665
0 0.787999984785 0.703879999027 0.0226867848577 0.015124524236
0 0.806599984376 0.71281999942 0.0222665144758 0.014844343963
0 0.860799983184 0.683339998123 0.0524746353765 0.0349830925584
0 0.839199983659 0.662479997206 0.021297260961 0.0141981749105
0 0.844999983531 0.762260001594 0.023579562618 0.0157197094488
0 0.859799983206 0.823420004283 0.0345283579617 0.023018906826
0 0.897199982384 0.827160004447 0.0311330521154 0.0207553694459
0 0.755199985506 0.758880001445 0.114907541835 0.0766050329426
0 0.736599985915 0.696599998706 0.0427107690262 0.0284738478955
0 0.769799985185 0.67961999796 0.0463093836377 0.0308729244614
0 0.77139998515 0.663459997249 0.0407167601876 0.0271445085821
0 0.740399985831 0.831460004636 0.0669538800085 0.0446359229496
0 0.716199986363 0.813720003856 0.0701901993897 0.0467934693461
0 0.776199985044 0.881180006823 0.0972071146789 0.0648047473935
0 0.755599985497 0.889200007175 0.0936204710458 0.0624136514804
0 0.81139998427 0.905760007903 0.0346557845746 0.0231038579069
0 0.767199985242 0.945080009632 0.0233730879742 0.0155820596772
0 0.903199982252 0.919640008514 0.0272092424132 0.0181394961385
0 0.896799982393 0.966460010572 0.0334325682372 0.0222883802949
0 0.884799982656 0.838320004938 0.024005867956 0.0160039130262
0 0.93059998165 0.802600003367 0.0281263578651 0.0187509064801
0 0.976599980638 0.862520006002 0.0205641622017 0.013709442372
0 0.940199981438 0.68415999816 0.0318362728956 0.0212241833302
0 0.97059998077 0.953700010011 0.0360604453283 0.0240402984711
0 0.641799987999 0.965680010538 0.0628118225514 0.0418745511295
0 0.545199990123 0.97254001084 0.0279258192436 0.018617214057
0 0.593799989054 0.924440008725 0.0234105838487 0.0156070569285
0 0.266799996243 0.885220007 0.0205991847335 0.0137327907281
0 0.197599997765 0.87772000667 0.0411664138801 0.0274442777301
0 0.301199995487 0.965800010543 0.0318399334427 0.0212266236951
0 0.102599999853 0.912080008181 0.0217617547093 0.0145078374297
0 0.155599998688 0.866180006163 0.0299203227508 0.0199468831495
0 0.103999999823 0.866720006187 0.0212151459853 0.0141434315897
0 0.834399983765 0.0374399697229 0.0336741643466 0.0224494443784
0 0.632799988197 0.298719981211 0.106566441107 0.0710442987569
0 0.97559998066 0.527819991285 0.0220148271285 0.014676552387
0 0.431199992629 0.734460000371 0.0654004229614 0.0436002848499
