0 0.648200009843 0.181839986064 0.458906002882 0.305937335255
0 0.523800012578 0.273779984043 0.126757829466 0.0845052196437
0 0.475200013647 0.623319976358 0.166111681519 0.110741121013
0 0.801000006484 0.970879968717 0.0344214128961 0.0229476085974
0 0.689800008929 0.975699968611 0.0311053527294 0.0207369018196
0 0.680800009127 0.988659968326 0.0258835324638 0.0172556883092
0 0.732800007984 0.94843996921 0.0382436179346 0.0254957452897
0 0.783600006867 0.93659996947 0.0242716054903 0.0161810703269
0 0.765800007258 0.92707996968 0.0261953715248 0.0174635810165
0 0.696600008779 0.944979969286 0.0590397810478 0.0393598540319
0 0.661400009553 0.976499968593 0.0280830267542 0.0187220178362
0 0.946200003292 0.978859968541 0.0285078481146 0.0190052320764
0 0.63560001012 0.983499968439 0.0377259967522 0.0251506645015
0 0.641000010002 0.96983996874 0.0225862697024 0.0150575131349
0 0.555800011875 0.948099969218 0.138247001468 0.0921646676451
0 0.604400010806 0.902599970218 0.0492485094152 0.0328323396101
0 0.519800012666 0.883439970639 0.0389234904051 0.0259489936034
0 0.426600014715 0.913699969974 0.0312057704473 0.0208038469648
0 0.50100001308 0.978659968546 0.0252250296752 0.0168166864501
0 0.349000016421 0.964899968848 0.0649908417063 0.0433272278042
0 0.316400017138 0.951419969145 0.0313181591444 0.0208787727629
0 0.280600017925 0.934559969515 0.0232235017429 0.0154823344953
0 0.269600018167 0.924239969742 0.0246296465949 0.0164197643966
0 0.296400017578 0.891299970466 0.0306369016019 0.0204246010679
0 0.281600017903 0.880139970712 0.0274420352327 0.0182946901551
0 0.208000019521 0.965799968829 0.0329120801822 0.0219413867881
0 0.0906000221024 0.981839968476 0.0240781900829 0.0160521267219
0 0.175000020247 0.960419968947 0.040403241939 0.026935494626
0 0.206200019561 0.914679969952 0.0340094529183 0.0226729686122
0 0.185800020009 0.904559970175 0.0264288550857 0.0176192367238
0 0.165000020467 0.916399969915 0.0211276899829 0.0140851266553
0 0.0990000219178 0.92207996979 0.0300207424421 0.0200138282947
0 0.0760000224234 0.928519969648 0.0326588098789 0.0217725399193
0 0.0890000221376 0.950599969163 0.0237300423496 0.015820028233
0 0.029400023448 0.928519969648 0.0317722648835 0.0211815099224
0 0.0140000237865 0.938279969434 0.0274143337932 0.0182762225288
0 0.0648000226697 0.876819970785 0.0199855002751 0.0133236668501
0 0.122800021395 0.807419972311 0.0204106184366 0.0136070789577
0 0.019800023659 0.798139972515 0.0334395947359 0.0222930631572
0 0.103200021825 0.835779971687 0.0237685275636 0.0158456850424
0 0.0382000232545 0.722279974182 0.0213024069187 0.0142016046125
0 0.0610000227532 0.718519974265 0.0300002631637 0.0200001754424
0 0.0518000229555 0.702299974622 0.0278512250665 0.0185674833777
0 0.0948000220101 0.730399974004 0.0394394297144 0.0262929531429
0 0.0444000231182 0.744079973703 0.0365504663834 0.0243669775889
0 0.158000020621 0.763499973276 0.0378672740933 0.0252448493955
0 0.167400020414 0.782159972866 0.0207420463726 0.0138280309151
0 0.107400021733 0.764479973255 0.14365076083 0.0957671738866
0 0.0934000220409 0.84383997151 0.0268632730161 0.0179088486774
0 0.0824000222827 0.815079972142 0.0248894465233 0.0165929643488
0 0.178600020168 0.817099972098 0.0691816737566 0.0461211158377
0 0.286000017807 0.776479972991 0.0507166857048 0.0338111238032
0 0.225600019134 0.762359973301 0.0512909959043 0.0341939972696
0 0.200400019688 0.754879973466 0.0399915787624 0.0266610525083
0 0.165200020462 0.737259973853 0.0239649109824 0.0159766073216
0 0.187400019974 0.698519974705 0.038803879547 0.0258692530313
0 0.122000021412 0.657479975607 0.0985666681639 0.0657111121092
0 0.0428000231534 0.673439975256 0.02587383696 0.01724922464
0 0.243800018734 0.706199974536 0.10772001522 0.07181334348
0 0.269200018176 0.706199974536 0.0569564349356 0.0379709566237
0 0.262600018321 0.729899974015 0.0233419253965 0.0155612835976
0 0.260800018361 0.762579973296 0.0844735608558 0.0563157072372
0 0.319600017068 0.740399973784 0.0224232269446 0.0149488179631
0 0.270000018158 0.673039975265 0.0525476519172 0.0350317679448
0 0.350000016399 0.685259974996 0.0274234356948 0.0182822904632
0 0.369600015969 0.669399975345 0.0201897983909 0.0134598655939
0 0.362000016136 0.721899974191 0.105759149043 0.0705060993623
0 0.317600017112 0.666939975399 0.0608759907469 0.0405839938313
0 0.42320001479 0.735519973891 0.0369532255259 0.024635483684
0 0.446600014276 0.711499974419 0.020820995475 0.01388066365
0 0.435600014518 0.763579973274 0.0253728366412 0.0169152244275
0 0.44140001439 0.795559972571 0.0252881493836 0.0168587662557
0 0.525800012534 0.764419973256 0.020841969422 0.0138946462813
0 0.505400012983 0.812739972194 0.0269725947681 0.0179817298454
0 0.575200011448 0.741999973749 0.0507713960477 0.0338475973651
0 0.555000011892 0.729039974034 0.0322291407666 0.0214860938444
0 0.541400012191 0.717179974294 0.0403195440185 0.0268796960123
0 0.511200012855 0.699619974681 0.023983609454 0.0159890729694
0 0.533600012363 0.699979974673 0.0295251834775 0.0196834556517
0 0.517200012724 0.86293997109 0.0200276460365 0.0133517640244
0 0.392000015476 0.810559972242 0.0439036156117 0.0292690770744
0 0.454200014109 0.867739970984 0.0206599313914 0.0137732875943
0 0.637400010081 0.865059971043 0.0257874678292 0.0171916452195
0 0.654400009707 0.885879970586 0.0358204345208 0.0238802896805
0 0.680600009131 0.895079970383 0.024488666055 0.01632577737
0 0.686200009008 0.899059970296 0.0349894902717 0.0233263268478
0 0.747800007654 0.909519970066 0.0225583703956 0.015038913597
0 0.744000007737 0.886339970575 0.0256567763954 0.0171045175969
0 0.754400007509 0.855039971264 0.027371099761 0.0182473998407
0 0.548200012042 0.875419970816 0.0243114757764 0.0162076505176
0 0.538400012257 0.838659971624 0.0226571062404 0.0151047374936
0 0.66700000943 0.854039971286 0.0200872041313 0.0133914694209
0 0.675400009245 0.862879971091 0.0206090794634 0.0137393863089
0 0.737200007887 0.902579970218 0.0292117614772 0.0194745076514
0 0.707600008538 0.810199972249 0.0213974822162 0.0142649881441
0 0.748800007632 0.839159971613 0.0244154551079 0.016276970072
0 0.739200007843 0.827759971863 0.0231908536179 0.0154605690786
0 0.765000007276 0.819539972044 0.0202086947299 0.0134724631533
0 0.820400006058 0.880639970701 0.0354181700469 0.0236121133646
0 0.831800005807 0.90205997023 0.027662657411 0.0184417716073
0 0.810600006273 0.809859972257 0.0323344062365 0.0215562708243
0 0.792600006669 0.800299972467 0.022066570912 0.0147110472747
0 0.758600007416 0.792579972637 0.0487741222651 0.03251608151
0 0.733200007975 0.806659972327 0.0241908755812 0.0161272503874
0 0.717200008326 0.78287997285 0.0271362311281 0.0180908207521
0 0.705000008595 0.796019972561 0.0199888640214 0.0133259093476
0 0.66200000954 0.760179973349 0.0267530608607 0.0178353739071
0 0.646600009879 0.742219973744 0.0429754195235 0.0286502796823
0 0.708000008529 0.752499973518 0.087579386884 0.0583862579227
0 0.859000005209 0.79105997267 0.0366178402414 0.0244118934943
0 0.777200007007 0.730599973999 0.0514942057493 0.0343294704995
0 0.744200007733 0.718879974257 0.0325820373182 0.0217213582121
0 0.825400005948 0.717359974291 0.0890314369785 0.059354291319
0 0.92720000371 0.785399972795 0.0588383520097 0.0392255680065
0 0.889400004541 0.767339973192 0.0537496965208 0.0358331310139
0 0.743800007742 0.774359973037 0.0213180384452 0.0142120256302
0 0.788800006752 0.81925997205 0.0249610745309 0.0166407163539
0 0.848000005451 0.842139971547 0.105379243588 0.070252829059
0 0.878600004778 0.861479971122 0.115962182786 0.0773081218576
0 0.911800004048 0.876819970785 0.113884574829 0.0759230498863
0 0.974200002676 0.860379971146 0.0704821574039 0.046988104936
0 0.936800003499 0.821659971997 0.0314431124229 0.0209620749486
0 0.955200003094 0.81337997218 0.0459505541178 0.0306337027452
0 0.966600002843 0.791039972671 0.0362969982127 0.0241979988084
0 0.954600003107 0.908359970091 0.0783700433468 0.0522466955645
0 0.972600002711 0.747019973638 0.0266494772639 0.017766318176
0 0.971200002742 0.763019973287 0.045107836757 0.0300718911713
0 0.957800003037 0.757819973401 0.0204355497321 0.0136236998214
0 0.875600004844 0.722519974177 0.0467688348517 0.0311792232345
0 0.921200003841 0.714079974363 0.0806776721847 0.0537851147898
0 0.898000004352 0.687179974954 0.0347555120423 0.0231703413615
0 0.955200003094 0.668799975358 0.0641989762735 0.0427993175157
0 0.94900000323 0.464759979844 0.0253240623211 0.0168827082141
0 0.931000003626 0.50359997899 0.0199844120043 0.0133229413362
0 0.85440000531 0.51587997872 0.0289355385526 0.0192903590351
0 0.918200003907 0.569679977537 0.0367499167473 0.0244999444982
0 0.921600003833 0.583359977237 0.0229722101138 0.0153148067426
0 0.818800006093 0.543759978107 0.0251175876637 0.0167450584425
0 0.815400006168 0.525719978504 0.0333227540217 0.0222151693478
0 0.748600007636 0.541259978162 0.0325016042101 0.0216677361401
0 0.749200007623 0.528799978436 0.020655974043 0.013770649362
0 0.75660000746 0.511499978816 0.0238343184823 0.0158895456548
0 0.946000003296 0.574439977433 0.0257224683803 0.0171483122535
0 0.907000004154 0.517679978681 0.0359103652652 0.0239402435102
0 0.861800005147 0.526999978476 0.0787339215404 0.0524892810269
0 0.793800006642 0.54363997811 0.0198819166784 0.0132546111189
0 0.803800006423 0.560999977728 0.0554491798296 0.0369661198864
0 0.810600006273 0.579979977311 0.0198834006841 0.0132556004561
0 0.759600007394 0.607979976695 0.0204781901621 0.0136521267747
0 0.953800003125 0.636719976063 0.023335197904 0.0155567986027
0 0.925200003754 0.642519975936 0.0200301193794 0.0133534129196
0 0.878800004774 0.647759975821 0.0430576334383 0.0287050889589
0 0.88260000469 0.669559975341 0.0408011533296 0.0272007688864
0 0.85760000524 0.675899975202 0.0299236884704 0.0199491256469
0 0.853200005336 0.66417997546 0.0315786516087 0.0210524344058
0 0.872000004923 0.690359974884 0.0275527420567 0.0183684947044
0 0.795600006603 0.670879975312 0.0277858298827 0.0185238865885
0 0.792800006664 0.700699974657 0.0221760905315 0.0147840603543
0 0.753800007522 0.689839974896 0.0340364618218 0.0226909745479
0 0.739400007838 0.639479976003 0.0250978009212 0.0167318672808
0 0.727800008093 0.666399975411 0.03511523502 0.02341015668
0 0.849000005429 0.650319975764 0.0297010876179 0.0198007250786
0 0.831000005825 0.595239976975 0.0296371764398 0.0197581176265
0 0.700000008705 0.646379975851 0.0327133223543 0.0218088815696
0 0.690400008916 0.691339974863 0.0203566995634 0.0135711330423
0 0.647400009861 0.710499974441 0.0450321524671 0.0300214349781
0 0.631000010222 0.72691997408 0.0372176753387 0.0248117835592
0 0.589000011145 0.70101997465 0.0746543899164 0.0497695932776
0 0.634600010142 0.691779974853 0.0411178401425 0.0274118934283
0 0.553800011919 0.690679974877 0.0231642404493 0.0154428269662
0 0.554400011906 0.697579974725 0.0205883033838 0.0137255355892
0 0.517400012719 0.675599975209 0.0228158948485 0.0152105965657
0 0.589000011145 0.666139975417 0.0245781021309 0.0163854014206
0 0.565400011664 0.66415997546 0.0378858736312 0.0252572490875
0 0.722600008208 0.617219976492 0.0243581724886 0.016238781659
0 0.664000009496 0.583459977234 0.0225685605679 0.0150457070453
0 0.651400009773 0.565219977635 0.0242181812857 0.0161454541905
0 0.699800008709 0.546779978041 0.0417921723251 0.0278614482167
0 0.697000008771 0.561879977709 0.0274706270755 0.0183137513837
0 0.62880001027 0.558299977788 0.0245977899396 0.0163985266264
0 0.66700000943 0.547059978035 0.0314253043547 0.0209502029032
0 0.714000008397 0.514119978759 0.0280913371861 0.0187275581241
0 0.610400010675 0.544319978095 0.0363194561653 0.0242129707769
0 0.60240001085 0.528459978444 0.056809815174 0.037873210116
0 0.570800011545 0.534359978314 0.0199075405099 0.0132716936733
0 0.552000011958 0.557019977816 0.0831100564338 0.0554067042892
0 0.658000009628 0.491199979263 0.0372988009828 0.0248658673218
0 0.516800012732 0.513919978763 0.031924424933 0.0212829499553
0 0.499000013124 0.539599978199 0.0336113436603 0.0224075624402
0 0.382000015696 0.636379976071 0.0512202583001 0.0341468388667
0 0.389800015524 0.603879976785 0.0369224571414 0.0246149714276
0 0.364600016078 0.58591997718 0.0260432114754 0.0173621409836
0 0.458000014025 0.549059977991 0.062052114718 0.0413680764787
0 0.394600015419 0.558159977791 0.0383688680143 0.0255792453429
0 0.409800015085 0.578119977352 0.0350824879613 0.0233883253075
0 0.435000014531 0.523499978553 0.0467561713366 0.031170780891
0 0.458000014025 0.510339978842 0.0205346813118 0.0136897875412
0 0.449000014223 0.501619979034 0.0247985264417 0.0165323509611
0 0.495600013198 0.485959979378 0.0198884463034 0.0132589642023
0 0.507000012948 0.463619979869 0.0464618435427 0.0309745623618
0 0.4728000137 0.460219979944 0.0344051877673 0.0229367918449
0 0.445400014302 0.481639979473 0.0205712867853 0.0137141911902
0 0.387000015586 0.500459979059 0.0367745512416 0.0245163674944
0 0.286400017798 0.541179978164 0.0533927436871 0.0355951624581
0 0.262600018321 0.521899978588 0.0513444201089 0.034229613406
0 0.257400018435 0.500799979052 0.0270058364954 0.0180038909969
0 0.266800018229 0.492019979245 0.0231569193546 0.0154379462364
0 0.329000016861 0.497159979132 0.0337915019503 0.0225276679669
0 0.418000014904 0.461939979906 0.0308805753352 0.0205870502234
0 0.388000015564 0.463199979878 0.0513478827889 0.0342319218593
0 0.345800016492 0.465079979837 0.105436625142 0.0702910834277
0 0.223000019192 0.46949997974 0.0282060013586 0.0188040009057
0 0.236600018893 0.447499980223 0.0418316468763 0.0278877645842
0 0.183000020071 0.537119978253 0.0371648447364 0.0247765631576
0 0.148200020836 0.553939977883 0.0316119922697 0.0210746615131
0 0.155000020687 0.575159977417 0.0258989661229 0.0172659774153
0 0.0176000237074 0.634099976121 0.0294920406839 0.0196613604559
0 0.0910000220937 0.632059976166 0.0668806734774 0.0445871156516
0 0.120600021443 0.612479976596 0.0319467839519 0.0212978559679
0 0.0862000221992 0.611299976622 0.0303991638914 0.0202661092609
0 0.196200019781 0.586359977171 0.0281445635233 0.0187630423488
0 0.190200019913 0.57547997741 0.02919771289 0.0194651419267
0 0.193400019842 0.555339977853 0.0303934257361 0.0202622838241
0 0.249800018602 0.585759977184 0.0199762005062 0.0133174670041
0 0.302400017446 0.640159975988 0.075762249626 0.0505081664173
0 0.249800018602 0.644779975886 0.0499961514786 0.0333307676524
0 0.206200019561 0.660199975547 0.0281165652827 0.0187443768551
0 0.29220001767 0.598459976905 0.0339684943615 0.0226456629076
0 0.334400016742 0.613459976575 0.0316842138796 0.0211228092531
0 0.310000017279 0.607979976695 0.0218487188777 0.0145658125851
0 0.276200018022 0.614499976552 0.0312061661821 0.0208041107881
0 0.264400018281 0.595399976972 0.0214560509738 0.0143040339825
0 0.226000019126 0.58819997713 0.0278175876043 0.0185450584029
0 0.300800017481 0.571639977494 0.0378204784474 0.0252136522983
0 0.17120002033 0.521639978593 0.0378184997731 0.0252123331821
0 0.127000021302 0.53223997836 0.051471253128 0.034314168752
0 0.120200021452 0.499459979081 0.0427494549247 0.0284996366165
0 0.0822000222871 0.492299979239 0.0295489275685 0.0196992850456
0 0.0998000219002 0.469519979739 0.0212381000058 0.0141587333372
0 0.0502000229907 0.620779976414 0.0450142454652 0.0300094969768
0 0.058600022806 0.323159982957 0.098785608469 0.0658570723127
0 0.114400021579 0.36485998204 0.0388828286494 0.0259218857663
0 0.1362000211 0.348619982397 0.0324182030907 0.0216121353938
0 0.0214000236238 0.34669998244 0.0233564686522 0.0155709791014
0 0.0132000238041 0.372939981863 0.0201707041844 0.013447136123
0 0.0864000221948 0.422459980774 0.0244659113012 0.0163106075341
0 0.1362000211 0.424839980722 0.0241581285224 0.0161054190149
0 0.176400020216 0.447779980217 0.0279642073659 0.0186428049106
0 0.193600019838 0.472379979676 0.0504893360341 0.0336595573561
0 0.110400021667 0.45081998015 0.0677328884746 0.0451552589831
0 0.0564000228543 0.466919979797 0.0305846646019 0.0203897764012
0 0.0772000223971 0.467559979782 0.0275562047366 0.0183708031577
0 0.0392000232325 0.450659980154 0.0350258978779 0.0233505985852
0 0.0432000231445 0.478779979536 0.0397064518037 0.0264709678692
0 0.0464000230742 0.435679980483 0.076087840473 0.050725226982
0 0.261600018343 0.423279980756 0.0216878526616 0.0144585684411
0 0.238200018857 0.402979981202 0.0201945472091 0.0134630314727
0 0.258200018418 0.385439981588 0.0215743756936 0.0143829171291
0 0.222400019205 0.363879982062 0.0330776952165 0.022051796811
0 0.234800018932 0.376899981776 0.0345539840705 0.0230359893803
0 0.243400018743 0.354519982268 0.0233087826029 0.0155391884019
0 0.236800018888 0.344039982498 0.0323622066096 0.0215748044064
0 0.224800019152 0.341519982553 0.0252556001922 0.0168370667948
0 0.216800019328 0.30481998336 0.0278471687843 0.0185647791895
0 0.218200019297 0.324479982928 0.0397695715122 0.0265130476748
0 0.182000020093 0.293059983619 0.0678271723024 0.0452181148682
0 0.227400019095 0.277619983958 0.0263079580893 0.0175386387262
0 0.259400018391 0.301679983429 0.0731043954468 0.0487362636312
0 0.297000017565 0.319099983046 0.0514570066735 0.0343046711156
0 0.25400001851 0.329119982826 0.0217266346768 0.0144844231179
0 0.371200015933 0.295979983555 0.0242160047441 0.0161440031627
0 0.282800017877 0.273519984048 0.0268677250331 0.0179118166888
0 0.321600017024 0.273779984043 0.0353640533063 0.0235760355375
0 0.309800017283 0.257479984401 0.0375637454641 0.0250424969761
0 0.164600020476 0.253799984482 0.0611899074159 0.0407932716106
0 0.332000016795 0.387839981535 0.0207864676094 0.0138576450729
0 0.374000015872 0.382539981652 0.055059875672 0.0367065837813
0 0.461000013959 0.400299981261 0.0222485100088 0.0148323400059
0 0.470400013752 0.372239981878 0.0217298005556 0.0144865337037
0 0.485000013431 0.341339982557 0.0210465643389 0.0140310428926
0 0.351600016364 0.339279982603 0.0306333399883 0.0204222266588
0 0.318200017099 0.364119982057 0.028559293645 0.0190395290966
0 0.332200016791 0.381919981665 0.0312665157466 0.0208443438311
0 0.30720001734 0.37805998175 0.0239542261415 0.0159694840943
0 0.300600017486 0.388439981522 0.0388663067194 0.0259108711463
0 0.517400012719 0.432299980558 0.0298215888794 0.0198810592529
0 0.575400011444 0.471079979705 0.0202527202319 0.0135018134879
0 0.493200013251 0.443279980316 0.0355244248538 0.0236829499025
0 0.543200012152 0.322419982973 0.0227798829772 0.0151865886515
0 0.834600005745 0.449999980169 0.066326248954 0.0442174993027
0 0.698600008735 0.455199980054 0.0343995485457 0.0229330323638
0 0.630200010239 0.45629998003 0.0269128388059 0.0179418925373
0 0.617800010512 0.460959979928 0.0245133005493 0.0163422003662
0 0.617800010512 0.445299980272 0.0218017253644 0.0145344835762
0 0.59740001096 0.453999980081 0.0214341866234 0.0142894577489
0 0.601200010877 0.464279979855 0.0217468171541 0.0144978781027
0 0.660600009571 0.366159982012 0.0341079908957 0.0227386605971
0 0.660600009571 0.307219983308 0.0300206435084 0.0200137623389
0 0.738200007865 0.315199983132 0.0415722426828 0.0277148284552
0 0.813800006203 0.313999983159 0.0413643829534 0.0275762553023
0 0.750800007588 0.371799981888 0.0249818506105 0.0166545670737
0 0.70520000859 0.365519982026 0.0419556108177 0.0279704072118
0 0.731200008019 0.400539981256 0.021293700752 0.0141958005014
0 0.818600006097 0.386939981555 0.0206334171566 0.0137556114377
0 0.801000006484 0.34165998255 0.0399369673533 0.0266246449022
0 0.795000006616 0.353699982286 0.0204570183477 0.0136380122318
0 0.745400007706 0.34713998243 0.0312505874189 0.0208337249459
0 0.790400006717 0.324779982922 0.0247337248602 0.0164891499068
0 0.888800004554 0.432859980545 0.0417128274879 0.0278085516586
0 0.842400005574 0.421999980784 0.0278662629907 0.0185775086605
0 0.787800006774 0.404319981173 0.0306225562136 0.0204150374758
0 0.875200004853 0.374699981824 0.0665955465187 0.0443970310125
0 0.919400003881 0.437999980432 0.0230788606556 0.0153859071038
0 0.898400004343 0.298959983489 0.0403533793481 0.0269022528987
0 0.885400004629 0.277239983967 0.0326513898505 0.0217675932336
0 0.828600005877 0.278259983944 0.0322628771625 0.021508584775
0 0.846600005482 0.297019983532 0.0266269203776 0.0177512802517
0 0.940200003424 0.277579983959 0.0200319991199 0.0133546660799
0 0.991800002289 0.0438999890967 0.0198826092144 0.0132550728096
0 0.922200003819 0.0621799886948 0.0629943593933 0.0419962395956
0 0.851000005385 0.0738199884389 0.0776053846849 0.0517369231233
0 0.935400003529 0.106719987716 0.0342161254432 0.0228107502955
0 0.967600002821 0.109299987659 0.0310896222691 0.0207264148461
0 0.831600005811 0.160099986542 0.0460530494437 0.0307020329625
0 0.78300000688 0.174939986216 0.0315781569401 0.0210521046268
0 0.801400006475 0.122339987372 0.0326006368561 0.0217337579041
0 0.804000006418 0.104659987761 0.0241807843425 0.016120522895
0 0.849000005429 0.192419985831 0.0247191816045 0.016479454403
0 0.864600005086 0.167839986372 0.0261739029092 0.0174492686061
0 0.954400003112 0.289679983693 0.024065427634 0.0160436184227
0 0.637400010081 0.170159986321 0.0434972948555 0.0289981965703
0 0.634600010142 0.227359985063 0.0255092662304 0.0170061774869
0 0.688000008968 0.229179985023 0.0564269417077 0.0376179611384
0 0.435000014531 0.17201998628 0.0210948439904 0.014063229327
0 0.279800017943 0.195299985768 0.0233996037507 0.0155997358338
0 0.214600019376 0.211739985407 0.030225337359 0.020150224906
0 0.445000014311 0.234219984912 0.0225743976569 0.015049598438
0 0.451600014166 0.266519984202 0.0406042752423 0.0270695168282
0 0.391600015485 0.194159985793 0.110410022856 0.0736066819038
0 0.544800012117 0.185239985989 0.0296825870137 0.0197883913425
0 0.253800018514 0.108099987685 0.0315243370007 0.0210162246671
0 0.0774000223927 0.141199986958 0.0289016042893 0.0192677361929
0 0.235400018919 0.196939985732 0.0349284481713 0.0232856321142
0 0.19260001986 0.220339985218 0.0384909522152 0.0256606348101
0 0.117000021522 0.224839985119 0.034197624839 0.0227984165593
0 0.107200021737 0.208759985472 0.0298348459968 0.0198898973312
0 0.0522000229467 0.199019985686 0.0278413316953 0.0185608877968
0 0.0924000220629 0.193899985799 0.0254398147644 0.0169598765096
0 0.0798000223399 0.178459986138 0.0236076613475 0.0157384408984
0 0.153800020713 0.166519986401 0.0924425724427 0.0616283816285
0 0.144600020915 0.193319985812 0.0253133774802 0.0168755849868
0 0.13120002121 0.210179985441 0.0348093319818 0.0232062213212
0 0.143200020946 0.234539984905 0.0622687795478 0.0415125196985
0 0.125000021346 0.238259984824 0.0221132676242 0.0147421784161
0 0.306200017362 0.0834799882266 0.0204827411128 0.0136551607419
0 0.424000014773 0.0169799896886 0.0210959322613 0.0140639548408
0 0.576800011413 0.0518199889226 0.0384367365409 0.0256244910273
0 0.637200010085 0.0200199896217 0.0218371436333 0.0145580957556
0 0.621400010433 0.0101799898381 0.0202590519895 0.0135060346596
0 0.620000010463 0.02873998943 0.021855149569 0.0145700997127
0 0.455600014078 0.0164999896991 0.0456918424603 0.0304612283069
0 0.46960001377 0.0510599889393 0.120618992621 0.0804126617476
0 0.851800005367 0.032559989346 0.0244202039261 0.0162801359508
0 0.783400006871 0.052439988909 0.0253048691809 0.0168699127873
0 0.695600008801 0.0114999898091 0.0315302730234 0.0210201820156
0 0.0910000220937 0.186759985956 0.0751853671499 0.0501235781
