0 0.641200008318 0.0943200099735 0.114096308024 0.0760642003326
0 0.109199984925 0.42742000265 0.202889326469 0.135259542058
0 0.823400016329 0.396080003339 0.145186231196 0.0967908144131
0 0.671800009663 0.478640001524 0.147784230822 0.0985228140496
0 0.424599998794 0.517380000672 0.150454452067 0.100302961429
0 0.883800018985 0.142900008905 0.0847812558845 0.0565208335285
0 0.721200011835 0.82587999389 0.115309235496 0.0768728185939
0 0.907000020005 0.644879997869 0.176281101053 0.117520726284
0 0.488400001599 0.943259991309 0.091851950297 0.0612346294926
0 0.0783999835711 0.935799991473 0.0204919446512 0.0136612955331
0 0.0805999836678 0.892959992415 0.0575554861554 0.0383703215728
0 0.12659998569 0.942379991329 0.0212244499532 0.0141496323689
0 0.154599986922 0.990639990268 0.0272666293577 0.0181777517062
0 0.1449999865 0.812779994178 0.028215106982 0.0188100700807
0 0.0469999821904 0.810279994233 0.038345326849 0.0255635495466
0 0.186599988329 0.816999994085 0.0254808756162 0.0169872492904
0 0.185999988302 0.807599994292 0.0226854042745 0.0151236018522
0 0.243999990853 0.917819991869 0.021394517027 0.0142630104106
0 0.187799988381 0.932039991556 0.0528607840893 0.0352405204019
0 0.222399989903 0.895659992356 0.0250004534462 0.0166669678649
0 0.391799997351 0.963959990854 0.0198393777992 0.0132262509938
0 0.418399998521 0.963879990856 0.031572620817 0.0210484124898
0 0.457600000245 0.969999990721 0.0394928591286 0.0263285710159
0 0.470800000825 0.899599992269 0.0276548452957 0.0184365623145
0 0.454800000122 0.871099992896 0.0411151743559 0.0274101144294
0 0.439599999453 0.828199993839 0.0536190121599 0.035746005749
0 0.347999995426 0.812039994194 0.0592048102896 0.0394698709232
0 0.285599992682 0.8072199943 0.0238210645071 0.015880708624
0 0.247199990993 0.791579994644 0.022879710111 0.015253139068
0 0.542200003965 0.874919992812 0.05569553212 0.0371303522977
0 0.543200004009 0.990459990272 0.0272122158088 0.0181414760093
0 0.531200003481 0.978999990524 0.0468393807672 0.0312262517853
0 0.761600013612 0.931139991576 0.0390815916326 0.0260543927033
0 0.877800018721 0.987679990333 0.0272750387243 0.0181833579502
0 0.956800022195 0.948159991202 0.0282205483369 0.0188136976504
0 0.940600021482 0.956739991013 0.0321110181501 0.0214073440214
0 0.777800014324 0.944319991286 0.0452051934929 0.0301367936743
0 0.977200023092 0.985959990371 0.0313265726423 0.0208843803841
0 0.926400020858 0.894619992379 0.040799278971 0.02719951752
0 0.887600019152 0.919999991821 0.0351769742967 0.023451314651
0 0.843600017217 0.886319992561 0.0269159093015 0.0179439383508
0 0.902200019794 0.890619992467 0.0260122486547 0.0173414979594
0 0.903600019856 0.867659992971 0.0409257162719 0.0272838090484
0 0.905400019935 0.841599993544 0.019968387377 0.0133122573733
0 0.874000018554 0.859799993144 0.0244317823933 0.0162878538546
0 0.869200018343 0.851679993323 0.0406076443451 0.0270717611112
0 0.847600017393 0.839579993589 0.0282094677596 0.0188063105994
0 0.804800015511 0.81769999407 0.0252964631523 0.0168643076559
0 0.968400022705 0.870819992902 0.0215038387934 0.0143358915834
0 0.971600022846 0.857859993187 0.0247325409182 0.0164883595246
0 0.965000022555 0.821219993992 0.0217672993039 0.0145115319121
0 0.853200017639 0.951039991138 0.0402183401361 0.026812224989
0 0.914200020322 0.766039995206 0.0414476906065 0.0276317919152
0 0.869000018334 0.7571799954 0.0227924505653 0.0151949660413
0 0.824000016356 0.7799599949 0.0219950447395 0.0146633621925
0 0.791400014922 0.724219996125 0.047672798469 0.0317818635498
0 0.792800014984 0.749579995567 0.0394622886075 0.0263081906698
0 0.792000014948 0.771139995093 0.0198263185475 0.0132175448265
0 0.785000014641 0.790479994668 0.0753718671399 0.0502479081125
0 0.766000013805 0.690419996868 0.0312459416561 0.0208306263969
0 0.815400015977 0.701639996621 0.0366762159697 0.0244508090338
0 0.7386000126 0.690979996856 0.0271146671556 0.0180764435782
0 0.621400007447 0.715619996314 0.0303088414102 0.0202058929408
0 0.745400012899 0.761519995305 0.0982625588944 0.0655083682756
0 0.671600009654 0.763619995259 0.0768132325836 0.0512088183449
0 0.648000008617 0.784799994793 0.0504157360026 0.0336104884516
0 0.729000012178 0.716039996305 0.10025053317 0.0668336843722
0 0.748400013031 0.663399997462 0.0216790504209 0.0144526993274
0 0.671600009654 0.684499996998 0.0251659695686 0.0167773119392
0 0.696400010745 0.634699998093 0.0463902216544 0.0309268123965
0 0.752200013198 0.671539997283 0.0275760940504 0.0183840614877
0 0.513200002689 0.643979997889 0.039916592274 0.0266110597608
0 0.338599995012 0.593019999009 0.0307675970944 0.0205117300434
0 0.389999997272 0.662059997492 0.0277721806939 0.0185147859081
0 0.445199999699 0.676559997173 0.0495967626247 0.0330645062357
0 0.489200001634 0.732139995951 0.0373498557052 0.0248999021611
0 0.507000002417 0.749039995579 0.0329822285349 0.0219881509064
0 0.536800003727 0.785059994787 0.0465543527047 0.0310362330894
0 0.487000001537 0.807599994292 0.0372434030168 0.0248289337069
0 0.567200005064 0.775739994992 0.0265207680027 0.0176805108357
0 0.38879999722 0.79131999465 0.0227535696113 0.015169045407
0 0.362399996059 0.791119994654 0.0261101930428 0.0174067942138
0 0.575400005424 0.714659996335 0.0267684980508 0.0178456641902
0 0.180799988074 0.789359994693 0.0202901198516 0.0135267456756
0 0.121799985479 0.74993999556 0.0597400417434 0.0398266918688
0 0.0761999834743 0.7708199951 0.0382917047699 0.0255278014962
0 0.28259999255 0.668339997354 0.0290456556058 0.0193637691267
0 0.131799985919 0.66305999747 0.039395112608 0.0262634066731
0 0.260599991582 0.639219997994 0.0200718720536 0.0133812471532
0 0.244199990861 0.606699998709 0.104068385629 0.0693789191768
0 0.220199989806 0.570159999512 0.0206787315245 0.0137858201071
0 0.031799981522 0.740319995771 0.0205250874492 0.0136833907303
0 0.0311999814957 0.754079995469 0.0203417632562 0.0135611746097
0 0.0651999829907 0.73537999588 0.020920921284 0.0139472799361
0 0.220399989815 0.455440002034 0.0523109104442 0.034873937996
0 0.241799990756 0.532720000335 0.0218436761398 0.0145624497994
0 0.213999989533 0.543340000102 0.023585206506 0.015723469967
0 0.321799994273 0.511220000808 0.021060318903 0.0140402116759
0 0.291199992928 0.476140001579 0.0319178005846 0.0212785323196
0 0.392199997369 0.491960001231 0.0336529002586 0.0224352653594
0 0.322999994326 0.41834000285 0.0297684654027 0.0198456422929
0 0.298999993271 0.424280002719 0.0293911321745 0.019594086824
0 0.39699999758 0.443400002299 0.022304212631 0.0148694741066
0 0.267399991882 0.439520002384 0.0351533291363 0.0234355512119
0 0.319199994159 0.395520003352 0.0355346197136 0.0236897449133
0 0.36379999612 0.37012000391 0.0834548514296 0.0556365639502
0 0.302799993438 0.366660003986 0.0295105451809 0.0196736954897
0 0.39199999736 0.592839999013 0.0299953204348 0.019996878971
0 0.406799998011 0.584979999186 0.0217158537667 0.0144772348896
0 0.407199998029 0.607779998685 0.0224250107096 0.0149500061537
0 0.432399999137 0.616559998492 0.0250313207685 0.0166875460784
0 0.506800002408 0.58797999912 0.0250317165034 0.0166878099016
0 0.627400007711 0.595679998951 0.0501061723762 0.0334041127143
0 0.652800008828 0.581939999253 0.0203791602044 0.0135861059068
0 0.744400012855 0.593259999004 0.0280629469125 0.0187086300411
0 0.806400015582 0.588479999109 0.0319665749111 0.0213110485352
0 0.535000003648 0.551459999923 0.0222307048731 0.0148204689379
0 0.499000002065 0.545860000046 0.022006026383 0.0146706832877
0 0.511800002628 0.534660000293 0.0368361918035 0.0245574595826
0 0.661200009197 0.5252200005 0.131050580527 0.087367047922
0 0.513200002689 0.508620000865 0.0255931653944 0.0170621091376
0 0.49160000174 0.496180001139 0.0346291782598 0.0230861173172
0 0.5794000056 0.48200000145 0.0420531650053 0.0280354414878
0 0.540800003903 0.478400001529 0.0386029502696 0.0257352984824
0 0.542800003991 0.457420001991 0.0778783530701 0.0519188986224
0 0.469200000755 0.453640002074 0.0410452282121 0.0273634836699
0 0.621400007447 0.414280002939 0.0696328206698 0.0464218773847
0 0.412799998275 0.375660003788 0.104175234052 0.0694501514543
0 0.482400001335 0.383740003611 0.0388340594519 0.0258893712604
0 0.587600005961 0.398460003287 0.0504787567856 0.0336525023042
0 0.718000011695 0.377680003744 0.0640476161424 0.0426984079454
0 0.66400000932 0.350240004347 0.0444277722796 0.0296185128996
0 0.797400015186 0.442920002309 0.0760118694088 0.0506745762636
0 0.921000020621 0.427200002655 0.0382222532947 0.0254815005158
0 0.890000019258 0.423540002736 0.0328602432516 0.0219068273895
0 0.900200019706 0.455560002032 0.0299733571478 0.0199822367806
0 0.958800022283 0.446280002236 0.0755154199753 0.0503436099964
0 0.860200017947 0.483600001415 0.095540100642 0.063693396227
0 0.964800022547 0.491660001238 0.0787727139467 0.0525151391674
0 0.945600021702 0.507280000894 0.0803191470066 0.0535460944727
0 0.829000016575 0.532080000349 0.0478360391158 0.0318906906405
0 0.973000022907 0.585639999172 0.0216973531601 0.0144649011527
0 0.83980001705 0.591739999038 0.0377416332573 0.0251610871787
0 0.829200016584 0.555619999832 0.0240895706375 0.0160597126991
0 0.895000019477 0.554919999847 0.0590318741378 0.0393545801629
0 0.853800017666 0.550459999945 0.0358240997938 0.0238827316207
0 0.614800007157 0.569719999522 0.0363151078724 0.0242100703181
0 0.930200021025 0.362880004069 0.0692652818803 0.0461768515412
0 0.989200023619 0.287500005726 0.023434332575 0.0156228873529
0 0.946600021746 0.306260005314 0.041523869575 0.0276825778908
0 0.977200023092 0.217620007263 0.0204710696352 0.0136473788567
0 0.86640001822 0.214900007323 0.0229394660811 0.0152929763787
0 0.895800019513 0.270720006095 0.0237191627701 0.0158127741371
0 0.877000018686 0.283480005815 0.0455578922236 0.0303719261458
0 0.872200018475 0.313680005151 0.0272170635613 0.0181447078441
0 0.932400021122 0.266720006183 0.0518381061711 0.034558735168
0 0.947000021764 0.291400005641 0.02184793029 0.0145652858993
0 0.834600016822 0.265320006214 0.0509293999043 0.0339529310301
0 0.846600017349 0.22548000709 0.0278918905015 0.0185945924412
0 0.792000014948 0.202420007597 0.0358606063384 0.0239070693155
0 0.787400014746 0.277180005953 0.0351047526772 0.0234031669079
0 0.731800012301 0.330000004792 0.0216558009955 0.0144371997114
0 0.749800013093 0.292880005608 0.0529086680124 0.0352724430152
0 0.678400009953 0.254080006461 0.0344559453068 0.0229706286895
0 0.553400004457 0.267860006158 0.0548227387955 0.0365484901198
0 0.692400010569 0.279860005894 0.0697154303304 0.0464769504882
0 0.680000010024 0.307200005293 0.020304762043 0.0135365071358
0 0.565000004967 0.374380003816 0.0213732462761 0.0142488299109
0 0.490400001687 0.340040004571 0.0412902870496 0.0275268562175
0 0.495200001898 0.36056000412 0.033483525721 0.0223223490083
0 0.428199998952 0.312500005177 0.0491468120421 0.0327645392004
0 0.386399997114 0.325160004898 0.0210798088469 0.014053204971
0 0.404399997905 0.289280005687 0.0234946821474 0.0156631203985
0 0.399599997694 0.271840006071 0.027059066402 0.0180393764115
0 0.428799998978 0.262160006283 0.0223758406481 0.0149172261149
0 0.397199997589 0.250600006538 0.0344084571187 0.0229389698995
0 0.546400004149 0.296380005531 0.0788052631423 0.0525368386297
0 0.512800002672 0.321600004977 0.0264552738766 0.0176368480878
0 0.507600002443 0.269280006127 0.0435157022662 0.0290104662641
0 0.509400002522 0.214440007333 0.0426536927178 0.0284357932697
0 0.493000001801 0.228960007013 0.0285114134892 0.0190076077391
0 0.458800000297 0.231880006949 0.0377442055342 0.0251628020298
0 0.521800003068 0.242960006706 0.0430774258632 0.0287182820147
0 0.524600003191 0.179620008098 0.0760807272816 0.0507204815091
0 0.477000001098 0.191160007844 0.0247928904906 0.0165285925702
0 0.397599997606 0.176460008168 0.0322241983318 0.0214827974709
0 0.386599997123 0.191280007842 0.0310714225647 0.0207142803436
0 0.357999995865 0.128540009221 0.040845382087 0.0272302529287
0 0.358199995874 0.14998000875 0.0680657104612 0.0453771373146
0 0.411199998204 0.141920008927 0.08952799709 0.0596853274568
0 0.316399994036 0.208380007466 0.0945033741347 0.0630022452678
0 0.483000001362 0.164440008432 0.0220646940821 0.0147097950845
0 0.600800006541 0.158760008557 0.0198714323262 0.013247620677
0 0.344199995258 0.298420005486 0.0981628336993 0.0654418848166
0 0.344799995285 0.339820004576 0.0446890562481 0.0297927022004
0 0.259799991547 0.30600000532 0.0510207157327 0.0340138082451
0 0.222399989903 0.277600005944 0.0359149209536 0.0239432790565
0 0.267999991908 0.23094000697 0.0694860030214 0.046323998959
0 0.192599988593 0.217160007273 0.0346460959268 0.0230973957611
0 0.169199987564 0.255920006421 0.0242464795258 0.0161643186178
0 0.171599987669 0.26916000613 0.0300811949083 0.0200541286162
0 0.104399984714 0.299300005467 0.0317646511778 0.0211764327218
0 0.188799988425 0.347340004411 0.0224528110864 0.014968539737
0 0.213799989525 0.371860003872 0.024546050846 0.016364032818
0 0.214399989551 0.228400007026 0.0267174482486 0.0178116309909
0 0.0933999842306 0.272020006067 0.0558104931088 0.0372069929518
0 0.15159998679 0.300860005433 0.079216629572 0.0528110828981
0 0.272199992093 0.312740005171 0.180343319813 0.120228871946
0 0.283399992585 0.261700006294 0.0243417527033 0.0162278340652
0 0.196799988777 0.276520005968 0.0315412588261 0.0210275044972
0 0.0885999840196 0.208120007472 0.031061232391 0.0207074868949
0 0.0331999815836 0.2977800055 0.0208814467277 0.0139209635669
0 0.0153999808009 0.352800004291 0.0221447314658 0.0147631533368
0 0.0091999805283 0.334500004693 0.0274389719071 0.0182926467316
0 0.229399990211 0.213560007352 0.0357456453496 0.0238304286613
0 0.139399986253 0.185360007972 0.0299948257662 0.0199965491919
0 0.107399984846 0.172300008259 0.0418696429449 0.0279130934556
0 0.0707999832369 0.181980008046 0.0399629921912 0.0266419930369
0 0.0257999812582 0.151300008721 0.0287946607447 0.0191964392304
0 0.152799986842 0.129360009203 0.0210411257603 0.0140274162483
0 0.250199991125 0.187760007919 0.0527755032181 0.0351836664915
0 0.201599988988 0.176860008159 0.0643579712386 0.0429053113292
0 0.0369999817507 0.180860008071 0.0537311040707 0.0358207336845
0 0.105399984758 0.193600007791 0.0380760292488 0.025384017825
0 0.014399980757 0.260320006324 0.0346726101652 0.0231150719189
0 0.115799985216 0.0299200113894 0.0426521097782 0.0284347379767
0 0.211999989446 0.091980010025 0.0636349635743 0.0424233062514
0 0.229999990237 0.13680000904 0.0286610012819 0.0191073329277
0 0.203799989085 0.141380008939 0.0345525046227 0.0230350015625
0 0.19639998876 0.125640009285 0.0449557815715 0.0299705190709
0 0.148599986658 0.0351400112746 0.0253343547691 0.0168895687321
0 0.213199989498 0.0208600115885 0.0198013872487 0.0132009239618
0 0.309999993755 0.116420009488 0.0252149417627 0.0168099600664
0 0.229399990211 0.162200008481 0.0410729296552 0.0273819512974
0 0.0529999824542 0.0700800105064 0.0408668507054 0.02724456534
0 0.402399997818 0.0827200102285 0.0694209046302 0.0462806000343
0 0.449799999902 0.0308200113696 0.0368322344545 0.0245548213501
0 0.53640000371 0.017020011673 0.0254505029626 0.016967000856
0 0.53460000363 0.0869600101353 0.0334995529845 0.02233303385
0 0.587600005961 0.13722000903 0.0261091047718 0.0174060686998
0 0.378599996771 0.0421200111211 0.050407326636 0.0336048822075
0 0.696000010727 0.0267600114588 0.0676217948359 0.0450811935839
0 0.762000013629 0.0513400109184 0.0610630824517 0.0407087189495
0 0.858800017886 0.0237000115261 0.0409952666808 0.0273301759846
0 0.879800018809 0.0498400109514 0.0321111170838 0.0214074099772
0 0.740200012671 0.125720009283 0.0198163262412 0.0132108832895
0 0.747200012979 0.146060008836 0.0423623328968 0.0282415534018
0 0.756400013383 0.167980008354 0.0320671905097 0.0213781255965
0 0.764400013735 0.201260007622 0.0219866353728 0.0146577559485
0 0.786400014702 0.185220007975 0.0213538552659 0.0142359025717
0 0.837400016945 0.149180008767 0.0419263319695 0.0279508861361
0 0.875400018616 0.171520008276 0.0340558573217 0.0227039033837
0 0.931400021078 0.15952000854 0.0232722791329 0.015514851732
0 0.95760002223 0.184080008 0.0291301450072 0.0194200953906
0 0.923200020717 0.121340009379 0.0428384019829 0.0285589327716
0 0.936400021298 0.08038001028 0.0311552194301 0.0207701449168
0 0.966600022626 0.0933800099942 0.0308460515385 0.0205640330027
0 0.765800013796 0.0244400115098 0.022109016391 0.0147393432885
0 0.890800019293 0.0803600102804 0.0916154986936 0.0610769951007
0 0.900000019697 0.0402200111629 0.0216489745684 0.0144326487604
0 0.977600023109 0.0479800109923 0.0437373138109 0.0291582072841
0 0.955000022116 0.0698800105108 0.0199403891327 0.0132935918784
0 0.954400022089 0.116000009497 0.0236962101458 0.0157974723886
0 0.370799996428 0.278880005916 0.0599610596857 0.039974037154
0 0.862800018062 0.908839992066 0.0278960457179 0.0185973625854
0 0.226599990087 0.742979995713 0.289003219633 0.192668800381
0 0.11499998518 0.575179999402 0.0204992657469 0.0136661762632
0 0.478800001177 0.0367200112399 0.0218606927405 0.0145737941991
