0 0.344999994524 0.106540009705 0.115655488278 0.0771036588523
0 0.74679998569 0.247260006611 0.125360885449 0.0835739236325
0 0.419599992884 0.422520002758 0.146232930719 0.0974886204795
0 0.977199980625 0.0880000101125 0.0569188401249 0.0379458934166
0 0.940799981425 0.101200009822 0.0253776843931 0.0169184562621
0 0.912599982045 0.0552000108336 0.0424735288013 0.0283156858675
0 0.979599980572 0.0209200115872 0.0357349557934 0.0238233038623
0 0.953799981139 0.214980007321 0.01979267847 0.01319511898
0 0.915999981971 0.0819000102466 0.055680091114 0.0371200607427
0 0.874799982876 0.0423000111172 0.0574407154569 0.0382938103046
0 0.870199982977 0.129280009205 0.0971101660523 0.0647401107015
0 0.827599983914 0.0696400105161 0.0618237757102 0.0412158504734
0 0.747999985664 0.0540400108591 0.0333905236146 0.0222603490764
0 0.756199985484 0.0319800113441 0.0494110575044 0.032940705003
0 0.8327999838 0.0312000113612 0.0278728915495 0.0185819276996
0 0.756199985484 0.101420009817 0.0276011206419 0.0184007470946
0 0.66039998759 0.0371600112302 0.0273444865924 0.0182296577283
0 0.609399988711 0.0690800105284 0.0348229848341 0.0232153232227
0 0.564399989701 0.0962600099309 0.0291597223445 0.0194398148963
0 0.548599990048 0.105040009738 0.0222368358308 0.0148245572205
0 0.643199987968 0.118660009438 0.0269995047378 0.0179996698252
0 0.722599986222 0.153940008663 0.0430733638986 0.0287155759324
0 0.605399988799 0.174300008215 0.0243172139317 0.0162114759545
0 0.573999989489 0.17910000811 0.0373232376097 0.0248821584065
0 0.548199990057 0.157960008574 0.0838208951562 0.0558805967708
0 0.515599990773 0.146080008836 0.0635976571705 0.0423984381137
0 0.548399990052 0.209400007443 0.0661689443516 0.0441126295677
0 0.800199984516 0.195720007744 0.0678015484709 0.0452010323139
0 0.617999988522 0.123900009323 0.0371521812212 0.0247681208142
0 0.460399991987 0.0603600107201 0.0382514336979 0.0255009557986
0 0.466599991851 0.091660010032 0.0251079910936 0.0167386607291
0 0.215599997369 0.106160009713 0.0217268325442 0.0144845550295
0 0.241599996797 0.0502200109431 0.0433335595618 0.0288890397078
0 0.280399995944 0.113740009547 0.081029975134 0.0540199834227
0 0.180599998139 0.123460009333 0.157652849123 0.105101899415
0 0.0468000010801 0.0824200102351 0.0720340316141 0.0480226877427
0 0.0496000010186 0.0249200114993 0.0592600074913 0.0395066716608
0 0.330599994841 0.214200007338 0.224833786417 0.149889190945
0 0.147599998864 0.260180006327 0.109709572173 0.073139714782
0 0.100799999893 0.121640009373 0.0244145647045 0.0162763764697
0 0.15279999875 0.0812200102615 0.0523708573734 0.0349139049156
0 0.0214000016386 0.0537400108657 0.0245475316138 0.0163650210758
0 0.125199999356 0.183080008022 0.0378132562864 0.0252088375243
0 0.15139999878 0.176080008176 0.0417394406565 0.027826293771
0 0.210199997488 0.183140008021 0.0320696596225 0.0213797730817
0 0.168799998398 0.197560007704 0.0461909630386 0.030793975359
0 0.112599999634 0.30144000542 0.0243423430946 0.0162282287297
0 0.0993999999237 0.318020005055 0.113095083806 0.0753967225372
0 0.0312000014231 0.327320004851 0.0508853676842 0.0339235784561
0 0.169999998372 0.323900004926 0.0743034720391 0.049535648026
0 0.0502000010054 0.222660007152 0.0629296567455 0.041953104497
0 0.358199994234 0.257680006382 0.0389888855889 0.0259925903926
0 0.386399993614 0.358160004173 0.0611761556299 0.0407841037532
0 0.239599996841 0.382600003636 0.0555031976365 0.0370021317577
0 0.245999996701 0.335480004672 0.0229373854471 0.0152915902981
0 0.395399993416 0.435400002475 0.0406540388995 0.0271026925997
0 0.385599993632 0.455560002032 0.0232377481975 0.0154918321317
0 0.315199995179 0.253820006467 0.081058171242 0.054038780828
0 0.36199999415 0.325760004885 0.0465436617227 0.0310291078151
0 0.588599989169 0.251500006518 0.0252145427017 0.0168096951344
0 0.448599992246 0.22092000719 0.0705236106294 0.0470157404196
0 0.433799992572 0.19408000778 0.0360565892919 0.0240377261946
0 0.639799988043 0.336220004655 0.0494020545366 0.0329347030244
0 0.651199987792 0.308800005258 0.0405644049563 0.0270429366375
0 0.584599989256 0.358200004172 0.0402181369634 0.026812091309
0 0.816799984151 0.359960004133 0.0557037362712 0.0371358241808
0 0.844399983545 0.331240004765 0.0507038243222 0.0338025495481
0 0.745399985721 0.361120004108 0.0596057808155 0.0397371872104
0 0.759399985413 0.411080003009 0.0709079681014 0.0472719787343
0 0.711999986456 0.38514000358 0.0642653607944 0.042843573863
0 0.597999988962 0.403900003167 0.0564181366073 0.0376120910715
0 0.558399989832 0.403100003185 0.032997756777 0.021998504518
0 0.732799985998 0.415660002909 0.0413675488322 0.0275783658881
0 0.689999986939 0.420480002803 0.0601741549923 0.0401161033282
0 0.742399985787 0.438500002407 0.02878515931 0.0191901062067
0 0.709799986504 0.442540002318 0.0603274033126 0.0402182688751
0 0.727599986113 0.451580002119 0.0221089145409 0.0147392763606
0 0.706399986579 0.478400001529 0.0293215778977 0.0195477185985
0 0.833799983778 0.404500003154 0.0722283374249 0.0481522249499
0 0.62399998839 0.286500005748 0.0400099804329 0.0266733202886
0 0.656999987665 0.283880005806 0.0431892152756 0.0287928101837
0 0.876599982837 0.305920005321 0.0668237865929 0.0445491910619
0 0.950799981205 0.298060005494 0.05224550836 0.0348303389067
0 0.971799980744 0.319060005033 0.0389075620774 0.0259383747183
0 0.893599982463 0.272700006052 0.0288725177779 0.0192483451853
0 0.510199990892 0.471620001678 0.0561776287528 0.0374517525019
0 0.575999989446 0.462980001868 0.0331400234552 0.0220933489701
0 0.68359998708 0.50792000088 0.0466397263573 0.0310931509048
0 0.701399986689 0.545320000058 0.0352936125032 0.0235290750021
0 0.748599985651 0.625199998302 0.0247440139663 0.0164960093108
0 0.724599986179 0.596739998928 0.0330575127392 0.0220383418261
0 0.698799986746 0.590379999067 0.0268328014327 0.0178885342885
0 0.588199989177 0.605979998725 0.0548737813593 0.0365825209062
0 0.695999986807 0.671599997282 0.0252585682036 0.0168390454691
0 0.732799985998 0.659159997555 0.0242844668729 0.016189644582
0 0.723599986201 0.673339997244 0.0316499828152 0.0210999885435
0 0.720599986266 0.692939996813 0.0259616900965 0.0173077933977
0 0.802999984455 0.656279997619 0.0626387916316 0.041759194421
0 0.802199984472 0.711779996398 0.0829333608237 0.0552889072158
0 0.651999987775 0.678419997132 0.0448340871752 0.0298893914502
0 0.6189999885 0.618059998459 0.0223865225374 0.0149243483583
0 0.87419998289 0.698479996691 0.106023302055 0.0706822013701
0 0.880599982749 0.627959998241 0.0219271733115 0.014618115541
0 0.520199990672 0.526200000479 0.0249171479627 0.0166114319751
0 0.401799993275 0.586119999161 0.0208609646947 0.0139073097965
0 0.367799994023 0.547460000011 0.0560921500255 0.0373947666836
0 0.332599994797 0.491940001232 0.0499886325165 0.033325755011
0 0.478999991578 0.502380001002 0.0232138062391 0.0154758708261
0 0.346399994493 0.596579998931 0.0993057029943 0.0662038019962
0 0.184199998059 0.576399999375 0.0748455298484 0.0498970198989
0 0.228999997074 0.584179999204 0.0804416163473 0.0536277442316
0 0.276799996024 0.589139999095 0.062031140771 0.0413540938473
0 0.235199996938 0.532240000346 0.0261548087028 0.0174365391352
0 0.164399998495 0.529480000406 0.0232402215403 0.0154934810269
0 0.156399998671 0.54752000001 0.0274205666171 0.0182803777447
0 0.144399998934 0.593159999006 0.0205985924899 0.0137323949932
0 0.369599993983 0.430200002589 0.0338795529542 0.0225863686361
0 0.354599994313 0.418680002842 0.0511056930613 0.0340704620409
0 0.275999996041 0.45564000203 0.0348431673114 0.0232287782076
0 0.36839999401 0.512220000786 0.0439885996705 0.0293257331136
0 0.203399997637 0.541820000135 0.0259552594052 0.0173035062701
0 0.24239999678 0.431620002558 0.0429039893832 0.0286026595888
0 0.204399997615 0.355740004226 0.0733573689489 0.0489049126326
0 0.138799999057 0.579679999303 0.0315726166522 0.0210484111015
0 0.0578000008383 0.559479999747 0.0213968886139 0.0142645924093
0 0.140799999014 0.725139996105 0.023936517007 0.0159576780047
0 0.0993999999237 0.739399995791 0.0527284038094 0.0351522692063
0 0.0948000000248 0.632199998148 0.0500488831472 0.0333659220981
0 0.148799998838 0.765179995224 0.0471271727575 0.0314181151716
0 0.276399996032 0.775439994999 0.0481460910598 0.0320973940399
0 0.266599996248 0.809699994246 0.0594799371336 0.0396532914224
0 0.300999995491 0.754859995451 0.0293146525379 0.0195431016919
0 0.282799995892 0.746879995627 0.033083037637 0.0220553584246
0 0.265399996274 0.729699996005 0.0372693187365 0.024846212491
0 0.349599994423 0.693779996794 0.06812159903 0.0454143993533
0 0.341399994603 0.724599996117 0.0357099255643 0.0238066170428
0 0.327399994911 0.741079995754 0.0267482131088 0.0178321420725
0 0.339399994647 0.758799995365 0.028106474044 0.0187376493627
0 0.366599994049 0.770939995098 0.0590507626899 0.0393671751266
0 0.403599993236 0.755939995428 0.0531466955448 0.0354311303632
0 0.358199994234 0.653399997682 0.0361606675572 0.0241071117048
0 0.517999990721 0.725499996097 0.0266670874647 0.0177780583098
0 0.49119999131 0.731179995972 0.033502813378 0.0223352089186
0 0.505399990998 0.784699994795 0.0380381326143 0.0253587550762
0 0.502599991059 0.764439995241 0.0492529614323 0.0328353076215
0 0.42479999277 0.693879996792 0.147371657747 0.0982477718314
0 0.59579998901 0.752939995494 0.0457165758884 0.0304777172589
0 0.542999990171 0.782479994844 0.0500127723422 0.0333418482282
0 0.579799989362 0.840219993575 0.0201894026561 0.0134596017707
0 0.729199986077 0.745219995663 0.0694296016395 0.046286401093
0 0.771199985154 0.738039995821 0.0463538079289 0.0309025386193
0 0.780999984939 0.762759995278 0.0276843238939 0.0184562159293
0 0.766599985255 0.774859995012 0.0580576660865 0.0387051107243
0 0.805999984389 0.749379995572 0.0472086941363 0.0314724627576
0 0.869599982991 0.769319995133 0.085367031211 0.0569113541407
0 0.807199984363 0.619739998422 0.0599960743103 0.0399973828735
0 0.922199981834 0.741219995751 0.059463613071 0.039642408714
0 0.953399981148 0.8026999944 0.0694789695619 0.0463193130412
0 0.958199981043 0.843319993507 0.101209187618 0.0674727917451
0 0.945999981311 0.680859997078 0.0379364287581 0.0252909525054
0 0.915799981975 0.958659990971 0.0298716493378 0.0199144328918
0 0.90739998216 0.979559990511 0.037611926182 0.0250746174547
0 0.94739998128 0.966039990809 0.0550824325584 0.0367216217056
0 0.861999983158 0.900619992247 0.0647655696435 0.043177046429
0 0.764599985299 0.987699990332 0.0250950307773 0.0167300205182
0 0.932799981601 0.931519991567 0.037117554422 0.0247450362813
0 0.687199987001 0.936639991455 0.0219097609781 0.0146065073188
0 0.827399983918 0.952159991114 0.0826328991397 0.0550885994264
0 0.540599990224 0.930999991579 0.0376908752844 0.0251272501896
0 0.313199995223 0.892199992432 0.0240915461341 0.0160610307561
0 0.265999996261 0.894919992372 0.0312560287731 0.0208373525154
0 0.174799998266 0.908559992072 0.10806727255 0.0720448483666
0 0.145199998917 0.95093999114 0.0483957997495 0.0322638664996
0 0.151799998772 0.978459990535 0.0313171698073 0.0208781132048
0 0.0696000005789 0.897959992305 0.0431198627433 0.0287465751622
0 0.0394000012428 0.941119991356 0.0810484757382 0.0540323171588
0 0.339999994634 0.467780001763 0.0533960084996 0.0355973389997
0 0.415199992981 0.0786800103174 0.035776013284 0.0238506755227
0 0.0502000010054 0.704679996555 0.0273588319807 0.0182392213205
0 0.824799983976 0.659319997552 0.053740693553 0.0358271290353
