0 0.453200000051 0.146461986842 0.114388162514 0.0762587699795
0 0.548400004237 0.486613979364 0.799728789681 0.53315249129
0 0.529000003384 0.548451978004 0.195670132535 0.13044674642
0 0.413999998328 0.752567973516 0.137652428015 0.0917682792907
0 0.214399989551 0.75376997349 0.22909588096 0.152730577233
0 0.0353999816803 0.985207968402 0.026841906875 0.0178946034031
0 0.0537999824894 0.849919971376 0.0865416825922 0.0576944512562
0 0.0307999814781 0.837891971641 0.0375210110499 0.0250140057168
0 0.0891999840459 0.89295997043 0.0206290667944 0.0137527102892
0 0.234999990457 0.959423968969 0.0289873836416 0.0193249211531
0 0.235799990492 0.982975968451 0.0239159419496 0.0159439602482
0 0.0941999842658 0.921993969792 0.0335345755232 0.0223563822076
0 0.170999987643 0.929139969634 0.0526575742176 0.035105047163
0 0.149799986711 0.917401969893 0.0979943495652 0.0653295620679
0 0.189599988461 0.89522597038 0.0367486354566 0.0244990886885
0 0.254599991319 0.933473969539 0.0695118247237 0.046341213426
0 0.067799983105 0.95708796902 0.0216839971072 0.014455997118
0 0.0839999838173 0.899485970286 0.0480505274322 0.032033682842
0 0.122199985497 0.855089971263 0.136598783841 0.0910658498875
0 0.174599987801 0.847327971433 0.0219534925749 0.0146356607513
0 0.217799989701 0.860691971139 0.172838207413 0.115225464009
0 0.280599992462 0.880609970701 0.0334452383693 0.0222968241089
0 0.220999989841 0.832299971764 0.0207373992236 0.0138249319039
0 0.141799986359 0.803141972405 0.030628001608 0.0204186663919
0 0.41359999831 0.952373969124 0.0252080164019 0.0168053431595
0 0.368199996314 0.921803969796 0.128444666203 0.0856297718206
0 0.310399993772 0.915803969928 0.0914940080789 0.0609960013629
0 0.328199994555 0.845923971464 0.114960988783 0.0766406541339
0 0.432599999145 0.890409970486 0.0936473995435 0.062431595578
0 0.538400003798 0.965057968845 0.0273070932513 0.0182047276335
0 0.463800000517 0.923943969749 0.0230020911292 0.015334726408
0 0.565000004967 0.918339969872 0.0294574177704 0.0196382772183
0 0.555800004563 0.93253796956 0.0278039384197 0.0185359577239
0 0.494600001872 0.901511970242 0.0255362785024 0.0170241845454
0 0.600200006515 0.970799968719 0.0550323793594 0.0366882504865
0 0.618000007298 0.917603969888 0.0255284627381 0.0170189740362
0 0.611800007025 0.900557970263 0.0228548777459 0.015236584159
0 0.556600004598 0.902311970224 0.0481482739528 0.0320988471847
0 0.499200002074 0.873645970855 0.0245646503864 0.0163764325108
0 0.48320000137 0.889635970503 0.0231277369603 0.0154184902899
0 0.399199997677 0.877853970762 0.0200990788281 0.0133993850016
0 0.544800004079 0.8579219712 0.0394319159538 0.0262879422354
0 0.659800009136 0.796145972558 0.0226964848518 0.0151309889032
0 0.670200009593 0.791725972656 0.0212270222301 0.01415134722
0 0.667000009452 0.825145971921 0.0895625249602 0.0597083460353
0 0.6408000083 0.875487970814 0.0846123760154 0.0564082469565
0 0.725200012011 0.948529969208 0.0257123805334 0.0171415858917
0 0.718400011712 0.927617969668 0.0272453586067 0.0181635712065
0 0.899800019688 0.907727970105 0.038938830267 0.0259592184658
0 0.973800022942 0.924933969727 0.0356947934148 0.0237965273737
0 0.985400023452 0.940165969392 0.0231679040528 0.0154452683498
0 0.978200023136 0.95527596906 0.019897056161 0.0132647032325
0 0.926200020849 0.795051972582 0.0380028182921 0.0253352105237
0 0.9410000215 0.771659973097 0.0238260111934 0.0158840064146
0 0.91940002055 0.846209971458 0.0280816453866 0.0187210956896
0 0.964000022511 0.824429971937 0.0210661559928 0.0140441030689
0 0.961200022388 0.863709971073 0.0334340588583 0.0222893711021
0 0.899000019653 0.743861973708 0.0430293440727 0.0286862274898
0 0.962200022432 0.727515974067 0.0252066313297 0.0168044197781
0 0.952800022019 0.717971974277 0.0254988815542 0.0169992532483
0 0.948200021817 0.683311975039 0.0479778111441 0.0319852053198
0 0.920400020594 0.651931975729 0.0240764124521 0.0160509405761
0 0.904200019882 0.666247975414 0.0364501524074 0.0243001000022
0 0.83820001698 0.611163976625 0.0340851417044 0.0227234263042
0 0.818800016127 0.616187976515 0.0202178982322 0.0134785979324
0 0.830600016646 0.58140597728 0.0208307926603 0.0138871941909
0 0.933000021148 0.664953975443 0.0232896914686 0.015526459955
0 0.924600020779 0.67916797513 0.0373800304914 0.024920018684
0 0.988000023567 0.65459997567 0.0265371910011 0.0176914595006
0 0.930600021043 0.595823976963 0.0269927808061 0.0179951860172
0 0.878800018765 0.645421975872 0.0203981554796 0.0135987694228
0 0.9842000234 0.703909974586 0.02297874277 0.0153191608363
0 0.977800023118 0.682911975048 0.0208456327191 0.0138970875628
0 0.890200019266 0.59273997703 0.0212850963268 0.014190063282
0 0.762600013656 0.682905975048 0.0219713995791 0.0146475987533
0 0.64240000837 0.694045974803 0.034778568185 0.0231857105941
0 0.575600005433 0.732507973958 0.0272514924977 0.0181676604669
0 0.570800005222 0.756753973424 0.0216971552926 0.0144647692411
0 0.611400007007 0.864515971055 0.0425199343212 0.0283466210112
0 0.465600000596 0.638339976028 0.0213153700468 0.0142102457606
0 0.405199997941 0.646923975839 0.0406911444093 0.027127427817
0 0.518400002918 0.641589975956 0.0618182435768 0.0412121596664
0 0.51140000261 0.678439975146 0.114605816709 0.076403872767
0 0.505400002346 0.722103974186 0.141124012435 0.0940826687516
0 0.452200000007 0.820685972019 0.0541733378227 0.0361155561665
0 0.441599999541 0.789545972704 0.112004849072 0.0746698944562
0 0.353199995654 0.806799972324 0.0245265609021 0.016351039523
0 0.383399996982 0.808705972282 0.067714297869 0.0451428622686
0 0.332999994766 0.712917974388 0.0360680703603 0.0240453786543
0 0.346199995346 0.748833973599 0.144916142126 0.096610755045
0 0.349799995505 0.67828197515 0.065556355453 0.0437042340861
0 0.32739999452 0.666707975404 0.0551493190227 0.0367662102568
0 0.298199993236 0.666119975417 0.035885240836 0.0239234923128
0 0.270599992022 0.687571974945 0.0242797212575 0.0161864797708
0 0.237399990562 0.718407974267 0.0223821724065 0.0149214472869
0 0.203199989059 0.675267975216 0.0219344972996 0.0146229972353
0 0.239599990659 0.632641976153 0.026474565953 0.0176497094712
0 0.160999987203 0.692673974833 0.0280560215517 0.0187040131342
0 0.373399996542 0.629495976222 0.11395384346 0.0759692239626
0 0.403999997888 0.580271977304 0.0302613532221 0.0201742341508
0 0.405999997976 0.596787976941 0.0477827138378 0.0318551404575
0 0.120599985427 0.763583973274 0.0257377075671 0.0171584705797
0 0.0477999822256 0.750625973559 0.0276263523828 0.0184175670405
0 0.0137999807306 0.654811975666 0.0303105232836 0.0202070141896
0 0.125199985629 0.614307976556 0.0202445114043 0.013496340046
0 0.0985999844593 0.661547975518 0.0218514919041 0.0145676603086
0 0.0867999839404 0.638297976029 0.0211199759393 0.0140799830309
0 0.103199984662 0.630153976208 0.0314345093365 0.0209563381755
0 0.0295999814253 0.359343982162 0.0469345550109 0.0312897012769
0 0.0469999821904 0.380675981693 0.051015571179 0.0340103785428
0 0.0707999832369 0.405925981137 0.0855874668119 0.0570583074446
0 0.060999982806 0.362383982095 0.0245750384275 0.0163833578711
0 0.123799985567 0.438733980416 0.0201577465272 0.0134384967984
0 0.0419999819705 0.454457980071 0.0516864407702 0.0344576249074
0 0.0433999820321 0.490625979275 0.0515745467269 0.0343830288835
0 0.0711999832545 0.521245978602 0.0290751378559 0.0193834239588
0 0.0387999818298 0.601061976847 0.0225450173183 0.0150300105542
0 0.12659998569 0.563033977683 0.0232107423558 0.0154738272166
0 0.124399985594 0.530127978407 0.0348992673298 0.0232661766853
0 0.226999990105 0.570773977513 0.0383859886101 0.0255906573855
0 0.0961999843537 0.574931977422 0.149573941912 0.0997159546979
0 0.235399990474 0.592071977045 0.176700580048 0.117800378929
0 0.218999989753 0.452395980116 0.0332943644382 0.0221962414948
0 0.249599991099 0.41264598099 0.126692549928 0.0844616943811
0 0.236999990545 0.413589980969 0.0212847995256 0.0141898654145
0 0.189799988469 0.656485975629 0.0291061041119 0.0194040681281
0 0.468200000711 0.570439977521 0.0445692475068 0.0297128297115
0 0.404999997932 0.557941977795 0.0442025991209 0.0294683974703
0 0.502600002223 0.486271979371 0.0476431183514 0.0317620768061
0 0.341399995135 0.490127979286 0.0574728764948 0.0383152484694
0 0.636600008115 0.596309976952 0.0323546919154 0.0215697931876
0 0.595800006321 0.496687979142 0.0335789967659 0.0223859963674
0 0.59280000619 0.475265979613 0.0297004979334 0.0198003306497
0 0.581800005706 0.488921979313 0.032549690288 0.0216997920941
0 0.570800005222 0.469457979741 0.0318592318192 0.0212394864786
0 0.565400004985 0.458187979989 0.0223226143039 0.0148817418877
0 0.688400010393 0.533335978336 0.0241175688818 0.0160783781941
0 0.663200009285 0.481159979483 0.0225723230265 0.0150482143585
0 0.689200010428 0.471701979691 0.0379548354353 0.0253032219546
0 0.684600010226 0.490241979284 0.028382206044 0.018921469448
0 0.67240000969 0.630253976206 0.0355247263411 0.023683149332
0 0.770000013981 0.50907797887 0.0267950122892 0.017863340348
0 0.772800014104 0.591183977065 0.051328894287 0.034219260601
0 0.71220001144 0.58864797712 0.0298447433049 0.0198964942243
0 0.731000012266 0.609293976666 0.0573588059095 0.0382392014176
0 0.696200010736 0.574293977436 0.0306920117283 0.0204613398026
0 0.783600014579 0.561707977713 0.0405288930998 0.0270192602845
0 0.768400013911 0.661181975526 0.0199569110648 0.013304606499
0 0.983200023356 0.571005977508 0.0225653976658 0.0150435974516
0 0.90780002004 0.358545982179 0.0211817105839 0.0141211394579
0 0.802200015397 0.415057980937 0.0257978592721 0.0171985717137
0 0.972000022863 0.222915985161 0.0208765000414 0.0139176657763
0 0.857400017824 0.25842198438 0.0222904608432 0.0148603062487
0 0.819400016153 0.260847984327 0.0225096979784 0.0150064643292
0 0.8182000161 0.280671983891 0.0347532411513 0.0231688259061
0 0.810200015749 0.296717983538 0.0225644083285 0.0150429378935
0 0.853200017639 0.290785983669 0.0336330145799 0.022422008241
0 0.814200015925 0.325141982914 0.0426846589738 0.028456437439
0 0.75520001333 0.31985398303 0.020245698609 0.0134971315158
0 0.772200014078 0.341723982549 0.0258530642908 0.0172353750571
0 0.748800013049 0.375059981816 0.0212433462948 0.0141622299291
0 0.633800007992 0.359663982155 0.0201263845363 0.0134175888059
0 0.703600011061 0.276517983983 0.025895111124 0.0172634062774
0 0.75860001348 0.258259984384 0.0212556140767 0.0141704084498
0 0.658400009074 0.276665983979 0.0645958079142 0.0430638691025
0 0.605600006752 0.269529984136 0.0252079174682 0.0168052772037
0 0.663600009303 0.37990798171 0.0456510877928 0.0304340565212
0 0.760600013568 0.214621985343 0.055507162307 0.0370047724307
0 0.766000013805 0.239455984797 0.0255820848172 0.0170547220866
0 0.793600015019 0.258411984381 0.0362443702588 0.0241629119122
0 0.591800006146 0.239007984807 0.0352415780193 0.0234943837966
0 0.670000009584 0.247455984621 0.0323626066135 0.0215750696526
0 0.765000013761 0.277751983955 0.0299538672039 0.0199692434855
0 0.77520001421 0.152857986701 0.0411957064082 0.0274638024608
0 0.737400012548 0.168707986353 0.0990524457571 0.0660349594827
0 0.768400013911 0.1347359871 0.0323835805632 0.0215890522849
0 0.757000013409 0.144535986884 0.0236696959074 0.0157797962308
0 0.67400000976 0.159069986565 0.0225248348384 0.0150165555685
0 0.845400017296 0.197231985726 0.0281922532914 0.018794834288
0 0.806400015582 0.191727985847 0.0211837881921 0.01412252453
0 0.722000011871 0.213815985361 0.0475984003076 0.0317322647788
0 0.635600008071 0.23977198479 0.0748358442163 0.0498905595203
0 0.668000009496 0.403175981198 0.0539683471439 0.0359788957229
0 0.708600011281 0.397775981317 0.0384627611809 0.025641839096
0 0.739800012653 0.415625980924 0.0322678281046 0.0215118839843
0 0.746600012952 0.430855980589 0.0329270235162 0.021951347563
0 0.505800002364 0.344293982492 0.0236654417572 0.0157769601309
0 0.492400001775 0.32077198301 0.0281843385934 0.018789557823
0 0.511000002593 0.321737982988 0.0242480624654 0.0161653739108
0 0.370599996419 0.391411981457 0.0356598698098 0.0237732449719
0 0.363599996111 0.432441980555 0.0231968916343 0.0154645934029
0 0.323399994344 0.412259980998 0.023672367118 0.0157815770378
0 0.171799987678 0.409567981057 0.0313378510869 0.0208918993467
0 0.177399987924 0.379325981722 0.0314059174899 0.0209372769457
0 0.201199988971 0.342077982541 0.0298756106272 0.0199170724378
0 0.198399988848 0.315431983127 0.0213540531333 0.0142360344833
0 0.209199989322 0.277359983964 0.0368880330755 0.0245920204284
0 0.251199991169 0.344935982478 0.0283725105389 0.0189150057784
0 0.37879999678 0.278795983932 0.0228365750068 0.0152243823337
0 0.39859999765 0.266195984209 0.0247869544671 0.0165246352215
0 0.402399997818 0.23976998479 0.0607366011582 0.0404910647682
0 0.402799997835 0.212161985397 0.043291419511 0.0288609444371
0 0.387799997176 0.206713985517 0.0394868241714 0.0263245477113
0 0.369399996366 0.183021986038 0.0264564610813 0.0176376395576
0 0.336599994924 0.181259986077 0.020376785795 0.0135845229673
0 0.349799995505 0.189823985889 0.03195618687 0.0213041231749
0 0.323599994353 0.166449986402 0.0236664310945 0.015777619689
0 0.307999993667 0.177795986153 0.026461605635 0.0176410692598
0 0.29419999306 0.194423985787 0.0397710607641 0.0265140387606
0 0.251199991169 0.188535985917 0.0311514599485 0.0207676385959
0 0.312799993878 0.21796198527 0.0267763138151 0.0178508746994
0 0.317599994089 0.200289985658 0.0321932320758 0.0214621533016
0 0.221799989876 0.221365985195 0.0201297482829 0.0134198313035
0 0.227199990114 0.272761984065 0.0222207125669 0.0148138074008
0 0.225799990052 0.259767984351 0.0259630785933 0.0173087179206
0 0.270199992005 0.248251984604 0.0235248569336 0.0156832369213
0 0.269199991961 0.23158798497 0.028451360718 0.018967572561
0 0.284999992655 0.178637986134 0.0218893835209 0.0145929213848
0 0.303399993464 0.302981983401 0.0305676520356 0.0203784333463
0 0.267399991882 0.269561984135 0.0543429102279 0.0362286044291
0 0.160799987194 0.199507985676 0.028669608516 0.0191130710833
0 0.279399992409 0.375459981807 0.0270995302957 0.0180663523389
0 0.157199987036 0.329967982807 0.0221231639137 0.0147487749697
0 0.147199986596 0.348529982399 0.0216502607069 0.0144335061859
0 0.149799986711 0.394735981384 0.0651459783606 0.0434306493759
0 0.0341999816276 0.25069198455 0.0365925180381 0.0243950104164
0 0.115999985224 0.400631981254 0.0502075794446 0.0334717174221
0 0.106199984793 0.351291982339 0.100827316789 0.0672182067591
0 0.0161999808361 0.197369985723 0.0199737297981 0.0133158189872
0 0.106399984802 0.158965986567 0.0328859660202 0.0219239759008
0 0.0409999819266 0.104023987775 0.0216176125775 0.0144117407678
0 0.0727999833248 0.0310559893791 0.0507769430336 0.0338512931231
0 0.133999986016 0.0461699890468 0.0650200357283 0.0433466876265
0 0.171599987669 0.0938219879992 0.0566003799715 0.0377335841589
0 0.0919999841691 0.132327987153 0.0880409242652 0.058693945639
0 0.0855999838877 0.168637986354 0.0207603518479 0.0138402336524
0 0.0575999826565 0.204451985567 0.0602640936863 0.0401760598077
0 0.271799992075 0.199843985668 0.0409497571672 0.0272998363109
0 0.357999995865 0.0705019885119 0.0274110725966 0.0182740471924
0 0.331399994696 0.0643759886466 0.0202612312038 0.0135074865783
0 0.512200002645 0.21249798539 0.0340874171801 0.0227249432879
0 0.729800012213 0.0955699879608 0.0395570671163 0.0263713763382
0 0.745600012908 0.0709399885023 0.0492185389929 0.0328123571644
0 0.864000018114 0.176991986171 0.0214921646138 0.0143281087975
0 0.90620001997 0.197571985718 0.0418626186504 0.0279084105929
0 0.913200020278 0.170713986309 0.0262694763405 0.0175129830719
0 0.928800020964 0.0761559883876 0.0286651564983 0.0191101030718
0 0.941600021526 0.149599986773 0.0332328276611 0.0221552169795
0 0.979000023171 0.106107987729 0.044965674944 0.0299771146522
0 0.986000023479 0.174349986229 0.0271122927462 0.0180748606387
0 0.971600022846 0.187343985943 0.028651206843 0.0191008033022
0 0.685800010279 0.0150079897319 0.020762825191 0.0138418825477
0 0.712000011431 0.0791659883214 0.0248095113564 0.0165396731467
0 0.435799999286 0.935001969506 0.0372428094144 0.024828537972
0 0.339799995065 0.0806979882877 0.0533764266655 0.0355842820967
0 0.671600009654 0.14425798689 0.0558112845786 0.0372075205983
