0 0.1180000215 0.927139991664 0.0718014384566 0.0478676256377
0 0.426600014715 0.479080001514 0.465183346924 0.310122231282
0 0.646000009892 0.5070400009 0.484989876113 0.323326584075
0 0.861600005152 0.586459999154 0.077197283122 0.0514648554146
0 0.503000013036 0.716339996298 0.400014721336 0.266676480891
0 0.884000004659 0.94141999135 0.162801359508 0.108534239672
0 0.722600008208 0.106080009715 0.0618338669488 0.0412225779659
0 0.706800008555 0.134160009098 0.0980960404948 0.0653973603298
0 0.902800004246 0.12406000932 0.0729711317364 0.0486474211576
0 0.916200003951 0.0429400111031 0.11825051955 0.0788336797003
0 0.763800007302 0.0651200106155 0.0715472777499 0.0476981851666
0 0.987800002377 0.973939990635 0.0306494661834 0.0204329774556
0 0.702000008661 0.983119990433 0.0306890396683 0.0204593597788
0 0.797200006568 0.988339990318 0.0204354507984 0.0136236338656
0 0.423000014795 0.984839990395 0.0198760795894 0.0132507197263
0 0.0210000236326 0.840939993559 0.058677683661 0.039118455774
0 0.286600017793 0.905299992144 0.024544365735 0.01636291049
0 0.266800018229 0.868059992963 0.0350360880502 0.0233573920335
0 0.244200018726 0.853939993273 0.0262691760741 0.0175127840494
0 0.0922000220673 0.799339994473 0.0244578976705 0.0163052651137
0 0.0748000224498 0.789319994694 0.0312930299815 0.0208620199876
0 0.11120002165 0.792259994629 0.0217296026881 0.0144864017921
0 0.113600021597 0.772439995065 0.029451774663 0.019634516442
0 0.161000020555 0.760999995316 0.0219691212055 0.0146460808036
0 0.129200021254 0.747839995606 0.0292191815056 0.019479454337
0 0.303400017424 0.809559994249 0.0248728256596 0.0165818837731
0 0.344800016514 0.826359993879 0.0250663400007 0.0167108933338
0 0.354200016307 0.864719993036 0.0564065613629 0.037604374242
0 0.426600014715 0.879659992708 0.0493019336198 0.0328679557466
0 0.60740001074 0.867439992976 0.0429454426087 0.0286302950724
0 0.612800010622 0.918319991858 0.02354562991 0.0156970866066
0 0.684600009043 0.891019992458 0.0201612065481 0.0134408043654
0 0.656000009672 0.890799992463 0.0223927553613 0.0149285035742
0 0.402800015239 0.957419990998 0.0696961290602 0.0464640860401
0 0.4000000153 0.847219993421 0.0294641413771 0.019642760918
0 0.437400014478 0.852019993315 0.0393326802389 0.0262217868259
0 0.37500001585 0.766779995189 0.0208621518993 0.0139081012662
0 0.417600014913 0.763199995268 0.0247082988962 0.0164721992641
0 0.387800015568 0.780559994886 0.0486572815509 0.0324381877006
0 0.34180001658 0.838659993609 0.0615561600186 0.0410374400124
0 0.530400012433 0.838999993602 0.101370449569 0.0675802997124
0 0.733000007979 0.875959992789 0.041466977213 0.0276446514753
0 0.846600005482 0.83087999378 0.0262758046328 0.0175172030886
0 0.944400003331 0.78085999488 0.0245973942047 0.0163982628032
0 0.978000002593 0.844299993485 0.019814344953 0.013209563302
0 0.894800004422 0.868579992951 0.0367035168362 0.0244690112242
0 0.986200002412 0.903379992186 0.0306768708217 0.0204512472144
0 0.96040000298 0.897839992308 0.0239341425979 0.0159560950653
0 0.938600003459 0.734199995906 0.025690611725 0.0171270744833
0 0.945200003314 0.753359995484 0.0363483448093 0.0242322298729
0 0.840800005609 0.71033999643 0.0245174557653 0.0163449705102
0 0.813800006203 0.71305999637 0.042426535288 0.0282843568586
0 0.896600004382 0.644979997867 0.0256143338328 0.0170762225552
0 0.928200003688 0.650919997737 0.0572528403374 0.0381685602249
0 0.644400009927 0.583499999219 0.023634670251 0.015756446834
0 0.860400005178 0.753399995483 0.0228438930891 0.0152292620594
0 0.479800013546 0.668359997353 0.020042288226 0.013361525484
0 0.433600014562 0.666619997391 0.0243232488881 0.0162154992588
0 0.404400015203 0.679259997113 0.0267766070842 0.0178510713894
0 0.544000012134 0.595079998964 0.0266552154193 0.0177701436128
0 0.284800017833 0.63075999818 0.0226300973369 0.0150867315579
0 0.361600016144 0.749179995576 0.0237060014575 0.0158040009717
0 0.325800016932 0.685659996973 0.0204181373987 0.0136120915992
0 0.322000017015 0.660459997527 0.0320039676376 0.0213359784251
0 0.382400015687 0.577759999345 0.0250130147298 0.0166753431532
0 0.247600018651 0.635119998084 0.0209658344297 0.0139772229531
0 0.218800019284 0.63709999804 0.026949246412 0.0179661642747
0 0.268200018198 0.625199998302 0.023521885819 0.0156812572127
0 0.176800020207 0.684239997004 0.0308350658275 0.0205567105517
0 0.173400020282 0.732819995936 0.0207875558802 0.0138583705868
0 0.076200022419 0.698659996687 0.0205376493231 0.0136917662154
0 0.0250000235447 0.671259997289 0.0210096620642 0.0140064413761
0 0.101000021874 0.657479997592 0.0253156529556 0.0168771019704
0 0.118800021482 0.713259996366 0.0294226881516 0.0196151254344
0 0.0980000219398 0.723879996132 0.0240254584143 0.0160169722762
0 0.0164000237338 0.694819996771 0.0423315589242 0.0282210392828
0 0.0902000221112 0.434540002494 0.0217478064912 0.0144985376608
0 0.0628000227136 0.413000002967 0.0454351094771 0.0302900729847
0 0.234200018945 0.408840003059 0.0531143442209 0.0354095628139
0 0.27400001807 0.453060002087 0.0221778713383 0.0147852475589
0 0.433600014562 0.418580002845 0.036128415167 0.0240856101113
0 0.792600006669 0.424020002725 0.0344944259757 0.0229962839838
0 0.822600006009 0.46474000183 0.0207394740961 0.0138263160641
0 0.539600012231 0.312960005167 0.0251139271163 0.0167426180776
0 0.594600011022 0.300680005437 0.0231293168489 0.0154195445659
0 0.575200011448 0.330140004789 0.0691514989744 0.0461009993162
0 0.900400004299 0.485580001372 0.0247537094701 0.01650247298
0 0.877400004804 0.34554000445 0.026159557521 0.017439705014
0 0.970200002764 0.383820003609 0.0198540173716 0.013236011581
0 0.986400002408 0.359960004133 0.0263517857238 0.0175678571492
0 0.91580000396 0.378880003717 0.0225865665035 0.0150577110024
0 0.954600003107 0.367760003962 0.0311898421196 0.0207932280797
0 0.89260000447 0.402700003194 0.0225372975148 0.0150248650099
0 0.950600003195 0.301200005425 0.0228896004641 0.0152597336427
0 0.964000002901 0.256120006416 0.0250639655916 0.0167093103944
0 0.928800003674 0.233580006912 0.0277196432292 0.0184797621528
0 0.820200006062 0.258080006373 0.0214442778621 0.0142961852414
0 0.785600006823 0.291120005647 0.0215118495875 0.0143412330583
0 0.770800007148 0.175060008198 0.0205193465864 0.0136795643909
0 0.788400006761 0.161420008498 0.0240213031984 0.0160142021323
0 0.776000007034 0.176280008172 0.0619317123902 0.0412878082601
0 0.896600004382 0.264320006236 0.0228713966611 0.015247597774
0 0.855800005279 0.14088000895 0.021110475517 0.0140736503446
0 0.820800006049 0.14906000877 0.0341731882121 0.0227821254747
0 0.891600004492 0.223440007135 0.035555292172 0.0237035281147
0 0.58740001118 0.163880008444 0.0446870716789 0.0297913811192
0 0.311600017244 0.326880004861 0.0217914362583 0.0145276241722
0 0.481600013506 0.246320006632 0.0359753647142 0.0239835764761
0 0.438400014456 0.171100008285 0.0785774084077 0.0523849389384
0 0.43820001446 0.216320007291 0.0667887640587 0.0445258427058
0 0.38000001574 0.122000009365 0.052114520125 0.0347430134167
0 0.272400018106 0.16044000852 0.0558001966406 0.0372001310938
0 0.235600018915 0.281180005865 0.0234637127962 0.0156424751975
0 0.262800018317 0.314820005126 0.0252345273115 0.0168230182077
0 0.17760002019 0.334240004699 0.0202606349289 0.0135070899526
0 0.141600020981 0.29916000547 0.0217328675007 0.0144885783338
0 0.149800020801 0.125440009289 0.0323916888558 0.0215944592372
0 0.127000021302 0.206080007516 0.0258663179979 0.0172442119986
0 0.450600014188 0.264080006241 0.0336367696243 0.0224245130829
0 0.351600016364 0.243340006697 0.0286726716792 0.0191151144528
0 0.0202000236502 0.18680000794 0.0262634379188 0.0175089586125
0 0.178000020181 0.216940007278 0.104860830936 0.0699072206242
0 0.157200020638 0.0540600108586 0.0224232269446 0.0149488179631
0 0.200200019693 0.0506800109329 0.0286214240162 0.0190809493442
0 0.528200012482 0.0250800114958 0.0272911613215 0.0181941075477
0 0.591200011097 0.0443200110728 0.0376320097256 0.0250880064837
0 0.560800011765 0.0935000099915 0.0273764421815 0.0182509614543
0 0.41640001494 0.0822800102382 0.0429526647696 0.0286351098464
0 0.283400017864 0.0958600099396 0.113592720378 0.0757284802522
0 0.380200015736 0.0705400104963 0.0199285144569 0.0132856763046
0 0.561600011747 0.107900009675 0.0254881933497 0.0169921288998
0 0.71020000848 0.0303200113806 0.0559108045309 0.0372738696873
0 0.629400010257 0.0435400110899 0.0204705722662 0.0136470481775
0 0.564600011681 0.0105800118146 0.0199331643414 0.0132887762276
0 0.835600005723 0.0580400107711 0.0229314494244 0.0152876329496
0 0.795200006612 0.101440009817 0.0247589529568 0.0165059686379
0 0.976800002619 0.0853800101701 0.0247530169341 0.0165020112894
0 0.964600002887 0.102280009799 0.0313297343887 0.0208864895925
0 0.959200003006 0.0720800104625 0.0240487078367 0.0160324718911
0 0.989800002333 0.0196200116158 0.0288945799957 0.0192630533305
0 0.988200002368 0.114200009536 0.021109782981 0.014073188654
0 0.738800007852 0.302680005393 0.0316369235652 0.0210912823768
0 0.788200006766 0.27140000608 0.0205316143667 0.0136877429111
0 0.451600014166 0.0857400101621 0.046078376474 0.0307189176494
