0 0.264200018286 0.24548000665 0.613990532835 0.40932702189
0 0.565800011655 0.152480008695 0.118232711482 0.0788218076548
0 0.586600011198 0.196340007731 0.147000656326 0.0980004375508
0 0.65520000969 0.236340006851 0.0788206864061 0.0525471242707
0 0.754600007504 0.346680004425 0.134609208869 0.0897394725791
0 0.92720000371 0.39470000337 0.108605471944 0.072403647963
0 0.694600008823 0.523340000541 0.656805086143 0.437870057428
0 0.726800008115 0.466400001793 0.388731331456 0.259154220971
0 0.425800014733 0.645399997858 0.249258541294 0.166172360862
0 0.79300000666 0.216680007283 0.200412988888 0.133608659259
0 0.889800004532 0.257620006383 0.111612067459 0.0744080449729
0 0.897800004356 0.300880005432 0.119649442241 0.0797662948276
0 0.322800016997 0.84317999351 0.258226882308 0.172151254872
0 0.252800018536 0.95777999099 0.0281515878168 0.0187677252112
0 0.0854000222168 0.959199990959 0.0225299764201 0.0150199842801
0 0.484000013453 0.913259991969 0.0930278642843 0.0620185761895
0 0.529000012464 0.902779992199 0.0696252925223 0.0464168616815
0 0.591400011092 0.950659991147 0.0218482242091 0.0145654828061
0 0.638200010063 0.849139993379 0.024081257028 0.016054171352
0 0.57240001151 0.858259993178 0.0204569194139 0.013637946276
0 0.609200010701 0.895819992352 0.129347914052 0.0862319427013
0 0.630800010226 0.962919990877 0.0229980318127 0.0153320212085
0 0.805800006379 0.982519990446 0.0218849286164 0.0145899524109
0 0.902400004255 0.955559991039 0.0345705060004 0.0230470040003
0 0.929200003666 0.859579993149 0.0288691540317 0.0192461026878
0 0.889800004532 0.893699992399 0.0240191266567 0.0160127511045
0 0.859800005191 0.884779992595 0.02092240253 0.0139482683533
0 0.832600005789 0.869339992934 0.0342096947519 0.0228064631679
0 0.865200005073 0.82313999395 0.0254725618232 0.0169817078821
0 0.830000005847 0.829699993806 0.0321035938858 0.0214023959239
0 0.86260000513 0.776859994968 0.0232786078206 0.0155190718804
0 0.902800004246 0.739519995789 0.0235769918967 0.0157179945978
0 0.872000004923 0.797779994508 0.0241509063614 0.0161006042409
0 0.791600006691 0.904939992152 0.0243979438409 0.0162652958939
0 0.783400006871 0.741519995745 0.0335700883023 0.0223800588682
0 0.69520000881 0.750999995536 0.0304722759048 0.0203148506032
0 0.863200005117 0.741399995747 0.0834958979115 0.055663931941
0 0.834600005745 0.71853999625 0.0537095294337 0.0358063529558
0 0.727600008098 0.70441999656 0.0371664276758 0.0247776184505
0 0.750400007597 0.674799997211 0.0426129264018 0.0284086176012
0 0.773400007091 0.636759998048 0.0233484550215 0.015565636681
0 0.588200011163 0.793979994591 0.0695728576548 0.0463819051032
0 0.527000012508 0.815339994122 0.0278997025855 0.0185998017236
0 0.529600012451 0.711839996397 0.0346726055915 0.0231150703943
0 0.43460001454 0.766959995185 0.0350860495749 0.0233906997166
0 0.26400001829 0.667019997383 0.068775847669 0.0458505651127
0 0.255400018479 0.712359996386 0.0226230730434 0.0150820486956
0 0.236000018906 0.736039995865 0.024141408725 0.0160942724834
0 0.291800017679 0.643399997902 0.0205685166413 0.0137123444276
0 0.246200018682 0.769079995139 0.0502343838577 0.0334895892384
0 0.229400019051 0.668899997341 0.0881542906858 0.0587695271239
0 0.270000018158 0.59433999898 0.101223038337 0.0674820255583
0 0.188800019944 0.631939998154 0.12473463505 0.0831564233669
0 0.144600020915 0.618159998457 0.0207640096567 0.0138426731045
0 0.0972000219573 0.650419997747 0.0334817404973 0.0223211603315
0 0.0396000232237 0.663819997453 0.0267451461637 0.0178300974425
0 0.1726000203 0.675739997191 0.0399335046733 0.0266223364489
0 0.0152000237601 0.589139999095 0.0227678130644 0.0151785420429
0 0.167200020418 0.710439996428 0.0301709238173 0.0201139492115
0 0.211400019447 0.714559996337 0.024117367833 0.016078245222
0 0.190000019917 0.797619994511 0.030293403753 0.020195602502
0 0.034400023338 0.680179997093 0.088078606396 0.0587190709307
0 0.324200016967 0.790499994668 0.0267160596523 0.0178107064349
0 0.117800021504 0.749699995565 0.25811607655 0.172077384367
0 0.429200014658 0.93095999158 0.0468813224825 0.0312542149884
0 0.279600017947 0.913779991957 0.0237179724367 0.0158119816244
0 0.201000019675 0.866339993 0.0233461795461 0.0155641196974
0 0.172800020295 0.820319994012 0.0257587770527 0.0171725180351
0 0.122200021408 0.874519992821 0.030627601833 0.020418401222
0 0.0814000223047 0.92185999178 0.027936308059 0.0186242053727
0 0.0794000223487 0.819299994035 0.0465868957549 0.0310579305033
0 0.0112000238481 0.788079994721 0.0279730124662 0.0186486749775
0 0.087800022164 0.539600000184 0.0283550944629 0.0189033963086
0 0.0908000220981 0.590079999074 0.0427434199683 0.0284956133122
0 0.201400019666 0.560779999718 0.0634499491382 0.0422999660921
0 0.226600019112 0.572859999453 0.0932822228585 0.0621881485723
0 0.218400019293 0.498200001094 0.0215529070781 0.0143686047187
0 0.232400018985 0.432120002547 0.0269480592075 0.017965372805
0 0.450000014201 0.505900000925 0.0220284814328 0.0146856542885
0 0.367200016021 0.512180000787 0.0257532367648 0.0171688245099
0 0.340600016606 0.478920001518 0.0206260960619 0.0137507307079
0 0.258000018422 0.491620001239 0.0293458166572 0.0195638777715
0 0.757400007443 0.587419999133 0.0261435302596 0.017429020173
0 0.938400003463 0.532880000332 0.0240077492798 0.0160051661865
0 0.978800002575 0.535920000265 0.0383306796014 0.0255537864009
0 0.943000003362 0.481140001469 0.0271252494861 0.0180834996574
0 0.925400003749 0.474580001613 0.0210170820926 0.0140113880617
0 0.867400005024 0.527320000454 0.091284553341 0.060856368894
0 0.809600006295 0.540920000155 0.078972648588 0.052648432392
0 0.81800000611 0.628639998226 0.01994325558 0.01329550372
0 0.864000005099 0.593339999002 0.0590691643604 0.0393794429069
0 0.87940000476 0.578399999331 0.0224597334845 0.0149731556563
0 0.976600002623 0.489020001296 0.0429076499306 0.0286050999537
0 0.988800002355 0.379460003705 0.0312662189454 0.0208441459636
0 0.973400002694 0.275200005997 0.0208029895393 0.0138686596929
0 0.928200003688 0.281260005864 0.0913834870532 0.0609223247022
0 0.843600005548 0.323500004935 0.0316818394706 0.0211212263137
0 0.848800005433 0.2977800055 0.0670606339 0.0447070892666
0 0.665600009461 0.392200003425 0.0479290304951 0.0319526869968
0 0.699400008718 0.445360002256 0.0592059896844 0.0394706597896
0 0.73340000797 0.411720002995 0.0713655365205 0.047577024347
0 0.805800006379 0.295680005547 0.0474461350457 0.0316307566971
0 0.770400007157 0.269300006127 0.0425816633488 0.0283877755658
0 0.729200008063 0.266320006192 0.0275660981078 0.0183773987385
0 0.725000008155 0.288160005712 0.0307223803293 0.0204815868862
0 0.662200009536 0.275860005982 0.0360829056594 0.0240552704396
0 0.647600009857 0.295360005554 0.0439005486666 0.0292670324444
0 0.611800010644 0.271300006083 0.0279625254927 0.0186416836618
0 0.62380001038 0.285660005767 0.0259299323749 0.0172866215832
0 0.528800012469 0.407160003096 0.0291539841892 0.0194359894595
0 0.486600013396 0.416340002894 0.019886170828 0.0132574472187
0 0.525200012548 0.363140004063 0.0258128937933 0.0172085958622
0 0.579800011347 0.312160005184 0.0207185990828 0.0138123993885
0 0.540800012205 0.312660005173 0.0237734742492 0.0158489828328
0 0.5228000126 0.31552000511 0.0241110360754 0.0160740240503
0 0.519600012671 0.278280005929 0.0462406277621 0.0308270851747
0 0.253600018519 0.389620003481 0.0963084072484 0.0642056048322
0 0.318800017085 0.317860005059 0.0221932060637 0.0147954707091
0 0.327000016905 0.333960004705 0.0392835101839 0.0261890067893
0 0.36500001607 0.366860003982 0.0204919419481 0.013661294632
0 0.311800017239 0.478420001529 0.0237936567265 0.0158624378177
0 0.140200021012 0.447680002205 0.0306499608519 0.0204333072346
0 0.0380000232589 0.387820003521 0.0239209844142 0.0159473229428
0 0.136400021096 0.399280003269 0.0313959210422 0.0209306140281
0 0.125200021342 0.371900003871 0.0426729791652 0.0284486527768
0 0.120000021456 0.344420004475 0.0204799709689 0.0136533139793
0 0.0942000220233 0.28368000581 0.021445662934 0.0142971086227
0 0.0328000233732 0.352000004308 0.0210995928086 0.0140663952058
0 0.030400023426 0.182840008027 0.0225985374827 0.0150656916551
0 0.0282000234743 0.239960006772 0.0263106292995 0.017540419533
0 0.0216000236194 0.0754000103895 0.0201910845292 0.0134607230194
0 0.0422000231665 0.0856600101639 0.0235359344062 0.0156906229374
0 0.0398000232193 0.062140010681 0.0456391107917 0.0304260738611
0 0.0556000228719 0.0428000111062 0.0244992519622 0.0163328346415
0 0.0160000237426 0.0253600114896 0.0211550946212 0.0141033964141
0 0.0660000226433 0.0656000106049 0.0348796738512 0.0232531159008
0 0.15120002077 0.0623000106775 0.0211537095492 0.0141024730328
0 0.238400018853 0.254500006452 0.0277464542652 0.0184976361768
0 0.251000018576 0.272960006046 0.0334497849082 0.0222998566055
0 0.24900001862 0.110820009611 0.0217433544741 0.0144955696494
0 0.284800017833 0.0376600112192 0.0252025717225 0.0168017144817
0 0.320200017055 0.0268400114571 0.0255508183896 0.0170338789264
0 0.309600017288 0.0735600104299 0.0235881714062 0.0157254476041
0 0.340400016611 0.0110000118053 0.0225793443425 0.0150528962284
0 0.397200015362 0.0810000102664 0.055274759695 0.0368498397966
0 0.364200016087 0.0746600104057 0.0202829939478 0.0135219959652
0 0.39820001534 0.105960009718 0.0333269092376 0.0222179394917
0 0.43460001454 0.0542800108538 0.0504128602745 0.0336085735164
0 0.479200013559 0.102320009798 0.0625830919516 0.041722061301
0 0.437200014482 0.153700008668 0.020883917316 0.013922611544
0 0.302000017455 0.0378800112144 0.0302655044462 0.0201770029641
0 0.232000018994 0.0591800107461 0.0347192033699 0.0231461355799
0 0.42640001472 0.221980007167 0.0272175546396 0.0181450364264
0 0.369200015977 0.150500008738 0.0252653946298 0.0168435964198
0 0.518200012702 0.214180007338 0.0440240179395 0.029349345293
0 0.459000014003 0.177460008146 0.0416964044917 0.0277976029944
0 0.425200014746 0.190600007857 0.0514993503023 0.0343329002015
0 0.447000014267 0.142320008918 0.0322150921795 0.0214767281197
0 0.60380001082 0.0802400102831 0.0320228639766 0.0213485759844
0 0.693800008841 0.189200007888 0.0200557432108 0.0133704954739
0 0.709200008502 0.211200007404 0.0300556660425 0.020037110695
0 0.562000011739 0.253700006469 0.0523324710931 0.034888314062
0 0.592000011079 0.26230000628 0.0360651965249 0.0240434643499
0 0.676600009219 0.187560007924 0.0729146405867 0.0486097603911
0 0.633600010164 0.132840009127 0.0507516093052 0.0338344062035
0 0.641200009997 0.0651600106146 0.0337684503953 0.0225123002636
0 0.580800011325 0.079880010291 0.0472238309943 0.0314825539962
0 0.638200010063 0.0214600115754 0.0370064518631 0.0246709679087
0 0.538800012249 0.0482400109866 0.0338671862401 0.0225781241601
0 0.521400012631 0.0339800113001 0.0208100138329 0.0138733425553
0 0.687800008973 0.0735800104295 0.0517049345563 0.0344699563709
0 0.725200008151 0.0963800099282 0.0287871379842 0.0191914253228
0 0.723800008181 0.142580008912 0.0320955802551 0.0213970535034
0 0.679000009166 0.146060008836 0.0251896114062 0.0167930742708
0 0.77980000695 0.127940009234 0.0484952281303 0.0323301520868
0 0.780400006937 0.113340009555 0.0452091448783 0.0301394299189
0 0.779000006968 0.0993600098627 0.0326547535967 0.0217698357311
0 0.755000007495 0.100120009846 0.0361400893451 0.0240933928967
0 0.702200008656 0.112160009581 0.0226119924676 0.0150746616451
0 0.778800006972 0.162580008473 0.0341667575208 0.0227778383472
0 0.656600009659 0.139380008983 0.0379061550422 0.0252707700281
0 0.698200008744 0.136080009055 0.0240354507192 0.0160236338128
0 0.823800005983 0.148380008785 0.0275325595794 0.0183550397196
0 0.850200005402 0.191880007829 0.0406432551249 0.0270955034166
0 0.862800005125 0.165120008417 0.037644574307 0.0250963828714
0 0.862200005139 0.115160009515 0.0338153449749 0.0225435633166
0 0.931800003608 0.110600009616 0.0200802787715 0.0133868525143
0 0.840600005613 0.0584800107615 0.0244429586799 0.0162953057866
0 0.887400004585 0.0690000105302 0.0232170710516 0.0154780473677
0 0.915000003978 0.036120011253 0.0268619868778 0.0179079912519
0 0.945800003301 0.0353200112706 0.0371236883121 0.0247491255414
0 0.722800008203 0.226300007072 0.023923457757 0.015948971838
0 0.715400008366 0.245440006651 0.0351109808704 0.0234073205803
0 0.737800007874 0.243620006691 0.0271127838383 0.0180751892256
0 0.84440000553 0.156220008613 0.0227048912234 0.0151365941489
0 0.987400002386 0.0253600114896 0.0303607776111 0.0202405184074
0 0.228400019073 0.0129400117627 0.0256284813537 0.0170856542358
0 0.117000021522 0.020520011596 0.0329526430042 0.0219684286695
0 0.728200008085 0.818659994049 0.245838402862 0.163892268574
0 0.493800013238 0.158300008567 0.129115419828 0.0860769465521
