0 0.437199999348 0.820340004147 0.113818296749 0.0758788644995
0 0.146199986552 0.574979993359 0.259757403969 0.173171602646
0 0.0153999808009 0.867100006203 0.0397349473336 0.0264899648891
0 0.0621999828587 0.849620005435 0.0600825463376 0.0400550308917
0 0.0207999810384 0.944840009622 0.0332063112326 0.0221375408217
0 0.0865999839316 0.92252000864 0.0233864471094 0.0155909647396
0 0.160799987194 0.874940006548 0.0244523589954 0.0163015726636
0 0.148999986675 0.866640006183 0.0333270103694 0.022218006913
0 0.0495999823047 0.733100000311 0.022284820151 0.0148565467674
0 0.0371999817595 0.821280004189 0.0326522824075 0.0217681882717
0 0.047399982208 0.797460003141 0.0240039913819 0.0160026609213
0 0.237399990562 0.928180008889 0.0209507978873 0.0139671985915
0 0.218799989745 0.871260006386 0.0276257569584 0.0184171713056
0 0.464800000561 0.939760009398 0.0415077406401 0.0276718270934
0 0.385799997088 0.888980007166 0.0357719593612 0.0238479729075
0 0.378199996753 0.874440006526 0.0264241080103 0.0176160720069
0 0.367999996305 0.865300006124 0.0228001658921 0.0152001105947
0 0.330999994678 0.877140006645 0.0401130720067 0.0267420480045
0 0.301799993394 0.902860007776 0.0221171274977 0.0147447516652
0 0.326599994485 0.941280009465 0.0291246027976 0.0194164018651
0 0.350199995522 0.983260011311 0.04974644607 0.03316429738
0 0.217399989683 0.977220011046 0.0303432683453 0.0202288455635
0 0.433399999181 0.96412001047 0.0323099717406 0.0215399811604
0 0.407199998029 0.942600009523 0.0317141928862 0.0211427952575
0 0.232399990343 0.900800007685 0.0321102245624 0.0214068163749
0 0.359599995936 0.916200008362 0.0741254951798 0.0494169967865
0 0.688600010402 0.923960008704 0.0226905473317 0.0151270315544
0 0.643800008432 0.896700007505 0.0245848312448 0.0163898874965
0 0.528400003358 0.857420005778 0.0240924381265 0.0160616254177
0 0.482800001353 0.869280006299 0.0397013098692 0.0264675399128
0 0.499400002083 0.84838000538 0.0246798076148 0.0164532050765
0 0.536000003692 0.927220008847 0.0211008803386 0.0140672535591
0 0.734400012416 0.937140009283 0.0468911200128 0.0312607466752
0 0.778600014359 0.94458000961 0.0205175671328 0.0136783780885
0 0.751400013163 0.878380006699 0.0255727833604 0.0170485222402
0 0.703600011061 0.900040007652 0.060092241842 0.0400614945613
0 0.664800009355 0.911420008152 0.0240390139184 0.0160260092789
0 0.624800007597 0.883420006921 0.025028351106 0.016685567404
0 0.617800007289 0.919600008512 0.0391821057132 0.0261214038088
0 0.60760000684 0.830040004574 0.0265275926801 0.0176850617867
0 0.580800005662 0.814080003872 0.0284342433081 0.0189561622054
0 0.639800008256 0.781780002452 0.0384804677797 0.0256536451865
0 0.691400010525 0.818920004085 0.0350346063553 0.0233564042368
0 0.772600014095 0.852080005543 0.0267876894267 0.0178584596178
0 0.841600017129 0.869880006326 0.0304167760984 0.0202778507322
0 0.906800019996 0.879500006749 0.0276417842208 0.0184278561472
0 0.878400018747 0.871040006377 0.0327084767597 0.0218056511732
0 0.800400015318 0.883940006944 0.0284248446048 0.0189498964032
0 0.738800012609 0.790280002826 0.0347578887439 0.0231719258293
0 0.836800016918 0.822640004249 0.0323628023464 0.0215752015643
0 0.83320001676 0.85134000551 0.0304416084618 0.0202944056412
0 0.653400008854 0.734740000384 0.0394483363504 0.0262988909002
0 0.785400014658 0.783060002508 0.0348765102727 0.0232510068485
0 0.801400015362 0.765280001726 0.0219461700317 0.0146307800211
0 0.635400008063 0.841180005064 0.0380328916361 0.0253552610907
0 0.980600023241 0.965580010534 0.051047325538 0.0340315503586
0 0.615600007192 0.809600003675 0.0364085978414 0.0242723985609
0 0.637800008168 0.793900002985 0.0392337491144 0.0261558327429
0 0.986400023496 0.900040007652 0.0288501606618 0.0192334404412
0 0.965800022591 0.835160004799 0.0210707055544 0.0140471370363
0 0.935800021271 0.799620003236 0.0202178968987 0.0134785979324
0 0.914600020339 0.787140002688 0.0233809068212 0.0155872712141
0 0.385999997096 0.76196000158 0.0251082895508 0.0167388597005
0 0.518800002936 0.766200001767 0.0312746303737 0.0208497535825
0 0.495000001889 0.756560001343 0.0242824898003 0.0161883265335
0 0.485800001485 0.735480000416 0.0425135997588 0.0283423998392
0 0.365399996191 0.791400002875 0.0217471153896 0.0144980769264
0 0.334199994819 0.77810000229 0.0241366614988 0.0160911076659
0 0.295399993113 0.711979999383 0.0272791921415 0.0181861280944
0 0.317999994106 0.696999998724 0.0324223604451 0.0216149069634
0 0.381999996921 0.657919997006 0.0258853149779 0.0172568766519
0 0.414799998363 0.663739997262 0.0199910418815 0.0133273612544
0 0.473400000939 0.702859998982 0.0262994515247 0.0175329676831
0 0.541400003929 0.726880000038 0.0254754325811 0.0169836217207
0 0.451599999981 0.646899996521 0.0553624186155 0.036908279077
0 0.517200002865 0.647159996533 0.0490973419412 0.0327315612941
0 0.507600002443 0.620659995367 0.0246193591126 0.0164129060751
0 0.394999997492 0.589259993987 0.0308369476019 0.020557965068
0 0.451599999981 0.615519995141 0.0224531064066 0.0149687376044
0 0.482400001335 0.611059994945 0.0212900416089 0.0141933610726
0 0.588000005978 0.665479997338 0.021064175929 0.0140427839526
0 0.581800005706 0.647679996555 0.0433576033135 0.0289050688757
0 0.565000004967 0.628079995694 0.0301167101293 0.0200778067529
0 0.650400008722 0.711479999361 0.0425199315168 0.0283466210112
0 0.552800004431 0.693159998555 0.0201681332381 0.0134454221588
0 0.566800005046 0.685919998237 0.0261305716667 0.0174203811112
0 0.657800009048 0.628939995731 0.0309368706579 0.0206245804386
0 0.54620000414 0.746240000889 0.0428677824719 0.028578521648
0 0.568000005099 0.790020002814 0.0333850844624 0.0222567229749
0 0.567200005064 0.772320002036 0.0451456324127 0.0300970882751
0 0.382599996947 0.682039998066 0.0226602736137 0.0151068490758
0 0.341199995127 0.668239997459 0.0334286152986 0.0222857435324
0 0.229399990211 0.664939997314 0.0231944167613 0.0154629445075
0 0.36059999598 0.751080001102 0.033026746533 0.022017831022
0 0.298199993236 0.787500002703 0.0210174792137 0.0140116528091
0 0.419799998583 0.689379998389 0.041044137234 0.027362758156
0 0.319999994194 0.725319999969 0.0274907124323 0.0183271416215
0 0.188199988399 0.763020001627 0.0231751246862 0.0154500831241
0 0.257599991451 0.632059995869 0.0419087190023 0.0279391460015
0 0.310199993763 0.638959996172 0.0285202167097 0.0190134778065
0 0.329599994616 0.652359996761 0.022990514367 0.015327009578
0 0.160399987177 0.651179996709 0.0253339573633 0.0168893049088
0 0.16979998759 0.667259997416 0.0377257024393 0.0251504682929
0 0.0335999816012 0.647259996537 0.0256283841103 0.0170855894069
0 0.0243999811967 0.628479995711 0.0269176883332 0.0179451255555
0 0.0161999808361 0.609199994863 0.0353128079724 0.0235418719816
0 0.0757999834567 0.458139988221 0.0199029908718 0.0132686605812
0 0.048399982252 0.142759974354 0.0427164138822 0.0284776092548
0 0.019199980968 0.127919973701 0.0199396952815 0.0132931301877
0 0.0501999823311 0.171039975597 0.0329624396158 0.0219749597439
0 0.102799984644 0.166199975385 0.0345936587707 0.0230624391805
0 0.10019998453 0.229739978178 0.0435003646697 0.0290002431131
0 0.208999989314 0.280599980415 0.0220122577558 0.0146748385039
0 0.0649999829819 0.262419979615 0.0473158424674 0.0315438949783
0 0.332199994731 0.353179983606 0.0261138518683 0.0174092345788
0 0.284599992638 0.362759984027 0.0279607465301 0.0186404976867
0 0.0299999814429 0.408839986054 0.0245958128876 0.0163972085917
0 0.03379998161 0.365399984143 0.0487210970087 0.0324807313392
0 0.203199989059 0.396059985492 0.0488804792297 0.0325869861531
0 0.18479998825 0.464119988484 0.0212239538848 0.0141493025898
0 0.17139998766 0.369359984318 0.020477400043 0.0136516000287
0 0.141199986332 0.343659983188 0.0448148969909 0.0298765979939
0 0.179199988003 0.4940399898 0.025920832183 0.0172805547886
0 0.369599996375 0.554859992474 0.0204367382846 0.0136244921897
0 0.490600001696 0.513879990672 0.0325820394672 0.0217213596448
0 0.390599997299 0.487359989506 0.0375897675097 0.0250598450065
0 0.42359999875 0.469759988732 0.022742487534 0.015161658356
0 0.427999998943 0.436999987292 0.0276394098116 0.0184262732077
0 0.359999995953 0.399179985629 0.0258845235082 0.0172563490054
0 0.325799994449 0.385939985047 0.0335066740027 0.0223377826685
0 0.237399990562 0.446399987705 0.0246470605539 0.0164313737026
0 0.20459998912 0.480339989197 0.025659449298 0.017106299532
0 0.136799986139 0.443859987593 0.0656625070095 0.043775004673
0 0.121599985471 0.468299988668 0.0263851281251 0.0175900854167
0 0.517400002874 0.400939985706 0.0596217130756 0.0397478087171
0 0.539200003833 0.347979983377 0.0285889756442 0.0190593170962
0 0.502800002232 0.304199981452 0.0330011226998 0.0220007484666
0 0.435999999295 0.289699980815 0.0206285707652 0.0137523805102
0 0.473400000939 0.270799979984 0.0220190841824 0.014679389455
0 0.520000002988 0.289959980826 0.0253624502743 0.0169083001828
0 0.605000006726 0.37873998473 0.0319730034945 0.021315335663
0 0.780800014456 0.371839984427 0.021370573656 0.014247049104
0 0.634800008036 0.542919991949 0.046466793293 0.0309778621954
0 0.68560001027 0.611759994976 0.0201073879348 0.0134049252899
0 0.831400016681 0.465919988563 0.0226363316538 0.0150908877692
0 0.882000018906 0.50449999026 0.0230869747427 0.0153913164952
0 0.827200016496 0.503839990231 0.0335014305156 0.0223342870104
0 0.740200012671 0.478599989121 0.0721464250696 0.0480976167131
0 0.697000010771 0.42899998694 0.0710951553741 0.0473967702494
0 0.738400012592 0.542639991937 0.041028307839 0.027352205226
0 0.773400014131 0.556219992534 0.0242133351308 0.0161422234206
0 0.786000014685 0.53429999157 0.0245707826567 0.0163805217712
0 0.364799996164 0.44151998749 0.0487890644735 0.0325260429823
0 0.950200021905 0.672619997652 0.0352027936772 0.0234685291181
0 0.963000022467 0.635439996017 0.0407591091902 0.0271727394602
0 0.882800018941 0.620779995373 0.0264554699991 0.0176369799994
0 0.901000019741 0.66119999715 0.0209926468503 0.0139950979002
0 0.97580002303 0.766240001769 0.0357318912051 0.0238212608034
0 0.806400015582 0.443499987578 0.0205123236457 0.0136748824305
0 0.617000007254 0.285079980612 0.031593592683 0.021062395122
0 0.646800008564 0.356819983766 0.0481824029101 0.0321216019401
0 0.489800001661 0.329739982575 0.0265857657068 0.0177238438045
0 0.471400000851 0.343339983173 0.072219833889 0.048146555926
0 0.405399997949 0.253059979204 0.0292246247873 0.0194830831915
0 0.429199998996 0.235119978415 0.0337941753894 0.0225294502596
0 0.423199998732 0.217219977628 0.0557274840377 0.0371516560251
0 0.604800006717 0.250299979082 0.0306260209135 0.0204173472757
0 0.540600003894 0.244919978846 0.0213454444914 0.0142302963276
0 0.521000003032 0.216399977592 0.0213593941457 0.0142395960972
0 0.711600011413 0.253539979225 0.0475318147755 0.031687876517
0 0.580400005644 0.208379977239 0.0336894045813 0.0224596030542
0 0.625000007605 0.1733799757 0.031232682477 0.020821788318
0 0.617400007271 0.155279974904 0.0357398059026 0.0238265372684
0 0.582400005732 0.159099975072 0.0213467306297 0.0142311537532
0 0.752800013225 0.139499974211 0.0579878227102 0.0386585484735
0 0.514600002751 0.161579975181 0.0298875796367 0.0199250530911
0 0.484200001414 0.175439975791 0.0636618693487 0.0424412462324
0 0.112399985066 0.191259976486 0.0220795326846 0.0147196884564
0 0.111199985013 0.214419977505 0.0239555138598 0.0159703425732
0 0.0557999825773 0.192419976537 0.0497777091251 0.0331851394167
0 0.110999985005 0.143499974386 0.0350216460381 0.0233477640254
0 0.116599985251 0.108539972849 0.0205451696403 0.0136967797602
0 0.104599984723 0.122339973456 0.0389379372953 0.0259586248635
0 0.139799986271 0.0587199706586 0.0412075757374 0.0274717171583
0 0.16979998759 0.107259972793 0.0428604613767 0.0285736409178
0 0.0835999837997 0.0218799690387 0.0385972095679 0.0257314730452
0 0.351799995593 0.312119981801 0.0246355842425 0.0164237228283
0 0.202199989015 0.0353199696297 0.0340597134906 0.0227064756604
0 0.524400003182 0.0442399700219 0.0230157424652 0.0153438283102
0 0.533400003578 0.0665399710024 0.0300251964395 0.0200167976263
0 0.598000006418 0.0351599696226 0.0395821936719 0.0263881291146
0 0.756200013374 0.026639969248 0.0218452576386 0.0145635050924
0 0.647600008599 0.0201199689613 0.0318742676431 0.0212495117621
0 0.61420000713 0.0677999710578 0.0235351444887 0.0156900963258
0 0.509400002522 0.102099972566 0.0571513381181 0.0381008920787
0 0.822000016268 0.0862399718686 0.061379765258 0.0409198435053
0 0.815400015977 0.116039973179 0.0486270110422 0.0324180073615
0 0.800600015327 0.151299974729 0.053542137124 0.0356947580827
0 0.974400022969 0.166739975408 0.0302971652324 0.0201981101549
0 0.926800020876 0.253259979213 0.0403849418659 0.0269232945773
0 0.925800020832 0.230139978196 0.0281171607395 0.0187447738263
0 0.91120002019 0.218379977679 0.0220799284195 0.0147199522797
0 0.907200020014 0.208479977244 0.0230247454336 0.0153498302891
0 0.949200021861 0.211299977368 0.0407191399679 0.0271460933119
0 0.97420002296 0.228239978112 0.0370991551984 0.0247327701323
0 0.876200018651 0.232459978298 0.0404386628752 0.0269591085834
0 0.888200019178 0.249239979036 0.0285899649814 0.0190599766543
0 0.799200015265 0.210419977329 0.0284558108588 0.0189705405725
0 0.848800017446 0.032439969503 0.0459484795404 0.0306323196936
0 0.84820001742 0.0554799705161 0.0770323657044 0.0513549104696
0 0.591800006146 0.134859974006 0.0518404771613 0.0345603181075
0 0.588200005987 0.110519972936 0.0675004976366 0.0450003317577
0 0.610200006955 0.0879399719434 0.0200136977031 0.0133424651354
0 0.581800005706 0.0781999715151 0.0307248556986 0.0204832371324
0 0.986400023496 0.280159980395 0.0287051238301 0.01913674922
0 0.944800021667 0.285759980642 0.0367871182494 0.0245247454996
0 0.981600023285 0.193979976606 0.0309280655569 0.0206187103713
0 0.916000020401 0.0291999693606 0.0334772906882 0.0223181937922
0 0.934000021192 0.98960001159 0.0202569757176 0.0135046504784
0 0.0225999811175 0.0370999697079 0.0606485461426 0.0404323640951
