0 0.141799998992 0.519399978643 0.187139052718 0.124759368478
0 0.249599996622 0.0953999879645 0.22473287403 0.14982191602
0 0.89599998241 0.979239968533 0.0204721552056 0.0136481034704
0 0.819199984099 0.990039968296 0.0227836424583 0.0151890949722
0 0.901999982278 0.808319972291 0.0257068368538 0.0171378912358
0 0.927599981716 0.795559972571 0.0550503780356 0.0367002520237
0 0.972999980717 0.755759973446 0.0531495646224 0.0354330430816
0 0.883399982687 0.770819973115 0.0254284373875 0.0169522915917
0 0.974199980691 0.832179971766 0.0320996365373 0.0213997576916
0 0.93919998146 0.827379971872 0.0368300530542 0.0245533687028
0 0.951999981179 0.850519971363 0.0201114428908 0.0134076285939
0 0.925799981755 0.853059971307 0.0246273711195 0.016418247413
0 0.892399982489 0.825699971909 0.0260576557973 0.0173717705316
0 0.79139998471 0.841659971558 0.0271818395695 0.0181212263797
0 0.776999985026 0.858479971188 0.029189798193 0.019459865462
0 0.830399983852 0.859459971166 0.0209881934486 0.0139921289658
0 0.804399984424 0.871899970893 0.0204257552946 0.0136171701964
0 0.871199982955 0.871679970898 0.0376204344812 0.0250802896542
0 0.915399981984 0.89157997046 0.0351759803193 0.0234506535462
0 0.949799981227 0.902599970218 0.0246742656991 0.0164495104661
0 0.849999983422 0.90839997009 0.023028206595 0.01535213773
0 0.831599983826 0.88751997055 0.036689171448 0.024459447632
0 0.721199986253 0.87201997089 0.0319974380126 0.0213316253417
0 0.71679998635 0.891079970471 0.0282861376655 0.0188574251103
0 0.76999998518 0.895499970374 0.0467747708745 0.031183180583
0 0.780399984952 0.918519969868 0.0204009229328 0.0136006152885
0 0.714799986394 0.929299969631 0.0360592605022 0.0240395070014
0 0.68359998708 0.947719969226 0.0339884789713 0.0226589859809
0 0.631399988228 0.949179969194 0.0210628884014 0.0140419256009
0 0.654999987709 0.900799970258 0.0376398254888 0.0250932169926
0 0.599999988918 0.888499970528 0.040667988553 0.0271119923686
0 0.788799984767 0.950559969164 0.0242071996437 0.0161381330958
0 0.910199982098 0.94387996931 0.0260875337784 0.0173916891856
0 0.954799981118 0.95391996909 0.0294057704868 0.0196038469912
0 0.966999980849 0.943059969328 0.0203266237149 0.0135510824766
0 0.981399980533 0.93433996952 0.0238249197796 0.0158832798531
0 0.900199982318 0.920659969821 0.0363376599684 0.0242251066456
0 0.928999981685 0.92751996967 0.0463588535482 0.0309059023655
0 0.485799991429 0.850159971371 0.0383814325958 0.0255876217305
0 0.519199990694 0.859779971159 0.0404026483368 0.0269350988912
0 0.410199993091 0.846299971456 0.0398836420824 0.0265890947216
0 0.582799989296 0.84653997145 0.02761279482 0.01840852988
0 0.566399989657 0.865459971035 0.020683477615 0.0137889850766
0 0.616999988544 0.864359971059 0.0376991857162 0.0251327904775
0 0.640599988025 0.83607997168 0.0310259089584 0.0206839393056
0 0.664399987502 0.808499972287 0.0253004171639 0.0168669447759
0 0.686399987018 0.796859972543 0.0234575789061 0.0156383859374
0 0.756199985484 0.797279972533 0.0300260848626 0.0200173899084
0 0.810599984288 0.803979972386 0.0248922166672 0.0165948111115
0 0.810799984283 0.824539971934 0.0369814216339 0.0246542810893
0 0.852599983364 0.826939971881 0.0459482786424 0.0306321857616
0 0.740599985827 0.841499971561 0.0363139158775 0.0242092772516
0 0.675199987265 0.856339971235 0.0359059132482 0.0239372754988
0 0.68679998701 0.842539971538 0.0252274040843 0.0168182693895
0 0.842199983593 0.780299972907 0.0267438600254 0.0178292400169
0 0.553399989942 0.908319970092 0.0236115197623 0.0157410131749
0 0.405599993192 0.894159970404 0.0374037696515 0.0249358464343
0 0.432799992594 0.91205997001 0.0376059901593 0.0250706601062
0 0.465399991877 0.877799970763 0.0304596123896 0.0203064082597
0 0.517999990721 0.906279970137 0.0308243809866 0.0205495873244
0 0.481799991517 0.900799970258 0.0219632841164 0.014642189411
0 0.550599990004 0.970319968729 0.0216146417145 0.014409761143
0 0.593199989067 0.960079968954 0.0541431558944 0.0360954372629
0 0.52259999062 0.957159969018 0.0232278548263 0.0154852365508
0 0.60719998876 0.992439968243 0.0220511372529 0.0147007581686
0 0.540399990228 0.929159969634 0.0392908312786 0.0261938875191
0 0.560599989784 0.934419969518 0.0423546104792 0.0282364069861
0 0.485599991433 0.925919969705 0.0445506420897 0.0297004280598
0 0.41659999295 0.964539968856 0.0515619753422 0.0343746502281
0 0.464599991895 0.951519969142 0.0272333840336 0.0181555893557
0 0.415799992968 0.931959969572 0.0458279752484 0.0305519834989
0 0.330399994845 0.964019968868 0.0409204673866 0.0272803115911
0 0.346399994493 0.943959969309 0.038771923958 0.0258479493053
0 0.339999994634 0.90479997017 0.0405273048142 0.0270182032094
0 0.278999995975 0.908159970096 0.0227525772727 0.0151683848484
0 0.246399996692 0.95843996899 0.0297022748224 0.0198015165483
0 0.188999997954 0.958099968998 0.0285932279083 0.0190621519388
0 0.219599997281 0.935579969493 0.0213353518449 0.0142235678966
0 0.135399999132 0.962659968898 0.0253941073894 0.0169294049263
0 0.232399997 0.889899970497 0.0552788159772 0.0368525439848
0 0.299799995518 0.869439970947 0.0286024287435 0.019068285829
0 0.303399995439 0.884059970626 0.0216177086596 0.0144118057731
0 0.0668000006404 0.961039968933 0.0466739574217 0.0311159716145
0 0.040800001212 0.941439969364 0.0201916781314 0.0134611187543
0 0.0894000001436 0.980219968511 0.0245214131137 0.0163476087425
0 0.0338000013659 0.723579974154 0.0422899078314 0.0281932718876
0 0.10819999973 0.723959974145 0.0383416612435 0.0255611074956
0 0.17279999831 0.760719973337 0.0538339880437 0.0358893253624
0 0.15459999871 0.783059972846 0.026656006889 0.0177706712593
0 0.205599997589 0.787699972744 0.0279171149188 0.0186114099459
0 0.0130000018232 0.694979974783 0.0217540393151 0.0145026928767
0 0.0414000011989 0.650839975753 0.0816544447256 0.0544362964838
0 0.116599999546 0.822099971988 0.0419735178196 0.0279823452131
0 0.0586000008207 0.835239971699 0.0271660101755 0.0181106734504
0 0.220399997263 0.834439971717 0.0437489822194 0.0291659881463
0 0.330399994845 0.814839972147 0.0280345492353 0.0186896994902
0 0.339799994638 0.83611997168 0.0286009447378 0.0190672964919
0 0.321399995043 0.850959971353 0.0328236334435 0.0218824222956
0 0.271399996142 0.82199997199 0.0445366924363 0.0296911282908
0 0.356199994278 0.782779972852 0.0298317790517 0.0198878527012
0 0.38839999357 0.80287997241 0.0434763209085 0.028984213939
0 0.379199993772 0.759839973357 0.0341961408333 0.0227974272222
0 0.566999989643 0.7260199741 0.027213993026 0.0181426620173
0 0.610199988694 0.795659972569 0.0517678563973 0.0345119042649
0 0.725999986148 0.771579973098 0.024866493902 0.0165776626013
0 0.689999986939 0.766259973215 0.0423345269356 0.0282230179571
0 0.621199988452 0.76785997318 0.0315783548076 0.0210522365384
0 0.560399989789 0.760779973336 0.040894546754 0.0272630311693
0 0.730999986038 0.749179973591 0.0333351207357 0.0222234138238
0 0.530799990439 0.78015997291 0.0556431888393 0.0370954592262
0 0.448799992242 0.791479972661 0.0596723632039 0.0397815754692
0 0.295199995619 0.795119972581 0.0334392979347 0.0222928652898
0 0.279799995958 0.76603997322 0.03116906604 0.02077937736
0 0.256599996468 0.75557997345 0.0277098487917 0.0184732325278
0 0.293999995645 0.738859973818 0.0293389902311 0.0195593268207
0 0.412199993047 0.714259974359 0.0315363079799 0.0210242053199
0 0.514199990804 0.707059974517 0.0295014393866 0.0196676262577
0 0.505999990985 0.696639974746 0.0199120914607 0.0132747276404
0 0.577399989415 0.703099974604 0.0220072106847 0.0146714737898
0 0.461599991961 0.718239974271 0.0198894356406 0.0132596237604
0 0.387399993592 0.696079974758 0.0249350549646 0.0166233699764
0 0.456199992079 0.69325997482 0.0301529178817 0.0201019452544
0 0.0556000008867 0.817419972091 0.0310174995929 0.0206783330619
0 0.81139998427 0.766659973207 0.0393313941007 0.0262209294004
0 0.762399985347 0.738079973835 0.0229507414983 0.0153004943322
0 0.810799984283 0.741359973763 0.0385932496737 0.0257288331158
0 0.820799984064 0.707739974502 0.0488982840739 0.0325988560493
0 0.873199982912 0.74829997361 0.0436880390527 0.0291253593685
0 0.898799982349 0.722999974167 0.0245630642066 0.0163753761377
0 0.965399980884 0.708039974495 0.0214279537995 0.014285302533
0 0.955799981096 0.687919974938 0.0229561828525 0.0153041219016
0 0.98059998055 0.653179975702 0.0241328014921 0.0160885343281
0 0.808599984332 0.668979975354 0.0227450583105 0.015163372207
0 0.924799981777 0.734579973912 0.0299438709477 0.0199625806318
0 0.832999983795 0.682879975049 0.0287979217589 0.0191986145059
0 0.711199986473 0.721739974194 0.0379647237998 0.0253098158666
0 0.726399986139 0.703039974605 0.0657643054685 0.0438428703123
0 0.771599985145 0.719779974237 0.0382195770426 0.0254797180284
0 0.890799982525 0.705399974553 0.0239890508082 0.0159927005388
0 0.895599982419 0.690959974871 0.037064921687 0.0247099477914
0 0.886999982608 0.654659975669 0.0220439150919 0.0146959433946
0 0.873799982898 0.643739975909 0.028338572533 0.0188923816886
0 0.87779998281 0.621199976405 0.0213124981574 0.0142083321049
0 0.835999983729 0.618939976454 0.0266694618738 0.0177796412492
0 0.79819998456 0.630899976191 0.042336109875 0.02822407325
0 0.759399985413 0.664759975447 0.0235673953266 0.0157115968844
0 0.743799985756 0.637819976039 0.0213743317275 0.014249554485
0 0.688399986974 0.64505997588 0.034935769266 0.023290512844
0 0.713399986425 0.628639976241 0.0252731114593 0.0168487409729
0 0.669599987388 0.681799975072 0.0487093206835 0.0324728804557
0 0.570199989573 0.679379975126 0.0255275689672 0.0170183793115
0 0.597199988979 0.665839975423 0.0419055503593 0.0279370335729
0 0.643399987964 0.639079976012 0.0238769589122 0.0159179726082
0 0.651199987792 0.629819976215 0.0313690110725 0.0209126740483
0 0.833199983791 0.605119976758 0.0325906445512 0.0217270963674
0 0.850599983408 0.665559975429 0.0286143997227 0.0190762664818
0 0.883399982687 0.676539975188 0.0268649548892 0.0179099699261
0 0.970399980775 0.458619979979 0.0331224132544 0.0220816088363
0 0.951399981192 0.405179981154 0.0234621298568 0.0156414199046
0 0.914799981997 0.377279981767 0.0290664278539 0.0193776185693
0 0.941799981403 0.380399981699 0.0263162685211 0.0175441790141
0 0.895199982428 0.367639981979 0.0347479930802 0.0231653287201
0 0.933799981579 0.342759982526 0.0268095520103 0.0178730346736
0 0.959799981008 0.355499982246 0.0198614374 0.0132409582667
0 0.954399981126 0.365639982023 0.0254820594596 0.0169880396397
0 0.856999983268 0.360879982128 0.0223324057968 0.0148882705312
0 0.812599984244 0.362739982087 0.0363716931654 0.0242477954436
0 0.808199984341 0.396039981355 0.0229647900854 0.0153098600569
0 0.864799983096 0.399359981282 0.0291226222024 0.0194150814683
0 0.90919998212 0.404519981168 0.0366280304138 0.0244186869425
0 0.818999984103 0.442519980333 0.0221051550598 0.0147367700399
0 0.724199986187 0.401859981227 0.0268891936487 0.0179261290991
0 0.748599985651 0.439559980398 0.0260818945568 0.0173879297046
0 0.722799986218 0.436659980462 0.025577827293 0.017051884862
0 0.633399988184 0.443159980319 0.0375947117161 0.025063141144
0 0.636399988118 0.472899979665 0.0341522142651 0.0227681428434
0 0.606999988764 0.458339979985 0.0236428817491 0.0157619211661
0 0.591599989103 0.475539979607 0.0273923705091 0.0182615803394
0 0.532199990408 0.463759979866 0.0276281295454 0.0184187530303
0 0.770999985158 0.369279981943 0.0216035611388 0.0144023740925
0 0.577199989419 0.389179981506 0.0303373303213 0.0202248868808
0 0.607599988751 0.409179981066 0.0777842568367 0.0518561712244
0 0.873799982898 0.339799982591 0.04725489618 0.03150326412
0 0.808999984323 0.479419979522 0.0252893365881 0.0168595577254
0 0.777999985005 0.469759979734 0.0342990318941 0.0228660212627
0 0.741999985796 0.484619979407 0.0461111235328 0.0307407490219
0 0.666999987445 0.500679979054 0.0329343402675 0.021956226845
0 0.944799981337 0.543119978121 0.0296677469568 0.0197784979712
0 0.884799982656 0.511699978812 0.0265016702979 0.0176677801986
0 0.91099998208 0.498419979104 0.0284795530729 0.0189863687153
0 0.925599981759 0.481359979479 0.0612505537815 0.040833702521
0 0.932199981614 0.574919977422 0.036268010635 0.0241786737567
0 0.979999980563 0.567159977593 0.0199205008262 0.0132803338841
0 0.883999982674 0.585519977189 0.0221839062947 0.0147892708632
0 0.847599983474 0.57411997744 0.0234148395424 0.0156098930283
0 0.789599984749 0.582179977263 0.0435262824332 0.0290175216221
0 0.900399982314 0.546699978043 0.025632834437 0.0170885562913
0 0.90239998227 0.534959978301 0.0255105523687 0.0170070349125
0 0.854199983329 0.540999978168 0.0260745734621 0.0173830489748
0 0.767399985238 0.54451997809 0.0202883363683 0.0135255575789
0 0.720199986275 0.553819977886 0.024522006716 0.0163480044773
0 0.704399986623 0.56455997765 0.0226100137933 0.0150733425289
0 0.714399986403 0.531199978383 0.0281449592581 0.0187633061721
0 0.685199987045 0.529559978419 0.0324778601192 0.0216519067461
0 0.719599986288 0.501959979026 0.0291185659202 0.0194123772802
0 0.815599984178 0.509439978862 0.0198802348053 0.0132534898702
0 0.853799983338 0.515719978724 0.0246026376915 0.016401758461
0 0.533399990382 0.510379978841 0.0198040558469 0.0132027038979
0 0.545399990118 0.493279979217 0.0343731332445 0.022915422163
0 0.492799991275 0.491439979257 0.0323993067517 0.0215995378345
0 0.467199991838 0.504599978968 0.0424910400684 0.0283273600456
0 0.351199994388 0.51361997877 0.0265712206976 0.0177141471317
0 0.324799994968 0.526079978496 0.0344209182275 0.0229472788184
0 0.36199999415 0.536639978264 0.0206468721414 0.0137645814276
0 0.314599995192 0.557939977795 0.0332666586069 0.0221777724046
0 0.281799995914 0.569219977547 0.0255059024842 0.0170039349895
0 0.255199996498 0.584759977206 0.0366433651392 0.0244289100928
0 0.309599995302 0.590259977085 0.0358036157897 0.0238690771932
0 0.391999993491 0.588759977118 0.0216477845081 0.0144318563388
0 0.375999993843 0.576259977393 0.0238357035542 0.0158904690362
0 0.408999993117 0.554639977868 0.0253728366412 0.0169152244275
0 0.372799993913 0.550979977948 0.0215026487523 0.0143350991682
0 0.453799992132 0.55865997778 0.0306164223235 0.0204109482157
0 0.506599990971 0.56045997774 0.0323765519979 0.0215843679986
0 0.421999992831 0.53727997825 0.0447357470653 0.0298238313769
0 0.470999991754 0.541079978166 0.0322873137894 0.0215248758596
0 0.592399989085 0.533699978328 0.0464404738608 0.0309603159072
0 0.476799991626 0.45127998014 0.0232787067543 0.0155191378362
0 0.436799992506 0.466819979799 0.0452919523955 0.0301946349303
0 0.449199992233 0.431239980581 0.0325724407481 0.0217149604987
0 0.404599993214 0.430099980606 0.034238880197 0.0228259201313
0 0.323599994995 0.442959980323 0.0283899191296 0.0189266127531
0 0.266799996243 0.455059980057 0.0228632840967 0.0152421893978
0 0.231199997026 0.476259979591 0.0380297232488 0.0253531488325
0 0.280199995949 0.483999979421 0.0289503786094 0.0193002524063
0 0.305999995382 0.470119979726 0.0234884462243 0.0156589641495
0 0.326399994933 0.487359979347 0.030744145746 0.020496097164
0 0.565399989679 0.566199977614 0.0304367587021 0.020291172468
0 0.5825999893 0.593839977006 0.0249941183908 0.0166627455939
0 0.567999989621 0.580339977303 0.0264333071027 0.0176222047351
0 0.613199988628 0.564759977645 0.0293952835133 0.0195968556756
0 0.636599988113 0.567859977577 0.0237984055447 0.0158656036965
0 0.673399987304 0.568059977573 0.0224299544371 0.014953302958
0 0.644599987937 0.574839977424 0.0404938652194 0.0269959101463
0 0.710199986495 0.583279977238 0.0254036050258 0.0169357366838
0 0.684999987049 0.606099976737 0.022107133734 0.014738089156
0 0.638199988078 0.598499976904 0.0418635035316 0.0279090023544
0 0.607399988755 0.621919976389 0.0209955145434 0.0139970096956
0 0.533999990369 0.623139976362 0.0391307565322 0.0260871710215
0 0.514599990795 0.664759975447 0.0477106837922 0.0318071225281
0 0.452799992154 0.671519975298 0.0274049350906 0.0182699567271
0 0.442599992378 0.65687997562 0.0278203577483 0.0185469051655
0 0.499799991121 0.635199976097 0.0469462229978 0.0312974819985
0 0.474999991666 0.612279976601 0.0258335709391 0.0172223806261
0 0.532999990391 0.572379977478 0.0277325046118 0.0184883364079
0 0.224799997167 0.602219976822 0.0281022198944 0.0187348132629
0 0.174399998275 0.602099976825 0.0357792780965 0.0238528520644
0 0.179399998165 0.582779977249 0.0290713745395 0.0193809163597
0 0.118599999502 0.582879977247 0.0415789701752 0.0277193134502
0 0.0330000013835 0.602439976817 0.0213878856461 0.0142585904307
0 0.224799997167 0.647999975815 0.0404175873273 0.0269450582182
0 0.376799993825 0.682639975054 0.0213162576384 0.0142108384256
0 0.311599995258 0.683219975041 0.0270237434973 0.0180158289982
0 0.322199995025 0.671839975291 0.0210225234468 0.0140150156312
0 0.263399996318 0.698699974701 0.0397901497243 0.0265267664829
0 0.425999992743 0.628119976253 0.0301548965559 0.0201032643706
0 0.447199992277 0.580859977292 0.0282472567166 0.0188315044777
0 0.38519999364 0.62685997628 0.0317258649725 0.0211505766483
0 0.27879999598 0.604459976773 0.0242532038199 0.0161688025466
0 0.208599997523 0.628839976237 0.0242557760964 0.0161705173976
0 0.323999994986 0.627619976263 0.0231133885212 0.0154089256808
0 0.314999995184 0.612559976595 0.0213540503165 0.0142360335443
0 0.319199995091 0.654859975665 0.0198348242314 0.0132232161543
0 0.185399998033 0.696359974752 0.0781443755492 0.0520962503661
0 0.158199998631 0.659859975555 0.0199521596141 0.0133014397427
0 0.145999998899 0.638819976017 0.0491534341178 0.0327689560785
0 0.133999999163 0.618199976471 0.0620485531044 0.0413657020696
0 0.215399997373 0.672379975279 0.0368746721584 0.0245831147723
0 0.245199996718 0.736459973871 0.0288848844919 0.0192565896613
0 0.210199997488 0.728439974047 0.0321533575431 0.0214355716954
0 0.0676000006228 0.779099972933 0.0405140476967 0.0270093651312
0 0.128399999286 0.529759978415 0.0233338128321 0.0155558752214
0 0.0338000013659 0.511739978811 0.0314529068604 0.0209686045736
0 0.0874000001875 0.455979980037 0.0254298224595 0.016953214973
0 0.127599999304 0.459439979961 0.0219954375729 0.0146636250486
0 0.135999999119 0.443379980314 0.0316790693266 0.0211193795511
0 0.229599997061 0.445999980256 0.0368236223629 0.0245490815753
0 0.0182000017089 0.412059981003 0.0313728694872 0.0209152463248
0 0.026200001533 0.395639981364 0.0245275470039 0.0163516980026
0 0.0164000017485 0.369499981938 0.0278853571972 0.0185902381315
0 0.128599999282 0.419379980842 0.0404136299788 0.0269424199859
0 0.158399998627 0.408659981077 0.0220988233022 0.0147325488681
0 0.136599999106 0.395179981374 0.0241018352401 0.0160678901601
0 0.0830000002843 0.428599980639 0.025337517306 0.016891678204
0 0.0578000008383 0.442359980336 0.0318573478761 0.0212382319174
0 0.202199997664 0.38577998158 0.0217861927715 0.0145241285144
0 0.246799996683 0.387019981553 0.0339746282516 0.0226497521678
0 0.242999996767 0.409999981048 0.0799281503808 0.0532854335872
0 0.165199998477 0.379559981717 0.0459475861065 0.030631724071
0 0.196599997787 0.36075998213 0.0365745072755 0.0243830048503
0 0.235199996938 0.373239981856 0.0232951297506 0.0155300865004
0 0.305399995395 0.364339982052 0.0233587441275 0.015572496085
0 0.150799998794 0.352999982301 0.0267768049516 0.0178512033011
0 0.119799999475 0.363119982079 0.0240399027363 0.0160266018242
0 0.0824000002975 0.37851998174 0.0419383963518 0.0279589309012
0 0.0442000011373 0.391459981456 0.0456409905322 0.0304273270215
0 0.067000000636 0.350679982352 0.0525575452884 0.0350383635256
0 0.153199998741 0.338319982624 0.0314705170612 0.0209803447075
0 0.0864000002095 0.329599982816 0.0306125639087 0.0204083759391
0 0.0150000017793 0.293739983604 0.0279416504795 0.0186277669863
0 0.0638000007064 0.289239983703 0.039812607677 0.0265417384513
0 0.091200000104 0.309739983252 0.0442145642692 0.0294763761795
0 0.14459999893 0.305839983338 0.0246252935116 0.0164168623411
0 0.147399998868 0.27935998392 0.0342552042595 0.0228368028397
0 0.0686000006009 0.265399984227 0.0254951187096 0.0169967458064
0 0.233999996964 0.28297998384 0.033486983984 0.0223246559893
0 0.211599997457 0.320339983019 0.0438645367953 0.0292430245302
0 0.2505999966 0.32893998283 0.0278700224718 0.0185800149812
0 0.252999996547 0.348439982401 0.0291045173331 0.0194030115554
0 0.314599995192 0.341279982559 0.048420038509 0.0322800256726
0 0.257599996446 0.292319983635 0.0349319108512 0.0232879405675
0 0.251599996578 0.260299984339 0.0399068915047 0.0266045943365
0 0.186599998007 0.257919984391 0.0394806850724 0.026320456715
0 0.305199995399 0.302919983402 0.0240518737155 0.016034582477
0 0.322999995008 0.290039983685 0.028523875376 0.0190159169173
0 0.411199993069 0.312199983198 0.0255834665146 0.0170556443431
0 0.445599992312 0.305119983354 0.0260557760568 0.0173705173712
0 0.468999991798 0.29255998363 0.0355804213349 0.02372028089
0 0.518599990707 0.291259983658 0.0305997025261 0.0203998016841
0 0.558799989824 0.307139983309 0.0455344389242 0.0303562926161
0 0.489599991345 0.270439984116 0.0356695606097 0.0237797070731
0 0.430799992638 0.269559984136 0.0257055507155 0.0171370338103
0 0.415599992972 0.262019984301 0.0207343295431 0.013822886362
0 0.447599992268 0.236739984857 0.0397681864402 0.0265121242935
0 0.48619999142 0.223739985143 0.0304802895354 0.0203201930236
0 0.487199991398 0.204339985569 0.0211825981932 0.0141217321288
0 0.519199990694 0.211359985415 0.0241170710318 0.0160780473546
0 0.558999989819 0.195439985765 0.0267963938266 0.0178642625511
0 0.453199992145 0.212279985395 0.0259428926912 0.0172952617941
0 0.399599993324 0.217339985284 0.0395178841482 0.0263452560988
0 0.361199994168 0.231119984981 0.0226150594127 0.0150767062751
0 0.356799994265 0.257459984402 0.0304290418725 0.020286027915
0 0.400199993311 0.279299983921 0.0205188519178 0.0136792346119
0 0.354599994313 0.31349998317 0.0514772880845 0.0343181920563
0 0.317799995122 0.25481998446 0.0357875885284 0.0238583923522
0 0.292199995685 0.276059983993 0.0229777504017 0.0153185002678
0 0.342199994586 0.272679984067 0.0343632398733 0.0229088265822
0 0.427799992704 0.396299981349 0.0280223803886 0.0186815869258
0 0.46799999182 0.41719998089 0.0254446625163 0.0169631083442
0 0.484199991464 0.406219981131 0.0369115744331 0.0246077162887
0 0.518199990716 0.391539981454 0.0273258870545 0.0182172580363
0 0.526999990523 0.383019981641 0.024558810057 0.016372540038
0 0.388999993557 0.377559981761 0.0214278548658 0.0142852365772
0 0.331599994819 0.367459981983 0.021497603133 0.014331735422
0 0.369599993983 0.36759998198 0.0264901939872 0.0176601293248
0 0.402199993267 0.343299982514 0.0590919191142 0.0393946127428
0 0.501999991072 0.336719982659 0.0438046818994 0.0292031212663
0 0.543799990153 0.33393998272 0.0265004830933 0.0176669887289
0 0.622399988425 0.317959983071 0.048459216259 0.0323061441727
0 0.478599991587 0.35715998221 0.0218960091921 0.0145973394614
0 0.496999991182 0.375119981815 0.0293809381251 0.0195872920834
0 0.546799990088 0.361439982116 0.0246637787257 0.0164425191504
0 0.648799987845 0.374499981828 0.0366886767794 0.0244591178529
0 0.584999989248 0.376119981793 0.039465350347 0.0263102335647
0 0.620199988474 0.358019982191 0.0268613932756 0.017907595517
0 0.664599987498 0.358599982178 0.0215792234455 0.0143861489637
0 0.717799986328 0.35169998233 0.0228410240114 0.0152273493409
0 0.707599986552 0.334939982698 0.0401390889274 0.0267593926182
0 0.680799987141 0.34669998244 0.0242097719202 0.0161398479468
0 0.596599988993 0.347419982424 0.0452162681056 0.0301441787371
0 0.606599988773 0.293299983614 0.027517224854 0.0183448165693
0 0.543399990162 0.273779984043 0.0239507634616 0.015967175641
0 0.743399985765 0.235359984887 0.0273350878897 0.0182233919265
0 0.588599989169 0.250099984563 0.0198156310912 0.0132104207275
0 0.574599989476 0.267179984188 0.0219006590766 0.0146004393844
0 0.755799985493 0.404679981165 0.0289414745753 0.0192943163835
0 0.790599984727 0.413199980978 0.0431638882453 0.0287759254968
0 0.816799984151 0.319199983044 0.0320536323611 0.0213690882408
0 0.941799981403 0.318519983059 0.0527390886503 0.0351593924336
0 0.922199981834 0.293659983606 0.0271802566301 0.0181201710867
0 0.799399984534 0.285859983777 0.0527393854515 0.035159590301
0 0.736599985915 0.296239983549 0.0261965587293 0.0174643724862
0 0.857199983263 0.234299984911 0.0336871268839 0.0224580845892
0 0.902999982256 0.221839985185 0.0285492024063 0.0190328016042
0 0.924399981786 0.210499985434 0.0214533797636 0.0143022531757
0 0.788999984763 0.227619985058 0.0214118276044 0.0142745517363
0 0.778599984991 0.214739985341 0.0247972403035 0.0165314935356
0 0.961799980964 0.297799983515 0.0268547647168 0.0179031764779
0 0.9737999807 0.285759983779 0.0381731771315 0.0254487847543
0 0.993199980273 0.226919985073 0.0202246230576 0.0134830820384
0 0.958599981034 0.180099986102 0.0208945032232 0.0139296688154
0 0.916599981957 0.263799984262 0.0272731553859 0.0181821035906
0 0.795399984622 0.185019985994 0.0204569194139 0.013637946276
0 0.756399985479 0.186299985966 0.0299609864799 0.0199739909866
0 0.774799985075 0.171219986298 0.0238758706414 0.0159172470943
0 0.823399984006 0.176799986175 0.0223843459957 0.0149228973305
0 0.87419998289 0.157159986607 0.0246824771973 0.0164549847982
0 0.908999982124 0.146519986841 0.0413214457223 0.0275476304815
0 0.917599981935 0.165219986429 0.053223962774 0.0354826418493
0 0.98199998052 0.0860199881707 0.0206449924009 0.0137633282673
0 0.955999981091 0.0674799885783 0.0305398476302 0.0203598984201
0 0.933399981588 0.0559999888307 0.042512805485 0.0283418703234
0 0.921199981856 0.0237599895395 0.0205845439027 0.0137230292685
0 0.961999980959 0.0196599896297 0.0350685383078 0.0233790255386
0 0.839399983655 0.0330999893342 0.0257760904523 0.0171840603015
0 0.718999986302 0.0576799887938 0.0388443434353 0.0258962289569
0 0.863599983123 0.0900399880823 0.0254915570959 0.0169943713973
0 0.76819998522 0.0935799880045 0.0297435301804 0.0198290201203
0 0.750599985607 0.100579987851 0.0370268322078 0.0246845548052
0 0.79139998471 0.0770999883668 0.0532033845619 0.0354689230412
0 0.862399983149 0.072499988468 0.0206405403839 0.0137603602559
0 0.810599984288 0.0528999888989 0.0267609755576 0.0178406503718
0 0.963999980915 0.101819987823 0.0204630533041 0.0136420355361
0 0.942599981386 0.112499987589 0.0305548855545 0.020369923703
0 0.703399986645 0.0973999879205 0.0229917000551 0.0153278000368
0 0.601399988887 0.0756199883994 0.0277804874622 0.0185203249748
0 0.636999988104 0.0850199881927 0.0408542807331 0.0272361871554
0 0.589799989142 0.0897199880894 0.0210841591495 0.0140561060997
0 0.573599989498 0.107179987706 0.0332782338512 0.0221854892341
0 0.627799988307 0.13107998718 0.0241554573122 0.0161036382081
0 0.782799984899 0.135319987087 0.0721051649532 0.0480701099688
0 0.709799986504 0.162599986487 0.0282898971465 0.018859931431
0 0.66359998752 0.155559986642 0.02325407226 0.01550271484
0 0.671199987353 0.135559987082 0.0534868296474 0.0356578864316
0 0.655599987695 0.17745998616 0.0244614592841 0.0163076395228
0 0.64039998803 0.162799986483 0.0214473448071 0.0142982298714
0 0.700399986711 0.178219986144 0.0253532477662 0.0169021651775
0 0.670199987375 0.204379985569 0.0234766731125 0.0156511154084
0 0.590199989133 0.202459985611 0.0235898532793 0.0157265688529
0 0.6189999885 0.192599985828 0.0514161470503 0.0342774313669
0 0.597599988971 0.21615998531 0.0327781239358 0.0218520826239
0 0.558599989828 0.139439986996 0.0414615358588 0.0276410239059
0 0.592599989081 0.134379987108 0.0305246118385 0.0203497412257
0 0.621199988452 0.152999986698 0.0230337468828 0.0153558312552
0 0.525999990545 0.155519986643 0.0203327576051 0.0135551717367
0 0.468399991811 0.152419986711 0.0302837082492 0.0201891388328
0 0.436999992501 0.160319986537 0.0262938105685 0.0175292070456
0 0.479799991561 0.129679987211 0.0502059898822 0.0334706599215
0 0.445599992312 0.133439987128 0.0396908202772 0.0264605468515
0 0.42659999273 0.109839987647 0.0214388365079 0.0142925576719
0 0.447199992277 0.0776199883554 0.0206130368118 0.0137420245412
0 0.462199991947 0.0883799881188 0.0302428486261 0.0201618990841
0 0.348799994441 0.149299986779 0.0414720228323 0.0276480152215
0 0.338199994674 0.176039986192 0.0441693515627 0.0294462343752
0 0.422399992822 0.19065998587 0.0323918867233 0.0215945911488
0 0.523799990593 0.190339985877 0.019803660112 0.0132024400747
0 0.518399990712 0.0891399881021 0.0313600081046 0.0209066720698
0 0.490199991332 0.067359988581 0.0217442448776 0.0144961632517
0 0.517399990734 0.0546799888597 0.0258037918917 0.0172025279278
0 0.493199991266 0.0375599892361 0.0331296354154 0.0220864236103
0 0.449599992224 0.0317799893632 0.0228528960569 0.0152352640379
0 0.401799993275 0.0262999894837 0.026778387891 0.017852258594
0 0.333999994766 0.0366599892559 0.0271900510676 0.0181267007117
0 0.36019999419 0.0241599895307 0.0350006697812 0.0233337798542
0 0.426199992739 0.0114399898104 0.0242453880566 0.0161635920377
0 0.55579998989 0.0323999893496 0.0249747273832 0.0166498182555
0 0.584199989265 0.0500999889604 0.0810128596018 0.0540085730679
0 0.384199993662 0.136739987056 0.0202498511542 0.0134999007695
0 0.292199995685 0.215659985321 0.033646860863 0.0224312405753
0 0.230399997044 0.235539984883 0.0422014610926 0.0281343073951
0 0.208999997514 0.206819985515 0.0204058696184 0.013603913079
0 0.282999995887 0.188139985926 0.0314267883604 0.0209511922403
0 0.255199996498 0.201619985629 0.0308023187688 0.0205348791792
0 0.238199996872 0.188219985924 0.0482968660372 0.0321979106915
0 0.193399997857 0.177099986168 0.0262922276291 0.0175281517527
0 0.334599994753 0.134859987097 0.0205563477947 0.0137042318632
0 0.0965999999853 0.178199986144 0.0221739139898 0.0147826093265
0 0.0830000002843 0.166519986401 0.0256847746359 0.0171231830906
0 0.159399998605 0.21567998532 0.0347472016105 0.0231648010737
0 0.106799999761 0.207259985505 0.0284562047168 0.0189708031445
0 0.110999999669 0.229859985008 0.035839627661 0.0238930851073
0 0.159399998605 0.235279984889 0.025372243039 0.0169148286926
0 0.112599999634 0.189559985894 0.0330299102335 0.0220199401557
0 0.151999998767 0.169839986328 0.0290217098159 0.019347806544
0 0.0654000006712 0.178779986131 0.0369453108289 0.0246302072193
0 0.0482000010494 0.123899987338 0.0268209293873 0.0178806195915
0 0.0108000018716 0.196499985742 0.0260641854224 0.0173761236149
0 0.027200001511 0.210039985444 0.0244419693428 0.0162946462285
0 0.0608000007723 0.200079985663 0.0310004829944 0.0206669886629
0 0.0730000005041 0.239879984788 0.0524176530193 0.0349451020129
0 0.0424000011769 0.0963199879443 0.0350125418267 0.0233416945511
0 0.0124000018364 0.071179988497 0.0307293056891 0.0204862037928
0 0.0454000011109 0.0661999886065 0.0313816745876 0.0209211163918
0 0.0666000006448 0.061079988719 0.0240439590185 0.0160293060123
0 0.108399999726 0.0447399890783 0.0385268651528 0.0256845767685
0 0.077600000403 0.0276799894533 0.0208472129087 0.0138981419391
0 0.0376000012824 0.0242199895294 0.0544887313512 0.0363258209008
0 0.0452000011153 0.0515599889283 0.0200137953168 0.0133425302112
0 0.145799998904 0.0219599895791 0.0219050121599 0.01460334144
0 0.129199999269 0.0170599896868 0.0247478723811 0.0164985815874
0 0.145999998899 0.0653199886258 0.0671295906974 0.0447530604649
0 0.361399994164 0.879119970734 0.0423525328712 0.0282350219141
0 0.408199993135 0.869439970947 0.0399817843249 0.0266545228833
0 0.167399998429 0.874499970836 0.0435808938423 0.0290539292282
0 0.964199980911 0.430039980607 0.0540898306235 0.0360598870823
0 0.247599996665 0.507059978914 0.0604907428715 0.0403271619143
0 0.306599995368 0.499879979072 0.0292131465491 0.0194754310327
0 0.0758000004426 0.495179979175 0.0508947663868 0.0339298442579
0 0.593399989063 0.0570399888078 0.0349202366732 0.0232801577821
0 0.699999986719 0.12515998731 0.0587306131971 0.0391537421314
