0 0.833000016751 0.903419992185 0.120121371894 0.0800809093143
0 0.846600017349 0.873559992842 0.117812258746 0.0785415006504
0 0.853200017639 0.861499993107 0.101585149124 0.0677234282829
0 0.893600019416 0.314560005131 0.256500522865 0.171000337298
0 0.774600014183 0.372060003867 0.106849412647 0.0712329370664
0 0.769400013955 0.403140003184 0.0714701188821 0.0476467427788
0 0.530600003455 0.130800009171 0.175190851401 0.11679389323
0 0.419999998591 0.708579996469 0.327755559828 0.21850369214
0 0.520000002988 0.943879991296 0.158828202575 0.1058854614
0 0.414999998372 0.46202000189 0.153273073901 0.102182042528
0 0.301599993385 0.0587200107562 0.123828418581 0.082552273609
0 0.343199995214 0.0230200115411 0.0683077023533 0.045538465232
0 0.91620002041 0.0947400099643 0.0829259517342 0.0552839641765
0 0.909000020093 0.138500009002 0.103983302625 0.0693221971781
0 0.882000018906 0.0989800098711 0.0235498871661 0.0156999237419
0 0.860600017965 0.109640009637 0.0481770636668 0.0321180403262
0 0.834000016795 0.102520009793 0.0314265946385 0.0209510617105
0 0.809200015705 0.0850800101767 0.0803008442674 0.0535338926474
0 0.764000013717 0.0816600102518 0.0639511557603 0.0426341010282
0 0.714000011519 0.117640009461 0.0366486134603 0.0244324073621
0 0.711600011413 0.171840008269 0.0302258360147 0.0201505560141
0 0.681600010094 0.0618400106876 0.0360888464427 0.0240592293749
0 0.657200009021 0.03808001121 0.0284890544673 0.0189927017255
0 0.728200012143 0.0311800113617 0.0203819303487 0.0135879526696
0 0.252199991213 0.0332000113172 0.0716765935667 0.0477843925595
0 0.278199992356 0.0430200111014 0.0216792482884 0.014452831239
0 0.396599997562 0.0808600102694 0.0407938376161 0.0271958899504
0 0.162199987256 0.0211000115833 0.0251789298867 0.0167859521506
0 0.168999987555 0.0644400106304 0.023489042925 0.0156593609172
0 0.131799985919 0.0399600111686 0.0272059829841 0.0181373207931
0 0.111199985013 0.0464200110266 0.023478259149 0.0156521717336
0 0.141399986341 0.00746001188315 0.0213650347769 0.0142433555785
0 0.0987999844681 0.182300008039 0.0246125343094 0.016408355124
0 0.14659998657 0.219820007214 0.0247477767119 0.0164985167197
0 0.148599986658 0.246820006621 0.0223267695204 0.0148845120319
0 0.040599981909 0.330380004784 0.0864369117772 0.0576246040508
0 0.11679998526 0.356100004218 0.0201482488896 0.0134321650404
0 0.0437999820497 0.268200006151 0.0548982252279 0.0365988144047
0 0.110399984978 0.121420009378 0.0261776658434 0.0174517760779
0 0.182599988153 0.224420007113 0.026726649085 0.0178177648815
0 0.20619998919 0.231480006958 0.0509700616654 0.0339800388691
0 0.283199992576 0.2250200071 0.0298192184038 0.0198794776247
0 0.336599994924 0.273720006029 0.0294001351435 0.0196000888029
0 0.331599994704 0.257580006384 0.0319033562607 0.021268902771
0 0.121399985462 0.152000008705 0.0353963103656 0.0235975386874
0 0.257199991433 0.134000009101 0.0240659254772 0.0160439492599
0 0.313399993904 0.311600005197 0.0532600806046 0.0355067180612
0 0.29579999313 0.314900005124 0.0499248268577 0.0332832157099
0 0.33559999488 0.345920004442 0.122119833145 0.081413216727
0 0.280199992444 0.365680004008 0.0399742706358 0.0266495119995
0 0.412799998275 0.281320005862 0.0357676086367 0.0238450708517
0 0.432999999163 0.257440006387 0.0433390066328 0.0288926691829
0 0.37879999678 0.276240005974 0.100180290225 0.0667868557453
0 0.340999995118 0.292540005616 0.0363163940108 0.0242109277437
0 0.314599993957 0.283080005824 0.0381895062317 0.0254596691419
0 0.225199990026 0.347900004398 0.0414330484152 0.027622030455
0 0.394199997457 0.138960008992 0.0266189102582 0.0177459390017
0 0.463000000482 0.183760008007 0.0264758520914 0.0176505668968
0 0.465400000588 0.155340008632 0.0308117215359 0.0205411463358
0 0.360799995988 0.115100009517 0.0214831616448 0.0143221068186
0 0.490800001705 0.284840005785 0.0283873505977 0.0189248991503
0 0.744600012864 0.204640007548 0.0215068068052 0.0143378702578
0 0.735200012451 0.197660007702 0.0208306937266 0.0138871282351
0 0.737600012556 0.184840007983 0.0232318152393 0.0154878758047
0 0.732400012328 0.202620007593 0.0688311606938 0.045887437436
0 0.761400013603 0.21000000743 0.021691615004 0.0144610757156
0 0.653600008863 0.278340005928 0.0475420080842 0.0316946699657
0 0.844400017253 0.164580008429 0.0373936833455 0.0249291205861
0 0.875400018616 0.166620008384 0.025300519435 0.0168670118442
0 0.825800016435 0.154300008655 0.0227912633606 0.0151941745716
0 0.830800016655 0.231680006954 0.0246155023211 0.0164103337984
0 0.868800018325 0.245620006647 0.0204012224251 0.013600814053
0 0.910000020137 0.294700005568 0.0231133915701 0.0154089266971
0 0.978600023153 0.367620003965 0.0585294886808 0.039019656547
0 0.861800018018 0.234920006882 0.0219314303541 0.0146209526051
0 0.985000023435 0.150500008738 0.0228428078315 0.0152285375499
0 0.944600021658 0.181860008049 0.0630821219173 0.0420547451711
0 0.90280001982 0.459800001938 0.0498820874884 0.0332547227989
0 0.858600017877 0.489940001276 0.0447278382684 0.0298185568789
0 0.826800016479 0.432160002546 0.0210915819602 0.0140610537127
0 0.920400020594 0.440520002362 0.0246943525002 0.016462900581
0 0.932800021139 0.412760002973 0.0705524096463 0.047034936662
0 0.832200016716 0.397820003301 0.0212226691462 0.0141484451643
0 0.831400016681 0.375480003792 0.0256695422304 0.0171130270249
0 0.852000017587 0.403500003176 0.0348385220225 0.0232256798165
0 0.809000015696 0.417480002869 0.0742981394194 0.0495320896793
0 0.769800013972 0.463420001859 0.106133132476 0.0707554169839
0 0.644000008441 0.413940002947 0.0383226710259 0.0255484456655
0 0.874000018554 0.512600000778 0.0487252554386 0.0324835014833
0 0.833400016769 0.487660001326 0.0251488540342 0.0167659015836
0 0.826200016452 0.522220000566 0.0878467173625 0.058564474379
0 0.756200013374 0.534400000298 0.0202468858137 0.0134979229855
0 0.68560001027 0.507740000884 0.0260900105628 0.017393339228
0 0.696400010745 0.489080001295 0.0275147551407 0.0183431688839
0 0.66240000925 0.530440000385 0.0283574726127 0.0189049804949
0 0.719000011739 0.386300003554 0.0803857294037 0.0535904827345
0 0.568600005125 0.454600002053 0.0323041367818 0.0215360897674
0 0.435399999269 0.371880003871 0.0222749282483 0.0148499511861
0 0.535600003674 0.486600001349 0.0279642110547 0.0186428061402
0 0.489200001634 0.523360000541 0.0282415222866 0.0188276802826
0 0.598400006436 0.540900000155 0.179851619199 0.119901071558
0 0.449999999911 0.543800000092 0.077375275077 0.0515835133158
0 0.532200003525 0.578179999336 0.024288922094 0.0161926136613
0 0.522800003112 0.421320002784 0.208050698917 0.138700456797
0 0.28259999255 0.538000000219 0.0254851297664 0.0169900853904
0 0.263399991706 0.491840001234 0.0245229003543 0.0163485991579
0 0.308399993684 0.438520002406 0.0718459681044 0.0478973089105
0 0.276799992295 0.398480003286 0.0220184920324 0.0146789937201
0 0.313799993922 0.522200000566 0.0373690488479 0.0249126975888
0 0.359399995927 0.517140000678 0.043316251876 0.028877499346
0 0.325399994432 0.501660001018 0.0428617503421 0.0285744983434
0 0.297799993218 0.511320000806 0.0308749401863 0.0205832921
0 0.390999997316 0.369740003918 0.0449724024373 0.0299815996474
0 0.144199986464 0.486420001353 0.0369543186715 0.0246362108227
0 0.150999986763 0.471020001692 0.0479764260719 0.0319842819384
0 0.15659998701 0.507580000888 0.0301994207101 0.0201329458122
0 0.116999985268 0.517360000673 0.0892178398613 0.0594785559845
0 0.0653999829994 0.513700000753 0.0765715374927 0.0510476882949
0 0.0841999838261 0.432800002532 0.0246938578316 0.0164625708019
0 0.219399989771 0.403360003179 0.0650196399934 0.0433464238033
0 0.0547999825334 0.483260001423 0.0216641114284 0.0144427399997
0 0.0203999810208 0.486920001342 0.031430749855 0.0209538318546
0 0.0225999811175 0.466940001781 0.0338332564398 0.0225555028056
0 0.211799989437 0.446300002235 0.0651754606107 0.043450304208
0 0.202799989041 0.474380001618 0.0951052869193 0.0634035204311
0 0.0477999822256 0.574059999426 0.0459887485972 0.0306591637093
0 0.153999986895 0.662879997474 0.0239831179491 0.0159887442449
0 0.0915999841515 0.539920000177 0.0413251117209 0.0275500726635
0 0.0963999843625 0.564919999627 0.0407753370095 0.0271835562134
0 0.0747999834128 0.577179999358 0.0414246390485 0.0276164242109
0 0.0175999808977 0.57481999941 0.0341196695745 0.0227464448828
0 0.0221999810999 0.534420000298 0.0200836451669 0.0133890958949
0 0.0299999814429 0.710379996429 0.0410975641527 0.0273983742948
0 0.0285999813813 0.768319995155 0.043045074535 0.028696714464
0 0.0513999823839 0.743419995703 0.021511555624 0.0143410361368
0 0.0915999841515 0.732239995949 0.0820154646604 0.054676972834
0 0.12339998555 0.763879995253 0.0530601355458 0.0353734213641
0 0.136399986121 0.818559994051 0.034241951659 0.022827966267
0 0.0507999823575 0.813219994168 0.0597084818851 0.0398056519646
0 0.059999982762 0.656539997613 0.0552946526651 0.0368630993454
0 0.177399987924 0.629279998212 0.0258750275778 0.0172500172474
0 0.201199988971 0.652899997693 0.0279826127276 0.0186550739213
0 0.208999989314 0.695479996757 0.0485222434343 0.032348160156
0 0.122599985515 0.669639997325 0.0416947281186 0.027796483579
0 0.190799988513 0.565199999621 0.0374582870681 0.0249721897317
0 0.195399988716 0.619499998427 0.0198202835902 0.013213521522
0 0.26759999189 0.65347999768 0.122657043273 0.0817713567889
0 0.22279998992 0.628519998229 0.0390197580543 0.0260131703205
0 0.669200009549 0.684559996997 0.0390938594145 0.026062571224
0 0.677600009918 0.64437999788 0.0354255947483 0.0236170616079
0 0.661200009197 0.63667999805 0.0352028949327 0.0234685950739
0 0.642600008379 0.645559997854 0.0322982007583 0.0215321324187
0 0.682000010112 0.619079998437 0.0475266733568 0.0316844468147
0 0.685400010261 0.59755999891 0.0234036631201 0.015602441051
0 0.66740000947 0.593439999 0.0204620666662 0.0136413768777
0 0.743000012794 0.607019998702 0.0532280260776 0.0354853483779
0 0.760800013577 0.716379996297 0.0203955832028 0.0135970545717
0 0.655200008933 0.714339996342 0.0517718205751 0.0345145447736
0 0.602000006594 0.638339998013 0.028120031672 0.0187466865449
0 0.698400010833 0.722719996158 0.0388224842061 0.0258816544303
0 0.66900000954 0.745039995667 0.0631221900761 0.0420814572752
0 0.605800006761 0.753419995483 0.132493034241 0.0883286836684
0 0.716000011607 0.79583999455 0.0222804685369 0.0148536447116
0 0.539000003824 0.631479998164 0.0212389932108 0.0141593278733
0 0.786000014685 0.555819999827 0.0398941343184 0.0265960877914
0 0.79680001516 0.604879998749 0.0680755049 0.04538366694
0 0.761800013621 0.63029999819 0.0474013243268 0.0316008808003
0 0.776600014271 0.693879996792 0.0432158341449 0.0288105541964
0 0.853000017631 0.651159997731 0.0431173950882 0.0287449281629
0 0.850600017525 0.729559996008 0.0466340932872 0.0310893934743
0 0.815600015986 0.733519995921 0.0272583189247 0.0181722114179
0 0.922200020673 0.70353999658 0.0223927583151 0.0149285045588
0 0.932600021131 0.719559996227 0.0257981560732 0.0171987695811
0 0.963400022485 0.666459997395 0.0266421596836 0.0177614386176
0 0.972400022881 0.753819995474 0.0320657065039 0.0213771362593
0 0.898800019645 0.87409999283 0.0294208122921 0.0196138735677
0 0.893400019407 0.888219992519 0.0226318811292 0.0150879197576
0 0.887200019134 0.897899992307 0.0211477763161 0.0140985166142
0 0.818800016127 0.76717999518 0.0259160850738 0.0172773889096
0 0.805800015555 0.915839991912 0.0664548715461 0.0443032447753
0 0.751600013172 0.951059991138 0.0332545930806 0.0221697272582
0 0.782600014535 0.940559991369 0.0645479239912 0.0430319464893
0 0.715000011563 0.969359990736 0.0272716749776 0.0181811154526
0 0.746400012943 0.912859991978 0.0217897572595 0.0145265038816
0 0.795600015107 0.873959992833 0.05664628522 0.0377641876559
0 0.779800014412 0.893719992398 0.0233191737187 0.0155461147871
0 0.770600014007 0.905619992137 0.026471696875 0.0176477967527
0 0.701200010956 0.838679993609 0.0252629246194 0.0168419486355
0 0.698200010824 0.871239992893 0.0233987164338 0.0155991432604
0 0.861800018018 0.824379993923 0.0216753898731 0.0144502589623
0 0.759800013533 0.912019991996 0.0288958699457 0.0192639120266
0 0.807200015617 0.809179994257 0.0854815087921 0.0569876687694
0 0.809200015705 0.764139995247 0.0367240998927 0.024482731647
0 0.638800008212 0.871659992883 0.117525350943 0.0783502287941
0 0.650200008713 0.921099991797 0.160873162677 0.107248768044
0 0.59280000619 0.984459990404 0.0299178553279 0.0199452355698
0 0.585000005847 0.845539993458 0.0766060653629 0.0510707068735
0 0.55620000458 0.888019992524 0.0302533395903 0.02016889173
0 0.291599992946 0.887999992524 0.0227964079143 0.0151976042738
0 0.194399988672 0.791959994636 0.0471490433274 0.0314326934784
0 0.0875999839756 0.862919993076 0.0285542517923 0.019036166606
0 0.170999987643 0.91683999189 0.0202199758404 0.0134799830045
0 0.19459998868 0.745339995661 0.109125877666 0.0727505803122
0 0.303599993473 0.745299995662 0.0263159751914 0.0175439823038
0 0.118599985339 0.952859991098 0.0706138474897 0.0470758952215
0 0.366999996261 0.978299990539 0.0405879565338 0.0270586359045
0 0.348199995434 0.953439991086 0.0580058324729 0.0386705524314
0 0.461400000412 0.971579990687 0.0272355641679 0.0181570415811
0 0.0697999831929 0.181600008055 0.0530252119408 0.0353501389623
0 0.484200001414 0.228040007034 0.0414436343238 0.0276290877269
0 0.583000005759 0.236920006838 0.0228473587828 0.0152315715173
0 0.888800019205 0.730999995976 0.0287577584652 0.0191718377123
0 0.946800021755 0.656879997605 0.0414894406386 0.0276596252681
