0 0.212800019416 0.755255973457 0.302876655977 0.201917770651
0 0.0192000236722 0.911865970014 0.0214290420704 0.0142860280469
0 0.00860002390524 0.926459969693 0.025039430031 0.016692953354
0 0.0862000221992 0.929147969634 0.0270651967228 0.0180434644818
0 0.120800021438 0.9807419685 0.0207292839237 0.0138195226158
0 0.074200022463 0.945997969264 0.0969860042435 0.0646573361623
0 0.180800020119 0.950593969163 0.0748116945188 0.0498744630125
0 0.211400019447 0.976159968601 0.0570311298883 0.0380207532589
0 0.301800017459 0.921075969812 0.186802678096 0.124535118731
0 0.218800019284 0.920825969817 0.0720932929077 0.0480621952718
0 0.235000018928 0.922641969777 0.0288393749843 0.0192262499895
0 0.123800021373 0.918987969858 0.0776600950278 0.0517733966852
0 0.132400021183 0.821247972007 0.0410382974379 0.0273588649586
0 0.310200017274 0.976035968603 0.029812783779 0.019875189186
0 0.373200015889 0.96980996874 0.0819181030687 0.0546120687125
0 0.476200013625 0.920387969827 0.143662632875 0.0957750885836
0 0.390800015502 0.925431969716 0.0279212701347 0.0186141800898
0 0.401200015274 0.906117970141 0.0428388910006 0.028559260667
0 0.35860001621 0.882073970669 0.0326019229944 0.0217346153296
0 0.363800016096 0.861977971111 0.0219020441486 0.0146013627657
0 0.338000016663 0.864987971045 0.0380308115196 0.0253538743464
0 0.404400015203 0.846437971453 0.0320148503459 0.021343233564
0 0.334000016751 0.810357972246 0.0260468720227 0.0173645813485
0 0.326000016927 0.82018197203 0.0272579195942 0.0181719463961
0 0.329800016844 0.833893971729 0.0306154329864 0.0204102886576
0 0.308200017318 0.807419972311 0.0474801682427 0.0316534454951
0 0.245200018704 0.798869972499 0.0239918209521 0.0159945473014
0 0.521600012627 0.857409971211 0.0241972073387 0.0161314715592
0 0.613000010617 0.986931968364 0.0202238315879 0.0134825543919
0 0.624200010371 0.96027596895 0.0220949648874 0.0147299765916
0 0.632600010186 0.926361969696 0.0219784209744 0.0146522806496
0 0.685600009021 0.911065970032 0.0240394080677 0.0160262720452
0 0.654000009716 0.902019970231 0.0288919087855 0.0192612725237
0 0.679400009158 0.890793970478 0.0219122343209 0.014608156214
0 0.614000010595 0.853715971293 0.02218964445 0.0147930963
0 0.616800010534 0.868555970966 0.029107980013 0.0194053200087
0 0.622200010415 0.840389971586 0.0203219738305 0.0135479825536
0 0.60380001082 0.841519971561 0.0253171369613 0.0168780913075
0 0.628000010288 0.809363972268 0.0564295139842 0.0376196759895
0 0.661000009562 0.821287972006 0.021851686889 0.0145677912594
0 0.724200008173 0.936975969462 0.0382409467244 0.0254939644829
0 0.697600008757 0.94344596932 0.0213416836025 0.0142277890683
0 0.699000008727 0.929265969632 0.0246797070533 0.0164531380355
0 0.708200008524 0.919279969851 0.0237826750845 0.015855116723
0 0.725200008151 0.915417969936 0.0244065510738 0.0162710340492
0 0.707400008542 0.895065970384 0.0501181367458 0.0334120911639
0 0.756400007465 0.919545969845 0.024033472045 0.0160223146967
0 0.745000007715 0.946045969263 0.0202280857375 0.0134853904917
0 0.770200007161 0.947639969228 0.0627763094916 0.0418508729944
0 0.85440000531 0.986327968377 0.0220239304821 0.0146826203214
0 0.819600006075 0.933187969545 0.038454247808 0.0256361652053
0 0.867800005016 0.938751969423 0.0240289210942 0.0160192807295
0 0.874800004862 0.95208396913 0.0300556660425 0.020037110695
0 0.950000003208 0.928729969644 0.0221771788023 0.0147847858682
0 0.835600005723 0.868909970959 0.0233652737525 0.0155768491684
0 0.885400004629 0.815395972135 0.0369313611755 0.0246209074503
0 0.876600004822 0.841805971555 0.0374862803675 0.0249908535783
0 0.903400004233 0.734849973906 0.0228376602652 0.0152251068435
0 0.987400002386 0.792537972638 0.019834626364 0.0132230842426
0 0.991800002289 0.632155976164 0.0215797181141 0.0143864787427
0 0.977000002615 0.636451976069 0.0219601182377 0.0146400788251
0 0.984400002452 0.622385976379 0.0271298004369 0.0180865336246
0 0.968800002795 0.617085976495 0.0223810811832 0.0149207207888
0 0.932800003586 0.611101976627 0.0212664939812 0.0141776626541
0 0.921400003837 0.620193976427 0.0211299654583 0.0140866436389
0 0.872000004923 0.657065975616 0.023757743789 0.0158384958593
0 0.854600005306 0.657895975598 0.0321584031624 0.0214389354416
0 0.831800005807 0.659529975562 0.055777046152 0.0371846974347
0 0.898000004352 0.708565974484 0.0213314934301 0.0142209956201
0 0.871600004932 0.692315974841 0.0201152023719 0.0134101349146
0 0.894600004426 0.673549975254 0.0203125751278 0.0135417167519
0 0.912600004031 0.676241975195 0.0218815648701 0.0145877099134
0 0.935200003534 0.679297975127 0.0206453881358 0.0137635920905
0 0.915200003973 0.653065975704 0.0205487298989 0.0136991532659
0 0.972600002711 0.675575975209 0.0668915561857 0.0445943707905
0 0.937600003481 0.663785975468 0.0360018789491 0.0240012526327
0 0.923800003784 0.66509797544 0.0259568423446 0.0173045615631
0 0.933000003582 0.639663975999 0.0508443101936 0.0338962067957
0 0.924600003767 0.647209975833 0.0207455090525 0.0138303393684
0 0.832600005789 0.601115976846 0.0218270523947 0.0145513682631
0 0.839600005635 0.570335977523 0.0224593377496 0.0149728918331
0 0.865600005064 0.724743974128 0.0278179833392 0.0185453222261
0 0.729800008049 0.800383972465 0.0491754963356 0.0327836642237
0 0.820600006053 0.820711972018 0.151976032715 0.101317355143
0 0.701600008669 0.74739597363 0.0671168282485 0.0447445521657
0 0.685800009017 0.718813974259 0.109525555468 0.0730170369788
0 0.842400005574 0.695135974779 0.0664146956928 0.0442764637952
0 0.517400012719 0.772219973084 0.0384283271754 0.0256188847836
0 0.523400012587 0.733059973945 0.0233838732905 0.0155892488603
0 0.600800010886 0.733727973931 0.123013188457 0.082008792305
0 0.544400012126 0.704225974579 0.0808705929236 0.0539137286157
0 0.481000013519 0.651283975743 0.0473506640134 0.0315671093423
0 0.446200014284 0.741795973753 0.0213955035419 0.014263669028
0 0.528200012482 0.669051975353 0.0984656568437 0.0656437712291
0 0.462000013937 0.80017597247 0.0507732757882 0.0338488505255
0 0.433000014575 0.764719973249 0.029935164781 0.0199567765207
0 0.291200017692 0.663541975474 0.0313319109304 0.0208879406202
0 0.334600016738 0.665917975421 0.0249629542715 0.0166419695143
0 0.322800016997 0.596229976954 0.0410441345269 0.0273627563513
0 0.307800017327 0.614927976543 0.0209539623842 0.0139693082561
0 0.396000015388 0.669973975332 0.0895282820814 0.0596855213876
0 0.347200016461 0.69191597485 0.0511978992811 0.0341319328541
0 0.345000016509 0.606117976736 0.0332099695898 0.0221399797265
0 0.0620000227312 0.691827974852 0.098470702463 0.0656471349753
0 0.0340000233468 0.694607974791 0.0793390990582 0.0528927327054
0 0.143600020937 0.656631975626 0.0316397926429 0.0210931950952
0 0.0170000237206 0.723561974154 0.0205463554898 0.0136975703265
0 0.020800023637 0.570121977528 0.0297717262884 0.0198478175256
0 0.121400021425 0.506845978919 0.0289269313196 0.0192846208797
0 0.109600021685 0.51908797865 0.0339865992308 0.0226577328205
0 0.173400020282 0.47087197971 0.0254317022 0.0169544681334
0 0.0454000230962 0.532103978363 0.0357450470321 0.0238300313547
0 0.250200018594 0.542219978141 0.027816994002 0.018544662668
0 0.278400017974 0.48541797939 0.0373599420169 0.0249066280113
0 0.298000017543 0.499387979083 0.0251643833096 0.0167762555397
0 0.329400016852 0.557563977804 0.0327503235627 0.0218335490418
0 0.216200019341 0.59501997698 0.0241700005679 0.0161133337119
0 0.324200016967 0.527047978475 0.0822510150104 0.0548340100069
0 0.262600018321 0.598931976894 0.143273823386 0.0955158822575
0 0.2408000188 0.472893979665 0.0257091123291 0.0171394082194
0 0.372200015911 0.504129978978 0.0202350110974 0.0134900073983
0 0.391000015498 0.501175979043 0.0248300862959 0.0165533908639
0 0.361200016153 0.478711979537 0.0418328340808 0.0278885560539
0 0.323400016984 0.485829979381 0.0483665153706 0.0322443435804
0 0.441000014399 0.614743976547 0.0980137276462 0.0653424850975
0 0.43320001457 0.52545597851 0.0209613824126 0.0139742549418
0 0.509200012899 0.539225978207 0.0240803666246 0.0160535777497
0 0.4728000137 0.522277978579 0.0203855882074 0.0135903921383
0 0.524600012561 0.469585979738 0.0287984164274 0.019198944285
0 0.523200012592 0.454671980066 0.0237329114272 0.0158219409515
0 0.52600001253 0.442881980325 0.0456780906743 0.0304520604496
0 0.482200013493 0.421521980795 0.0647085838252 0.0431390558835
0 0.50100001308 0.4212559808 0.0261711327653 0.0174474218435
0 0.408000015124 0.404809981162 0.0209133995622 0.0139422663748
0 0.442200014372 0.38080798169 0.0217968776125 0.0145312517416
0 0.548400012038 0.422159980781 0.0226652188048 0.0151101458698
0 0.546800012073 0.448065980211 0.0208509723898 0.0139006482599
0 0.563600011703 0.566779977601 0.0244570072671 0.0163046715114
0 0.553000011936 0.569357977544 0.0211005821457 0.0140670547638
0 0.549600012011 0.59322397702 0.0258407931001 0.0172271954001
0 0.582200011294 0.627257976271 0.0287039347322 0.0191359564882
0 0.609000010705 0.569069977551 0.0237803996091 0.0158535997394
0 0.646400009883 0.569847977534 0.0208875778633 0.0139250519089
0 0.604800010798 0.660393975543 0.046526348323 0.0310175655487
0 0.496400013181 0.591143977065 0.0988858283195 0.0659238855464
0 0.571400011532 0.599019976892 0.0374195990454 0.0249463993636
0 0.714600008384 0.640411975982 0.0203787617813 0.0135858411875
0 0.776200007029 0.617699976482 0.0208094202306 0.0138729468204
0 0.736000007913 0.584697977207 0.0275642183673 0.0183761455782
0 0.743000007759 0.565673977625 0.0280086286026 0.0186724190684
0 0.787600006779 0.581151977285 0.0267727486694 0.0178484991129
0 0.933600003569 0.513245978778 0.103110693567 0.0687404623779
0 0.931000003626 0.454395980072 0.0355733970414 0.0237155980276
0 0.849600005416 0.435309980491 0.0253985594064 0.0169323729376
0 0.844000005539 0.41583798092 0.0219354837433 0.0146236558289
0 0.893400004453 0.421147980803 0.024873716063 0.0165824773753
0 0.960800002971 0.449091980188 0.0543750565159 0.0362500376773
0 0.955600003085 0.432059980563 0.0350134322301 0.0233422881534
0 0.971200002742 0.417237980889 0.0276057705264 0.0184038470176
0 0.988400002364 0.439443980401 0.0313995815895 0.020933054393
0 0.955000003098 0.389929981489 0.0299119153586 0.0199412769058
0 0.953600003129 0.368593981958 0.0264421122031 0.0176280748021
0 0.932600003591 0.406203981131 0.026103165305 0.0174021102033
0 0.921200003841 0.384731981603 0.0324460034639 0.0216306689759
0 0.924600003767 0.396331981348 0.0312862035553 0.0208574690369
0 0.91580000396 0.408471981082 0.0241356705697 0.0160904470465
0 0.877800004796 0.386595981562 0.0217459267507 0.0144972845004
0 0.870000004967 0.40354998119 0.0208359344655 0.013890622977
0 0.885200004633 0.434377980512 0.0230173238866 0.0153448825911
0 0.892800004466 0.348657982397 0.0238878416206 0.0159252277471
0 0.819800006071 0.33987198259 0.0215399467618 0.0143599645079
0 0.954400003112 0.27799398395 0.0683864445776 0.0455909630518
0 0.966200002852 0.244145984694 0.025480179719 0.0169867864793
0 0.931000003626 0.225083985113 0.0316004170254 0.0210669446836
0 0.86440000509 0.231665984969 0.0475783104853 0.0317188736568
0 0.844200005534 0.259533984356 0.0316784757243 0.0211189838162
0 0.978000002593 0.200485985654 0.0256951626757 0.0171301084505
0 0.918400003903 0.154451986666 0.0324809270643 0.0216539513762
0 0.84940000542 0.205803985537 0.0793330641017 0.0528887094011
0 0.805200006392 0.379069981728 0.0253128828116 0.0168752552078
0 0.713600008406 0.370211981923 0.0202266017319 0.0134844011546
0 0.658200009624 0.334335982711 0.0307976688843 0.0205317792562
0 0.644000009936 0.373391981853 0.0242138282024 0.0161425521349
0 0.742400007772 0.326295982888 0.0333503565274 0.0222335710183
0 0.797800006554 0.287683983737 0.0330188296577 0.0220125531051
0 0.655600009681 0.268517984158 0.0496978663362 0.0331319108908
0 0.641600009989 0.251347984536 0.037894876599 0.025263251066
0 0.777800006994 0.212595985388 0.131234579944 0.0874897199629
0 0.678200009184 0.221783985186 0.0235556222149 0.0157037481433
0 0.712600008428 0.262569984289 0.080071109595 0.05338073973
0 0.651800009764 0.219425985238 0.0578638549442 0.0385759032961
0 0.760600007372 0.142995986918 0.0381716931258 0.0254477954172
0 0.726400008124 0.215027985334 0.039618005065 0.0264120033767
0 0.573200011492 0.334963982698 0.0231582054928 0.0154388036619
0 0.539600012231 0.341647982551 0.0350689340427 0.0233792893618
0 0.560200011778 0.285933983776 0.049868131255 0.0332454208366
0 0.526200012526 0.317235983087 0.0503412322669 0.0335608215112
0 0.441200014394 0.318305983064 0.0286079690314 0.0190719793542
0 0.422200014812 0.316531983103 0.0234334390803 0.0156222927202
0 0.422000014817 0.334113982716 0.0288854780942 0.0192569853961
0 0.62700001031 0.327519982861 0.0440190712538 0.0293460475026
0 0.608400010718 0.302443983413 0.0538538737198 0.0359025824799
0 0.412200015032 0.305719983341 0.0295656473658 0.0197104315772
0 0.619800010468 0.411857981007 0.183500270782 0.122333513854
0 0.434400014544 0.261331984316 0.0337743864181 0.022516257612
0 0.408000015124 0.266295984207 0.0294547426744 0.0196364951163
0 0.475600013638 0.168593986355 0.0204438601639 0.0136292401093
0 0.576800011413 0.315195983132 0.0258291189221 0.0172194126147
0 0.349200016417 0.374137981836 0.0348693847451 0.0232462564967
0 0.260600018365 0.402055981223 0.0236700885199 0.0157800590133
0 0.347800016448 0.269097984146 0.0214081670571 0.0142721113714
0 0.328400016874 0.308693983275 0.0737353946634 0.0491569297756
0 0.257000018444 0.288581983717 0.0703056596613 0.0468704397742
0 0.228600019068 0.322363982975 0.0317469378532 0.0211646252355
0 0.363200016109 0.301329983437 0.0209944262725 0.0139962841817
0 0.42140001483 0.235107984893 0.0667653167689 0.0445102111793
0 0.379600015749 0.259655984353 0.0417117392171 0.0278078261447
0 0.324000016971 0.260133984343 0.0868898189098 0.0579265459398
0 0.394800015415 0.306781983317 0.0205614923478 0.0137076615652
0 0.503400013027 0.354761982262 0.0213466302881 0.0142310868587
0 0.196800019768 0.293963983599 0.027764757002 0.0185098380013
0 0.157200020638 0.273589984047 0.0584965360339 0.0389976906893
0 0.12620002132 0.241025984763 0.0209602941418 0.0139735294279
0 0.0734000224806 0.233627984926 0.0229600412672 0.0153066941782
0 0.0534000229203 0.238211984825 0.0295313173677 0.0196875449118
0 0.0548000228895 0.21702998529 0.0305260958442 0.0203507305628
0 0.0660000226433 0.209909985447 0.0241648560148 0.0161099040099
0 0.0828000222739 0.206255985527 0.0376400233563 0.0250933489042
0 0.142400020964 0.198641985695 0.0385035167967 0.0256690111978
0 0.178000020181 0.219995985225 0.0407810697861 0.0271873798574
0 0.0126000238173 0.242657984727 0.0268386385217 0.0178924256812
0 0.0296000234436 0.181977986061 0.0338914249996 0.0225942833331
0 0.0254000235359 0.369003981949 0.0241120254125 0.0160746836083
0 0.107400021733 0.100681987848 0.0348265464477 0.0232176976318
0 0.0206000236414 0.0917139880455 0.0478690766655 0.031912717777
0 0.070200022551 0.0880779881255 0.0483166527797 0.0322111018531
0 0.0904000221068 0.027923989448 0.0219817847206 0.0146545231471
0 0.0454000230962 0.129539987214 0.051934361835 0.03462290789
0 0.154000020709 0.0953979879645 0.111689235755 0.0744594905033
0 0.103400021821 0.0779039883491 0.0241121243462 0.0160747495641
0 0.165800020449 0.0396799891895 0.0261077162557 0.0174051441705
0 0.150600020783 0.0241619895307 0.0372365716778 0.0248243811185
0 0.237000018884 0.152547986708 0.0263959101595 0.0175972734397
0 0.196800019768 0.139873986987 0.0257229630489 0.0171486420326
0 0.154600020695 0.152955986699 0.0920340751449 0.0613560500966
0 0.195600019794 0.169993986325 0.042799911118 0.0285332740786
0 0.160200020572 0.185981985973 0.0266310755935 0.0177540503956
0 0.269600018167 0.21112398542 0.0327713964434 0.0218475976289
0 0.299600017508 0.0684459885571 0.021075749784 0.014050499856
0 0.297000017565 0.081913988261 0.0214256783242 0.0142837855494
0 0.352600016342 0.0428979891188 0.0292118604109 0.0194745736072
0 0.315200017165 0.128833987229 0.0206125421433 0.0137416947622
0 0.327400016896 0.141009986962 0.0199513681444 0.0133009120963
0 0.354200016307 0.166293986406 0.0262476085248 0.0174984056832
0 0.337800016668 0.16518798643 0.0258980757195 0.017265383813
0 0.384800015634 0.128739987232 0.0444779258112 0.0296519505408
0 0.358800016206 0.0987959878898 0.0232602061502 0.0155068041001
0 0.441000014399 0.0969939879295 0.0454970419809 0.0303313613206
0 0.450000014201 0.0649899886331 0.0235810481789 0.015720698786
0 0.411000015058 0.0385439892145 0.0400034508079 0.0266689672053
0 0.424800014755 0.0222999895716 0.0251409360198 0.0167606240132
0 0.489000013344 0.0406439891683 0.0226198082308 0.0150798721539
0 0.429800014645 0.0847439881988 0.178967128087 0.119311418725
0 0.474200013669 0.0410599891592 0.0198054409189 0.0132036272792
0 0.424400014764 0.183713986023 0.0809576545904 0.0539717697269
0 0.520400012653 0.079639988311 0.0248285033565 0.016552335571
0 0.57920001136 0.144441986886 0.10763394289 0.0717559619269
0 0.520400012653 0.0323639893504 0.0326641522993 0.0217761015329
0 0.507400012939 0.0489119889865 0.0282025386786 0.0188016924524
0 0.59240001107 0.0324359893488 0.0344485207332 0.0229656804888
0 0.635800010116 0.0322839893521 0.0388751118198 0.0259167412132
0 0.559800011787 0.0400959891804 0.092194248825 0.06146283255
0 0.58560001122 0.0150879897302 0.0223153891983 0.0148769261322
0 0.611200010657 0.0677959885714 0.0778499488216 0.0518999658811
0 0.671000009342 0.0530219888962 0.0228273711591 0.0152182474394
0 0.715000008375 0.0248639895152 0.0316202037678 0.0210801358452
0 0.725400008146 0.0296819894093 0.0265434203244 0.0176956135496
0 0.735400007926 0.041067989159 0.0406035827063 0.0270690551375
0 0.616200010547 0.0920239880387 0.0851021856634 0.0567347904422
0 0.644600009923 0.124975987314 0.0237705062379 0.0158470041586
0 0.685800009017 0.170269986318 0.141374296111 0.0942495307409
0 0.627400010301 0.193605985805 0.0988090557588 0.0658727038392
0 0.78800000677 0.133875987119 0.0244874788504 0.0163249859003
0 0.823200005996 0.116565987499 0.0783307666631 0.0522205111087
0 0.812200006238 0.0994159878762 0.0631423642268 0.0420949094846
0 0.793200006656 0.0759379883924 0.0634055279014 0.0422703519343
0 0.747600007658 0.115123987531 0.117006922788 0.0780046151917
0 0.799800006511 0.0232759895502 0.0268235016638 0.0178823344425
0 0.972000002725 0.0184579896561 0.0472742871876 0.0315161914584
0 0.931400003617 0.0367439892541 0.0252868632453 0.0168579088302
0 0.866000005055 0.0191639896406 0.0226102116608 0.0150734744405
0 0.860200005183 0.0569039888108 0.027101208594 0.018067472396
0 0.889800004532 0.0116719898053 0.0272897762495 0.0181931841664
0 0.95220000316 0.135335987086 0.0207749912988 0.0138499941992
0 0.791600006691 0.145911986854 0.047252818572 0.031501879048
0 0.929400003661 0.0886099881138 0.0255156969217 0.0170104646145
0 0.543800012139 0.939603969404 0.0275873688559 0.0183915792373
0 0.879200004765 0.893283970423 0.029066724655 0.0193778164367
0 0.555200011888 0.757461973409 0.0204858080579 0.0136572053719
0 0.465400013862 0.694005974804 0.0217854013018 0.0145236008679
0 0.368600015991 0.815257972138 0.0273168840867 0.0182112560578
0 0.353200016329 0.821863971993 0.0287456847588 0.0191637898392
0 0.342400016567 0.835545971692 0.0242553803615 0.0161702535744
0 0.376600015815 0.879049970736 0.0360267113108 0.0240178075406
0 0.778200006985 0.399777981273 0.1391433409 0.092762227267
