0 0.578000011387 0.113899973085 0.159576109964 0.106384080326
0 0.0224000236018 0.973254810871 0.0388624457415 0.0259082988698
0 0.0890000221376 0.893670007372 0.020021807627 0.0133478726317
0 0.0578000228236 0.865933006152 0.05414493313 0.0360966244675
0 0.0580000228192 0.848769205397 0.0402865964352 0.0268577327282
0 0.0718000225158 0.781410002436 0.0315760772495 0.0210507195548
0 0.0454000230962 0.773192002074 0.0468251250456 0.0312167520893
0 0.0284000234699 0.757508001385 0.0297533226555 0.0198355497453
0 0.00980002387886 0.754154001237 0.022882673595 0.0152551167362
0 0.0210000236326 0.778208002295 0.0325305896422 0.0216870611919
0 0.0204000236458 0.796652003106 0.029101646336 0.019401098837
0 0.0262000235183 0.693105998553 0.0287977219921 0.0191984825943
0 0.0298000234392 0.720945999777 0.0234731099507 0.0156487409993
0 0.0482000230346 0.706951999162 0.0253099131309 0.0168732765335
0 0.0562000228587 0.695887998675 0.0204697794464 0.013646520531
0 0.0390000232369 0.677849997882 0.0309365697758 0.0206243812109
0 0.114400021579 0.745834000871 0.0315881471616 0.0210587661634
0 0.144800020911 0.75648800134 0.0216648986114 0.0144432666936
0 0.148200020836 0.705987999119 0.0930891970461 0.0620594687906
0 0.0704000225466 0.967430610615 0.0236430780571 0.0157620530777
0 0.0854000222168 0.848794405399 0.0346938740513 0.0231292508931
0 0.17120002033 0.849932805449 0.0198047470766 0.0132031655886
0 0.218800019284 0.843553005168 0.0560380295888 0.0373586888566
0 0.158400020612 0.916664208383 0.0951471170586 0.0634314155561
0 0.105000021786 0.933819809137 0.0707829112206 0.0471886105928
0 0.275600018035 0.939000809365 0.0542269491721 0.0361513018324
0 0.2954000176 0.958748610233 0.03409928248 0.022732856486
0 0.22580001913 0.891271007266 0.0958078952791 0.0638719343988
0 0.21580001935 0.772932002063 0.0342330408501 0.0228220287387
0 0.273800018075 0.806495603539 0.0787685431445 0.0525123655598
0 0.329400016852 0.820828404169 0.0209317998521 0.0139545341551
0 0.259800018383 0.856603605742 0.030387190908 0.0202581286082
0 0.323400016984 0.96004901029 0.0263824534345 0.0175883034497
0 0.355600016276 0.975023610949 0.0263663272405 0.017577552653
0 0.362000016136 0.986029371433 0.0235639310925 0.0157092884311
0 0.275600018035 0.865823806147 0.023612507542 0.015741672733
0 0.281200017912 0.882400606876 0.0217360319458 0.0144906889196
0 0.394000015432 0.910034408091 0.0328133421732 0.0218755628916
0 0.416800014931 0.856287405728 0.0518127688853 0.0345418482018
0 0.347600016452 0.873295006476 0.117201814471 0.0781345481338
0 0.295200017604 0.879104206731 0.0270828051373 0.0180552046157
0 0.420600014847 0.895800207465 0.0764058083847 0.0509372089494
0 0.414200014988 0.942499409519 0.0234723184811 0.0156482133528
0 0.389200015538 0.938074009324 0.020293776384 0.0135291851483
0 0.438600014452 0.927909808877 0.026042418288 0.0173616133371
0 0.533200012372 0.906524007937 0.0252276002878 0.0168184013011
0 0.51920001268 0.913488808243 0.028704625375 0.0191364181788
0 0.443400014346 0.856979805758 0.0204425726774 0.0136283826838
0 0.523800012578 0.827148604447 0.0801472832672 0.0534315257023
0 0.511600012847 0.792834002938 0.0453196508458 0.0302131025566
0 0.35680001625 0.763840001663 0.0216099904047 0.01440666122
0 0.386400015599 0.770764001968 0.0339492989821 0.0226328674809
0 0.440000014421 0.790932002854 0.0435910811396 0.0290607226765
0 0.539800012227 0.790556002838 0.038034271691 0.0253561827997
0 0.525600012539 0.738404000545 0.0203557088837 0.0135704734842
0 0.523600012583 0.758142001413 0.0349891911629 0.0233261289804
0 0.408400015116 0.782274002474 0.0424916308681 0.0283277557804
0 0.290800017701 0.836234004846 0.0206196640106 0.0137464435804
0 0.607600010736 0.933829809138 0.0212622384292 0.0141748265544
0 0.57240001151 0.992047291697 0.0212360209972 0.0141573482652
0 0.582600011286 0.985944671429 0.0248132659283 0.0165421783766
0 0.585800011215 0.796654003106 0.0231350534783 0.0154233700028
0 0.631800010204 0.939843209402 0.0201937544075 0.0134625038263
0 0.676400009223 0.9375328093 0.0815948812492 0.0543965910872
0 0.658600009615 0.984011111344 0.0450464948843 0.0300309985703
0 0.638000010068 0.890431607229 0.108956679437 0.0726377910819
0 0.639600010033 0.850713205483 0.027149783256 0.0180998566978
0 0.641400009993 0.831785604651 0.0510139781454 0.0340093210067
0 0.620200010459 0.856190605724 0.0206489483875 0.0137659664996
0 0.662200009536 0.860263005903 0.0220924900875 0.0147283276964
0 0.763400007311 0.915647408338 0.0752019830536 0.0501346586757
0 0.766800007236 0.829798404563 0.0480780214947 0.0320520164438
0 0.69520000881 0.903029407783 0.0578939269743 0.0385959538618
0 0.687600008977 0.859499005869 0.146623709212 0.0977491459218
0 0.616600010538 0.817727004033 0.0853760285478 0.0569173561192
0 0.663600009505 0.779594002356 0.109197088341 0.0727980636958
0 0.70520000859 0.733704000338 0.0253088248602 0.0168725510196
0 0.807200006348 0.769578001915 0.022297381792 0.0148649221751
0 0.818400006102 0.785540002617 0.0335110226658 0.0223406832507
0 0.48460001344 0.870871006369 0.144481794483 0.0963212026751
0 0.964000002901 0.910063808093 0.0239230604443 0.0159487080148
0 0.950800003191 0.835502004814 0.0447791760115 0.0298527859766
0 0.936000003516 0.817331404015 0.0351698441095 0.0234465642861
0 0.963000002922 0.809902403688 0.0543971151459 0.0362647458225
0 0.867200005029 0.817925204041 0.0695773050828 0.0463848731145
0 0.927600003701 0.876557406619 0.02962876512 0.0197525113828
0 0.865400005068 0.849012405408 0.0282786168382 0.0188524124689
0 0.802400006453 0.865644406139 0.024055928411 0.0160372866651
0 0.751400007575 0.853738605616 0.0334934124662 0.0223289431169
0 0.778400006981 0.796088003081 0.0944151065701 0.0629434085315
0 0.908200004127 0.717879999642 0.0271648211793 0.0181098819807
0 0.863800005103 0.701043998902 0.0237072860321 0.0158048583972
0 0.89260000447 0.765736001746 0.188903028348 0.125935360538
0 0.871400004936 0.667047997407 0.0641126029141 0.0427417380952
0 0.863000005121 0.641977996305 0.0355907080936 0.023727140294
0 0.893400004453 0.647411996544 0.0286986893526 0.0191324608303
0 0.880600004734 0.654793996868 0.0258439572744 0.0172293059859
0 0.691600008889 0.673759997702 0.0608801419474 0.0405867639752
0 0.644200009931 0.720805999771 0.023591335729 0.01572755819
0 0.685000009034 0.643641996378 0.0232024273319 0.0154682859081
0 0.746200007689 0.673625997696 0.0220935783583 0.0147290532103
0 0.717800008313 0.643955996392 0.0238386699933 0.0158924477104
0 0.756200007469 0.614607995101 0.0314376689953 0.0209584473792
0 0.773600007087 0.60617399473 0.0454431201105 0.0302954154052
0 0.845200005512 0.603353994606 0.0250207299091 0.0166804877063
0 0.814600006185 0.598749994404 0.0920562302248 0.0613708241976
0 0.80300000644 0.842419405118 0.0832353010236 0.0554902043423
0 0.985800002421 0.652583996771 0.0240722524725 0.0160481693735
0 0.897200004369 0.570411993158 0.0224801123465 0.0149867425528
0 0.894800004422 0.586681993873 0.0292357015072 0.019490468957
0 0.950000003208 0.5509059923 0.034357796253 0.0229051990127
0 0.97220000272 0.548555992197 0.0634318400851 0.0422878961792
0 0.915200003973 0.519723990929 0.0380032065074 0.0253354726759
0 0.914000004 0.544615992024 0.0230913247804 0.0153942175356
0 0.891600004492 0.538407991751 0.0516773286422 0.0344515547004
0 0.864000005099 0.574729993348 0.0834445458112 0.0556297008766
0 0.795200006612 0.584691993786 0.0230919183826 0.0153946132704
0 0.565000011673 0.593479994172 0.0935776327512 0.0623850926155
0 0.568400011598 0.623617995497 0.0561326102115 0.0374217426092
0 0.560000011783 0.65120399671 0.0237629857084 0.0158419915172
0 0.598400010938 0.717185999612 0.0253531471603 0.0169020992217
0 0.608600010714 0.728474000108 0.0433762960645 0.028917532617
0 0.563000011717 0.686981998284 0.0228243027086 0.0152162028094
0 0.560600011769 0.698237998779 0.0316176294059 0.0210784209942
0 0.576800011413 0.702207998953 0.0407967975555 0.0271978668309
0 0.570800011545 0.716089999563 0.0479653360039 0.0319768927783
0 0.512200012833 0.66325399724 0.0507039199117 0.033802615504
0 0.487000013387 0.666385997378 0.0198719230628 0.0132479495823
0 0.534600012341 0.619715995326 0.0486197824672 0.0324131904493
0 0.453600014122 0.667701997436 0.0317203225925 0.0211468831231
0 0.472600013704 0.667423997424 0.0294637436989 0.0196424970948
0 0.424400014764 0.70417399904 0.045800666523 0.0305337796959
0 0.447000014267 0.567159993015 0.0266985466243 0.0177990322568
0 0.629000010266 0.616475995183 0.0310320408018 0.0206880285657
0 0.659400009597 0.553667992422 0.0351902244529 0.0234601511826
0 0.622600010406 0.548503992195 0.0235421656773 0.0156947781534
0 0.444800014315 0.553155992399 0.027484970651 0.0183233149759
0 0.396000015388 0.642053996308 0.0382515301087 0.0255010217544
0 0.361200016153 0.697601998751 0.0288125620479 0.0192083759655
0 0.367800016008 0.71442199949 0.0317205204599 0.0211470150347
0 0.347200016461 0.716669999589 0.0548046230797 0.0365364177963
0 0.364600016078 0.636819996078 0.06595356131 0.0439690437734
0 0.339200016637 0.628507995712 0.0361680852001 0.0241120583904
0 0.39000001552 0.606103994727 0.0226055602853 0.0150703745175
0 0.322400017006 0.566017992965 0.0202775512562 0.0135183683958
0 0.306600017354 0.594935994236 0.0207350207114 0.0138233480527
0 0.301200017472 0.613009995031 0.0213683942954 0.0142455971365
0 0.303800017415 0.631511995845 0.0206368784754 0.013757919891
0 0.291200017692 0.650707996689 0.0424097137597 0.0282731443713
0 0.245400018699 0.629909995774 0.0340984910104 0.0227323288396
0 0.26400001829 0.656037996923 0.0327483427285 0.0218322299256
0 0.216600019332 0.686175998248 0.021635119566 0.0144234139953
0 0.226400019117 0.743596000773 0.0403955224452 0.026930350073
0 0.256800018448 0.737664000512 0.0624655545815 0.041643705801
0 0.275200018044 0.585809993835 0.0448001499571 0.029866768608
0 0.226200019121 0.577805993483 0.0237747588194 0.0158498402583
0 0.197800019746 0.599353994431 0.0222129913411 0.0148086618708
0 0.288400017754 0.581809993659 0.0329737137101 0.0219824772566
0 0.295000017609 0.584221993765 0.0302347340675 0.0201564907078
0 0.318800017085 0.619775995329 0.0234913137526 0.015660876868
0 0.285000017829 0.616205995172 0.0206657671174 0.013777178987
0 0.229600019046 0.610339994914 0.0462122307387 0.0308081558578
0 0.268600018189 0.605301994692 0.025789939471 0.0171932941147
0 0.24720001866 0.571067993187 0.021547365369 0.0143649111935
0 0.266000018246 0.558463992633 0.0209404070845 0.0139602723104
0 0.23400001895 0.55430199245 0.0385488258944 0.0256992189579
0 0.192000019873 0.72033999975 0.0655540670063 0.04370271422
0 0.181400020106 0.609445994874 0.0278637878102 0.0185758597653
0 0.148400020832 0.601071994506 0.0419334469004 0.0279556331108
0 0.0578000228236 0.599209994424 0.0542704800026 0.036180322388
0 0.0812000223091 0.643639996378 0.020053070678 0.0133687146671
0 0.119600021465 0.664423997292 0.0608281028182 0.0405520712201
0 0.154600020695 0.644785996428 0.100542367766 0.0670282495981
0 0.125200021342 0.616105995167 0.0848737421239 0.0565824984812
0 0.101400021865 0.609753994888 0.0910692675766 0.0607128490555
0 0.0566000228499 0.646537996505 0.0720544072064 0.0480362746392
0 0.063600022696 0.670419997555 0.0349194429003 0.0232796301357
0 0.105800021768 0.764782001704 0.0201254901506 0.0134169943186
0 0.182800020075 0.558683992642 0.0286163765095 0.0190775855979
0 0.163600020498 0.552575992374 0.036259895679 0.0241732653804
0 0.136000021104 0.539609991804 0.0220403520246 0.0146935689855
0 0.0316000233996 0.579407993554 0.0411920377098 0.0274613602845
0 0.0438000231314 0.559863992694 0.0275573901236 0.0183715946274
0 0.0638000226917 0.573951993314 0.0486465935015 0.0324310644733
0 0.0700000225553 0.537823991725 0.0635145486631 0.0423430352348
0 0.198000019741 0.529179991345 0.0456514744948 0.0304343183372
0 0.174600020256 0.532765991503 0.0218270509551 0.0145513682631
0 0.13800002106 0.487331989505 0.0235956888121 0.0157304602456
0 0.132200021188 0.501711990137 0.0224084843435 0.0149389905477
0 0.253000018532 0.540625991848 0.0401137592513 0.0267425079314
0 0.10800002172 0.496295989899 0.0234747918237 0.015649862248
0 0.0668000226257 0.495839989879 0.0348189262553 0.0232126190346
0 0.0378000232633 0.455675988113 0.0243898296678 0.0162598875176
0 0.0466000230698 0.428711986927 0.04990908652 0.0332727265412
0 0.0544000228983 0.342847983152 0.0273381530317 0.0182254365565
0 0.0290000234567 0.340025983028 0.0309459684779 0.0206306470126
0 0.231000019016 0.394773985435 0.0262509705397 0.0175006481807
0 0.155000020687 0.363135984044 0.0204133872342 0.0136089257204
0 0.126000021324 0.355921983727 0.0225781556488 0.0150521047587
0 0.137200021078 0.436025987249 0.0200266553786 0.0133511044663
0 0.0894000221288 0.439389987397 0.142894897844 0.0952632715123
0 0.123800021373 0.487299989503 0.0222771993161 0.0148514671903
0 0.0990000219178 0.490879989661 0.0281619739992 0.0187746505711
0 0.149800020801 0.465659988552 0.0944391474606 0.0629594357929
0 0.115400021557 0.444131987605 0.0249862020458 0.0166574691292
0 0.132200021188 0.377395984671 0.15884795789 0.105898645578
0 0.125000021346 0.327033982456 0.0381319192585 0.0254212811823
0 0.139200021034 0.310137981714 0.0372807925883 0.0248538633648
0 0.153600020717 0.324525982346 0.0232781116167 0.0155187421014
0 0.304400017402 0.380235984796 0.122880609178 0.081920411522
0 0.34680001647 0.385009985006 0.0359611158878 0.0239740788397
0 0.254400018501 0.40467198587 0.0200044942285 0.0133363303653
0 0.248200018638 0.435355987219 0.0253433527235 0.0168955695967
0 0.268800018185 0.429545986964 0.0232698011855 0.0155132018135
0 0.240000018818 0.456593988153 0.0372020413585 0.0248013625415
0 0.278000017982 0.450717987895 0.0277686135853 0.0185124102778
0 0.264400018281 0.46265398842 0.0239743081038 0.0159828731234
0 0.292000017675 0.468661988684 0.0316802544417 0.0211201710208
0 0.27900001796 0.474077988922 0.0393625556238 0.02624170548
0 0.302000017455 0.44538198766 0.0408975120679 0.0272650098436
0 0.328400016874 0.468995988699 0.0216687570259 0.0144458389701
0 0.337200016681 0.477189989059 0.0254161679309 0.0169441130715
0 0.314200017187 0.504707990269 0.02480663737 0.0165377593374
0 0.327400016896 0.503867990232 0.0210179711098 0.014011981664
0 0.332000016795 0.513517990656 0.0314424178131 0.020961613258
0 0.330800016822 0.529415991355 0.0212084184933 0.0141389465947
0 0.345400016501 0.496399989904 0.0328568730037 0.0219045834472
0 0.393400015445 0.507411990388 0.0702911117695 0.0468607442704
0 0.396600015375 0.477337989065 0.098950524441 0.0659670206449
0 0.357000016246 0.467121988616 0.0630546058653 0.0420364066827
0 0.420600014847 0.389719985213 0.0358135067989 0.023875672774
0 0.497400013159 0.383139984923 0.0211532134855 0.0141021432538
0 0.545400012104 0.39806198558 0.0290144857413 0.01934299177
0 0.535200012328 0.414125986286 0.0260063074854 0.0173375394671
0 0.551400011972 0.35667598376 0.0384192227399 0.0256128168492
0 0.387600015573 0.300483981289 0.0227098364111 0.0151398919393
0 0.339400016633 0.297449981156 0.0245188392201 0.0163458938915
0 0.338800016646 0.275593980195 0.0391261040672 0.0260840710985
0 0.359800016184 0.26593397977 0.0293149474055 0.0195432995593
0 0.314600017178 0.273481980102 0.0294036909395 0.0196024619193
0 0.308000017323 0.267369979833 0.0315928959795 0.0210619320422
0 0.287400017776 0.271597980019 0.0264298426796 0.0176198962819
0 0.297600017551 0.306265981543 0.0239024822335 0.0159349892067
0 0.363000016114 0.325199982376 0.0711305642625 0.0474203793026
0 0.251000018576 0.248929979022 0.0352041741054 0.0234694509515
0 0.30220001745 0.251265979125 0.0238472772257 0.0158981858657
0 0.227000019104 0.266571979798 0.026261952181 0.0175079692754
0 0.222400019205 0.294393981021 0.0198211700718 0.0132141142527
0 0.477000013607 0.307021981577 0.02593754856 0.0172917001805
0 0.511600012847 0.304245981454 0.0198474864375 0.0132316584977
0 0.4728000137 0.493845989791 0.0232215215371 0.0154810153791
0 0.491200013295 0.494179989806 0.0206067036951 0.0137378033695
0 0.513800012798 0.49427998981 0.0328142325765 0.0218761564939
0 0.554000011914 0.481735989259 0.0391091864035 0.0260727926553
0 0.562800011721 0.509815990494 0.0259856303409 0.0173237547032
0 0.565000011673 0.492257989721 0.0333081096354 0.0222054078882
0 0.564800011677 0.408637986045 0.0383576859749 0.0255717923366
0 0.581600011308 0.361783983984 0.0296385595569 0.0197590410078
0 0.572600011506 0.338367982955 0.0337078018065 0.0224718693532
0 0.648200009843 0.394673985431 0.0215627990271 0.0143752002995
0 0.618400010499 0.447825987768 0.026716453625 0.0178109702581
0 0.648000009848 0.493881989793 0.0306624244773 0.0204416176664
0 0.686200009008 0.385065985008 0.0825287164974 0.0550191479604
0 0.6638000095 0.365713984157 0.0692946514856 0.0461964373706
0 0.755800007478 0.385625985033 0.0326027123137 0.021735142976
0 0.665000009474 0.514825990714 0.0266331514448 0.0177554354676
0 0.68340000907 0.53884599177 0.0679229356559 0.0452819600905
0 0.642800009962 0.482845989308 0.158523455335 0.105682310527
0 0.594200011031 0.414477986301 0.0277007450631 0.0184671645934
0 0.636400010103 0.524759991151 0.0285700755352 0.0190467182797
0 0.737400007882 0.487757989524 0.143459809303 0.0956398791769
0 0.817400006124 0.519385990914 0.0226855976532 0.0151237327663
0 0.827400005904 0.526281991218 0.0219482447446 0.0146321641281
0 0.83440000575 0.487157989497 0.0229003827283 0.0152669228258
0 0.818600006097 0.483057989317 0.0279253245751 0.018616884278
0 0.767400007223 0.406371985945 0.0264160908945 0.0176107284245
0 0.817400006124 0.421705986619 0.0208117932671 0.0138745297598
0 0.831000005825 0.470987988786 0.0208724396287 0.0139149606702
0 0.81620000615 0.499711990049 0.0494803078395 0.0329868740687
0 0.835800005719 0.504765990271 0.0271383069462 0.0180922058241
0 0.817200006128 0.32323998229 0.0825950020802 0.0550633383519
0 0.784200006853 0.330719982619 0.0266749014686 0.0177832688187
0 0.701800008665 0.337509982917 0.0269636889556 0.0179757938227
0 0.727600008098 0.362325984008 0.073550185903 0.0490334605027
0 0.703800008621 0.314345981899 0.0201098586251 0.0134065733009
0 0.673200009294 0.335513982829 0.0423121651259 0.0282081119444
0 0.782600006889 0.367469984234 0.0733275850652 0.0488850599344
0 0.924600003767 0.286719980684 0.06869273882 0.0457951622338
0 0.830800005829 0.252549979181 0.059968566783 0.0399790471589
0 0.900400004299 0.4462779877 0.0380630613993 0.0253753759399
0 0.951800003169 0.433267987128 0.0491427460356 0.0327618328512
0 0.889000004549 0.432307987085 0.0221457164212 0.0147638119212
0 0.892200004479 0.413247986247 0.0528138790534 0.0352092550245
0 0.916800003938 0.387943985135 0.0459050415825 0.0306033630735
0 0.945200003314 0.466681988597 0.0224888185126 0.0149925466639
0 0.944600003327 0.519249990908 0.0554265203538 0.0369510160064
0 0.893200004457 0.454617988066 0.227217084558 0.151478066363
0 0.967400002826 0.411137986155 0.0329964684624 0.0219976470925
0 0.980600002536 0.391525985292 0.0549485716215 0.0366323834971
0 0.973400002694 0.224863977964 0.0215283700975 0.0143522476783
0 0.964800002883 0.244203978814 0.037674548737 0.0251163674812
0 0.891400004497 0.224789977961 0.0217404839626 0.014493656931
0 0.892200004479 0.203303977016 0.0209410996204 0.0139607340011
0 0.860200005183 0.146749974529 0.0455178150583 0.0303452120403
0 0.82440000597 0.199151976833 0.0200891814806 0.013392788537
0 0.878200004787 0.242593978744 0.0259436824497 0.0172957894406
0 0.885200004633 0.17245797566 0.0303344592429 0.0202229741624
0 0.824800005961 0.227187978066 0.0633632790271 0.0422421888042
0 0.740400007816 0.22749397808 0.0319540040054 0.0213026707419
0 0.778600006977 0.222661977867 0.0201219285372 0.0134146199095
0 0.675800009237 0.138091974149 0.0205671302128 0.0137114210462
0 0.675400009245 0.18109997604 0.0316119901847 0.0210746615131
0 0.640600010011 0.154237974859 0.0518063381945 0.0345375610743
0 0.655000009694 0.131267973849 0.0307321727398 0.0204881165112
0 0.684800009039 0.189115976392 0.0217874774728 0.0145249859399
0 0.631200010217 0.315403981945 0.0272965019416 0.0181976691613
0 0.660800009566 0.209907977306 0.0203107929814 0.0135405295473
0 0.757800007434 0.256121979338 0.0314380647301 0.0209587112024
0 0.533800012359 0.270065979952 0.0265145299317 0.0176763544536
0 0.544000012134 0.309339981678 0.0481332265025 0.0320888197848
0 0.575400011444 0.321245982202 0.0281983816029 0.0187989223085
0 0.517400012719 0.214011977487 0.0978842169608 0.0652561489446
0 0.507600012935 0.178687975934 0.02329314954 0.0155287673842
0 0.483600013462 0.177733975892 0.0246405276781 0.0164270195355
0 0.462400013928 0.17497597577 0.0237726812116 0.0158484551864
0 0.528200012482 0.163351975259 0.0547202326288 0.0364801574919
0 0.424200014768 0.134833974005 0.0214718789516 0.0143145869118
0 0.362800016118 0.19928997684 0.0254356578709 0.0169571063657
0 0.328800016866 0.222837977875 0.0242541915573 0.0161694621047
0 0.286000017807 0.231065978237 0.0373385698724 0.0248923815567
0 0.261800018339 0.197139976745 0.0216842896177 0.014456194032
0 0.237600018871 0.219953977748 0.0359259944222 0.0239506645279
0 0.252800018536 0.14472197444 0.0407613792889 0.0271742546515
0 0.277000018004 0.152525974783 0.0268540704097 0.0179027147872
0 0.322000017015 0.158791975059 0.0260522127249 0.0173681429621
0 0.297000017565 0.184531976191 0.080893342342 0.0539288984516
0 0.384600015639 0.208283977235 0.0240418798248 0.0160279209404
0 0.373000015894 0.240625978657 0.0305300511791 0.0203533687951
0 0.344800016514 0.228525978125 0.0710993012114 0.0473995372672
0 0.369800015964 0.155107974897 0.0856763912783 0.0571175979528
0 0.456200014065 0.229175978154 0.0377600274587 0.0251733532995
0 0.414800014975 0.116701973208 0.0333672719914 0.0222448494615
0 0.22080001924 0.105351972709 0.0587701828057 0.0391801244547
0 0.320200017055 0.078333971521 0.0362711741215 0.0241807843425
0 0.450800014183 0.0720879712464 0.0203373072145 0.0135582057039
0 0.488800013348 0.0832979717393 0.0228481457317 0.0152320981591
0 0.515800012754 0.0788379715432 0.0293593686394 0.0195729137172
0 0.513400012807 0.0666559710075 0.0234087041083 0.0156058037681
0 0.485000013431 0.0661819709867 0.0371476278204 0.024765086847
0 0.504600013001 0.0466459701277 0.0208160474164 0.0138773658596
0 0.404400015203 0.195395976668 0.0211815085253 0.0141210066149
0 0.124000021368 0.249353979041 0.0357855085601 0.0238570072803
0 0.0382000232545 0.201379976931 0.0337164090389 0.0224776075085
0 0.0686000225861 0.175257975783 0.0724296627521 0.0482864450195
0 0.183800020053 0.238457978562 0.1334160595 0.0889440455327
0 0.0224000236018 0.0553379705099 0.0239919183034 0.0159946132572
0 0.073200022485 0.0790359715519 0.0566471644149 0.0377647787674
0 0.0650000226653 0.105509972716 0.0218544555916 0.014569638022
0 0.0312000234084 0.0372899697163 0.0392890478805 0.0261927003145
0 0.206600019552 0.0530039704072 0.0993858327461 0.0662572262008
0 0.192800019856 0.104617972677 0.063148493952 0.0420989987447
0 0.17760002019 0.0577999706181 0.0346658758126 0.0231105853993
0 0.152400020744 0.0791219715557 0.146219070356 0.0974793866664
0 0.392200015472 0.0260299692212 0.0198337346524 0.0132224906404
0 0.448800014227 0.0124279686231 0.0267258523271 0.0178172360599
0 0.508600012913 0.0273739692803 0.0224140246311 0.0149426840729
0 0.581000011321 0.0456139700823 0.0326137928888 0.0217425300265
0 0.620800010446 0.0758079714099 0.0199944029905 0.0133296028728
0 0.710800008467 0.0632939708597 0.0493899813662 0.0329266564158
0 0.732800007984 0.0242619691434 0.0224045269953 0.0149363523153
0 0.802200006458 0.0125599686289 0.0213871916995 0.0142581287401
0 0.985800002421 0.0320719694868 0.0198317559783 0.0132211715242
0 0.365800016052 0.740024000616 0.0452598948876 0.0301732652485
0 0.192800019856 0.375417984584 0.111431011416 0.074287345844
0 0.570000011563 0.365951984168 0.0446614449017 0.0297742985649
0 0.655600009681 0.440903987463 0.109527526919 0.073018356095
0 0.940800003411 0.179475975968 0.150885773254 0.100590522137
0 0.0276000234875 0.202269976971 0.0317541579198 0.0211694400095
0 0.29720001756 0.0489119702273 0.129890062228 0.08659338053
