0 0.0742000004777 0.87202000642 0.0507919709098 0.0338613161732
0 0.638399988074 0.519939990939 0.760400504747 0.506933703266
0 0.62899998828 0.797380003138 0.119042970734 0.0793619857236
0 0.130999999229 0.949700009835 0.133173671921 0.0887824538027
0 0.0248000015638 0.972300010829 0.0455791539559 0.0303861046414
0 0.241999996789 0.925600008776 0.0364170024037 0.0242780032037
0 0.254599996512 0.910560008114 0.0421320068478 0.0280880064178
0 0.286999995799 0.959420010263 0.0406091203158 0.0270727486628
0 0.208999997514 0.947340009732 0.11222643841 0.0748176305415
0 0.259599996402 0.940960009451 0.027536416178 0.0183576119961
0 0.348799994441 0.967900010636 0.0202661738801 0.0135107834778
0 0.330999994832 0.980580011193 0.0353033056785 0.0235355386713
0 0.412599993038 0.951460009913 0.0256068131818 0.0170712099138
0 0.488199991376 0.930260008981 0.0317181460509 0.0211454320953
0 0.48299999149 0.906420007932 0.0370593789549 0.0247062542661
0 0.448999992238 0.911240008144 0.0231000309465 0.0154000216467
0 0.944599981342 0.762540001606 0.0203681745307 0.013578783916
0 0.870799982964 0.7737800021 0.0249957986153 0.0166638668426
0 0.962599980946 0.867180006207 0.0581495716698 0.0387663836701
0 0.844999983531 0.874380006524 0.0265337230706 0.0176891498804
0 0.832399983809 0.893800007377 0.022224764452 0.0148165106119
0 0.895199982428 0.931300009026 0.027865172882 0.0185767831466
0 0.883199982692 0.759860001488 0.0205206313712 0.0136804218164
0 0.858199983241 0.737280000495 0.035714276292 0.0238095190984
0 0.952999981157 0.751900001138 0.0242258965175 0.0161505987435
0 0.962199980955 0.74990000105 0.0301225432452 0.0200816968213
0 0.900599982309 0.744040000792 0.0257751983489 0.0171834666993
0 0.89599998241 0.685459998217 0.0207835971609 0.0138557323545
0 0.610199988694 0.765380001731 0.0241947324002 0.016129822664
0 0.723999986192 0.802760003374 0.0285503877278 0.0190335930739
0 0.751199985594 0.842220005109 0.0592676214781 0.0395117502581
0 0.720199986275 0.874940006548 0.110773102273 0.0738487397197
0 0.68359998708 0.835880004831 0.0353490130505 0.0235660102547
0 0.658199987638 0.865140006117 0.0636794711505 0.042452983567
0 0.632399988206 0.84450000521 0.029264689083 0.0195097940088
0 0.570999989555 0.870960006373 0.0201662508373 0.0134441681116
0 0.593199989067 0.884380006963 0.0199019989094 0.013268000148
0 0.727199986121 0.938800009356 0.0658124818457 0.0438749907909
0 0.853199983351 0.899180007614 0.0208868839497 0.0139245902182
0 0.465999991864 0.894740007419 0.0387327436533 0.0258218308053
0 0.463199991925 0.879480006748 0.0390491336441 0.0260327574798
0 0.430999992633 0.89068000724 0.0269458808886 0.0179639217772
0 0.399799993319 0.910400008107 0.0256119577345 0.0170746396158
0 0.350799994397 0.895320007444 0.0274620180313 0.0183080132284
0 0.409199993113 0.898360007578 0.0281396149817 0.0187597445584
0 0.419199992893 0.917340008413 0.0369757799735 0.0246505216082
0 0.396999993381 0.887780007113 0.0285781880991 0.019052126656
0 0.670799987361 0.923780008696 0.0311230598111 0.0207487079092
0 0.641399988008 0.929820008961 0.0271421653607 0.0180947781006
0 0.569399989591 0.883500006925 0.165030325159 0.110020224029
0 0.500599991103 0.878700006714 0.110037035503 0.073358028507
0 0.410999993073 0.792600002928 0.0224087811447 0.0149391884151
0 0.567999989621 0.777840002279 0.0219505202198 0.0146336811117
0 0.518599990707 0.767500001824 0.0289581924627 0.0193054629151
0 0.596199989001 0.863560006048 0.0203523451378 0.0135682309867
0 0.331199994828 0.81586000395 0.103107718755 0.0687384837037
0 0.355599994291 0.751840001135 0.064780306494 0.0431868738444
0 0.183799998068 0.805960003515 0.0455459122308 0.0303639434899
0 0.0520000009658 0.792380002918 0.0210569509898 0.0140379682524
0 0.127199999313 0.89682000751 0.0295913681793 0.0197275800873
0 0.0874000001875 0.642619996333 0.0239201913668 0.0159467952963
0 0.0946000000292 0.668659997478 0.0341790230468 0.0227860168674
0 0.0772000004118 0.555319992494 0.0242909948958 0.0161939976653
0 0.159999998591 0.595119994244 0.0290640515278 0.0193760356299
0 0.126999999317 0.59523999425 0.0461228936025 0.030748597763
0 0.256799996463 0.5940999942 0.0235168386486 0.0156778934665
0 0.287199995795 0.632899995906 0.0402157599019 0.0268105083696
0 0.272999996107 0.673339997684 0.0304990849292 0.0203327246272
0 0.0328000013879 0.624299995527 0.0698813283604 0.046587555313
0 0.101799999871 0.5281599913 0.0202079019274 0.0134719355068
0 0.152199998763 0.511359990561 0.0361128801923 0.0240752550495
0 0.0961999999941 0.49767998996 0.0203438368391 0.0135625587872
0 0.172599998314 0.479899989178 0.0292679538953 0.0195119705505
0 0.199799997716 0.550099992265 0.0208241599803 0.0138827742358
0 0.315799995166 0.666619997388 0.0239662944737 0.0159775307029
0 0.349799994419 0.55135999232 0.034806262741 0.0232041766911
0 0.519999990677 0.641679996292 0.0218567310668 0.0145711550056
0 0.420199992871 0.618259995262 0.0297705371203 0.0198470260559
0 0.605599988795 0.736140000445 0.0299179483418 0.0199453002101
0 0.585199989243 0.705839999113 0.0348514754445 0.0232343184955
0 0.659599987608 0.708839999245 0.0310473755262 0.020698251716
0 0.637399988096 0.750320001069 0.0276909506263 0.0184606349684
0 0.777599985013 0.684759998186 0.0204853120382 0.0136568755929
0 0.728599986091 0.662879997224 0.0349454624649 0.0232969765132
0 0.731199986033 0.635239996008 0.0437156386751 0.0291437610389
0 0.772199985132 0.721739999812 0.0264226205191 0.0176150815079
0 0.65219998777 0.667679997435 0.0364323371281 0.024288226354
0 0.686999987005 0.619999995338 0.0227067694663 0.0151378473093
0 0.752199985572 0.584239993766 0.0227363506443 0.0151575680959
0 0.818799984108 0.580899993619 0.0236588085163 0.0157725400512
0 0.870199982977 0.612859995024 0.021673110109 0.0144487410256
0 0.94059998143 0.439479987401 0.0420283243242 0.0280188847308
0 0.917799981931 0.303019981401 0.0213246655975 0.0142164446693
0 0.85599998329 0.334419982781 0.0227025153169 0.0151350112095
0 0.872599982925 0.312579981821 0.0288216639488 0.0192144438999
0 0.861599983167 0.299899981263 0.0200889836131 0.0133926566254
0 0.820599984068 0.406659985958 0.0384967867651 0.0256645262028
0 0.864799983096 0.409159986068 0.0834810523486 0.0556540385698
0 0.933199981592 0.409559986085 0.0346249172584 0.0230832796948
0 0.587199989199 0.520579990967 0.0589146260161 0.0392764199346
0 0.489599991345 0.489979989621 0.0298968754625 0.0199312516229
0 0.49799999116 0.485879989441 0.0564569148988 0.0376379457483
0 0.526399990536 0.419379986517 0.0490839794144 0.0327226551012
0 0.492199991288 0.437319987306 0.0486646983696 0.0324431343862
0 0.580199989353 0.346759983324 0.0529961149393 0.0353307456232
0 0.533199990386 0.355159983693 0.0558559915703 0.0372373301696
0 0.204999997602 0.41329998625 0.0351980402156 0.0234653616914
0 0.147199998873 0.434139987166 0.020011023853 0.0133406834486
0 0.294999995623 0.325959982409 0.0325177282605 0.0216784869368
0 0.178999998174 0.306019981532 0.020230557746 0.0134870393869
0 0.161599998556 0.315359981943 0.0253103088658 0.0168735403567
0 0.135599999128 0.314539981907 0.0214517954093 0.0143011978828
0 0.144999998921 0.293539980984 0.0584099651833 0.0389399793572
0 0.32699999492 0.361139983956 0.0427365907234 0.0284910623614
0 0.0868000002007 0.402479985774 0.0729548028621 0.0486365384492
0 0.10139999988 0.431979987071 0.0240178389343 0.016011893679
0 0.0628000007284 0.329819982579 0.0587448557771 0.0391632397678
0 0.0178000017177 0.122979973484 0.0203800465754 0.013586698613
0 0.037800001278 0.254519979268 0.0225015809606 0.0150010549632
0 0.0230000016034 0.240099978634 0.0288257202308 0.019217148088
0 0.0983999999457 0.240179978637 0.0307585880393 0.020505726712
0 0.185199998037 0.195739976683 0.0797219672664 0.053147981683
0 0.0963999999897 0.155779974926 0.0308953144206 0.0205968776389
0 0.110199999686 0.136679974087 0.0209623703672 0.0139749144998
0 0.0754000004514 0.221679977824 0.0214585229013 0.0143056828777
0 0.09320000006 0.254199979254 0.0213825418153 0.0142550288171
0 0.0842000002579 0.262619979624 0.036101898551 0.0240679339548
0 0.119199999488 0.275539980192 0.0204465300256 0.0136310209161
0 0.253199996542 0.152179974768 0.020634306199 0.01375620504
0 0.247799996661 0.116139973183 0.0247193778415 0.0164795863146
0 0.195799997804 0.116899973217 0.0261880487028 0.0174587002867
0 0.217999997316 0.126439973636 0.0386028436977 0.0257352308292
0 0.263199996323 0.175439975791 0.0236741432407 0.0157827632014
0 0.247599996665 0.231759978267 0.091984899023 0.0613232700599
0 0.215199997378 0.277039980258 0.109421667853 0.0729477833803
0 0.0198000016737 0.0932199721755 0.038236986854 0.0254913262506
0 0.165799998464 0.147759974574 0.0429628521084 0.0286419032947
0 0.064000000702 0.195079976654 0.0671803392608 0.0447868957945
0 0.318599995105 0.169559975532 0.137138934845 0.0914259625937
0 0.426799992726 0.127379973678 0.0199333608941 0.0132889081392
0 0.365599994071 0.0917799721122 0.146223027704 0.0974820248987
0 0.473399991701 0.102379972578 0.0380147817509 0.0253431895055
0 0.391799993495 0.153019974805 0.0511597074939 0.0341064739121
0 0.552799989956 0.175179975779 0.0461800772844 0.0307867202201
0 0.594399989041 0.0921399721281 0.0209895771362 0.0139930523471
0 0.460999991974 0.0731199712917 0.0372887072847 0.0248591398294
0 0.413599993016 0.185599976238 0.0267940176503 0.0178626796117
0 0.439399992449 0.234179978374 0.0291271712321 0.0194181154355
0 0.454399992119 0.218939977704 0.0259674265391 0.0173116188345
0 0.392199993486 0.216499977596 0.0301770557171 0.0201180384716
0 0.403799993231 0.229599978172 0.0252258194811 0.0168172140966
0 0.512999990831 0.25591997933 0.0486587623473 0.0324391770377
0 0.505599990993 0.210179977318 0.0379999416951 0.0253332961343
0 0.504599991015 0.197599976765 0.0470707774369 0.031380520361
0 0.618399988513 0.227139978064 0.0210502234978 0.0140334832575
0 0.680199987155 0.230359978206 0.0253017016334 0.0168678022014
0 0.710799986482 0.254359979261 0.0441996223634 0.0294664168524
0 0.883799982678 0.256479979354 0.0321201136973 0.0214134105438
0 0.755599985497 0.194679976637 0.0249777926809 0.0166518628855
0 0.84959998343 0.152439974779 0.0206423198292 0.0137615474604
0 0.728599986091 0.200619976898 0.0237922700853 0.0158615144364
0 0.706199986583 0.194199976616 0.025818531312 0.0172123553432
0 0.665199987484 0.154999974892 0.101988778543 0.0679925235134
0 0.707799986548 0.179699975978 0.0212395826106 0.0141597226743
0 0.728399986095 0.186739976288 0.0239216753724 0.0159477846334
0 0.814799984195 0.0910999720823 0.0661979275631 0.0441319546195
0 0.862199983153 0.109379972886 0.0713769091897 0.0475846092649
0 0.787199984802 0.161339975171 0.0324147382729 0.0216098269405
0 0.731199986033 0.136499974079 0.0319086923681 0.0212724629818
0 0.81959998409 0.258179979429 0.029183662378 0.0194557762019
0 0.760799985383 0.224879977965 0.03546753563 0.0236450253128
0 0.954199981131 0.105119972699 0.0328108688305 0.0218739139964
0 0.933999981575 0.0492599702426 0.0256684488804 0.0171123003823
0 0.915399981984 0.0712799712108 0.0258493986282 0.0172329335554
0 0.892799982481 0.0251799691838 0.0276512782103 0.0184341866894
0 0.798999984543 0.0313799694564 0.0279107813204 0.0186071887742
0 0.782599984903 0.0406199698627 0.0201152010452 0.0134101349146
0 0.814199984209 0.0598799707096 0.025824566268 0.0172163786475
0 0.857199983263 0.0651799709426 0.0232445730905 0.0154963830824
0 0.868199983021 0.0507199703068 0.0240995581753 0.0160663731765
0 0.904799982217 0.0448599700491 0.0229710213942 0.0153140152729
0 0.89599998241 0.0564399705583 0.0230600617294 0.0153733755002
0 0.920199981878 0.0321799694916 0.0276945122397 0.0184630093775
0 0.573199989507 0.0421399699295 0.0878933966896 0.0585956016578
0 0.483999991468 0.0418799699181 0.0235817391596 0.0157211604766
0 0.447399992273 0.0443599700271 0.023685124882 0.0157900842961
0 0.346199994498 0.0307599694291 0.0275309748241 0.0183539844266
0 0.420399992866 0.0671599710297 0.020672989278 0.013781993761
0 0.381399993724 0.0189799689112 0.0438553330676 0.0292368906401
0 0.0532000009394 0.0690599711132 0.0223199386769 0.0148799600994
0 0.0965999999853 0.0562999705522 0.0552459663409 0.0368306466565
0 0.135199999137 0.0161799687881 0.0366891690281 0.024459447632
0 0.871999982938 0.680319997991 0.029216607302 0.019477739486
