0 0.835200005732 0.265700006206 0.0994046367065 0.0662697578043
0 0.811400006255 0.551419999924 0.178176647726 0.118784431817
0 0.142400020964 0.263160006262 0.116294600059 0.077529733373
0 0.114200021584 0.260740006315 0.134683409153 0.0897889394352
0 0.271200018132 0.670679997302 0.140856872796 0.0939045818643
0 0.375600015837 0.0121400117803 0.0309045172935 0.020603011529
0 0.362000016136 0.0295200113982 0.0395175873471 0.0263450582314
0 0.427000014707 0.0413600111378 0.0260949538069 0.0173966358712
0 0.323800016975 0.0589000107522 0.0275087165547 0.0183391443698
0 0.510000012882 0.0776800103393 0.0257937995868 0.0171958663912
0 0.521600012627 0.0294600113995 0.0573848179095 0.038256545273
0 0.715600008362 0.0485600109796 0.027559172748 0.018372781832
0 0.671600009329 0.10040000984 0.029839594815 0.01989306321
0 0.576200011426 0.0907600100518 0.0202947670596 0.0135298447064
0 0.570200011558 0.108400009664 0.0311173237085 0.0207448824724
0 0.820400006058 0.0891200100878 0.0885243027696 0.0590162018464
0 0.722200008217 0.0977600098979 0.0235133775198 0.0156755850132
0 0.70840000852 0.0861800101525 0.0329941951634 0.0219961301089
0 0.604000010815 0.122960009344 0.0395514226767 0.0263676151178
0 0.624600010362 0.0720200104638 0.0413935683985 0.0275957122657
0 0.638400010059 0.0915200100351 0.0409043411915 0.0272695607943
0 0.925200003754 0.0779400103336 0.0209171590433 0.0139447726955
0 0.969800002773 0.0582000107676 0.0529643607131 0.0353095738087
0 0.991200002303 0.191280007842 0.0215850605346 0.0143900403564
0 0.812800006225 0.197420007707 0.0209672195017 0.0139781463344
0 0.81120000626 0.204820007544 0.0236612834196 0.0157741889464
0 0.74660000768 0.209920007432 0.0310147294489 0.0206764862993
0 0.779000006968 0.143220008898 0.0279792452901 0.0186528301934
0 0.793400006651 0.126020009277 0.0244307898333 0.0162871932222
0 0.644800009918 0.160680008515 0.0243868632651 0.0162579088434
0 0.668400009399 0.158440008564 0.0261277008656 0.0174184672437
0 0.824000005978 0.23776000682 0.054094480508 0.0360629870053
0 0.694200008832 0.307320005291 0.0723896983096 0.048259798873
0 0.793800006642 0.292960005606 0.0320306797399 0.0213537864933
0 0.816400006146 0.352480004298 0.0249842250196 0.0166561500131
0 0.925600003745 0.22638000707 0.063355467443 0.0422369782953
0 0.985600002426 0.16680000838 0.0201411230045 0.0134274153363
0 0.918800003894 0.0945600099682 0.0243271073029 0.0162180715353
0 0.508800012908 0.20408000756 0.0864071213278 0.0576047475518
0 0.482200013493 0.233600006911 0.0416033078685 0.027735538579
0 0.523200012592 0.111680009592 0.0405050447289 0.0270033631526
0 0.336200016703 0.215280007314 0.0291826749658 0.0194551166438
0 0.281400017908 0.194400007773 0.0360302729245 0.0240201819496
0 0.190600019904 0.20184000761 0.0447731440085 0.0298487626723
0 0.113200021606 0.180520008078 0.0763882032233 0.0509254688155
0 0.108600021707 0.21502000732 0.0224712097951 0.01498080653
0 0.0502000229907 0.249540006561 0.0732938535057 0.0488625690038
0 0.197200019759 0.273840006027 0.020205924586 0.0134706163907
0 0.433400014566 0.46698000178 0.0781105402196 0.0520736934797
0 0.364600016078 0.292860005609 0.0415477071222 0.0276984714148
0 0.361000016158 0.307300005291 0.0304197421036 0.020279828069
0 0.494400013225 0.328660004821 0.0549717257344 0.0366478171563
0 0.548600012033 0.374600003811 0.0268342854384 0.0178895236256
0 0.733000007979 0.399780003258 0.0434146852058 0.0289431234705
0 0.870400004958 0.380880003673 0.0385686151793 0.0257124101195
0 0.864600005086 0.41696000288 0.0248591728073 0.0165727818715
0 0.797400006563 0.450980002132 0.0388161473273 0.0258774315516
0 0.782200006897 0.449020002175 0.0365555120027 0.0243703413352
0 0.871600004932 0.350800004335 0.0459214676064 0.0306143117376
0 0.884000004659 0.498080001097 0.0341616129678 0.0227744086452
0 0.765400007267 0.494540001175 0.0226301962706 0.0150867975138
0 0.830000005847 0.50520000094 0.0241285473425 0.0160856982283
0 0.911800004048 0.633139998127 0.059120510957 0.0394136739713
0 0.862400005134 0.624579998316 0.041203615671 0.027469077114
0 0.812400006233 0.635379998078 0.0649432545907 0.0432955030604
0 0.777600006999 0.620559998404 0.0315123660215 0.0210082440143
0 0.747400007663 0.612879998573 0.0313960199759 0.0209306799839
0 0.745600007702 0.633799998113 0.0321735400204 0.0214490266802
0 0.731400008014 0.606079998722 0.0410999331406 0.0273999554271
0 0.894200004435 0.657179997599 0.0330964926218 0.0220643284145
0 0.822800006005 0.680679997082 0.0704961070574 0.0469974047049
0 0.783800006862 0.672619997259 0.0553003835264 0.036866922351
0 0.872200004919 0.679599997106 0.0336221274349 0.0224147516233
0 0.923200003798 0.679699997104 0.0536521478806 0.035768098587
0 0.855800005279 0.717899996264 0.080980805079 0.053987203386
0 0.883400004673 0.755939995428 0.0639772658244 0.0426515105496
0 0.719000008287 0.734799995892 0.036129107703 0.024086071802
0 0.679600009153 0.743339995705 0.0239702534029 0.0159801689352
0 0.956600003063 0.776199994982 0.0261461025361 0.0174307350241
0 0.969800002773 0.661299997508 0.0386419250601 0.0257612833734
0 0.966200002852 0.63937999799 0.0406932166496 0.0271288110997
0 0.800200006502 0.787819994727 0.0308810700037 0.0205873800025
0 0.631600010208 0.554739999851 0.050750323167 0.033833548778
0 0.595600011 0.501440001023 0.0764126398502 0.0509417599001
0 0.554800011897 0.568539999548 0.0463181917925 0.0308787945283
0 0.462200013933 0.610139998633 0.0293409689053 0.0195606459369
0 0.477200013603 0.597639998908 0.0219744636259 0.0146496424173
0 0.481600013506 0.628079998239 0.0356742104941 0.0237828069961
0 0.680800009127 0.526560000471 0.0593432107433 0.0395621404955
0 0.763800007302 0.642659997918 0.0221311746261 0.0147541164174
0 0.36500001607 0.650599997744 0.0276470258844 0.0184313505896
0 0.423000014795 0.676739997169 0.0244653176989 0.0163102117993
0 0.440000014421 0.694779996772 0.0200901721427 0.0133934480951
0 0.378200015779 0.680059997096 0.021832098014 0.0145547320093
0 0.346400016479 0.676119997182 0.0255586341528 0.0170390894352
0 0.453600014122 0.51976000062 0.0213772997389 0.0142515331592
0 0.327600016892 0.501040001032 0.0269408370465 0.017960558031
0 0.267800018207 0.559239999752 0.0263286352352 0.0175524234901
0 0.230400019029 0.569539999526 0.0290582163558 0.0193721442372
0 0.213400019403 0.583139999227 0.0279855770477 0.0186570513651
0 0.235200018923 0.596059998943 0.0311778711404 0.0207852474269
0 0.219600019266 0.619219998433 0.0308787945283 0.0205858630189
0 0.18940001993 0.624259998323 0.0328828947371 0.0219219298247
0 0.151800020757 0.584939999187 0.0503941618029 0.0335961078686
0 0.059600022784 0.640939997956 0.031772462751 0.021181641834
0 0.0340000233468 0.661279997509 0.0415996473211 0.0277330982141
0 0.0836000222563 0.703379996583 0.106092555654 0.0707283704358
0 0.100200021891 0.665539997415 0.118021982675 0.0786813217834
0 0.218000019302 0.715059996326 0.0237826750845 0.015855116723
0 0.201800019658 0.726539996074 0.0303070566053 0.0202047044035
0 0.157200020638 0.747899995604 0.033048311904 0.022032207936
0 0.102800021834 0.736359995858 0.0425213137843 0.0283475425229
0 0.227200019099 0.769539995129 0.0260638886212 0.0173759257475
0 0.241800018778 0.728419996033 0.0476939639949 0.0317959759966
0 0.205600019574 0.746559995634 0.0442593812409 0.0295062541606
0 0.181000020115 0.686499996954 0.0387245347098 0.0258163564732
0 0.0464000230742 0.799119994478 0.047030712388 0.0313538082587
0 0.0996000219046 0.867879992967 0.0250554572924 0.0167036381949
0 0.154200020704 0.871099992896 0.0323642842176 0.0215761894784
0 0.184200020045 0.8708999929 0.0342988340266 0.0228658893511
0 0.0522000229467 0.772399995066 0.0314966355612 0.0209977570408
0 0.262800018317 0.853539993282 0.0232498181104 0.0154998787402
0 0.26400001829 0.876219992783 0.0386838729541 0.0257892486361
0 0.263200018308 0.819639994027 0.021148960731 0.014099307154
0 0.37180001592 0.695739996751 0.0600738362081 0.0400492241387
0 0.445600014298 0.732659995939 0.0703634369492 0.0469089579662
0 0.39500001541 0.726199996081 0.0303269422815 0.020217961521
0 0.372200015911 0.728659996027 0.0246402325021 0.0164268216681
0 0.262800018317 0.899599992269 0.02430197814 0.01620131876
0 0.280200017934 0.896659992334 0.0204750242833 0.0136500161889
0 0.288600017749 0.92321999175 0.0354897980545 0.0236598653697
0 0.323000016993 0.932739991541 0.0412746500764 0.0275164333843
0 0.339200016637 0.948479991195 0.0218013296295 0.014534219753
0 0.48960001333 0.938279991419 0.0205000545125 0.0136667030083
0 0.4910000133 0.948799991188 0.03016380059 0.0201092003933
0 0.321800017019 0.962119990895 0.033495591217 0.0223303941447
0 0.494400013225 0.813059994172 0.0235808503115 0.0157205668743
0 0.545200012108 0.830039993799 0.0344505983412 0.0229670655608
0 0.576800011413 0.844599993478 0.0278789265059 0.0185859510039
0 0.590400011114 0.858319993177 0.0205976031527 0.0137317354352
0 0.57920001136 0.866319993001 0.0200609866976 0.0133739911317
0 0.607200010745 0.837499993634 0.0211064192348 0.0140709461565
0 0.662400009531 0.857519993194 0.0215413318338 0.0143608878892
0 0.654400009707 0.875039992809 0.0291016482554 0.019401098837
0 0.692000008881 0.868699992949 0.0721232698225 0.0480821798817
0 0.82120000604 0.814599994138 0.0284919197869 0.0189946131913
0 0.865200005073 0.815319994122 0.0283526211201 0.0189017474134
0 0.904200004215 0.815159994126 0.0329267223716 0.0219511482477
0 0.948000003252 0.818279994057 0.0462108487147 0.0308072324765
0 0.858600005218 0.78219999485 0.0355732981077 0.0237155320718
0 0.838600005657 0.869839992923 0.131278110778 0.0875187405184
0 0.778600006977 0.820299994013 0.0477566879684 0.0318377919789
0 0.960800002971 0.965779990814 0.0269439039916 0.017962602661
0 0.919400003881 0.975759990595 0.0237850494936 0.0158566996624
0 0.827200005908 0.943099991313 0.0302906336091 0.0201937557394
0 0.837800005675 0.923059991753 0.038985422909 0.0259902819393
0 0.456000014069 0.970219990717 0.0373135421059 0.0248756947373
0 0.333800016756 0.976459990579 0.0200111241066 0.0133407494044
0 0.226000019126 0.986859990351 0.0287478613005 0.019165240867
0 0.0760000224234 0.986779990353 0.0247615252333 0.0165076834889
0 0.111000021654 0.108780009656 0.108849838214 0.0725665588091
0 0.434400014544 0.521900000573 0.0213628554169 0.0142419036113
0 0.283800017855 0.76857999515 0.089438351337 0.059625567558
