0 0.716800008335 0.730399974004 0.100754092541 0.0671693950276
0 0.633400010169 0.78925997271 0.126793445602 0.0845289637347
0 0.643600009945 0.481979979465 0.111058038671 0.0740386924472
0 0.35360001632 0.663679975471 0.368486525921 0.245657683947
0 0.980800002531 0.97073996872 0.0299371434553 0.0199580956368
0 0.952800003147 0.943619969316 0.0213503897691 0.0142335931794
0 0.974000002681 0.898939970298 0.0249268434665 0.0166178956443
0 0.887200004589 0.910559970043 0.0215934699001 0.0143956466001
0 0.63560001012 0.943999969308 0.0540350213469 0.0360233475646
0 0.67520000925 0.957579969009 0.0225226553254 0.0150151035503
0 0.747000007671 0.984079968427 0.0342590626743 0.0228393751162
0 0.68340000907 0.911059970032 0.0374057483257 0.0249371655505
0 0.66700000943 0.893679970414 0.0475113323621 0.0316742215747
0 0.785200006831 0.893059970428 0.027293041062 0.018195360708
0 0.21260001942 0.912559969999 0.0224070018158 0.0149380012106
0 0.503400013027 0.869359970949 0.0608420564836 0.0405613709891
0 0.547200012064 0.871499970902 0.0327803994112 0.0218535996075
0 0.582600011286 0.878439970749 0.0572173231347 0.0381448820898
0 0.62060001045 0.883099970647 0.0258769039051 0.0172512692701
0 0.66700000943 0.870999970913 0.0642289531883 0.0428193021256
0 0.655000009694 0.839579971603 0.0278004720721 0.0185336480481
0 0.549600012011 0.816619972108 0.0200781022298 0.0133854014865
0 0.475400013643 0.795799972566 0.0308640534052 0.0205760356035
0 0.536600012297 0.900879970256 0.020065636582 0.0133770910547
0 0.45640001406 0.889039970516 0.0646131127929 0.0430754085286
0 0.336600016694 0.931719969578 0.0310974380324 0.0207316253549
0 0.222400019205 0.966119968821 0.0306475864428 0.0204317242952
0 0.203800019614 0.981699968479 0.0244209953958 0.0162806635972
0 0.0764000224146 0.786259972776 0.0263429806234 0.0175619870823
0 0.125800021329 0.863339971081 0.0221277119462 0.0147518079641
0 0.160400020568 0.799119972493 0.0214382429056 0.0142921619371
0 0.194600019816 0.752739973513 0.0217389024571 0.0144926016381
0 0.281400017908 0.772299973083 0.10742420342 0.0716161356136
0 0.167000020423 0.69191997485 0.0256473776927 0.0170982517951
0 0.289400017732 0.715299974336 0.0519223908558 0.0346149272372
0 0.329600016848 0.661639975516 0.0219823783229 0.0146549188819
0 0.0238000235711 0.670139975329 0.019807815328 0.0132052102186
0 0.0150000237645 0.684899975004 0.0252207755255 0.0168138503504
0 0.098400021931 0.667119975395 0.0945646016365 0.0630430677577
0 0.196400019776 0.718779974259 0.0341465750435 0.0227643833623
0 0.375800015832 0.679579975121 0.0839639533041 0.0559759688694
0 0.474000013673 0.770679973118 0.0293744085001 0.019582939
0 0.459800013985 0.781759972875 0.0206123442759 0.0137415628506
0 0.367200016021 0.781219972887 0.0198054409189 0.0132036272792
0 0.557800011831 0.817799972082 0.101593050421 0.0677287002808
0 0.755000007495 0.842519971539 0.0260722979868 0.0173815319912
0 0.735200007931 0.855559971252 0.0214167742901 0.0142778495267
0 0.732600007988 0.868179970975 0.023756358717 0.015837572478
0 0.71020000848 0.888679970524 0.0317877974764 0.0211918649842
0 0.768600007196 0.790759972677 0.0239766840942 0.0159844560628
0 0.911200004061 0.725619974109 0.0218928433133 0.0145952288756
0 0.924200003776 0.704119974582 0.0280813448811 0.0187208965874
0 0.940200003424 0.683119975043 0.0231165544 0.0154110362667
0 0.989000002351 0.700659974658 0.0246930631045 0.0164620420696
0 0.983400002474 0.714999974342 0.0398837410161 0.0265891606774
0 0.933600003569 0.734899973905 0.0206845658858 0.0137897105905
0 0.922800003806 0.85385997129 0.0288004940354 0.0192003293569
0 0.984000002461 0.823719971952 0.0306090022951 0.02040600153
0 0.989200002346 0.842559971538 0.0239429476983 0.0159619651322
0 0.936800003499 0.835259971698 0.0257278108008 0.0171518738672
0 0.962800002927 0.863239971083 0.0301872478798 0.0201248319199
0 0.811000006264 0.639779975996 0.020059106957 0.0133727379714
0 0.732800007984 0.610099976649 0.0211953606421 0.014130240428
0 0.589000011145 0.611599976616 0.0207895345545 0.013859689703
0 0.855400005288 0.8306399718 0.0219344944062 0.0146229962708
0 0.915600003965 0.550119977967 0.0291125309638 0.0194083539759
0 0.942400003375 0.428399980643 0.0344175544813 0.0229450363209
0 0.807000006352 0.564599977649 0.0420640421663 0.0280426947776
0 0.921000003846 0.525059978518 0.0265895234343 0.0177263489562
0 0.882800004686 0.566039977617 0.0492833340819 0.0328555560546
0 0.437600014474 0.522979978564 0.0421578313255 0.0281052208837
0 0.354000016312 0.56047997774 0.0445617226655 0.0297078151103
0 0.321000017037 0.551959977927 0.0218425849875 0.014561723325
0 0.25720001844 0.542179978142 0.0303061662019 0.0202041108013
0 0.350800016382 0.490479979279 0.0405533243805 0.027035549587
0 0.298200017538 0.467399979786 0.024432966375 0.01628864425
0 0.379000015762 0.528719978438 0.038466614522 0.0256444096813
0 0.471800013722 0.629999976211 0.0485134319333 0.0323422879555
0 0.461200013955 0.64097997597 0.0396930957526 0.0264620638351
0 0.435200014526 0.563819977666 0.0357456406344 0.0238304270896
0 0.464200013889 0.590859977072 0.0442875773488 0.0295250515659
0 0.400600015287 0.596799976941 0.0213323838335 0.0142215892223
0 0.235600018915 0.447379980226 0.0281001422865 0.018733428191
0 0.201400019666 0.436479980466 0.0214047043772 0.0142698029181
0 0.121800021417 0.442019980344 0.0474549401461 0.0316366267641
0 0.0978000219442 0.421699980791 0.0256744855299 0.0171163236866
0 0.141600020981 0.52087997861 0.0412261725574 0.0274841150383
0 0.127200021298 0.521759978591 0.0251973282357 0.0167982188238
0 0.0884000221508 0.484219979416 0.0337681535942 0.0225121023961
0 0.174800020251 0.490639979275 0.064624786971 0.043083191314
0 0.131400021205 0.550879977951 0.0235149604592 0.0156766403061
0 0.224800019152 0.596699976943 0.058516124909 0.0390107499393
0 0.155600020673 0.592559977034 0.0224209514693 0.0149473009795
0 0.253600018519 0.609239976668 0.054968065187 0.0366453767914
0 0.329200016857 0.620919976411 0.0553502461174 0.0369001640783
0 0.408400015116 0.546059978057 0.0356848953351 0.0237899302234
0 0.332400016786 0.46401997986 0.0305607226435 0.0203738150957
0 0.34680001647 0.51587997872 0.0245854232256 0.0163902821504
0 0.0804000223267 0.507819978897 0.0344198299567 0.0229465533045
0 0.0882000221552 0.592519977035 0.0365102992962 0.0243401995308
0 0.0316000233996 0.52905997843 0.0412731660707 0.0275154440471
0 0.0384000232501 0.316159983111 0.0231772996993 0.0154515331329
0 0.141000020994 0.312959983181 0.0299684065083 0.0199789376722
0 0.189800019922 0.329039982828 0.0218119155367 0.0145412770245
0 0.128600021267 0.265659984221 0.0986341409556 0.0657560939704
0 0.182800020075 0.267159984188 0.0850159154663 0.0566772769775
0 0.0404000232061 0.337359982645 0.0309561606913 0.0206374404609
0 0.0612000227488 0.241239984758 0.0271640315013 0.0181093543342
0 0.0688000225817 0.205799985537 0.0388408807554 0.0258939205036
0 0.110200021672 0.201799985625 0.024487280983 0.0163248539887
0 0.162200020528 0.351639982331 0.0489837628013 0.0326558418675
0 0.194800019812 0.363859982062 0.0349338895255 0.0232892596836
0 0.221000019236 0.385199981593 0.0238711218232 0.0159140812155
0 0.488400013357 0.400279981262 0.0231842250592 0.0154561500394
0 0.351600016364 0.41537998093 0.0229666698259 0.0153111132173
0 0.35360001632 0.391439981456 0.0941503661833 0.0627669107889
0 0.38820001556 0.296559983542 0.0390970201364 0.0260646800909
0 0.471800013722 0.263939984259 0.030092964052 0.0200619760347
0 0.37180001592 0.257759984395 0.0321789813745 0.0214526542497
0 0.28400001785 0.275819983998 0.0435579412211 0.0290386274807
0 0.491400013291 0.344059982498 0.150261511482 0.100174340988
0 0.646400009883 0.367539981981 0.0558825094892 0.0372550063262
0 0.651800009764 0.344679982484 0.0240165543802 0.0160110362535
0 0.724000008177 0.407399981105 0.0220900182018 0.0147266788012
0 0.619200010481 0.383719981626 0.0489696152804 0.032646410187
0 0.868800004994 0.222259985175 0.0342609424148 0.0228406282766
0 0.860400005178 0.252259984516 0.0334048690029 0.0222699126686
0 0.905000004198 0.330019982806 0.036427887514 0.0242852583426
0 0.922000003824 0.13837998702 0.0614511913499 0.0409674608999
0 0.923400003793 0.0399399891838 0.0203797511184 0.0135865007456
0 0.861400005156 0.041659989146 0.0228587331459 0.0152391554306
0 0.838200005666 0.0526399889046 0.0203805425881 0.0135870283921
0 0.776200007029 0.13425998711 0.0388968772365 0.025931251491
0 0.799600006515 0.100499987852 0.0605346694397 0.0403564462931
0 0.94900000323 0.0616199887072 0.0846606445056 0.0564404296704
0 0.674800009259 0.101779987824 0.0212731225399 0.0141820816933
0 0.837200005688 0.0964599879412 0.0348968883171 0.0232645922114
0 0.567000011629 0.179779986109 0.0326124099678 0.0217416066452
0 0.506800012952 0.116699987496 0.0364169058719 0.0242779372479
0 0.423000014795 0.0220199895778 0.0271017032626 0.0180678021751
0 0.688800008951 0.0164999896991 0.0303226881319 0.0202151254212
0 0.624200010371 0.0605199887313 0.0216741998093 0.0144494665395
0 0.624800010358 0.0437599890998 0.0266011976124 0.0177341317416
0 0.557200011844 0.0484999889956 0.0312751229796 0.0208500819864
0 0.504200013009 0.0581599887832 0.036756545306 0.0245043635373
0 0.645200009909 0.196279985747 0.0681364390868 0.0454242927245
0 0.450600014188 0.0464199890413 0.049803824342 0.0332025495613
0 0.451000014179 0.0693999885361 0.0494175871294 0.0329450580863
0 0.640200010019 0.159899986546 0.106357698002 0.0709051320016
0 0.730600008032 0.118519987456 0.0228816857671 0.0152544571781
0 0.34180001658 0.158159986585 0.061398558615 0.04093237241
0 0.266000018246 0.129519987214 0.0270350219405 0.0180233479604
0 0.276400018018 0.109939987645 0.0236114208286 0.0157409472191
0 0.0808000223179 0.12973998721 0.0327324165608 0.0218216110405
0 0.0262000235183 0.133119987135 0.0253880724329 0.016925381622
0 0.136600021091 0.0931199880146 0.045149092115 0.0300993947433
0 0.147200020858 0.164339986449 0.0344578205022 0.0229718803348
0 0.0724000225026 0.0753599884051 0.0848016250456 0.0565344166971
0 0.00920002389205 0.151439986732 0.0253306908798 0.0168871272532
0 0.766200007249 0.730579974 0.102290533092 0.0681936887283
