0 0.847400017384 0.709673996445 0.221861846967 0.147907888223
0 0.142199986376 0.586815999146 0.2795797823 0.18638650924
0 0.222399989903 0.0647376106239 0.0257487881443 0.0171658576307
0 0.594600006269 0.102873609785 0.0281253740931 0.0187502481587
0 0.94260002157 0.280660005877 0.106604057008 0.0710693666514
0 0.840600017085 0.345494004451 0.0198647048329 0.0132431356818
0 0.727800012126 0.395630003349 0.0436411502299 0.0290940982343
0 0.809800015731 0.31782000506 0.0657139568774 0.0438093016955
0 0.773200014122 0.284740005787 0.133122252734 0.088748162636
0 0.880600018844 0.270924006091 0.104747070985 0.0698313760506
0 0.849400017472 0.293364005597 0.0286480409638 0.0190986927162
0 0.888800019205 0.389252003489 0.0629677545309 0.0419785002519
0 0.944000021632 0.332020004748 0.0649243668159 0.0432829083558
0 0.687800010367 0.438586002405 0.0262665083287 0.0175110043975
0 0.79340001501 0.503550000976 0.0288270120729 0.019218006781
0 0.787600014755 0.51703400068 0.0304197461163 0.0202798294066
0 0.783600014579 0.534116000304 0.0242438083152 0.0161625378108
0 0.8182000161 0.631595998161 0.0354607162208 0.0236404759213
0 0.985400023452 0.624657998314 0.0288106880082 0.019207124072
0 0.932400021122 0.638825998002 0.0263495137243 0.0175663413242
0 0.882800018941 0.613525998559 0.0229705312708 0.0153136865038
0 0.888600019196 0.603379998782 0.0250058948011 0.0166705954346
0 0.842200017156 0.634961998087 0.0211525251349 0.0141016824932
0 0.740800012697 0.637541998031 0.0326844380218 0.0217896239107
0 0.701800010982 0.658395997572 0.0308627713381 0.020575179535
0 0.759200013506 0.584249999202 0.0264193609343 0.0176129061279
0 0.683200010164 0.577937999341 0.0204704760328 0.0136469831218
0 0.851600017569 0.488108001316 0.026876137944 0.0179174241142
0 0.757800013445 0.467844001761 0.0208079389698 0.0138719583982
0 0.871000018422 0.455414002035 0.0226257472382 0.0150838304973
0 0.923600020735 0.459164001952 0.0241612975884 0.0161075306632
0 0.930000021016 0.520252000609 0.0222583073825 0.0148388706096
0 0.91440002033 0.60025399885 0.0206678488148 0.0137785649677
0 0.923600020735 0.618571998448 0.0519838355484 0.0346558880798
0 0.853400017648 0.565469999615 0.0250848439139 0.0167232281729
0 0.945000021676 0.601729998818 0.0223943412547 0.0149295598518
0 0.931400021078 0.662069997491 0.0607115709258 0.0404743779476
0 0.956400022177 0.828633993829 0.0408066990004 0.027204464206
0 0.950800021931 0.864597993039 0.0421531870016 0.0281021228142
0 0.984800023426 0.869785992925 0.0245483263217 0.0163655498017
0 0.963200022476 0.725259996102 0.0259375536922 0.0172917013209
0 0.982600023329 0.736023995865 0.0463526268388 0.0309017491877
0 0.922600020691 0.767011995184 0.0285074561402 0.0190049695066
0 0.883400018967 0.772583995062 0.0303741376689 0.020249423777
0 0.86300001807 0.794871994572 0.0335629695024 0.0223753115258
0 0.800400015318 0.7617399953 0.0209335848009 0.0139557222801
0 0.878600018756 0.698635996687 0.0494867483222 0.0329911633722
0 0.886400019099 0.715911996308 0.0523961913154 0.0349307919064
0 0.920400020594 0.791139994654 0.0250435885505 0.0166957245991
0 0.878400018747 0.813443994163 0.0494123501608 0.0329415646011
0 0.82160001625 0.833703993718 0.0446077327259 0.0297384865225
0 0.831200016672 0.85679199321 0.0331295408519 0.0220863591112
0 0.807200015617 0.853905993274 0.0214245928795 0.0142830609776
0 0.796200015133 0.838061993622 0.0302313763033 0.0201542495396
0 0.767000013849 0.822747993959 0.0211137431146 0.0140758278147
0 0.775800014236 0.831905993757 0.0238241314526 0.0158827532542
0 0.730200012231 0.835669993675 0.0350892200824 0.0233928118453
0 0.69060001049 0.819883994022 0.0278854598093 0.0185903053134
0 0.736400012504 0.771893995077 0.0255650682165 0.0170433776869
0 0.938400021386 0.887379992538 0.0225014864792 0.0150009899967
0 0.981800023294 0.90093799224 0.0212297923744 0.0141531939828
0 0.947200021773 0.927185991663 0.0460043801258 0.0306695847277
0 0.877400018704 0.898573992292 0.0244488979278 0.0162992642101
0 0.83820001698 0.878241992739 0.0286297382247 0.0190864908909
0 0.779800014412 0.971789990682 0.0310722140345 0.0207148079901
0 0.71880001173 0.960589990928 0.0327951448604 0.0218634284649
0 0.701200010956 0.959305990957 0.0280179320675 0.0186786201464
0 0.676600009874 0.962749990881 0.0228879216102 0.0152586134004
0 0.686600010314 0.948731991189 0.021164397182 0.0141095971907
0 0.683400010173 0.926695991673 0.0301024656593 0.0200683091159
0 0.729600012205 0.889155992499 0.0329009050127 0.0219339352285
0 0.698000010815 0.719571996227 0.0247554935424 0.0165036612731
0 0.722000011871 0.68259199704 0.0260205590877 0.0173470382476
0 0.718000011695 0.669723997323 0.0305155139624 0.0203436746331
0 0.684400010217 0.754733995454 0.0205711905652 0.0137141261389
0 0.667000009452 0.773659995038 0.0283277924951 0.0188851937511
0 0.685200010252 0.799539994469 0.0419762935007 0.0279841938214
0 0.669200009549 0.735633995874 0.0201610113401 0.0134406733403
0 0.678400009953 0.710609996424 0.0273879221049 0.0182586135323
0 0.663000009276 0.865357993022 0.0272566370514 0.0181710901691
0 0.674200009769 0.874391992823 0.0217556251243 0.0145037491263
0 0.588400005996 0.820245994014 0.0245503049962 0.016366868918
0 0.579200005592 0.805469994339 0.0251107645499 0.0167405085958
0 0.558200004668 0.846623993434 0.0238860639646 0.0159240415928
0 0.621600007456 0.835145993686 0.0226710588844 0.0151140382594
0 0.750600013128 0.770521995107 0.0246525035344 0.0164350012723
0 0.779000014377 0.774843995012 0.0292988270088 0.0195325500509
0 0.770000013981 0.733293995925 0.0258706744939 0.0172471151917
0 0.488800001617 0.83316999373 0.0225476885289 0.0150317913612
0 0.339199995039 0.728847996023 0.102009574806 0.0680063787185
0 0.427399998917 0.726663996071 0.0408881214563 0.0272587458397
0 0.447599999805 0.750665995544 0.0229620229704 0.015308014304
0 0.476400001071 0.743859995693 0.0604927295254 0.0403284836904
0 0.489000001625 0.718449996252 0.0757054716616 0.0504703111122
0 0.415599998398 0.830771993782 0.0249926376819 0.0166617573557
0 0.419799998583 0.80766199429 0.026123450162 0.0174156322927
0 0.355799995768 0.751365995528 0.0606156052122 0.0404104008095
0 0.330199994643 0.782093994853 0.0346629146601 0.0231086082493
0 0.314199993939 0.800455994449 0.0215262967491 0.0143508635529
0 0.409199998117 0.713653996357 0.0543738764839 0.0362492485984
0 0.481200001282 0.657405997594 0.109356393246 0.0729042573554
0 0.459200000315 0.65621599762 0.184789401428 0.12319292616
0 0.469800000781 0.860621993126 0.0202607365352 0.0135071567993
0 0.246999990985 0.816707994092 0.0266342449856 0.0177561621526
0 0.250199991125 0.805087994347 0.0293087203813 0.0195391456321
0 0.204799989129 0.834035993711 0.0386991138506 0.0257994075321
0 0.321999994282 0.83860799361 0.0218959131467 0.0145972744684
0 0.265599991802 0.864719993036 0.0284079288126 0.0189386179593
0 0.282799992559 0.89412399239 0.0199180301108 0.0132786858647
0 0.250399991134 0.87818399274 0.0261746978317 0.0174497974035
0 0.253599991275 0.899849992264 0.0236307160196 0.0157538096407
0 0.23119999029 0.901763992222 0.0239789627327 0.0159859741007
0 0.20799998927 0.882985992634 0.0278421268377 0.0185614166675
0 0.275599992242 0.809875994242 0.0294007287458 0.0196004845378
0 0.326799994493 0.885031992589 0.0276783915223 0.0184522597978
0 0.0553999825597 0.840749993563 0.0304393349939 0.0202928886575
0 0.102799984644 0.826723993871 0.0341650801545 0.0227767186007
0 0.170199987608 0.727723996048 0.028512204959 0.0190081353856
0 0.168399987528 0.713885996352 0.0312925394408 0.0208616915846
0 0.0309999814869 0.69989599666 0.0228921757604 0.0152614495003
0 0.129599985822 0.781997994855 0.0348740392299 0.0232493579531
0 0.068799983149 0.963391990867 0.0207969573263 0.0138646373031
0 0.020199981012 0.992131990235 0.0199745212679 0.0133163466337
0 0.148399986649 0.982587990445 0.021731584229 0.0144877218638
0 0.136999986148 0.974443990624 0.0428424582656 0.0285616369599
0 0.134199986025 0.939511991392 0.101103341882 0.067402223476
0 0.15479998693 0.972107990675 0.0234445227487 0.0156296808016
0 0.182199988135 0.984035990413 0.0212379049399 0.0141586023594
0 0.258799991503 0.983741990419 0.0320502728427 0.0213668471525
0 0.344599995276 0.955645991037 0.0222964958004 0.0148643295532
0 0.230799990272 0.933581991522 0.0271684871022 0.0181123235402
0 0.263199991697 0.943775991298 0.0390534944546 0.0260356612525
0 0.298199993236 0.902811992199 0.028197101044 0.0187980661228
0 0.193199988619 0.902629992203 0.0229565816155 0.0153043867343
0 0.266399991838 0.964997990831 0.0431303554062 0.0287535683743
0 0.295399993113 0.93141399157 0.0491358303986 0.0327572181052
0 0.316799994054 0.900253992255 0.0251605282138 0.0167736843695
0 0.425799998846 0.940267991375 0.0206750709767 0.013783379742
0 0.331999994722 0.911331992011 0.0268077747398 0.0178718486478
0 0.566600005037 0.980553990489 0.0285153708382 0.0190102459716
0 0.560200004756 0.959175990959 0.0239891529064 0.0159927675494
0 0.48660000152 0.917169991883 0.0349135137862 0.0232756743223
0 0.645200008494 0.988747990309 0.0232269674868 0.0154846439699
0 0.575800005442 0.937091991445 0.0272543615757 0.0181695731854
0 0.588600006005 0.89957999227 0.0221739169148 0.0147826103015
0 0.564400004941 0.89409999239 0.0265045428718 0.0176696940824
0 0.643000008397 0.904069992171 0.0405487787786 0.0270325174028
0 0.661600009215 0.941609991346 0.034221769179 0.0228145112813
0 0.584800005838 0.94458399128 0.0235147656936 0.0156765094284
0 0.866600018229 0.983409990427 0.020122526121 0.0134150165292
0 0.936800021315 0.960169990938 0.0525869355378 0.0350579547129
0 0.84640001734 0.968323990758 0.0222105223932 0.0148070139522
0 0.878600018756 0.961349990912 0.0406555282682 0.0271036837245
0 0.680200010033 0.399624003261 0.0980688466603 0.0653792267947
0 0.974600022977 0.0224194115543 0.0482013024295 0.0321341995002
0 0.982600023329 0.147545608803 0.0326496133505 0.0217664074647
0 0.835000016839 0.432922002529 0.0306606497373 0.0204404318101
0 0.769800013972 0.424058002724 0.0282246046196 0.0188164018387
0 0.894400019451 0.452756002093 0.0585880574462 0.039058702388
0 0.838800017006 0.362078004087 0.033957814 0.0226385411735
0 0.648400008634 0.419354002828 0.0246073897557 0.0164049254218
0 0.820800016215 0.414592002932 0.0234905269309 0.0156603502544
0 0.464200000535 0.589437999088 0.193156226575 0.128770809224
0 0.357799995856 0.630337998189 0.151421034563 0.100947349717
0 0.425799998846 0.530826000377 0.0428211875147 0.0285474564603
0 0.781000014465 0.507280000894 0.0633513205839 0.042234210937
0 0.817400016065 0.519526000625 0.039339313987 0.0262262075949
0 0.873800018545 0.538738000203 0.0525278721038 0.0350185790928
0 0.808000015652 0.541570000141 0.0278640901247 0.0185760588579
0 0.802400015406 0.561061999712 0.0525362814704 0.0350241853369
0 0.747400012987 0.489440001287 0.0317464473724 0.0211642968523
0 0.865000018158 0.582413999243 0.0243483812629 0.0162322531046
0 0.776400014263 0.624561998316 0.0257821288097 0.0171880847395
0 0.898800019645 0.489872001277 0.0225823153328 0.0150548758956
0 0.900200019706 0.562823999673 0.0304013444434 0.0202675616255
0 0.747600012996 0.694043996788 0.048855847956 0.0325705631558
0 0.706400011185 0.762703995279 0.0247562850122 0.0165041889196
0 0.462000000438 0.802507994404 0.0565896951291 0.0377264609311
0 0.439799999462 0.693461996801 0.0416555503634 0.0277703650773
0 0.541200003921 0.685545996975 0.0483212101046 0.032214137945
0 0.130599985866 0.698229996696 0.151334962222 0.10088996816
0 0.221599989868 0.898541992292 0.0445669720311 0.0297113127278
0 0.5248000032 0.932379991549 0.0245953198412 0.0163968788127
0 0.616800007245 0.971811990682 0.0295834593364 0.0197223049235
0 0.851600017569 0.929215991618 0.0249242744778 0.0166161818892
