0 0.72160000823 0.655239997642 0.107199623894 0.0714664159291
0 0.613000010617 0.721119996193 0.100644276121 0.0670961840806
0 0.661000009562 0.0206000115943 0.0360324494661 0.0240216329774
0 0.924200003776 0.0085400118594 0.019845608006 0.0132304053374
0 0.959400003002 0.0516400109118 0.0497974925844 0.0331983283896
0 0.929800003652 0.128560009221 0.0453847522175 0.0302565014784
0 0.959800002993 0.124840009303 0.0236590079442 0.0157726719628
0 0.835600005723 0.135240009074 0.0313582272978 0.0209054848652
0 0.753400007531 0.103940009762 0.0666075174979 0.0444050116653
0 0.629200010261 0.0889400100918 0.0201986034913 0.0134657356609
0 0.583000011277 0.128520009222 0.061140341626 0.0407602277507
0 0.694600008823 0.0601000107258 0.023028206595 0.01535213773
0 0.488400013357 0.0802800102822 0.0291082768142 0.0194055178761
0 0.544600012121 0.107700009679 0.0407816633883 0.0271877755922
0 0.61060001067 0.151660008713 0.0349762331543 0.0233174887695
0 0.651400009773 0.158220008569 0.037004077454 0.0246693849693
0 0.571400011532 0.171500008277 0.0308216108427 0.0205477405618
0 0.591200011097 0.162540008474 0.0222882813611 0.0148588542408
0 0.487000013387 0.127340009248 0.0246508184093 0.0164338789396
0 0.493200013251 0.145180008855 0.0219981087832 0.0146654058554
0 0.483800013458 0.158120008571 0.0198570843167 0.0132380562111
0 0.487600013374 0.172160008262 0.0208787727629 0.0139191818419
0 0.507600012935 0.162300008479 0.0427828945194 0.0285219296796
0 0.4728000137 0.183460008014 0.0273078811189 0.0182052540793
0 0.455200014087 0.195100007758 0.0321977787799 0.0214651858532
0 0.570800011545 0.209020007452 0.0643905119404 0.0429270079603
0 0.579000011365 0.0955400099467 0.029709299116 0.0198061994107
0 0.427600014693 0.0666800105812 0.0211427279072 0.0140951519381
0 0.335600016716 0.127880009236 0.0217875778435 0.0145250518957
0 0.279800017943 0.13906000899 0.025171110802 0.0167807405347
0 0.319800017063 0.0331000113194 0.022535516708 0.0150236778053
0 0.375600015837 0.0820800102426 0.0217867863738 0.0145245242492
0 0.438800014447 0.0469400110152 0.0333395727528 0.0222263818352
0 0.403400015225 0.0807200102725 0.0233220397203 0.0155480264802
0 0.268400018193 0.16088000851 0.0312158616859 0.0208105744573
0 0.20260001964 0.152580008693 0.0358506093031 0.023900406202
0 0.185200020023 0.166600008384 0.0275211822025 0.0183474548016
0 0.103400021821 0.0851800101745 0.0287260958838 0.0191507305892
0 0.0828000222739 0.0762600103706 0.0247291739094 0.0164861159396
0 0.0260000235227 0.127800009237 0.0238724079615 0.015914938641
0 0.114400021579 0.116100009495 0.0359883250305 0.023992216687
0 0.0964000219749 0.104360009753 0.0362581172638 0.0241720781758
0 0.0812000223091 0.095160009955 0.0334479051677 0.0222986034451
0 0.174800020251 0.131920009147 0.0254046932966 0.0169364621977
0 0.22760001909 0.151900008708 0.0267303061068 0.0178202040712
0 0.0964000219749 0.383920003607 0.0291717922574 0.0194478615049
0 0.25580001847 0.281000005869 0.0224775415527 0.0149850277018
0 0.23900001884 0.315560005109 0.0464169276373 0.0309446184249
0 0.231000019016 0.294500005572 0.0275296905017 0.0183531270011
0 0.21080001946 0.321760004973 0.0273548746322 0.0182365830881
0 0.289600017727 0.211560007396 0.0204121024423 0.0136080682949
0 0.310800017261 0.170960008289 0.0424762989452 0.0283175326302
0 0.24900001862 0.329320004807 0.057804098982 0.038536065988
0 0.397000015366 0.34736000441 0.0206451902683 0.0137634601789
0 0.430000014641 0.369140003932 0.0456438596099 0.0304292397399
0 0.442200014372 0.264240006238 0.0213933270003 0.0142622180002
0 0.40320001523 0.209360007444 0.021435373828 0.0142902492186
0 0.384800015634 0.203480007574 0.0293387923637 0.0195591949091
0 0.32360001698 0.252160006503 0.0334979656261 0.0223319770841
0 0.498000013146 0.220200007206 0.0291054077365 0.0194036051577
0 0.545600012099 0.235620006867 0.0344716712219 0.0229811141479
0 0.523000012596 0.259620006339 0.0513444201089 0.034229613406
0 0.497600013154 0.25140000652 0.0473955799188 0.0315970532792
0 0.479200013559 0.235340006873 0.0389170597138 0.0259447064759
0 0.458600014012 0.307660005283 0.0466143993269 0.031076266218
0 0.473600013682 0.36238000408 0.0865544336253 0.0577029557502
0 0.459000014003 0.398280003291 0.0224384627363 0.0149589751575
0 0.445600014298 0.397640003305 0.0271099147607 0.0180732765071
0 0.293800017635 0.448600002185 0.0232914692032 0.0155276461355
0 0.373800015876 0.25048000654 0.0433653172834 0.0289102115223
0 0.673400009289 0.197040007715 0.0410343400894 0.0273562267263
0 0.723200008195 0.219820007214 0.0319439148743 0.0212959432495
0 0.736800007896 0.196320007731 0.0679729016605 0.0453152677737
0 0.785600006823 0.206440007509 0.029634010561 0.0197560070407
0 0.769400007179 0.215880007301 0.0490073090248 0.0326715393499
0 0.80620000637 0.203280007578 0.0318653615068 0.0212435743378
0 0.760800007368 0.239540006781 0.0367744523079 0.0245163015386
0 0.579400011356 0.340620004559 0.0661196753629 0.0440797835752
0 0.603600010824 0.252940006486 0.0428255349494 0.0285503566329
0 0.743600007746 0.267640006163 0.0690533567318 0.0460355711545
0 0.744600007724 0.294060005582 0.0314774424211 0.020984961614
0 0.74160000779 0.265240006216 0.0200623717695 0.013374914513
0 0.86260000513 0.256340006411 0.076257313922 0.0508382092813
0 0.871000004945 0.21412000734 0.0592191478681 0.0394794319121
0 0.839800005631 0.197120007713 0.0326083536856 0.0217389024571
0 0.956800003059 0.361500004099 0.0499082983421 0.0332721988948
0 0.922000003824 0.351320004323 0.0416698902568 0.0277799268379
0 0.904600004206 0.338620004603 0.0413670541636 0.0275780361091
0 0.808600006317 0.358880004157 0.0417969211433 0.0278646140955
0 0.800000006506 0.338240004611 0.0658626455785 0.0439084303857
0 0.903000004242 0.387660003524 0.0540727150913 0.0360484767275
0 0.74160000779 0.40330000318 0.023874980238 0.015916653492
0 0.934600003547 0.570399999507 0.0206269864653 0.0137513243102
0 0.872800004906 0.555639999831 0.0448823668268 0.0299215778845
0 0.890600004514 0.559719999742 0.0417935573971 0.0278623715981
0 0.897000004374 0.561959999692 0.0420692856531 0.0280461904354
0 0.897800004356 0.588139999117 0.0259160816551 0.0172773877701
0 0.842400005574 0.510600000821 0.0691555552566 0.0461037035044
0 0.719200008283 0.536000000263 0.0606342956879 0.040422863792
0 0.718600008296 0.509580000844 0.024737583275 0.0164917221833
0 0.678000009188 0.523120000546 0.0418820041358 0.0279213360905
0 0.780200006941 0.532720000335 0.0788703511296 0.0525802340864
0 0.835800005719 0.547780000004 0.0575044287676 0.0383362858451
0 0.812400006233 0.554139999864 0.0300399355823 0.0200266237215
0 0.584200011251 0.675079997205 0.0495951731429 0.0330634487619
0 0.542600012165 0.688459996911 0.0408985041025 0.0272656694017
0 0.632800010182 0.525360000497 0.07187108779 0.0479140585267
0 0.670000009364 0.543940000088 0.0290997685149 0.0193998456766
0 0.505400012983 0.429820002597 0.0209782011437 0.0139854674291
0 0.528000012486 0.488520001307 0.0507934582655 0.0338623055103
0 0.482000013497 0.463040001867 0.0222352528914 0.0148235019276
0 0.549600012011 0.502740000994 0.0363063969153 0.0242042646102
0 0.524000012574 0.513480000758 0.0430515984819 0.0287010656546
0 0.572600011506 0.517760000664 0.0585277001533 0.0390184667689
0 0.426000014729 0.493020001208 0.0400337245238 0.0266891496826
0 0.443600014342 0.508720000863 0.0327524011707 0.0218349341138
0 0.446200014284 0.493000001208 0.0347871708302 0.0231914472202
0 0.272400018106 0.459940001935 0.0340760353067 0.0227173568711
0 0.257600018431 0.450140002151 0.0240306029673 0.0160204019782
0 0.353200016329 0.481660001458 0.022578157138 0.0150521047587
0 0.387400015577 0.478620001525 0.025710893136 0.017140595424
0 0.249200018616 0.467040001779 0.0392379017426 0.0261586011617
0 0.504600013001 0.528200000435 0.0260578536648 0.0173719024432
0 0.479000013563 0.502900000991 0.0436894241247 0.0291262827498
0 0.492400013269 0.595159998962 0.0257770797894 0.0171847198596
0 0.482400013489 0.610079998634 0.0263133994435 0.0175422662957
0 0.47140001373 0.581939999253 0.0448326031696 0.029888402113
0 0.470800013744 0.561759999697 0.0307648228918 0.0205098819279
0 0.429400014654 0.57435999942 0.0527108925424 0.0351405950282
0 0.307400017336 0.616279998498 0.022570242441 0.015046828294
0 0.374600015859 0.63073999818 0.0346561825952 0.0231041217302
0 0.250000018598 0.61573999851 0.0265314493452 0.0176876328968
0 0.25080001858 0.683619997018 0.0698409680149 0.0465606453433
0 0.358000016224 0.456060002021 0.0280898531804 0.0187265687869
0 0.342200016571 0.429960002594 0.0580542034065 0.038702802271
0 0.29040001771 0.473480001638 0.0596858181887 0.0397905454592
0 0.160000020577 0.511620000799 0.0292280855397 0.0194853903598
0 0.0508000229775 0.508740000862 0.0257582823841 0.0171721882561
0 0.102600021839 0.504000000967 0.0379906444324 0.0253270962883
0 0.129400021249 0.448760002181 0.0281997685347 0.0187998456898
0 0.225000019148 0.46698000178 0.0229321419604 0.0152880946403
0 0.20580001957 0.464780001829 0.0415260406392 0.0276840270928
0 0.202800019636 0.416560002889 0.0589166085761 0.0392777390507
0 0.155400020678 0.460300001927 0.0470777059013 0.0313851372676
0 0.113400021601 0.434020002505 0.0476041321841 0.0317360881228
0 0.0890000221376 0.414840002927 0.0363087713244 0.0242058475496
0 0.0804000223267 0.459460001946 0.0777183669843 0.0518122446562
0 0.0614000227444 0.542260000125 0.0257109920697 0.0171406613798
0 0.0508000229775 0.581839999255 0.0638053190325 0.042536879355
0 0.173800020273 0.637959998021 0.0315512469704 0.0210341646469
0 0.029400023448 0.484500001395 0.0251434093626 0.0167622729084
0 0.0362000232984 0.454500002055 0.0343627452047 0.0229084968032
0 0.0512000229687 0.440700002358 0.0245658343505 0.0163772229004
0 0.0336000233556 0.417560002867 0.0201353848492 0.0134235898994
0 0.0268000235051 0.435400002475 0.0248679779077 0.0165786519385
0 0.152200020748 0.58569999917 0.0272157738328 0.0181438492219
0 0.0738000224718 0.745119995665 0.0482731219463 0.0321820812975
0 0.0804000223267 0.773279995046 0.0291627892896 0.0194418595264
0 0.0356000233116 0.795519994557 0.0398392208456 0.0265594805637
0 0.044000023127 0.821239993992 0.0214861268223 0.0143240845482
0 0.0872000221772 0.84543999346 0.054632185234 0.0364214568227
0 0.0738000224718 0.861259993112 0.0305018570847 0.0203345713898
0 0.101000021874 0.891179992454 0.0693994268572 0.0462662845715
0 0.115400021557 0.861579993105 0.0341830815833 0.0227887210555
0 0.145200020902 0.866659992993 0.0442287117901 0.02948580786
0 0.157400020634 0.854139993269 0.0410116842693 0.0273411228462
0 0.194800019812 0.883379992626 0.0239738150165 0.0159825433443
0 0.153600020717 0.919259991837 0.0397078368757 0.0264718912505
0 0.186800019987 0.933119991532 0.0211662741307 0.0141108494204
0 0.131400021205 0.669959997318 0.0389047919335 0.0259365279557
0 0.214400019381 0.78995999468 0.0763327014107 0.0508884676072
0 0.208400019513 0.708779996464 0.0369854779161 0.0246569852774
0 0.223000019192 0.674079997227 0.0240659223026 0.0160439482017
0 0.111800021636 0.703439996582 0.0302766839557 0.0201844559704
0 0.374400015863 0.705879996528 0.0369579743441 0.0246386495627
0 0.386200015604 0.720979996196 0.0530638880276 0.0353759253517
0 0.368600015991 0.747419995615 0.042557523523 0.0283716823486
0 0.351000016377 0.82041999401 0.036715289948 0.0244768599653
0 0.319800017063 0.822739993959 0.0339177413671 0.0226118275781
0 0.292400017666 0.827539993853 0.0277514009508 0.0185009339672
0 0.309000017301 0.850219993355 0.0518341419845 0.0345560946563
0 0.283400017864 0.857879993186 0.0439589195568 0.0293059463712
0 0.273800018075 0.87135999289 0.0314991089041 0.020999405936
0 0.318200017099 0.879619992708 0.0262384076896 0.0174922717931
0 0.276400018018 0.819079994039 0.0236848296431 0.0157898864287
0 0.192200019869 0.836919993647 0.0606653608736 0.0404435739157
0 0.243400018743 0.83999999358 0.0331859286977 0.0221239524651
0 0.272400018106 0.892699992421 0.0258987682555 0.0172658455037
0 0.280600017925 0.902259992211 0.0217421672696 0.0144947781797
0 0.372000015916 0.846119993445 0.0343413755229 0.0228942503486
0 0.375400015841 0.817299994079 0.0347277116692 0.0231518077794
0 0.381600015705 0.865299993023 0.0353786954957 0.0235857969971
0 0.404400015203 0.903359992187 0.0225553034505 0.015036868967
0 0.271200018132 0.903959992173 0.0483171474482 0.0322114316322
0 0.405200015186 0.834339993704 0.065245002413 0.0434966682753
0 0.452600014144 0.859359993154 0.0356434421096 0.0237622947398
0 0.442800014359 0.871959992877 0.0408181699281 0.0272121132854
0 0.467200013823 0.89317999241 0.026707551353 0.0178050342354
0 0.529800012447 0.858839993165 0.0519369341115 0.034624622741
0 0.467200013823 0.792419994626 0.0317685054025 0.0211790036016
0 0.450200014197 0.803159994389 0.0453846532838 0.0302564355226
0 0.424800014755 0.718559996249 0.0209005381796 0.0139336921197
0 0.450600014188 0.757419995395 0.0515173562379 0.0343449041586
0 0.480600013528 0.764859995232 0.0259685165226 0.0173123443484
0 0.771800007126 0.751599995523 0.0314040336066 0.0209360224044
0 0.838200005666 0.622419998363 0.0850409456955 0.056693963797
0 0.796400006585 0.762679995279 0.0463140365766 0.0308760243844
0 0.883800004664 0.761599995303 0.0350317349669 0.0233544899779
0 0.94220000338 0.752959995493 0.0602420235189 0.0401613490126
0 0.982800002487 0.819019994041 0.022300351274 0.0148669008494
0 0.951200003182 0.803679994378 0.0528435626505 0.035229041767
0 0.874800004862 0.791999994635 0.0287269862872 0.0191513241915
0 0.965200002874 0.676599997172 0.0466582269615 0.031105484641
0 0.938800003455 0.657919997583 0.050643375824 0.0337622505494
0 0.877400004804 0.639479997988 0.0292995156799 0.0195330104533
0 0.784000006858 0.610859998617 0.0446903364914 0.0297935576609
0 0.850400005398 0.785819994771 0.0241394300508 0.0160929533672
0 0.937800003477 0.991039990259 0.0213008239793 0.0142005493195
0 0.932000003604 0.952019991117 0.0510577102109 0.0340384734739
0 0.975200002654 0.893259992409 0.0672609746672 0.0448406497782
0 0.871800004928 0.87001999292 0.0342585680057 0.0228390453372
0 0.860200005183 0.918539991853 0.0522214674679 0.0348143116453
0 0.848000005451 0.899619992269 0.0266925134288 0.0177950089525
0 0.799400006519 0.921599991786 0.0469114972648 0.0312743315099
0 0.782200006897 0.941659991345 0.0459847851823 0.0306565234548
0 0.738800007852 0.902839992198 0.0405887426495 0.0270591617663
0 0.536200012306 0.959119990961 0.0591252597752 0.0394168398501
0 0.445400014302 0.976279990583 0.0501429691076 0.0334286460717
0 0.327200016901 0.986019990369 0.0223573370923 0.0149048913949
0 0.285600017815 0.986359990362 0.0306216658102 0.0204144438735
0 0.232800018976 0.928939991624 0.0207647021927 0.0138431347951
0 0.207200019539 0.935539991479 0.0299078590764 0.0199385727176
0 0.189600019926 0.94323999131 0.0262441458449 0.0174960972299
0 0.153000020731 0.940879991362 0.0284412657263 0.0189608438175
0 0.136000021104 0.949799991166 0.0235969765066 0.0157313176711
0 0.125800021329 0.98417999041 0.0282484439211 0.0188322959474
0 0.177200020199 0.958819990967 0.0233966357393 0.0155977571596
0 0.0600000227752 0.830359993791 0.0287384625978 0.0191589750652
0 0.0750000224454 0.896319992341 0.0230937007125 0.015395800475
0 0.147400020854 0.603319998783 0.0205369567871 0.0136913045248
0 0.66020000958 0.908439992075 0.0332323286087 0.0221548857391
