0 0.413800014997 0.188799985911 0.304236005183 0.202824003456
0 0.617600010516 0.230779984988 0.129623939109 0.086415959406
0 0.657400009641 0.153539986686 0.0964627438394 0.064308495893
0 0.705800008577 0.298759983494 0.133319113261 0.0888794088407
0 0.219800019262 0.674199975239 0.148739910987 0.0991599406582
0 0.350600016386 0.816699972107 0.480257876657 0.320171917771
0 0.974600002667 0.0489199889864 0.0410284040667 0.0273522693778
0 0.945600003305 0.0760999883888 0.062893051272 0.041928700848
0 0.909400004101 0.0607599887261 0.0306834993804 0.0204556662536
0 0.944600003327 0.123159987354 0.0216281956331 0.0144187970887
0 0.295000017609 0.0345799893016 0.0301209622926 0.0200806415284
0 0.0684000225905 0.0299999894023 0.0399752546999 0.0266501697999
0 0.130200021232 0.0427199891227 0.0255357804653 0.0170238536435
0 0.114000021588 0.0345599893021 0.0455319655814 0.0303546437209
0 0.0782000223751 0.0673999885801 0.0264807952846 0.0176538635231
0 0.0394000232281 0.126639987278 0.0355201707042 0.0236801138028
0 0.0292000234523 0.155979986633 0.0206636908725 0.013775793915
0 0.0694000225685 0.152979986699 0.0208995488425 0.0139330325617
0 0.0784000223707 0.177119986168 0.0328177963545 0.021878530903
0 0.188600019948 0.105399987745 0.0336674390751 0.0224449593834
0 0.0750000224454 0.120359987416 0.0214923596462 0.0143282397641
0 0.124800021351 0.214679985342 0.024917741565 0.01661182771
0 0.325000016949 0.16745998638 0.0749915560077 0.0499943706718
0 0.27900001796 0.159059986565 0.0239058475562 0.0159372317041
0 0.256000018466 0.166739986396 0.0412608982904 0.0275072655269
0 0.27220001811 0.184719986001 0.0230483890723 0.0153655927148
0 0.246200018682 0.186739985956 0.0366072543342 0.0244048362228
0 0.26900001818 0.202379985613 0.0283991199648 0.0189327466432
0 0.33040001683 0.252559984509 0.03347461727 0.0223164115133
0 0.254400018501 0.2666199842 0.0545412651524 0.036360843435
0 0.223000019192 0.280979983884 0.0308820593408 0.0205880395606
0 0.398800015327 0.238499984818 0.0280319769587 0.0186879846392
0 0.316200017143 0.0708799885036 0.0363128276066 0.0242085517377
0 0.490600013308 0.0604999887318 0.0227013296097 0.0151342197398
0 0.462200013933 0.0717999884833 0.0815976567748 0.0543984378499
0 0.551200011976 0.191399985854 0.0224537974617 0.0149691983078
0 0.698000008749 0.122019987379 0.0538090567482 0.0358727044988
0 0.761400007355 0.111759987605 0.0422856536817 0.0281904357878
0 0.756200007469 0.0827599882424 0.0533179498006 0.0355452998671
0 0.744600007724 0.170119986322 0.0198995268792 0.0132663512528
0 0.718800008291 0.23751998484 0.0811079348992 0.0540719565995
0 0.759600007394 0.146699986837 0.0712766940469 0.0475177960313
0 0.830200005842 0.14153998695 0.0325887648106 0.0217258432071
0 0.820400006058 0.116819987494 0.0247453001045 0.0164968667364
0 0.911600004053 0.262039984301 0.0462806959156 0.030853797277
0 0.878600004778 0.259659984353 0.0309764421023 0.0206509614015
0 0.941000003406 0.257639984398 0.0506103319642 0.0337402213094
0 0.963000002922 0.239059984806 0.0251947559592 0.0167965039728
0 0.912000004044 0.32167998299 0.0290938324922 0.0193958883281
0 0.926600003723 0.389319981503 0.0200530720006 0.0133687146671
0 0.990800002311 0.442079980343 0.0242630971911 0.0161753981274
0 0.931200003622 0.50405997898 0.0214478394757 0.0142985596505
0 0.896800004378 0.493839979205 0.040004440145 0.0266696267633
0 0.878000004791 0.483659979428 0.0204982737057 0.0136655158038
0 0.954600003107 0.434039980519 0.0277124210682 0.0184749473788
0 0.839200005644 0.39123998146 0.0650778044393 0.0433852029595
0 0.802400006453 0.381799981668 0.0237035281147 0.0158023520765
0 0.830800005829 0.43447998051 0.0672374284437 0.0448249522958
0 0.809000006308 0.297899983512 0.022262558596 0.0148417057306
0 0.791600006691 0.467479979784 0.0275251395509 0.018350093034
0 0.830400005838 0.495679979164 0.0240004281851 0.0160002854567
0 0.626000010332 0.364639982045 0.0461652402734 0.0307768268489
0 0.644000009936 0.28255998385 0.0441632176726 0.029442145115
0 0.537200012284 0.349599982376 0.0203676812055 0.013578454137
0 0.539400012235 0.377179981769 0.0619392313523 0.0412928209016
0 0.59240001107 0.383219981637 0.0303639434899 0.0202426289932
0 0.622000010419 0.391199981461 0.0428867749173 0.0285911832782
0 0.576800011413 0.395119981375 0.0510110134987 0.0340073423325
0 0.599800010908 0.279739983912 0.0414347248228 0.0276231498819
0 0.537000012288 0.313659983166 0.0572421554965 0.0381614369977
0 0.525600012539 0.332819982745 0.0230923156405 0.0153948770937
0 0.567600011615 0.329999982807 0.0380651415178 0.0253767610118
0 0.548000012046 0.452499980114 0.024873023527 0.0165820156847
0 0.535600012319 0.472699979669 0.0282908864837 0.0188605909891
0 0.5410000122 0.442419980335 0.0307749141305 0.0205166094203
0 0.51600001275 0.427619980661 0.0266947889041 0.0177965259361
0 0.461600013946 0.409539981058 0.0469383083008 0.0312922055339
0 0.451800014161 0.474279979635 0.0211484660625 0.014098977375
0 0.629000010266 0.318339983063 0.0630222587002 0.0420148391335
0 0.438800014447 0.312799983185 0.0507563581234 0.0338375720823
0 0.434400014544 0.294959983577 0.0297626243869 0.0198417495913
0 0.465000013871 0.33349998273 0.0423856756648 0.0282571171099
0 0.491800013282 0.335279982691 0.0298020989381 0.0198680659587
0 0.391600015485 0.331099982783 0.0329944919645 0.0219963279763
0 0.429600014649 0.274199984034 0.041797020077 0.0278646800513
0 0.371400015929 0.286439983764 0.0243521375321 0.0162347583547
0 0.329800016844 0.328139982848 0.058114552971 0.038743035314
0 0.315000017169 0.348779982394 0.0350289648229 0.0233526432153
0 0.342200016571 0.280439983896 0.0248432444796 0.0165621629864
0 0.295800017591 0.268739984154 0.0334301960332 0.0222867973555
0 0.264800018273 0.294539983586 0.0250956243796 0.016730416253
0 0.247400018655 0.350419982358 0.0292637016761 0.0195091344507
0 0.371000015938 0.337159982649 0.048396986954 0.0322646579693
0 0.41320001501 0.342879982524 0.0333904246809 0.0222602831206
0 0.356600016254 0.406639981122 0.0295462563582 0.0196975042388
0 0.30540001738 0.407339981106 0.0440940630077 0.0293960420051
0 0.270600018145 0.388779981514 0.027869626737 0.018579751158
0 0.243400018743 0.402759981207 0.0248844009039 0.0165896006026
0 0.220000019258 0.384119981617 0.0235610635691 0.0157073757127
0 0.220000019258 0.436839980458 0.0472539068428 0.0315026045619
0 0.240200018813 0.469879979731 0.0224213472041 0.0149475648027
0 0.203000019631 0.476419979588 0.027433329066 0.018288886044
0 0.21260001942 0.500179979065 0.0650414957669 0.0433609971779
0 0.244800018712 0.428239980647 0.0418885337608 0.0279256891739
0 0.22580001913 0.364939982039 0.0396811247734 0.0264540831823
0 0.217400019315 0.343879982502 0.0211884352822 0.0141256235215
0 0.198000019741 0.330499982796 0.030459810257 0.0203065401713
0 0.23580001891 0.326559982882 0.0491460140893 0.0327640093929
0 0.254400018501 0.361379982117 0.0639644044418 0.0426429362945
0 0.190000019917 0.305839983338 0.0216620309627 0.0144413539751
0 0.179200020155 0.296419983545 0.0246167852123 0.0164111901416
0 0.266200018242 0.329799982811 0.0257011976322 0.0171341317548
0 0.0838000222519 0.422799980767 0.0219821804555 0.0146547869703
0 0.146600020871 0.318599983057 0.0227671205284 0.0151780803522
0 0.111400021645 0.285999983774 0.0291394409335 0.0194262939557
0 0.172000020313 0.340519982575 0.0320319658782 0.0213546439188
0 0.154600020695 0.338199982626 0.0359442005948 0.0239628003966
0 0.0248000235491 0.352239982318 0.0223721771491 0.0149147847661
0 0.0676000226081 0.378579981739 0.0502074738879 0.0334716492586
0 0.0492000230126 0.355659982243 0.0473950852502 0.0315967235001
0 0.0418000231753 0.694899974784 0.0274174007383 0.0182782671589
0 0.0398000232193 0.701099974648 0.0206868413612 0.0137912275741
0 0.0652000226609 0.684079975022 0.0205086617454 0.0136724411636
0 0.0568000228456 0.614819976545 0.0222561279047 0.0148374186031
0 0.0644000226785 0.600339976863 0.0281482240706 0.0187654827137
0 0.0272000234963 0.613319976578 0.0250304270632 0.0166869513755
0 0.0386000232457 0.603759976788 0.024708694631 0.0164724630873
0 0.262000018334 0.592119977044 0.0199552265592 0.0133034843728
0 0.299400017512 0.612619976593 0.051880739763 0.034587159842
0 0.282600017881 0.530659978395 0.0200706822014 0.0133804548009
0 0.217000019324 0.57547997741 0.059388324516 0.039592216344
0 0.351000016377 0.586199977174 0.0218476306068 0.0145650870712
0 0.420800014843 0.496019979157 0.0460460251501 0.0306973501001
0 0.397000015366 0.496399979148 0.0313594145024 0.0209062763349
0 0.448600014232 0.536159978274 0.0243731114791 0.0162487409861
0 0.404200015208 0.585579977188 0.0428025823282 0.0285350548855
0 0.513800012798 0.612879976588 0.0330986691635 0.0220657794423
0 0.590800011105 0.677459975168 0.0264336039038 0.0176224026026
0 0.586600011198 0.69553997477 0.0332510270803 0.0221673513869
0 0.565400011664 0.666379975411 0.0942684930358 0.0628456620238
0 0.532400012389 0.62867997624 0.0286698026015 0.0191132017343
0 0.42140001483 0.602419976818 0.031694404052 0.0211296027013
0 0.424800014755 0.617519976486 0.0324213689695 0.0216142459797
0 0.462400013928 0.602799976809 0.108626248024 0.0724174986827
0 0.512400012829 0.510239978844 0.0641836415481 0.0427890943654
0 0.588200011163 0.562159977703 0.0445834880821 0.0297223253881
0 0.773800007082 0.661619975516 0.0539927766518 0.0359951844345
0 0.755600007482 0.689039974913 0.0343789703335 0.0229193135557
0 0.629600010252 0.57229997748 0.0415221822244 0.0276814548163
0 0.753600007526 0.58727997715 0.0505526536099 0.0337017690733
0 0.811600006251 0.705779974545 0.029954753656 0.0199698357707
0 0.765600007262 0.712219974404 0.0294065619565 0.0196043746377
0 0.933600003569 0.704279974578 0.0321979766473 0.0214653177649
0 0.960600002975 0.686739974964 0.0535710222365 0.0357140148244
0 0.891800004488 0.562659977692 0.0643345154593 0.0428896769729
0 0.959600002997 0.761019973331 0.0223955255052 0.0149303503368
0 0.70660000856 0.780459972903 0.0203634270559 0.0135756180373
0 0.721400008234 0.81517997214 0.020081465976 0.013387643984
0 0.671400009333 0.895559970373 0.0401754965335 0.0267836643556
0 0.736400007904 0.892739970435 0.0771656243341 0.051443749556
0 0.617000010529 0.867819970983 0.0553701317936 0.0369134211957
0 0.632400010191 0.810439972244 0.023537715213 0.015691810142
0 0.574000011475 0.735739973886 0.0461979873321 0.0307986582214
0 0.548000012046 0.805999972342 0.0307333619713 0.0204889079809
0 0.567600011615 0.876859970784 0.0402731441074 0.0268487627383
0 0.577200011404 0.916379969915 0.0417422108004 0.0278281405336
0 0.520600012649 0.910739970039 0.0229938765968 0.0153292510645
0 0.628600010274 0.889859970498 0.0241781131323 0.0161187420882
0 0.359600016188 0.826639971888 0.025555468274 0.0170369788494
0 0.513400012807 0.859859971158 0.0272364509786 0.0181576339858
0 0.350400016391 0.808579972285 0.0515689996357 0.0343793330905
0 0.222400019205 0.906859970124 0.0290025166758 0.0193350111172
0 0.0468000230654 0.893959970408 0.0206629983365 0.0137753322244
0 0.117000021522 0.938799969422 0.0257007029636 0.0171338019757
0 0.117600021509 0.736759973864 0.0216408591483 0.0144272394322
0 0.0202000236502 0.756399973432 0.0218401116447 0.0145600744298
0 0.0714000225246 0.774559973033 0.0202122563436 0.0134748375624
0 0.0262000235183 0.818299972071 0.0288694508328 0.0192463005552
0 0.00880002390084 0.853339971301 0.0254103325182 0.0169402216788
0 0.45140001417 0.972839968674 0.0220170051222 0.0146780034148
0 0.515800012754 0.971099968712 0.038460084897 0.025640056598
0 0.650200009799 0.960679968941 0.0237481472189 0.0158320981459
0 0.612600010626 0.953519969098 0.0302929090845 0.020195272723
0 0.669600009373 0.959259968972 0.0284917219195 0.0189944812797
0 0.70660000856 0.961679968919 0.0351424417909 0.0234282945272
0 0.800000006506 0.941859969355 0.0237224244537 0.0158149496358
0 0.685800009017 0.96661996881 0.0217772887374 0.0145181924916
0 0.90580000418 0.946039969263 0.0294182361346 0.0196121574231
0 0.55240001195 0.153739986682 0.0283552923303 0.0189035282202
0 0.92080000385 0.107819987691 0.0503114532195 0.033540968813
0 0.867400005024 0.379139981726 0.0523185214396 0.0348790142931
0 0.774600007065 0.341959982544 0.148219519661 0.0988130131073
0 0.1726000203 0.387759981537 0.0200610856313 0.0133740570875
0 0.161000020555 0.40215998122 0.0203769809745 0.013584653983
0 0.184200020045 0.410519981036 0.0377279754264 0.0251519836176
0 0.184800020031 0.386619981562 0.0242161036778 0.0161440691185
0 0.913000004022 0.93161996958 0.0208053639484 0.0138702426323
