0 0.620000010463 0.604859994673 0.205278535317 0.136852365904
0 0.475000013651 0.747740000955 0.198848833783 0.132565897932
0 0.206000019565 0.733340000322 0.184890277244 0.123260192959
0 0.359600016188 0.258719979453 0.17961711073 0.119744748384
0 0.147200020858 0.964700010495 0.0250569396454 0.0167046275321
0 0.440400014412 0.920820008566 0.0307537402877 0.0205024948774
0 0.546200012086 0.88568000702 0.0279044495632 0.0186029676024
0 0.245200018704 0.870300006344 0.0479140883444 0.0319427276697
0 0.219600019266 0.788820002761 0.0416803744812 0.0277869181535
0 0.576600011418 0.866320006169 0.0203638214476 0.0135758818605
0 0.686000009012 0.889500007188 0.0601945313669 0.0401296902247
0 0.177400020194 0.892620007326 0.0447097245501 0.0298064849993
0 0.499200013119 0.979260011135 0.0273730766298 0.0182487189568
0 0.641600009989 0.97550001097 0.0297719221922 0.0198479494372
0 0.223200019187 0.972660010845 0.0344952151703 0.0229968116303
0 0.150200020792 0.829280004541 0.0223648545793 0.0149099040363
0 0.0118000238349 0.818420004063 0.0215242148819 0.0143494775344
0 0.0244000235579 0.755060001277 0.0331187505227 0.0220791684714
0 0.0842000222432 0.748500000989 0.020288038229 0.0135253597114
0 0.12120002143 0.861300005948 0.0406602690416 0.0271068478156
0 0.169000020379 0.851520005518 0.0278825852142 0.0185883913688
0 0.0822000222871 0.495459989862 0.0562577613492 0.0375051767065
0 0.212000019433 0.498619990001 0.0270678661477 0.0180452452887
0 0.199800019702 0.473439988894 0.0564405908374 0.03762706304
0 0.289000017741 0.469159988706 0.0245865098748 0.0163910076643
0 0.26220001833 0.493519989777 0.0214023285565 0.0142682199787
0 0.379800015744 0.515759990755 0.049678472052 0.0331189835524
0 0.360800016162 0.55181999234 0.0211166080144 0.0140777396048
0 0.345600016496 0.542819991945 0.0280971724219 0.0187314495167
0 0.52420001257 0.557899992608 0.0202433201941 0.0134955476861
0 0.564400011686 0.53839999175 0.0223096495715 0.0148731006953
0 0.41500001497 0.661999997185 0.0234775619675 0.0156517090106
0 0.459200013999 0.673879997707 0.0207750888623 0.013850060155
0 0.241400018787 0.60343999461 0.0213862023624 0.014257469182
0 0.24580001869 0.638499996152 0.0278519157655 0.0185679450683
0 0.112600021619 0.668679997479 0.025687740953 0.0171251617649
0 0.221000019236 0.697119998729 0.0202015701702 0.0134677143351
0 0.0236000235755 0.618619995278 0.0411116046071 0.0274077382124
0 0.161600020541 0.70623999913 0.0330419779671 0.0220279867643
0 0.162000020533 0.525239991172 0.0263251708189 0.0175501150368
0 0.205000019587 0.718099999652 0.0215292605009 0.0143528412806
0 0.11620002154 0.737860000521 0.024557522299 0.0163716826125
0 0.16760002041 0.748480000988 0.0211066157101 0.0140710780681
0 0.216200019341 0.748860001004 0.0238042410637 0.0158694950892
0 0.214400019381 0.733500000329 0.0248041640273 0.0165361104422
0 0.485200013427 0.82586000439 0.0453030299832 0.0302020219808
0 0.685400009026 0.808840003642 0.0686022144793 0.0457348126693
0 0.727600008098 0.729380000148 0.0409940713647 0.0273293827123
0 0.684600009043 0.669079997496 0.023425621772 0.0156170822113
0 0.829200005864 0.688899998368 0.0433483967595 0.0288989330791
0 0.794000006638 0.684979998196 0.0251419236986 0.0167612835713
0 0.97720000261 0.70009999886 0.0284021850366 0.0189347912733
0 0.959600002997 0.730280000187 0.0205914679045 0.0137276461751
0 0.805600006383 0.80902000365 0.0213305026861 0.014220336062
0 0.804600006405 0.798520003188 0.0303701743106 0.0202467842092
0 0.800800006489 0.784940002591 0.0455556077339 0.0303704071591
0 0.261600018343 0.771940002019 0.0340533772406 0.022702252991
0 0.790800006708 0.843500005166 0.0408147045563 0.0272098048321
0 0.692200008876 0.835340004807 0.0338143534076 0.0225429037585
0 0.77480000706 0.873780006497 0.0203622385083 0.0135748265676
0 0.848600005438 0.897780007552 0.0203245447664 0.0135496974046
0 0.924800003762 0.970320010742 0.0203703510722 0.0135802349438
0 0.946200003292 0.961520010355 0.0255284576868 0.0170189729137
0 0.884400004651 0.957240010167 0.0212452218318 0.0141634821554
0 0.936000003516 0.93342000912 0.0495840892968 0.0330560617114
0 0.974800002663 0.889520007189 0.0320547185178 0.0213698137546
0 0.959400003002 0.905480007891 0.0374984467408 0.0249989661427
0 0.653600009725 0.562319992802 0.0647163953201 0.0431442663923
0 0.746000007693 0.552579992374 0.0232489261736 0.015499285138
0 0.941600003393 0.592339994122 0.042614011862 0.0284093431151
0 0.932000003604 0.548439992192 0.0383689644174 0.0255793112987
0 0.849800005411 0.448659987804 0.0254734505465 0.0169823014844
0 0.728000008089 0.478619989122 0.0313226090955 0.0208817407743
0 0.727800008093 0.496819989922 0.0198109799001 0.0132073208045
0 0.664800009479 0.516679990795 0.0334367234529 0.0222911504388
0 0.747600007658 0.524599991144 0.0263170582551 0.0175447066606
0 0.55740001184 0.523579991099 0.0420845186691 0.0280563476298
0 0.669800009369 0.357379983791 0.028443737193 0.0189624927127
0 0.61880001049 0.312219981805 0.0221754954666 0.0147836646195
0 0.455200014087 0.263139979647 0.0211745831659 0.0141163897083
0 0.399400015313 0.25023997908 0.0239872684193 0.0159915133343
0 0.507000012948 0.506299990339 0.0379376134605 0.0252917439751
0 0.350600016386 0.4326399871 0.0217204004203 0.0144802679019
0 0.266400018237 0.408679986047 0.033006361833 0.0220042426733
0 0.0922000220673 0.332479982696 0.0402162545704 0.0268108381486
0 0.296400017578 0.347459983355 0.0299121112532 0.0199414088174
0 0.223000019192 0.30255998138 0.0251424183672 0.0167616133503
0 0.330600016826 0.306239981542 0.0201836631695 0.0134557763338
0 0.463600013902 0.275599980195 0.0218071652802 0.0145381111457
0 0.62700001031 0.283999980564 0.0778242209234 0.0518828173709
0 0.0642000226829 0.165519975355 0.0240148709232 0.0160099150047
0 0.142600020959 0.29345998098 0.0256741870354 0.0171161258191
0 0.0234000235799 0.316039981973 0.0238769573374 0.0159179726082
0 0.0116000238393 0.343419983177 0.0317043942659 0.021136264238
0 0.186200020001 0.374699984552 0.0911443582593 0.0607629095138
0 0.196600019772 0.0539599704493 0.0200730552865 0.0133820377403
0 0.416800014931 0.119059973312 0.0817973985448 0.0545316026265
0 0.617000010529 0.119139973315 0.0287105613973 0.0191403755273
0 0.878000004791 0.145159974459 0.0259856303409 0.0173237547032
0 0.805800006379 0.150939974714 0.0286321069687 0.0190880725714
0 0.928800003674 0.169619975535 0.024715519427 0.0164770140381
0 0.971400002738 0.133759973958 0.0219513116895 0.0146342087582
0 0.982800002487 0.205519977113 0.0281201250417 0.0187467512642
0 0.934600003547 0.187779976333 0.0272701855759 0.0181801249163
0 0.918800003894 0.178799975939 0.135050444318 0.0900336354835
0 0.604000010815 0.189119976392 0.03802249858 0.0253483340585
0 0.764200007293 0.246359978909 0.0281339757605 0.0187559850774
0 0.82440000597 0.270179979957 0.0709773159523 0.0473182137558
0 0.620400010455 0.210459977331 0.0283396589346 0.0188931072025
0 0.235200018923 0.161459975176 0.0199295024795 0.0132863358627
0 0.238800018844 0.145879974491 0.0248104957845 0.0165403316139
0 0.15940002059 0.132779973915 0.0322991837046 0.0215327905566
0 0.0790000223575 0.136499974079 0.0661813067006 0.0441208740437
0 0.294400017622 0.898960007604 0.0776368404848 0.0517578970703
0 0.0820000222915 0.0411799698873 0.0283066150769 0.0188710779626
0 0.885000004637 0.027299969277 0.0213135850224 0.0142090576188
