0 0.620800007421 0.167739986374 0.183166888333 0.122111250835
0 0.358999995909 0.254459984468 0.28911600408 0.192743990007
0 0.322999994326 0.990379968288 0.0204197230317 0.01361314779
0 0.404399997905 0.972039968691 0.0353250780834 0.0235500505024
0 0.44339999962 0.982459968462 0.0203040695069 0.0135360454451
0 0.35059999554 0.96165996892 0.0232124242291 0.0154749484654
0 0.217399989683 0.875979970803 0.021134123462 0.0140894147121
0 0.173399987748 0.928779969642 0.0267765116826 0.017851006611
0 0.110399984978 0.88749997055 0.0311554172975 0.0207702768284
0 0.243599990835 0.86109997113 0.022449348406 0.0149662312836
0 0.235799990492 0.848579971406 0.0282688279948 0.0188458840869
0 0.25099999116 0.890319970488 0.0206183819521 0.0137455870615
0 0.303399993464 0.893719970413 0.0369644099114 0.0246429383156
0 0.33559999488 0.900739970259 0.0198606485501 0.0132404314935
0 0.392999997404 0.939079969416 0.0252860751111 0.0168573822956
0 0.229399990211 0.974439968639 0.0321908576664 0.0214605703621
0 0.234599990439 0.820919972014 0.0327734783746 0.021848984142
0 0.196799988777 0.75011997357 0.0302586820115 0.0201724533438
0 0.260399991574 0.763379973279 0.0750471666535 0.0500314411358
0 0.370599996419 0.806779972325 0.0266373119311 0.0177582067828
0 0.370599996419 0.794579972593 0.021962099809 0.014641398907
0 0.344599995276 0.82471997193 0.0247186901966 0.0164791257109
0 0.356199995786 0.839819971598 0.0229831947876 0.0153221288478
0 0.388599997211 0.779599972922 0.0304072804669 0.0202715189742
0 0.398199997633 0.817559972088 0.02356433149 0.0157095532905
0 0.423199998732 0.839839971598 0.0457696103957 0.0305130715846
0 0.360799995988 0.823259971962 0.0213800727031 0.014253380862
0 0.357599995848 0.895379970377 0.0373501525063 0.0249001000286
0 0.426599998882 0.8943199704 0.0580704361955 0.0387136215769
0 0.466400000632 0.870359970927 0.0307033891067 0.0204689247211
0 0.481800001309 0.879179970733 0.0284587807474 0.0189725192469
0 0.529800003419 0.884359970619 0.031726759561 0.0211511716456
0 0.483400001379 0.936419969474 0.0689583894645 0.0459722566108
0 0.478000001142 0.969919968738 0.0443392265955 0.0295594824474
0 0.62420000757 0.961419968925 0.0201422139323 0.0134281417359
0 0.52140000305 0.973179968666 0.0391057314616 0.0260704859215
0 0.503600002267 0.885639970591 0.0596652478471 0.0397768292746
0 0.468200000711 0.89657997035 0.0590792633922 0.0393861729971
0 0.44339999962 0.865279971038 0.0306908245236 0.0204605483329
0 0.455400000148 0.843139971525 0.0272946276019 0.0181964172011
0 0.665400009382 0.830099971812 0.0225131606588 0.0150087727826
0 0.61600000721 0.886219970578 0.0211640014471 0.0141093333675
0 0.693800010631 0.859599971163 0.0981377045331 0.0654251320402
0 0.709800011334 0.801139972449 0.116385634427 0.077590417834
0 0.674200009769 0.763459973277 0.0348971897216 0.0232647916133
0 0.64740000859 0.748939973596 0.0703568176714 0.0469045420206
0 0.522400003094 0.7942599726 0.0198818203674 0.0132545460374
0 0.540200003877 0.760059973352 0.0231258572195 0.0154172371295
0 0.557600004642 0.817159972096 0.0237781272703 0.0158520838013
0 0.649200008669 0.854919971266 0.0348141843261 0.0232094546866
0 0.768800013928 0.801039972451 0.0547893981301 0.0365262630109
0 0.799800015291 0.808959972277 0.0303126008918 0.0202083992617
0 0.733200012363 0.91251997 0.028951569633 0.019301045149
0 0.712000011431 0.93297996955 0.0261097973079 0.0174065303905
0 0.739600012644 0.959879968959 0.0329442379844 0.0219628238744
0 0.72380001195 0.949519969186 0.0297851852023 0.0198567888252
0 0.757000013409 0.931959969572 0.0294655303359 0.019643685595
0 0.84820001742 0.870579970922 0.0356478988291 0.0237652643186
0 0.833600016778 0.858699971183 0.0219012555679 0.0146008360823
0 0.923200020717 0.869399970948 0.0216186019148 0.0144124003259
0 0.914000020313 0.865259971039 0.0215853601831 0.0143902391729
0 0.831800016698 0.917779969884 0.021330407973 0.0142202710441
0 0.982000023303 0.807719972304 0.0315926054295 0.0210617355639
0 0.928200020937 0.788499972727 0.0238539105039 0.0159026059537
0 0.930600021043 0.797059972538 0.0344788979311 0.022985930438
0 0.926800020876 0.75151997354 0.0247970457071 0.0165313627144
0 0.930600021043 0.721419974201 0.0855585781641 0.0570390483473
0 0.95100002194 0.667299975391 0.0341995090909 0.0227996712235
0 0.938400021386 0.604439976773 0.0280822389889 0.0187214914245
0 0.891600019328 0.603499976794 0.0486290918577 0.0324193924335
0 0.855200017727 0.739819973797 0.0247207678049 0.0164805107829
0 0.837000016927 0.704579974572 0.0200481279596 0.0133654177582
0 0.793200015001 0.749559973583 0.0222435662574 0.0148290431935
0 0.783000014553 0.732019973968 0.0224878336251 0.0149918880946
0 0.795200015089 0.709459974464 0.0544605424272 0.0363070258902
0 0.847400017384 0.757459973409 0.0386054236128 0.0257369473777
0 0.78340001457 0.634179976119 0.0227683107363 0.0151788728231
0 0.797000015168 0.659939975553 0.0380746441766 0.0253830944436
0 0.704200011088 0.666699975404 0.0223951327245 0.0149300874983
0 0.841000017103 0.639919975993 0.109690789237 0.0731271880016
0 0.767800013884 0.582339977259 0.0834257649143 0.0556171729413
0 0.705800011158 0.593179977021 0.0229725099453 0.0153150056201
0 0.824800016391 0.557579977803 0.021753943251 0.0145026278774
0 0.684800010235 0.698219974711 0.041129519746 0.0274196780222
0 0.669200009549 0.725019974122 0.0639293903407 0.0426195907495
0 0.659800009136 0.678239975151 0.0842752098797 0.0561834695475
0 0.641600008335 0.618539976463 0.0221987492798 0.0147991652105
0 0.587200005943 0.688419974927 0.0208020029462 0.0138680010495
0 0.466200000623 0.759759973358 0.0239548229037 0.0159698808825
0 0.469400000764 0.787659972745 0.0206720040312 0.0137813351119
0 0.474400000983 0.657479975607 0.0278212518216 0.0185474999911
0 0.661600009215 0.623459976355 0.0493346871864 0.0328897892883
0 0.706600011193 0.635799976084 0.0500897493778 0.0333931640494
0 0.630600007852 0.592019977046 0.101957139932 0.0679714221379
0 0.547000004176 0.597019976936 0.024023482909 0.0160156542164
0 0.566800005046 0.544939978081 0.0249491068428 0.0166327367982
0 0.516000002813 0.560739977734 0.0347310799968 0.0231540518041
0 0.497400001995 0.546979978036 0.0269984200284 0.0179989454985
0 0.49820000203 0.582679977252 0.04966542263 0.0331102795695
0 0.61100000699 0.679419975125 0.0665419332244 0.0443612858904
0 0.447399999796 0.7897199727 0.236375424467 0.157583605918
0 0.45179999999 0.617499976486 0.115947358024 0.0772982335846
0 0.561600004818 0.676119975197 0.0679727127594 0.0453151388508
0 0.429399999005 0.702399974619 0.0401289040485 0.0267526009345
0 0.461600000421 0.644819975885 0.0204621655999 0.0136414428335
0 0.418399998521 0.670359975324 0.0263659367226 0.0175772899891
0 0.406599998002 0.66097997553 0.039569433832 0.0263796208148
0 0.388599997211 0.650139975768 0.0285559336656 0.0190372878548
0 0.407999998064 0.698919974696 0.0400078091687 0.02667187102
0 0.394999997492 0.689559974902 0.0293573957741 0.0195715958919
0 0.258599991495 0.722059974187 0.0200700912466 0.0133800599486
0 0.261599991626 0.658779975578 0.021968926236 0.014645949858
0 0.337399994959 0.658879975576 0.0241824694056 0.0161216452071
0 0.311199993807 0.654939975663 0.0545244536138 0.036349633345
0 0.428199998952 0.592559977034 0.0254889881817 0.016992657667
0 0.468200000711 0.570119977528 0.0550675997656 0.0367117307557
0 0.44839999984 0.559219977767 0.0605895856425 0.0403930544308
0 0.429399999005 0.536739978262 0.0234333432377 0.0156222277948
0 0.418199998512 0.544319978095 0.0251702237188 0.0167801480391
0 0.266399991838 0.605739976745 0.0408061053981 0.0272040684711
0 0.243399990826 0.716539974309 0.0218981886224 0.0145987914521
0 0.204999989138 0.691939974849 0.0261196906804 0.0174131259718
0 0.233799990404 0.687739974942 0.0419498781961 0.0279665836195
0 0.243599990835 0.652859975709 0.0228202509421 0.0152134996246
0 0.196199988751 0.599099976891 0.0256597477916 0.0171064973994
0 0.131999985928 0.627919976257 0.0234647052286 0.0156431357873
0 0.189399988452 0.545659978065 0.146050911955 0.0973672682145
0 0.130399985858 0.705479974552 0.0578971043088 0.0385980669934
0 0.138399986209 0.667519975386 0.0200190414443 0.0133460267493
0 0.110999985005 0.649859975775 0.0443059848638 0.0295373212944
0 0.116599985251 0.60229997682 0.0544859683946 0.036323976534
0 0.0495999823047 0.701199974646 0.0391321467662 0.0260880961235
0 0.0785999835799 0.724819974127 0.105470276516 0.0703135130401
0 0.0165999808537 0.587119977154 0.0226086317037 0.0150724201417
0 0.0753999834392 0.527439978466 0.0263729610171 0.0175819728518
0 0.0825999837557 0.550839977952 0.0214479412386 0.0142986265494
0 0.121199985453 0.550819977952 0.0421290471726 0.028086029596
0 0.0673999830874 0.566899977598 0.0457777229612 0.0305184799612
0 0.0611999828148 0.429539980618 0.0211242300895 0.0140828191308
0 0.0311999814957 0.400259981262 0.0234621329518 0.0156414209362
0 0.0807999836766 0.4030999812 0.0240615723933 0.0160410472042
0 0.020199981012 0.386659981561 0.0230393891436 0.0153595917493
0 0.104799984732 0.36031998214 0.128330892418 0.0855539226362
0 0.165999987423 0.358579982178 0.0290693996998 0.0193795985217
0 0.188199988399 0.373999981839 0.0515355668391 0.0343570422934
0 0.0959999843449 0.422339980777 0.0338001136419 0.0225334076084
0 0.156399987001 0.335999982675 0.022394242321 0.014929493896
0 0.170599987625 0.330819982789 0.0409255184045 0.0272836771368
0 0.231799990316 0.37079998191 0.0509150545141 0.0339433674373
0 0.25099999116 0.372739981867 0.0493764372185 0.0329176226412
0 0.41859999853 0.358859982172 0.236898783874 0.157932512166
0 0.417799998495 0.374639981825 0.0223836564124 0.014922436624
0 0.386399997114 0.404359981172 0.0241040149614 0.0160693422477
0 0.306599993605 0.422079980782 0.0300866362632 0.0200577561859
0 0.285199992664 0.440419980379 0.0896094195459 0.0597396090905
0 0.311199993807 0.476419979588 0.0378535273006 0.0252356832026
0 0.270799992031 0.512419978796 0.0893536758661 0.0595691133151
0 0.194799988689 0.584759977206 0.0656219485129 0.0437479627898
0 0.299799993306 0.538059978232 0.0709930604587 0.0473287038509
0 0.238599990615 0.487139979352 0.0229621219042 0.0153080802598
0 0.132999985972 0.485919979379 0.0618594000065 0.0412395972844
0 0.102799984644 0.451499980136 0.0304139090265 0.0202759380137
0 0.0503999823399 0.443979980301 0.0300231208116 0.0200154125543
0 0.192799988601 0.463019979882 0.0230531409314 0.0153687596073
0 0.350199995522 0.500799979052 0.0209670244 0.0139780153448
0 0.351799995593 0.597719976921 0.0227769179704 0.0151846109788
0 0.387999997184 0.532919978345 0.0240470291357 0.0160313516997
0 0.40359999787 0.553099977902 0.0231636499026 0.0154424322499
0 0.411199998204 0.531719978372 0.022610313577 0.0150735413905
0 0.380599996859 0.479839979512 0.0356093146762 0.0237395415517
0 0.45680000021 0.492339979238 0.0461252771381 0.0307501827306
0 0.583600005785 0.492599979232 0.0229811171794 0.0153207437758
0 0.537600003762 0.481479979476 0.0201764450013 0.013450962447
0 0.638800008212 0.499939979071 0.0289653214208 0.0193102130069
0 0.631400007887 0.491499979256 0.0257829202795 0.017188612386
0 0.570400005205 0.522399978577 0.0423751942811 0.0282501276575
0 0.538800003815 0.501279979041 0.0879221048612 0.0586147327081
0 0.504400002303 0.476239979592 0.0516469662138 0.0344313085383
0 0.554000004483 0.436539980464 0.0274217574389 0.0182811704202
0 0.537200003745 0.44219998034 0.0669900040662 0.0446599997652
0 0.504200002294 0.404079981178 0.0226232738951 0.0150821816019
0 0.470400000808 0.431199980582 0.0513048533918 0.0342032333386
0 0.449599999893 0.446799980239 0.0860285133592 0.0573523384567
0 0.603000006638 0.519319978644 0.0406427658176 0.0270951754247
0 0.658400009074 0.529339978424 0.0427516371058 0.0285010895241
0 0.754400013295 0.506219978933 0.0206640893332 0.0137760586469
0 0.754800013313 0.533339978336 0.0786444958387 0.0524296604344
0 0.741000012706 0.469799979733 0.0544028640654 0.0362685736515
0 0.731200012275 0.451039980146 0.0748898620303 0.0499265713939
0 0.68560001027 0.520599978616 0.0266935062871 0.0177956696843
0 0.568600005125 0.389519981498 0.0199063559312 0.0132709030789
0 0.643200008406 0.412779980987 0.0321894725942 0.0214596469807
0 0.687600010358 0.422079980782 0.0858252045537 0.057216799262
0 0.675000009804 0.375499981806 0.0218042015834 0.0145361334302
0 0.670000009584 0.389059981508 0.0303689931152 0.0202459940748
0 0.594800006277 0.328799982833 0.0273237141171 0.01821580821
0 0.640600008291 0.358359982183 0.0677457587936 0.0451638362169
0 0.721600011853 0.334559982706 0.0198636165619 0.0132424101679
0 0.672800009707 0.318079983069 0.0820277324423 0.0546851513547
0 0.749800013093 0.309019983268 0.036408897044 0.0242725964284
0 0.752400013207 0.335839982678 0.020865122663 0.0139100808579
0 0.793800015028 0.356559982223 0.0298816455844 0.0199210957424
0 0.83980001705 0.387419981544 0.0723868387806 0.0482578893375
0 0.806400015582 0.351879982326 0.0821377467448 0.0547584942182
0 0.811200015793 0.503419978994 0.0207205804903 0.0138137194158
0 0.846800017358 0.451259980141 0.0271287157446 0.0180858093035
0 0.88300001895 0.447439980225 0.0599399868022 0.0399599885659
0 0.893000019389 0.476859979578 0.0479127127529 0.0319418063952
0 0.917600020471 0.459559979958 0.101132032663 0.0674213506616
0 0.934800021227 0.405219981153 0.0290413025219 0.0193608670709
0 0.896000019521 0.403479981191 0.0793498933 0.0528999253776
0 0.92940002099 0.342559982531 0.0314473707208 0.0209649124311
0 0.85980001793 0.332059982761 0.0346174051465 0.0230782685755
0 0.875000018598 0.359379982161 0.0386303549115 0.0257535682424
0 0.966800022634 0.361619982112 0.080193303308 0.0534621986792
0 0.941800021535 0.389019981509 0.0464627400751 0.030975158007
0 0.843600017217 0.319419983039 0.0254229004532 0.0169485991843
0 0.917000020445 0.201899985623 0.0198556029302 0.013237067747
0 0.988600023593 0.162339986493 0.0253444460091 0.016896296225
0 0.967800022678 0.165139986431 0.0463751837282 0.030916787113
0 0.951200021949 0.145319986867 0.0312352568138 0.0208235031691
0 0.954000022072 0.176419986183 0.0618796814202 0.0412531182259
0 0.907200020014 0.272159984078 0.0866871151684 0.0577914063006
0 0.834200016804 0.292459983632 0.065136084988 0.0434240537946
0 0.796600015151 0.290999983664 0.0416245841074 0.027749720908
0 0.787200014737 0.271919984084 0.031781865646 0.0211879090332
0 0.831200016672 0.25071998455 0.108340343887 0.0722268911609
0 0.78680001472 0.234399984909 0.0696238177008 0.0464158754058
0 0.765800013796 0.22069998521 0.0408181753125 0.0272121150802
0 0.764600013744 0.261959984303 0.0362567369745 0.0241711563888
0 0.828600016558 0.176759986176 0.0354076877441 0.0236051236058
0 0.720800011818 0.204839985558 0.0375275406758 0.0250183588004
0 0.702000010991 0.195979985753 0.0418135475226 0.0278756965099
0 0.7204000118 0.220339985218 0.0272894830482 0.0181929874989
0 0.860600017965 0.155239986649 0.0204726525748 0.0136484341497
0 0.797000015168 0.151179986738 0.0301812169046 0.0201208099427
0 0.812600015854 0.0770599883677 0.0245733565542 0.0163822366223
0 0.818400016109 0.108559987675 0.13034716174 0.0868981020951
0 0.762200013638 0.123039987357 0.0199348488441 0.0132898983529
0 0.809200015705 0.313859983162 0.059177306714 0.0394515352073
0 0.615000007166 0.305699983341 0.107188755325 0.0714591655033
0 0.619800007377 0.216179985309 0.0417222316942 0.0278148192949
0 0.566400005029 0.220059985224 0.044349119968 0.0295660780286
0 0.530000003428 0.259499984357 0.0451077437735 0.0300718271989
0 0.58940000604 0.182659986046 0.0217397957282 0.0144931961962
0 0.532600003542 0.196959985732 0.0279963645154 0.0186642417792
0 0.540600003894 0.186019985972 0.0330753251704 0.0220502153259
0 0.479600001212 0.289159983705 0.0499892327129 0.0333261529439
0 0.313599993913 0.28525998379 0.0242821946007 0.0161881286661
0 0.480600001256 0.246979984632 0.0997400351479 0.0664933523796
0 0.427199998908 0.23797998483 0.0827964474878 0.0551976280179
0 0.392999997404 0.261019984323 0.0432345326189 0.0288230198449
0 0.340399995091 0.288339983723 0.0317791944354 0.0211861282263
0 0.440599999497 0.131619987168 0.0870978879958 0.0580652548341
0 0.501400002171 0.165859986415 0.0509423602223 0.0339615712416
0 0.347799995417 0.156959986611 0.0264830742534 0.0176553816711
0 0.433399999181 0.144799986878 0.200240870643 0.133493904957
0 0.510800002584 0.243359984712 0.0308168660896 0.020544576038
0 0.330999994678 0.247719984616 0.0295863284145 0.019724217642
0 0.242399990782 0.189839985888 0.0231332772489 0.0154221838154
0 0.22779999014 0.220039985224 0.096261426433 0.064174280056
0 0.189199988443 0.153539986686 0.174962314495 0.116641535304
0 0.0919999841691 0.235959984874 0.0388130855022 0.0258753886281
0 0.102799984644 0.29573998356 0.045661475834 0.0304409818815
0 0.0319999815308 0.163799986461 0.0220988262173 0.0147325498398
0 0.202399989023 0.283579983827 0.0886219620339 0.0590813041258
0 0.0837999838085 0.0431199891139 0.0384152729928 0.025610180306
0 0.147199986596 0.0423999891297 0.0275227687724 0.0183485113048
0 0.125999985664 0.0733399884495 0.0207915159714 0.0138610097334
0 0.0499999823223 0.0414599891504 0.0392295964856 0.0261530625988
0 0.187399988364 0.0346399893003 0.0365548242888 0.0243698812518
0 0.194999988698 0.108479987677 0.0857425948931 0.0571617261586
0 0.234599990439 0.0662999886043 0.0367066875571 0.024471123424
0 0.318199994115 0.0648799886355 0.122565034909 0.0817100178833
0 0.281999992523 0.0279799894467 0.03479835493 0.0231989017566
0 0.302599993429 0.0140199897537 0.03622448458 0.0241496547939
0 0.285799992691 0.107559987697 0.14069365073 0.0937957609672
0 0.391199997325 0.0653799886245 0.0615925757494 0.041061714458
0 0.49480000188 0.099379987877 0.0373528237169 0.0249018808355
0 0.54800000422 0.0852199881883 0.0292809200045 0.0195206120488
0 0.44339999962 0.129159987222 0.0318693230592 0.0212462139715
0 0.524600003191 0.108259987682 0.0619194527778 0.0412796324626
0 0.513200002689 0.0789599883259 0.0358776229392 0.0239184137152
0 0.563400004897 0.121939987381 0.0257080274495 0.0171386838359
0 0.594800006277 0.0881599881237 0.0638776480024 0.0425850958595
0 0.585200005855 0.0712999884943 0.0285795788259 0.019053051294
0 0.545800004123 0.0465199890391 0.0239229662441 0.0159486431109
0 0.740600012688 0.0853799881848 0.0272341790958 0.0181561181997
0 0.784600014623 0.036199989266 0.0365294972551 0.0243529965638
0 0.804600015502 0.0316199893667 0.0263792927756 0.0175861940238
0 0.830800016655 0.0316799893654 0.0329319702025 0.0219546453536
0 0.73200001231 0.0119199897998 0.0277480408649 0.0184986926898
0 0.780800014456 0.0695199885335 0.0596145937798 0.0397430598986
0 0.566000005011 0.0378999892286 0.0340232091924 0.0226821379656
0 0.602000006594 0.0452399890673 0.0527447348296 0.0351631542338
0 0.952400022001 0.0390599892031 0.0295989919313 0.019732659986
0 0.929800021008 0.0203199896151 0.0472566832205 0.0315044534024
0 0.91780002048 0.040839989164 0.0586941143997 0.039129407019
0 0.952800022019 0.0938799879979 0.0334887692084 0.0223258446664
0 0.968200022696 0.0481799890026 0.021982974825 0.0146553155834
0 0.579200005592 0.571599977495 0.0515570354575 0.0343713547047
