0 0.795600015107 0.171920008267 0.101153798082 0.0674358609403
0 0.834000016795 0.238740006798 0.236376413804 0.157584265476
0 0.889000019214 0.176000008178 0.232975072329 0.155316704642
0 0.271599992066 0.226660007064 0.141330783921 0.0942205163997
0 0.264799991767 0.328900004816 0.155500072057 0.103666707867
0 0.383599996991 0.474560001614 0.146501060405 0.0976673671614
0 0.636600008115 0.539520000186 0.0904044509623 0.0602696299998
0 0.437999999383 0.557999999779 0.141978799822 0.0946525269716
0 0.886800019117 0.361260004105 0.195220973422 0.130147307031
0 0.755600013348 0.870679992905 0.360583748553 0.240389149847
0 0.189799988469 0.772919995054 0.251235270005 0.167490168956
0 0.0671999830786 0.944239991288 0.0829465299491 0.0552976829855
0 0.313599993913 0.98095999048 0.0330774027787 0.022051600398
0 0.345999995338 0.970939990701 0.0354685319851 0.0236456864305
0 0.217599989692 0.978739990529 0.0437434477018 0.0291622965445
0 0.11339998511 0.944959991272 0.0336879227974 0.022458613717
0 0.206599989208 0.961719990903 0.0259276603196 0.0172851057397
0 0.200799988953 0.98779999033 0.0262460290476 0.0174973515443
0 0.0669999830698 0.908959992063 0.0244250549 0.0162833688593
0 0.129399985814 0.894179992388 0.0306801396812 0.0204534251051
0 0.140999986324 0.916299991902 0.0378982453444 0.0252654952299
0 0.129799985831 0.934299991506 0.0255546801753 0.0170364523265
0 0.100599984547 0.904079992171 0.0537855176196 0.0358570093814
0 0.0893999840547 0.8845599926 0.0231772038229 0.0154514681962
0 0.0955999843274 0.866599992995 0.0213131935048 0.0142087947327
0 0.136999986148 0.857359993198 0.0335379392699 0.0223586247052
0 0.0333999815924 0.895679992355 0.0508143399818 0.0338762244202
0 0.0633999829115 0.854459993262 0.049130982646 0.0327539862704
0 0.0643999829555 0.828739993827 0.0343923309214 0.022928219102
0 0.178799987986 0.864859993033 0.0639542227058 0.0426361456584
0 0.2609999916 0.854039993271 0.0318005641201 0.0212003746818
0 0.375999996657 0.854159993268 0.0216301771606 0.014420117156
0 0.324599994397 0.827879993846 0.0563112956262 0.0375408612747
0 0.440799999506 0.87363999284 0.0254253737963 0.0169502480796
0 0.443799999638 0.864799993034 0.036398805804 0.0242658689355
0 0.367399996279 0.896419992339 0.0265239338819 0.0176826214217
0 0.335399994872 0.903379992186 0.043618791208 0.0290791922207
0 0.373999996569 0.93367999152 0.0351648054485 0.0234432020861
0 0.235199990466 0.862679993081 0.051700192558 0.0344667927654
0 0.369399996366 0.813739994157 0.0232298365648 0.0154865566884
0 0.271999992084 0.947079991225 0.0226624516503 0.0151083001037
0 0.238399990606 0.960619990928 0.0294789853225 0.0196526555855
0 0.371599996463 0.958859990966 0.0262053672865 0.0174702437054
0 0.658200009065 0.963959990854 0.0205802924679 0.0137201940737
0 0.627200007702 0.942199991333 0.0478540450538 0.0319026945983
0 0.558400004677 0.93323999153 0.0328883404296 0.0219255588403
0 0.585600005873 0.891659992444 0.0376468547485 0.0250979015103
0 0.472000000878 0.882879992637 0.0492988731778 0.0328659132842
0 0.509400002522 0.946299991242 0.0331948371106 0.0221298899475
0 0.578800005574 0.98141999047 0.0242832828716 0.01618885418
0 0.899800019688 0.895719992355 0.0773678550476 0.0515785666298
0 0.968200022696 0.831279993771 0.079541132191 0.0530274179632
0 0.936400021298 0.858399993175 0.0284277155576 0.0189518091218
0 0.888200019178 0.828279993837 0.0428536377766 0.0285690899668
0 0.973800022942 0.932839991538 0.0737618196946 0.0491745432197
0 0.79500001508 0.956479991019 0.0531589703374 0.0354393112208
0 0.967800022678 0.741879995737 0.0881680541022 0.058778698858
0 0.96420002252 0.795159994565 0.0347631345238 0.0231754214873
0 0.887000019126 0.777539994953 0.0380817674048 0.0253878432621
0 0.896000019521 0.739759995783 0.0508147357167 0.0338764882434
0 0.858800017886 0.759979995339 0.0230818317118 0.0153878867929
0 0.965200022564 0.675939997186 0.030698937089 0.0204659567095
0 0.895600019504 0.680059997096 0.0251675525083 0.0167783672322
0 0.931200021069 0.702459996603 0.103343201423 0.0688954630711
0 0.870600018405 0.664799997431 0.0219263847341 0.0146175888586
0 0.874000018554 0.710419996428 0.0221056526443 0.0147371007909
0 0.841400017121 0.754659995456 0.0233120504905 0.0155413659686
0 0.951200021949 0.646959997824 0.027113084216 0.0180753882852
0 0.958600022274 0.642159997929 0.074220476445 0.0494803143665
0 0.97260002289 0.617759998466 0.025395594745 0.01693039538
0 0.972400022881 0.605239998741 0.027726770114 0.0184845121902
0 0.945800021711 0.609519998647 0.0325436553307 0.0216957687895
0 0.898600019636 0.60301999879 0.0341297608145 0.0227531723756
0 0.910000020137 0.629159998215 0.0596419984217 0.0397613296586
0 0.806000015564 0.734299995903 0.0203091151269 0.0135394091916
0 0.796600015151 0.812819994177 0.0322040158518 0.0214693424852
0 0.868400018308 0.804459994361 0.0345146130059 0.0230097404863
0 0.679600010006 0.793959994592 0.022567475274 0.0150449825237
0 0.633400007975 0.7708399951 0.0221804465407 0.0147869633852
0 0.571400005249 0.765619995215 0.0215389602659 0.0143593058969
0 0.729400012196 0.741859995737 0.0206926811798 0.0137951198767
0 0.665000009364 0.720539996206 0.0290014322306 0.0193342868785
0 0.680400010041 0.741899995736 0.0461939371434 0.0307959560645
0 0.625800007641 0.682219997048 0.0619364693785 0.0412909768623
0 0.605600006752 0.704199996565 0.032650503754 0.021767001067
0 0.594200006251 0.706559996513 0.0280564172866 0.0187042769574
0 0.60100000655 0.716779996289 0.0270608472091 0.0180405636162
0 0.681400010085 0.686339996958 0.0414654986771 0.0276436639615
0 0.747400012987 0.639879997979 0.0413625086691 0.0275750039606
0 0.723400011932 0.624159998325 0.0352869885992 0.0235246575146
0 0.747400012987 0.608639998666 0.0207191954182 0.0138127960344
0 0.77680001428 0.61345999856 0.021141345624 0.0140942294864
0 0.790600014887 0.605619998732 0.0236666289619 0.0157777516006
0 0.714000011519 0.587499999131 0.0332177897348 0.022145191696
0 0.663400009294 0.597199998918 0.0437847030653 0.0291898001183
0 0.625400007623 0.605159998743 0.0463233424561 0.0308822262672
0 0.626600007676 0.588779999103 0.0214517007202 0.0143011328702
0 0.586400005908 0.639459997988 0.0350435127013 0.02336234026
0 0.552600004422 0.651079997733 0.0262734336895 0.0175156213044
0 0.628800007772 0.58479999919 0.106160833919 0.0707738846114
0 0.820800016215 0.599519998867 0.0327440950582 0.0218293952657
0 0.457800000253 0.781539994865 0.0261580769658 0.017438716827
0 0.480800001265 0.795919994549 0.0232491286412 0.0154994180719
0 0.446999999779 0.805979994327 0.0544861662621 0.0363241084456
0 0.40859999809 0.805659994335 0.0380855268864 0.025390349583
0 0.459800000341 0.716879996286 0.0272728621824 0.0181819069224
0 0.473600000948 0.733219995927 0.0525853525981 0.0350568994199
0 0.455800000166 0.76401999525 0.0270548122518 0.0180365403116
0 0.544400004061 0.734999995888 0.0202400593866 0.0134933720344
0 0.449599999893 0.67029999731 0.0606037331652 0.040402486112
0 0.329999994634 0.629299998212 0.0224786327887 0.0149857542041
0 0.308199993675 0.632879998133 0.0260787321181 0.0173858202654
0 0.236599990527 0.688739996905 0.109222832717 0.0728152170085
0 0.277199992312 0.681659997061 0.119908664385 0.0799391043174
0 0.155399986957 0.690299996871 0.0202302649478 0.013486842409
0 0.0775999835359 0.652259997707 0.0215924834113 0.0143949879914
0 0.0885999840196 0.618339998453 0.0379102163252 0.0252734758832
0 0.0489999822783 0.624939998308 0.0769983375836 0.0513322216701
0 0.187199988355 0.616879998485 0.020165364424 0.013443575396
0 0.194799988689 0.641099997952 0.0409724129903 0.0273149401919
0 0.171599987669 0.626099998282 0.0354436006863 0.0236290655657
0 0.139199986244 0.622959998351 0.0280718509478 0.0187145660642
0 0.161399987221 0.715499996317 0.0480275748079 0.0320183810935
0 0.193399988628 0.713119996369 0.0262678934009 0.0175119277789
0 0.180799988074 0.684059997008 0.0319536145931 0.0213024083237
0 0.107599984855 0.601019998834 0.0222100277245 0.0148066841731
0 0.127399985726 0.634099998106 0.0678738779679 0.0452492489941
0 0.0865999839316 0.581679999259 0.0451473172636 0.0300982095239
0 0.0535999824806 0.572439999462 0.0647125497101 0.0431416969613
0 0.0681999831226 0.716379996297 0.0563075361446 0.0375383549539
0 0.0583999826917 0.750399995549 0.0522063374966 0.0348042227022
0 0.284599992638 0.753959995471 0.112082017377 0.0747213399899
0 0.316599994045 0.788799994705 0.0210062021552 0.0140041338465
0 0.0261999812758 0.693879996792 0.058952232489 0.0393014857338
0 0.03379998161 0.469160001733 0.0227253734995 0.0151502480005
0 0.103199984662 0.480680001479 0.0355569787355 0.0237046509269
0 0.157999987071 0.579059999316 0.054537710733 0.0363584714239
0 0.122199985497 0.56799999956 0.023204905266 0.0154699358237
0 0.124799985611 0.523280000543 0.0361860982946 0.0241240639386
0 0.105599984767 0.541520000142 0.0850433313228 0.0566955504758
0 0.0525999824366 0.508360000871 0.0814470904086 0.0542980566911
0 0.0951999843098 0.439480002385 0.078773307549 0.0525155349023
0 0.072599983316 0.439520002384 0.0228134245151 0.0152089486736
0 0.127999985752 0.392440003419 0.0397257491179 0.0264838309985
0 0.138999986236 0.377080003757 0.0234177117091 0.0156118067764
0 0.150799986755 0.386800003543 0.0222426758539 0.0148284495912
0 0.166199987432 0.422360002761 0.0813666572899 0.0542444346156
0 0.208999989314 0.434280002499 0.0226774895765 0.0151183253872
0 0.228799990184 0.451960002111 0.0548110646159 0.0365407073339
0 0.201999989006 0.457700001984 0.0302278146892 0.0201518751303
0 0.286999992743 0.412100002987 0.0204342662894 0.0136228432944
0 0.284599992638 0.427680002644 0.0396347300907 0.026423151651
0 0.310599993781 0.445880002244 0.0622261473262 0.0414840954813
0 0.294999993095 0.473540001636 0.0562480769757 0.0374987155106
0 0.309199993719 0.496740001126 0.0203363219013 0.01355754704
0 0.381599996903 0.420580002801 0.0225401695658 0.0150267787194
0 0.393199997413 0.414740002929 0.0236500080961 0.0157666710241
0 0.227999990149 0.481980001451 0.049118022328 0.0327453460589
0 0.265599991802 0.48382000141 0.0304118314183 0.0202745529416
0 0.356999995821 0.529680000402 0.0647260046967 0.0431506669518
0 0.274599992198 0.543920000089 0.0264523058648 0.0176348694134
0 0.248599991055 0.523080000547 0.0234823154317 0.0156548759219
0 0.254599991319 0.533200000325 0.0245623749107 0.0163749155271
0 0.217399989683 0.535540000273 0.0570411297176 0.0380274173036
0 0.18299998817 0.503240000983 0.0516764484639 0.0344509633704
0 0.161599987229 0.476880001563 0.0488820653932 0.0325880414461
0 0.132399985945 0.454100002064 0.0261609460439 0.0174406295456
0 0.204799989129 0.4888200013 0.049087056072 0.0327247018896
0 0.286199992708 0.50068000104 0.02353405777 0.0156893708119
0 0.20959998934 0.569859999519 0.0218064770591 0.0145376504139
0 0.366999996261 0.572399999463 0.0753458475702 0.0502305617338
0 0.301799993394 0.539120000194 0.0974790037902 0.0649859982406
0 0.318399994124 0.590339999068 0.0515314116227 0.0343542721492
0 0.236999990545 0.50110000103 0.0206803144641 0.0137868754001
0 0.223999989973 0.50750000089 0.0226589889699 0.0151059916503
0 0.119199985365 0.611599998601 0.0281054884144 0.0187369910404
0 0.0769999835095 0.595059998965 0.0218937366048 0.0145958234405
0 0.361799996032 0.637359998035 0.0442535499894 0.0295023647137
0 0.682000010112 0.524240000522 0.0235276270779 0.0156850836841
0 0.555800004563 0.537020000241 0.0335739511459 0.022382632621
0 0.620800007421 0.493360001201 0.0467317408741 0.0311544918613
0 0.646400008546 0.484540001394 0.0215621107576 0.014374739557
0 0.57780000553 0.482800001433 0.042271511737 0.028181005966
0 0.549000004264 0.441780002335 0.0270106878103 0.0180071240192
0 0.442399999576 0.491300001246 0.0346572754378 0.0231048487679
0 0.492600001784 0.450680002139 0.0221829198838 0.0147886122805
0 0.499200002074 0.481140001469 0.111808960296 0.0745393019474
0 0.449399999884 0.443500002297 0.0263356630027 0.0175571075105
0 0.516000002813 0.42106000279 0.0273634854747 0.0182423224466
0 0.4816000013 0.430440002584 0.0435844612053 0.0290563055538
0 0.439599999453 0.422600002756 0.0565773284135 0.0377182164546
0 0.497200001986 0.386340003553 0.0206616159901 0.0137744097515
0 0.480600001256 0.391700003436 0.0255046197103 0.0170030786854
0 0.497800002012 0.406280003115 0.0350513284656 0.0233675507692
0 0.541000003912 0.403840003169 0.0276879880937 0.0184586575116
0 0.619800007377 0.467200001776 0.0281275506351 0.0187516991866
0 0.631000007869 0.43698000244 0.0558434380393 0.0372289562374
0 0.654000008881 0.457200001995 0.0550319836245 0.0366879866632
0 0.599600006489 0.413080002965 0.0344056869744 0.0229371231367
0 0.617200007262 0.409920003035 0.0402770078352 0.0268513367858
0 0.593200006207 0.437840002421 0.126953734962 0.0846358177261
0 0.688400010393 0.463900001848 0.0243989363965 0.0162659565248
0 0.507800002452 0.377100003757 0.0347378074901 0.0231585367993
0 0.54960000429 0.371640003877 0.0545552220023 0.0363701456027
0 0.470800000825 0.362640004074 0.039249976833 0.0261666494962
0 0.653600008863 0.405280003137 0.0461355662455 0.0307570421351
0 0.645000008485 0.381620003657 0.0283860644593 0.0189240417247
0 0.753400013251 0.557399999793 0.0257375096996 0.0171583386681
0 0.832600016734 0.563999999647 0.0227935388363 0.0151956915553
0 0.838000016971 0.53022000039 0.0296364878132 0.019757657239
0 0.81500001596 0.524840000508 0.0240061695071 0.0160041119492
0 0.726000012046 0.512240000785 0.0343638380086 0.022909223828
0 0.754600013304 0.465860001805 0.0222317931441 0.0148211944518
0 0.837200016936 0.488000001318 0.0549133620879 0.036608905644
0 0.722600011897 0.463540001856 0.0370611670948 0.0247074431003
0 0.683400010173 0.416140002898 0.0235792704825 0.0157195126182
0 0.724200011967 0.407360003091 0.0234981448278 0.0156654288519
0 0.714200011528 0.432860002531 0.0567999292954 0.0378666170327
0 0.794400015054 0.405020003143 0.0304240002665 0.0202826655065
0 0.774200014166 0.416720002885 0.0268756432753 0.0179170943351
0 0.82320001632 0.447020002219 0.0879226984635 0.058615128443
0 0.930600021043 0.414120002943 0.0450905293053 0.0300603508876
0 0.882200018915 0.413900002947 0.0219909884567 0.0146606580042
0 0.900600019724 0.435420002474 0.0206786325908 0.0137857541513
0 0.890800019293 0.443400002299 0.0247730048118 0.0165153354519
0 0.880800018853 0.473220001643 0.0238339258914 0.0158892828796
0 0.898800019645 0.485000001384 0.0215523163188 0.0143682099315
0 0.877200018695 0.497980001099 0.0406311905717 0.0270874585946
0 0.923400020726 0.476040001581 0.0206450940579 0.0137633951309
0 0.958400022265 0.476480001572 0.0214567463402 0.0143044966167
0 0.91620002041 0.514060000745 0.0579611144291 0.0386407404041
0 0.865600018185 0.575039999405 0.0527414700167 0.035160977692
0 0.963000022467 0.549719999961 0.0627209148863 0.0418139404997
0 0.947200021773 0.584959999187 0.0234121714205 0.0156081132509
0 0.921400020638 0.579719999302 0.0317664319849 0.0211776199265
0 0.939800021447 0.557239999796 0.159946153671 0.106630762081
0 0.983600023373 0.239000006793 0.0314861527411 0.0209907671096
0 0.782600014535 0.21548000731 0.0244461277835 0.0162974174474
0 0.72880001217 0.229680006998 0.0222154690794 0.0148103117428
0 0.800400015318 0.32738000485 0.0223059934381 0.0148706613112
0 0.778600014359 0.352660004294 0.0363264852508 0.0242176552366
0 0.981000023259 0.325600004889 0.0282738736148 0.0188492478333
0 0.703000011035 0.261440006299 0.0237420164606 0.0158280099298
0 0.687400010349 0.271820006071 0.0311711477598 0.0207807638026
0 0.732600012337 0.305320005335 0.034092858535 0.0227285708576
0 0.699800010894 0.299920005453 0.0392894513894 0.0261929658654
0 0.729200012187 0.339000004594 0.0354874283266 0.0236582839907
0 0.673200009725 0.346500004429 0.0291509210895 0.0194339461112
0 0.604200006691 0.376560003768 0.0689998426954 0.0459998920963
0 0.56620000502 0.332500004737 0.0460132841611 0.0306755207508
0 0.532600003542 0.344220004479 0.0247982329118 0.0165321541841
0 0.628200007746 0.285200005777 0.0398347740832 0.0265565143039
0 0.635600008071 0.266560006187 0.0238348162949 0.0158898764819
0 0.646600008555 0.235360006873 0.0230014975268 0.0153343306732
0 0.617400007271 0.251080006527 0.0363114473246 0.0242076299531
0 0.551400004369 0.229160007009 0.0382008836101 0.0254672540603
0 0.734200012407 0.195360007752 0.0254270556697 0.0169513693284
0 0.653600008863 0.181320008061 0.0369588696228 0.0246392447901
0 0.611800007025 0.162220008481 0.0279928029013 0.01866186737
0 0.667600009479 0.19454000777 0.0352219891417 0.0234813245457
0 0.66400000932 0.218320007247 0.0369693565977 0.0246462361062
0 0.617400007271 0.232120006944 0.0372931666806 0.0248621094806
0 0.605400006744 0.199200007668 0.109686831888 0.0731245497691
0 0.536600003718 0.19638000773 0.0577537493409 0.0385024970211
0 0.471200000843 0.213840007346 0.0205829636785 0.0137219748806
0 0.437799999374 0.199600007659 0.0291872297667 0.0194581518944
0 0.407799998055 0.211700007393 0.0381003669452 0.0254002429548
0 0.407599998046 0.235640006867 0.0228064991543 0.0152043317667
0 0.441999999559 0.260440006321 0.0346176030139 0.0230784004871
0 0.433199999172 0.227060007055 0.0255801061427 0.0170534029704
0 0.493600001828 0.233540006913 0.0690140891518 0.0460093897333
0 0.462200000447 0.201760007611 0.0283840857848 0.0189227226085
0 0.485800001485 0.209360007444 0.0632347766555 0.0421565149898
0 0.505000002329 0.308840005257 0.0258759179813 0.0172506108498
0 0.542000003956 0.318020005055 0.0222430715888 0.0148287134145
0 0.474000000966 0.343420004497 0.0464552211119 0.0309701453653
0 0.45500000013 0.308300005269 0.0262659147264 0.0175106086627
0 0.399799997703 0.333900004706 0.0371593093503 0.0247728712663
0 0.371399996454 0.34554000445 0.0369818222471 0.0246545465386
0 0.357999995865 0.336280004654 0.0235047733874 0.0156698478914
0 0.342799995197 0.348920004376 0.0250468533634 0.0166979011409
0 0.35719999583 0.361240004105 0.026942027805 0.0179613506853
0 0.331399994696 0.364120004042 0.032870928094 0.0219139506173
0 0.319599994177 0.379900003695 0.0316925284921 0.0211283509345
0 0.389999997272 0.225800007083 0.0207736089671 0.0138490717313
0 0.359999995953 0.238240006809 0.0714123415865 0.0476082245843
0 0.268799991943 0.214700007327 0.0401052588881 0.0267368374953
0 0.342599995188 0.291340005642 0.0239681789566 0.0159787849172
0 0.339599995056 0.319700005018 0.0296029492803 0.0197352982185
0 0.381799996912 0.375900003783 0.0365315748633 0.0243543816359
0 0.358599995892 0.378880003717 0.0289174374978 0.0192782903937
0 0.428199998952 0.372120003866 0.0929167739823 0.0619445119026
0 0.410999998196 0.275380005993 0.0832724176401 0.0555149414319
0 0.331999994722 0.270560006099 0.035580920697 0.0237206122335
0 0.260199991565 0.27462000601 0.0231943193574 0.0154628785517
0 0.251799991196 0.392120003426 0.0409743916648 0.0273162593082
0 0.264999991776 0.407700003084 0.0269522179787 0.017968144134
0 0.220199989806 0.392480003418 0.045452231005 0.0303014853381
0 0.228399990167 0.36282000407 0.0310876476957 0.0207250970968
0 0.195399988716 0.350220004347 0.0280873835426 0.0187249211267
0 0.198399988848 0.313940005145 0.0350397532197 0.0233598339391
0 0.165999987423 0.311940005189 0.0378110847324 0.0252073881591
0 0.172399987704 0.331760004753 0.0262391036868 0.0174927346375
0 0.128599985778 0.304980005342 0.0381453817902 0.0254302528495
0 0.117799985304 0.335380004674 0.0239152494136 0.0159434985575
0 0.0555999825685 0.339080004592 0.045607062285 0.0304047061847
0 0.158999987115 0.367220003974 0.0346159211406 0.0230772792383
0 0.186999988346 0.354420004255 0.0315947819715 0.0210631865918
0 0.203199989059 0.375700003787 0.0386155148528 0.0257436748706
0 0.129199985805 0.351340004323 0.0215757636117 0.0143838414591
0 0.17979998803 0.236960006838 0.0222199210971 0.0148132797543
0 0.114799985172 0.241900006729 0.0281688059985 0.0187792027604
0 0.145199986508 0.339920004574 0.0281282431712 0.0187521608773
0 0.159999987159 0.279800005896 0.054413449974 0.0362756309234
0 0.188399988408 0.256580006406 0.0220529209688 0.0147019463428
0 0.0303999814605 0.091340010039 0.0228859429357 0.0152572942842
0 0.0523999824278 0.0925800100118 0.0228583404263 0.0152388926125
0 0.0955999843274 0.112980009563 0.0577338636621 0.0384892399028
0 0.145999986543 0.138580009 0.028036828409 0.0186912177066
0 0.202799989041 0.164420008432 0.0297704440772 0.0198469614091
0 0.238799990624 0.173680008229 0.0344937379899 0.0229958238099
0 0.0359999817067 0.123540009331 0.0793694821776 0.0529129846285
0 0.122799985523 0.0617800106889 0.0308142938127 0.0205428611869
0 0.107599984855 0.0781600103288 0.0293584840451 0.0195723214058
0 0.244599990879 0.040580011155 0.0209993757282 0.0139995828954
0 0.198399988848 0.0510800109242 0.0474015221943 0.0316010127119
0 0.235599990483 0.0733400104348 0.0245479305868 0.0163652859785
0 0.14659998657 0.0846400101863 0.0216880533899 0.0144587013063
0 0.24939999109 0.0832600102167 0.0209412026977 0.0139608008777
0 0.261999991644 0.0947400099643 0.0218939344722 0.0145959553521
0 0.345399995311 0.0834400102127 0.0479856269084 0.031990415829
0 0.332799994757 0.155300008633 0.0757585990721 0.0505057293836
0 0.210999989402 0.124820009303 0.040979338351 0.0273195570988
0 0.252199991213 0.137820009017 0.0408536925199 0.0272357932169
0 0.259799991547 0.117820009457 0.0362658388772 0.0241772243235
0 0.350999995557 0.0605800107153 0.02048155661 0.0136543701728
0 0.401199997765 0.106860009698 0.0449568698425 0.0299712445849
0 0.425399998829 0.128000009233 0.0266292982994 0.017752864362
0 0.424399998785 0.166560008385 0.0333816239839 0.0222544145215
0 0.493600001828 0.154620008648 0.0230815349106 0.0153876889255
0 0.475800001045 0.172180008262 0.0285989698361 0.0190659786332
0 0.462800000473 0.145680008844 0.0701369869338 0.0467579882053
0 0.502600002223 0.114420009532 0.0253536468455 0.0169024301155
0 0.52800000334 0.115100009517 0.0270652992267 0.0180435316277
0 0.470800000825 0.118480009442 0.023202036188 0.0154680231051
0 0.471000000834 0.102520009793 0.0505235737632 0.0336823802872
0 0.441599999541 0.0771000103521 0.0318998935803 0.0212665943175
0 0.574600005389 0.0516000109127 0.0223280556588 0.0148853694574
0 0.578800005574 0.0627800106669 0.0232730706027 0.0155153793785
0 0.560800004782 0.06628001059 0.0227383338176 0.0151588882119
0 0.560800004782 0.122480009354 0.0258694872892 0.0172463237219
0 0.570200005196 0.108180009669 0.0307561207822 0.0205040791691
0 0.392399997378 0.0507600109312 0.0264276713672 0.0176184464161
0 0.404799997923 0.0465000110248 0.0223317162066 0.0148878098225
0 0.427799998934 0.0369800112341 0.0391996195668 0.0261330779876
0 0.261399991618 0.0340400112988 0.0326773147936 0.0217848750922
0 0.304399993508 0.0521200109013 0.0746044382329 0.0497362888749
0 0.378399996762 0.0349800112781 0.0521956526542 0.0347970994744
0 0.675800009839 0.102920009784 0.0236939346701 0.0157959554049
0 0.667200009461 0.136240009052 0.0302084236791 0.0201389477911
0 0.63920000823 0.104240009755 0.0411999605584 0.0274666385607
0 0.590400006084 0.0851600101749 0.0270661896302 0.01804412523
0 0.621000007429 0.0348400112812 0.02166282529 0.0144418825741
0 0.646200008538 0.046040011035 0.0225948799159 0.0150632522838
0 0.664400009338 0.0221400115604 0.0484244969138 0.0322829958133
0 0.513800002716 0.0392200111849 0.0618814622273 0.0412543054306
0 0.475600001036 0.0240400115186 0.0675836064179 0.0450557346402
0 0.563800004914 0.00756001188095 0.0198964625587 0.0132643074976
0 0.569200005152 0.0152600117117 0.0207352226817 0.013823480876
0 0.660000009144 0.0633400106546 0.0576698535418 0.0384465664921
0 0.631800007904 0.0291800114056 0.0296504374684 0.0197669570086
0 0.721200011835 0.0557000108226 0.026687768131 0.0177918442472
0 0.772200014078 0.0501200109453 0.0460675987763 0.0307117304919
0 0.769400013955 0.0642600106344 0.0391900229955 0.0261266802738
0 0.796000015124 0.0201000116053 0.0349512075356 0.0233008034869
0 0.902600019812 0.104640009747 0.0541947075074 0.036129802622
0 0.845200017288 0.0752200103934 0.0361893631075 0.0241262404804
0 0.917000020445 0.0620000106841 0.0455794597757 0.030386304513
0 0.88460001902 0.0460000110358 0.0287955511482 0.0191970328327
0 0.875400018616 0.0410600111444 0.047714944236 0.031809960726
0 0.893000019389 0.0662400105908 0.0449448988617 0.0299632639315
0 0.710800011378 0.0237800115243 0.0259667391411 0.0173111582856
0 0.477800001133 0.585499999175 0.126696507277 0.0844643326136
0 0.877800018721 0.256260006413 0.0392427546711 0.0261618347219
