0 0.392000015476 0.0820599716848 0.220370872123 0.146913924439
0 0.284800017833 0.234459978386 0.168167512968 0.112111682706
0 0.191600019882 0.352159983561 0.240151677243 0.160101128722
0 0.403400015225 0.314399981901 0.135016806858 0.0900112105087
0 0.626200010327 0.405639985913 0.204360430528 0.136240296004
0 0.695400008806 0.494519989821 0.212161353223 0.141440911478
0 0.123800021373 0.019999968956 0.0347946874974 0.0231964598616
0 0.106200021759 0.0434999699893 0.0425568281801 0.028371220658
0 0.0992000219134 0.0928599721597 0.0335906642989 0.0223937776763
0 0.178200020177 0.0752199713841 0.0533133953335 0.0355422658999
0 0.143800020933 0.063619970874 0.0365627317522 0.0243751561092
0 0.124600021355 0.0614199707773 0.0374643146123 0.0249762113889
0 0.114600021575 0.0836399717543 0.0306972491417 0.0204648341109
0 0.0700000225553 0.0945799722353 0.0684365994559 0.0456244026465
0 0.034400023338 0.111199972966 0.0921922640702 0.0614615134338
0 0.257400018435 0.101919972558 0.029614320799 0.0197428818348
0 0.149800020801 0.0668999710182 0.137484213478 0.0916561483642
0 0.0578000228236 0.026799969255 0.0261410551926 0.0174273712778
0 0.465800013854 0.0169599688224 0.0339600827561 0.022640056664
0 0.545400012104 0.0522399703736 0.0734640146454 0.0489760129938
0 0.548600012033 0.0668999710182 0.0298293037415 0.019886203806
0 0.542800012161 0.103859972643 0.0271539384717 0.0181026268418
0 0.391600015485 0.0649399709321 0.0551309064412 0.0367539400516
0 0.348200016439 0.0794999715723 0.0501638408122 0.0334425627472
0 0.320000017059 0.0985999724121 0.0501135824897 0.0334090571967
0 0.417400014918 0.115739973166 0.0301328323506 0.0200885562254
0 0.685000009034 0.0233399691029 0.0509157369756 0.0339438268892
0 0.793800006642 0.0368799696982 0.0220757702912 0.0147171811648
0 0.603200010833 0.0786199715336 0.184486627725 0.122991093262
0 0.685400009026 0.0402999698486 0.0803596939334 0.0535731328224
0 0.795200006612 0.0490599702338 0.093970696364 0.0626471350413
0 0.725800008137 0.056159970546 0.0420386134296 0.0280257441349
0 0.923000003802 0.242999978761 0.0363319194168 0.0242212812087
0 0.887200004589 0.290079980832 0.0235781775462 0.0157187860675
0 0.815000006176 0.350119983472 0.0790272547849 0.0526848399981
0 0.964600002887 0.373159984485 0.0217303927246 0.0144869294386
0 0.764000007298 0.149979974671 0.0741703023704 0.0494468715083
0 0.776200007029 0.188599976369 0.0268153873307 0.0178769260662
0 0.729800008049 0.203419977021 0.103390669153 0.068927117315
0 0.717000008331 0.196039976697 0.100179281066 0.0667861917822
0 0.796600006581 0.128319973719 0.02066289804 0.0137752662685
0 0.913200004017 0.115479973154 0.0591981700166 0.0394654492807
0 0.722400008212 0.126899973656 0.0226040762797 0.0150693851804
0 0.607600010736 0.101679972548 0.0627957952911 0.0418638662886
0 0.54740001206 0.272519980059 0.0729629154259 0.0486419468255
0 0.51920001268 0.289679980814 0.0205786065227 0.01371907192
0 0.508400012917 0.274059980127 0.0301220485767 0.0200813670423
0 0.450000014201 0.315559981952 0.0542533644715 0.0361689120332
0 0.312200017231 0.365039984128 0.0368216412601 0.0245477624591
0 0.272000018114 0.36077998394 0.0235782764799 0.0157188520233
0 0.327400016896 0.301499981334 0.0772814706139 0.0515209838074
0 0.354000016312 0.267359979833 0.0633366658602 0.0422244466918
0 0.566000011651 0.323779982313 0.0623515829525 0.04156772471
0 0.359400016193 0.175759975805 0.0520975000904 0.0347316690177
0 0.350000016399 0.155719974924 0.0529545627829 0.0353030441837
0 0.338000016663 0.19793997678 0.065565939051 0.043710628917
0 0.468000013805 0.127979973704 0.0389198272908 0.0259465532385
0 0.276600018013 0.148159974591 0.102305366402 0.0682035820995
0 0.110800021658 0.206859977172 0.0359993042982 0.0239995377817
0 0.198400019732 0.231339978249 0.0830760177574 0.0553840154912
0 0.0650000226653 0.22271997787 0.0205652504724 0.0137101678859
0 0.106600021751 0.226759978047 0.0773862414083 0.0515908310082
0 0.0896000221244 0.215799977565 0.0203000092074 0.0135333403642
0 0.1362000211 0.282479980497 0.0586676874866 0.0391117942374
0 0.109200021694 0.269239979915 0.0547754376365 0.0365169608329
0 0.149600020805 0.261339979568 0.0808693014515 0.0539128711902
0 0.0716000225202 0.300019981269 0.0536215738268 0.0357477182423
0 0.0402000232105 0.323139982285 0.046245076729 0.0308300531861
0 0.100400021887 0.387939985135 0.0279381859568 0.018625458533
0 0.101600021861 0.188299976356 0.0245016247553 0.0163344175809
0 0.088800022142 0.180179975999 0.01978881875 0.0131925467035
0 0.0986000219266 0.486919989487 0.0209151789895 0.0139434535793
0 0.0508000229775 0.384079984965 0.124791019036 0.0831940181776
0 0.0320000233908 0.280879980427 0.0268098470432 0.017873232541
0 0.175600020234 0.487019989491 0.0257702516636 0.0171801689089
0 0.156600020651 0.470879988781 0.04852134343 0.0323475644202
0 0.111800021636 0.463499988457 0.0522806263796 0.0348537532186
0 0.189600019926 0.427099986856 0.0255915773911 0.0170610527193
0 0.278400017974 0.461999988391 0.0231678994686 0.0154452673311
0 0.271000018136 0.494259989809 0.0249343607841 0.0166229082857
0 0.170800020339 0.603979994634 0.0198057364137 0.0132038251467
0 0.236600018893 0.577879993486 0.0527711396925 0.0351807621154
0 0.256600018453 0.599179994423 0.0244019985136 0.016268000082
0 0.210200019473 0.540699991851 0.203248415676 0.135498952721
0 0.281200017912 0.561859992782 0.0201044172712 0.0134029457315
0 0.333800016756 0.582119993673 0.0333632157095 0.0222421452733
0 0.268800018185 0.57637999342 0.0282596215667 0.0188397489537
0 0.339600016628 0.562299992801 0.0225917095665 0.0150611407044
0 0.371200015933 0.515999990765 0.133031207384 0.088687477439
0 0.444400014324 0.560799992735 0.0327247965066 0.0218165324433
0 0.558400011818 0.490459989642 0.0249063625453 0.016604242792
0 0.545200012108 0.499139990024 0.0244581928585 0.0163054629811
0 0.537800012271 0.511239990556 0.0284253355238 0.0189502249324
0 0.575800011435 0.469499988721 0.0393878826525 0.0262585901669
0 0.549600012011 0.476619989034 0.0324444183846 0.021629613683
0 0.284600017837 0.484959989401 0.0300293476945 0.02001956645
0 0.33860001665 0.426139986814 0.0198510480509 0.0132340329068
0 0.451600014166 0.444739987632 0.0222324812811 0.014821655165
0 0.425800014733 0.44605998769 0.0244753083896 0.0163168733359
0 0.341600016584 0.383339984932 0.0290176516199 0.0193451023558
0 0.417200014922 0.400079985668 0.0250240936551 0.0166827302037
0 0.424800014755 0.369219984311 0.0198467939016 0.0132311968071
0 0.488600013352 0.355279983698 0.0250447707996 0.0166965149676
0 0.469200013779 0.394739985434 0.0957694100675 0.0638462775894
0 0.453800014117 0.384779984996 0.0246024382014 0.0164016265494
0 0.51780001271 0.392479985334 0.0306225541939 0.0204150374758
0 0.399400015313 0.454199988048 0.0270138483444 0.0180092334174
0 0.636600010098 0.482019989271 0.0233659647474 0.015577310859
0 0.673400009289 0.480439989202 0.0212248414884 0.0141498952589
0 0.708600008516 0.497959989972 0.0243415500194 0.0162277010833
0 0.603600010824 0.322899982275 0.040237228516 0.0268248207799
0 0.712200008436 0.414459986301 0.0204222912677 0.0136148617431
0 0.778600006977 0.469839988736 0.0241011411146 0.0160674284694
0 0.669200009382 0.400399985682 0.034852662649 0.0232351099652
0 0.663000009518 0.453099988 0.031461610952 0.0209744086847
0 0.622800010402 0.545419992059 0.0224349985767 0.0149566667043
0 0.673800009281 0.527959991291 0.0250677234193 0.0167118167151
0 0.568000011607 0.556279992537 0.0295868172288 0.0197245461202
0 0.553600011923 0.542579991934 0.0306819144173 0.0204546109607
0 0.812800006225 0.414739986313 0.117845872895 0.0785639204449
0 0.95400000312 0.437779987326 0.0277044056103 0.0184696049583
0 0.8776000048 0.418779986491 0.0261902252443 0.0174601513145
0 0.976600002623 0.466319988581 0.0551896730624 0.0367931178016
0 0.835200005732 0.46469998851 0.0323934675261 0.0215956464418
0 0.958800003015 0.391339985284 0.0252738023283 0.0168492026635
0 0.947000003274 0.615619995146 0.0279090994474 0.0186060675254
0 0.923800003784 0.674119997718 0.046134468846 0.0307563145926
0 0.912200004039 0.697239998735 0.0439947306589 0.0293298223738
0 0.881800004708 0.688139998335 0.0422146164921 0.0281430795176
0 0.888800004554 0.715919999556 0.0297868611818 0.0198579087643
0 0.894000004439 0.665659997346 0.0266163327148 0.0177442229802
0 0.88080000473 0.562619992815 0.0760609254866 0.0507072870021
0 0.967600002821 0.577439993467 0.0940995080489 0.0627330095035
0 0.908600004118 0.605039994681 0.0560894751158 0.0373929858768
0 0.911000004066 0.521339991 0.0198771665492 0.0132514452402
0 0.938600003459 0.541499991887 0.0218541587904 0.0145694401546
0 0.838600005657 0.624519995537 0.0201174765204 0.0134116518982
0 0.74480000772 0.611139994949 0.0199353395682 0.0132902272554
0 0.756200007469 0.641799996297 0.0231900606187 0.0154600414321
0 0.735600007922 0.691919998501 0.0413794181485 0.0275862805851
0 0.690800008907 0.693579998574 0.0391790335997 0.0261193574559
0 0.822400006014 0.698799998803 0.0353348655306 0.0235565785741
0 0.827600005899 0.672359997641 0.05089209182 0.0339280634511
0 0.805800006379 0.55339999241 0.103057262565 0.0687048462415
0 0.74160000779 0.59683999432 0.113122777784 0.0754151901635
0 0.681600009109 0.599839994452 0.0293022838912 0.0195348572159
0 0.532400012389 0.671399997598 0.045795620904 0.0305304159496
0 0.506800012952 0.613619995058 0.022154521521 0.0147696819881
0 0.622800010402 0.644959996436 0.0394571362465 0.0263047592326
0 0.57420001147 0.599379994432 0.229572696091 0.153048474155
0 0.542600012165 0.555039992482 0.0310936765005 0.0207291190342
0 0.275600018035 0.645899996477 0.0295605008631 0.0197070018752
0 0.304400017402 0.639559996198 0.0282801997775 0.0188534677618
0 0.231200019011 0.683859998146 0.0933070490661 0.0622047034802
0 0.1726000203 0.64073999625 0.0214745501616 0.0143163677187
0 0.345400016501 0.670039997539 0.020065833126 0.0133772229663
0 0.0388000232413 0.703699999019 0.0275734173839 0.0183822794683
0 0.0786000223663 0.621219995392 0.0276129908662 0.0184086617916
0 0.0200000236546 0.824280004321 0.0510247619193 0.0340165101898
0 0.0144000237777 0.807420003579 0.0232101441609 0.0154734304612
0 0.102600021839 0.742300000716 0.0418205635422 0.0278803775337
0 0.0110000238525 0.899260007618 0.0224184766478 0.0149456520843
0 0.126600021311 0.851040005497 0.0272752311949 0.0181834886626
0 0.0986000219266 0.900320007664 0.0201529937207 0.0134353300333
0 0.178800020163 0.915100008314 0.0215276775616 0.0143517859876
0 0.035400023316 0.798520003188 0.023660589323 0.0157737272557
0 0.246000018686 0.900160007657 0.063042931688 0.0420286238974
0 0.312800017217 0.818280004057 0.0352164418849 0.0234776294717
0 0.320200017055 0.743320000761 0.024683267039 0.0164555124446
0 0.342800016558 0.906280007926 0.036032644957 0.024021764889
0 0.246800018668 0.93320000911 0.0202386703099 0.0134924477632
0 0.257600018431 0.960880010327 0.0303150682366 0.020210046824
0 0.197400019754 0.892660007327 0.0313791991752 0.0209194674965
0 0.19760001975 0.874580006532 0.0265186851473 0.0176791245976
0 0.523800012578 0.853500005605 0.0250723733035 0.0167149166381
0 0.499800013106 0.879420006745 0.0217389010233 0.0144926016381
0 0.521800012622 0.844700005219 0.0208664046726 0.0139109373659
0 0.541400012191 0.806240003527 0.0322678217199 0.0215118825654
0 0.540200012218 0.820080004136 0.0443811657134 0.0295874457604
0 0.525600012539 0.780880002412 0.0630601461528 0.042040100208
0 0.506800012952 0.765340001729 0.023078661266 0.0153857751921
0 0.544000012134 0.727700000074 0.0256215543039 0.0170810373292
0 0.408600015111 0.753320001201 0.0680685660707 0.0453790470401
0 0.481800013502 0.900360007666 0.0205373511674 0.013691568348
0 0.459800013985 0.890980007253 0.0572970599277 0.0381980424712
0 0.492600013264 0.810260003704 0.0896791500777 0.059786103995
0 0.539600012231 0.887640007107 0.0295305239503 0.0196870172653
0 0.57560001144 0.793640002973 0.0332707126947 0.0221804765927
0 0.575400011444 0.928120008887 0.0243127603111 0.0162085079431
0 0.713600008406 0.758860001444 0.0271136724535 0.0180757828278
0 0.672600009307 0.736900000479 0.0257385928778 0.0171590630503
0 0.729200008063 0.737820000519 0.0221289966249 0.0147526653896
0 0.737600007878 0.757380001379 0.0305621056997 0.020374738477
0 0.80300000644 0.747940000964 0.0346920932446 0.0231280636885
0 0.812800006225 0.732680000293 0.0219226209148 0.0146150815738
0 0.714800008379 0.784180002557 0.0357035914518 0.0238023958711
0 0.694000008837 0.78788000272 0.0204117053612 0.0136078044716
0 0.630400010235 0.763060001629 0.0199578964531 0.0133052651796
0 0.722400008212 0.820560004157 0.082368839629 0.0549125633745
0 0.745200007711 0.845980005275 0.0290781990478 0.0193854673104
0 0.521400012631 0.872840006456 0.0273985025922 0.0182656695995
0 0.561600011747 0.882840006896 0.0212611501584 0.0141741010405
0 0.675000009254 0.9193200085 0.0936578679866 0.0624385827759
0 0.654400009707 0.965780010542 0.0263684048483 0.017578937725
0 0.468200013801 0.9807400112 0.0211592484415 0.0141061665581
0 0.772000007122 0.814400003886 0.0520688093157 0.0347125418333
0 0.834200005754 0.774820002146 0.0825832289693 0.0550554896107
0 0.871400004936 0.749600001037 0.0528369306068 0.0352246227278
0 0.867200005029 0.795040003035 0.0269012617873 0.0179341757077
0 0.815400006168 0.832340004675 0.0286671295005 0.0191114209275
0 0.902200004259 0.81858000407 0.0589616195263 0.0393077489434
0 0.94400000334 0.753820001222 0.0315832994101 0.0210555343288
0 0.989400002342 0.966300010565 0.0218575225364 0.014571682652
0 0.846600005482 0.971660010801 0.0204968872818 0.0136645924225
0 0.63700001009 0.94958000983 0.0383786599205 0.0255857749679
0 0.683800009061 0.970680010758 0.0484663362896 0.0323108929909
0 0.434400014544 0.842780005134 0.0461164629116 0.0307443106355
0 0.0108000238569 0.954540010048 0.0207394727282 0.0138263160641
0 0.158000020621 0.194359976623 0.0902872955667 0.0601915343478
0 0.34680001647 0.405259985896 0.0461743391294 0.0307828947833
0 0.379600015749 0.408179986025 0.0259461557924 0.0172974383358
0 0.379600015749 0.459259988271 0.0223783095633 0.0149188740262
0 0.317200017121 0.62777999568 0.0252099900882 0.0168066611673
0 0.302000017455 0.696259998692 0.0241177619771 0.0160785090452
0 0.296200017582 0.970540010752 0.0231897638175 0.0154598435647
0 0.440000014421 0.534339991572 0.105533573219 0.0703557201197
