0 0.241800018778 0.841840005093 0.109761999801 0.0731746713603
0 0.233800018954 0.946680009703 0.0938442590881 0.0625628435185
0 0.120400021447 0.557419992587 0.340954240655 0.227302842095
0 0.290200017714 0.504979990281 0.0883243519117 0.0588829051581
0 0.469200013779 0.503079990197 0.136544343274 0.0910295681867
0 0.584000011255 0.32937998256 0.349929506437 0.233286353011
0 0.0750000224454 0.976280011004 0.0432734050106 0.0288489385765
0 0.0238000235711 0.94140000947 0.0306120672211 0.0204080461601
0 0.0692000225729 0.950960009891 0.0381600164309 0.0254400126319
0 0.110200021672 0.955600010095 0.0299396148234 0.019959744532
0 0.129400021249 0.94640000969 0.0228650633954 0.0152433766023
0 0.205400019579 0.970240010739 0.022711914019 0.0151412770113
0 0.185200020023 0.973800010895 0.0442671940845 0.0295114646694
0 0.393400015445 0.937700009308 0.024469768102 0.0163131798106
0 0.362200016131 0.960740010321 0.115453655891 0.0769691090036
0 0.357800016228 0.883500006925 0.0321259507859 0.0214173019365
0 0.634000010156 0.966580010578 0.0477379863482 0.0318253263312
0 0.725600008142 0.980860011206 0.0248784632403 0.0165856432541
0 0.701200008678 0.938840009358 0.0248315686638 0.0165543802011
0 0.670800009347 0.960620010316 0.0823116559471 0.0548744409173
0 0.915400003969 0.988320011534 0.0296166952079 0.0197444647742
0 0.976000002637 0.986740011464 0.0217224780281 0.0144816529739
0 0.921600003833 0.965660010537 0.037733711093 0.0251558090545
0 0.941200003402 0.949520009828 0.0298047681825 0.0198698467655
0 0.923400003793 0.878600006709 0.0277136064449 0.0184757388485
0 0.964600002887 0.778160002293 0.0215518173858 0.0143678792048
0 0.879200004765 0.81608000396 0.0342768684818 0.0228512471617
0 0.776600007021 0.917880008436 0.0369880477531 0.0246587001284
0 0.749400007619 0.907260007969 0.025156269086 0.0167708471634
0 0.769000007188 0.915300008323 0.0968114787898 0.0645409901167
0 0.744200007733 0.758620001434 0.100855987613 0.06723732951
0 0.723000008199 0.723659999896 0.0309638754786 0.0206425850139
0 0.649800009808 0.708139999214 0.0210772323995 0.0140514891931
0 0.641800009984 0.712879999422 0.0287230270443 0.0191486859591
0 0.84620000549 0.719339999706 0.0342651943045 0.0228434643763
0 0.655600009681 0.736360000455 0.0249583027408 0.0166388695913
0 0.654600009703 0.759100001455 0.0201780239483 0.0134520168528
0 0.657600009637 0.792160002908 0.0215255010201 0.0143503349599
0 0.647200009865 0.883720006934 0.0218498057074 0.014566538099
0 0.581200011316 0.844680005218 0.0339281271691 0.0226187529379
0 0.527600012495 0.816620003984 0.0965836344655 0.0643890938905
0 0.558800011809 0.857880005798 0.115227097705 0.076818070203
0 0.551200011976 0.898600007589 0.0401063392234 0.0267375612457
0 0.483200013471 0.94162000948 0.0263663272405 0.017577552653
0 0.470000013761 0.784500002572 0.0215001739914 0.014333450273
0 0.394200015428 0.828180004492 0.0783290796237 0.05221938986
0 0.347600016452 0.795260003045 0.0259780124456 0.017318676106
0 0.283800017855 0.781820002454 0.034928643735 0.0232857640258
0 0.303400017424 0.858640005831 0.102524009891 0.0683493444355
0 0.226400019117 0.922040008619 0.0452234872839 0.0301489935111
0 0.156600020651 0.922000008617 0.0289500798989 0.0193000545389
0 0.185000020027 0.875480006572 0.0423993257206 0.0282662190114
0 0.140400021008 0.908100008006 0.0611266847421 0.0407511258492
0 0.171400020326 0.894560007411 0.0978661120927 0.0652440790317
0 0.0918000220761 0.892740007331 0.0232496187095 0.0154997468286
0 0.0652000226609 0.866680006185 0.0256681520793 0.0171121025148
0 0.164000020489 0.847640005348 0.0198183009943 0.0132122015343
0 0.0942000220233 0.831220004626 0.0253704605588 0.0169136414881
0 0.136600021091 0.847780005354 0.0398827490485 0.0265885011193
0 0.143800020933 0.775840002191 0.0333811227102 0.0222540832746
0 0.185200020023 0.765040001716 0.044550738085 0.0297004940156
0 0.0270000235007 0.761060001541 0.0198596552833 0.0132397710621
0 0.0142000237821 0.756960001361 0.0225093967234 0.015006265472
0 0.0780000223795 0.779360002345 0.0383116818018 0.0255411228858
0 0.0322000233864 0.549879992255 0.0199981624713 0.0133321091935
0 0.0690000225773 0.659959997095 0.0611277730128 0.040751851363
0 0.0270000235007 0.675719997788 0.0469801541625 0.0313201048407
0 0.139800021021 0.695499998658 0.0241378455194 0.0160918980743
0 0.0416000231797 0.507939990411 0.0235073410129 0.0156715617089
0 0.128400021271 0.495419989861 0.0258924347902 0.0172616243319
0 0.302800017437 0.713679999458 0.0354452755462 0.023630185256
0 0.299200017516 0.747320000937 0.0283486619018 0.0188991091811
0 0.330800016822 0.586779993878 0.0218922482671 0.0145948331407
0 0.318200017099 0.562599992814 0.0574155825071 0.0382770575294
0 0.258200018418 0.618839995287 0.0237777268306 0.0158518189326
0 0.33360001676 0.686799998276 0.0498330065003 0.0332220065247
0 0.370600015947 0.684659998181 0.0240205101444 0.0160136744858
0 0.313400017204 0.663619997256 0.0310300621277 0.0206867094496
0 0.341600016584 0.511519990568 0.040969436872 0.0273129597161
0 0.373800015876 0.528099991297 0.0230581819889 0.0153721223398
0 0.354000016312 0.562019992789 0.0215088801575 0.0143392543841
0 0.377600015793 0.5781999935 0.0249219940708 0.0166146638097
0 0.358200016219 0.477379989067 0.0627194184703 0.0418129484047
0 0.223000019192 0.516399990783 0.0351076148086 0.0234050780828
0 0.331000016817 0.61183999498 0.0265960513052 0.0177307020396
0 0.474800013656 0.695259998648 0.0203350317393 0.0135566887203
0 0.418600014891 0.671819997617 0.0520605978181 0.0347070675012
0 0.469200013779 0.6100399949 0.0306977438102 0.02046516389
0 0.510200012877 0.60229999456 0.032264754775 0.0215098379354
0 0.551200011976 0.678639997917 0.0208784745847 0.0139189839745
0 0.599400010916 0.681979998064 0.0210648656863 0.0140432447171
0 0.595000011013 0.636559996067 0.0400941703776 0.0267294486813
0 0.591000011101 0.620179995346 0.0201292496314 0.0134195006393
0 0.559400011796 0.628719995722 0.0299400105582 0.0199600083553
0 0.524400012565 0.620999995382 0.0391299624817 0.026086643375
0 0.570200011558 0.54885999221 0.0367976993033 0.0245318011535
0 0.523200012592 0.57659999343 0.0349973037267 0.0233315373567
0 0.433000014575 0.572559993252 0.0882217576589 0.0588145089851
0 0.543400012148 0.522759991063 0.0350893120731 0.0233928762583
0 0.543200012152 0.48631998946 0.0208190154276 0.0138793445338
0 0.666200009448 0.693879998587 0.0247108695428 0.0164739141151
0 0.73840000786 0.687999998328 0.0322118252424 0.021474551578
0 0.714800008379 0.689099998377 0.0558663796094 0.0372442555294
0 0.964200002896 0.70713999917 0.0221522460458 0.0147681650045
0 0.890200004523 0.719079999695 0.0757883631273 0.0505255787507
0 0.787800006774 0.684899998192 0.0263869054513 0.0175912714611
0 0.779600006955 0.638899996169 0.0370768902208 0.0247179284441
0 0.769200007183 0.549319992231 0.0279710319471 0.0186473558613
0 0.729600008054 0.565379992937 0.0722476247336 0.0481650863325
0 0.692600008867 0.548479992194 0.0260634911673 0.0173756619242
0 0.735200007931 0.634019995955 0.0216607433958 0.0144404965496
0 0.906400004167 0.600159994466 0.025251740112 0.0168344945183
0 0.924400003771 0.590999994063 0.0220748798879 0.0147165875626
0 0.812800006225 0.581679993653 0.0341585437697 0.0227723640151
0 0.848600005438 0.597859994365 0.0475439773513 0.0316959869914
0 0.916400003947 0.646299996495 0.165214341852 0.110142901833
0 0.810600006273 0.620839995375 0.032765656127 0.0218437721921
0 0.787400006783 0.662919997226 0.0267895656335 0.0178597116003
0 0.654200009712 0.502119990155 0.038485409389 0.0256569412849
0 0.753600007526 0.508959990456 0.0306271051444 0.0204180714429
0 0.822000006022 0.49313998976 0.0349393285752 0.0232928872531
0 0.869600004976 0.538579991758 0.0669209350845 0.0446139596655
0 0.819800006071 0.551519992327 0.0336228177533 0.0224152133139
0 0.919800003872 0.533819991549 0.0319456935741 0.0212971304541
0 0.981800002509 0.562739992821 0.0485097681865 0.0323398475906
0 0.699600008713 0.662499997207 0.0202773533888 0.0135182364842
0 0.976200002632 0.471499988809 0.0201917757334 0.0134611847101
0 0.984200002456 0.430439987003 0.0261021742463 0.0174014506452
0 0.971000002747 0.372799984469 0.0299916539526 0.0199944372871
0 0.859600005196 0.449799987855 0.0322306226465 0.0214870831816
0 0.88260000469 0.462359988407 0.0247197735764 0.0164798501379
0 0.962800002927 0.358359983834 0.0228636783235 0.015242453221
0 0.915000003978 0.423339986691 0.112916006339 0.0752773425244
0 0.845600005504 0.303359981416 0.146823555297 0.0978823766542
0 0.76300000732 0.286819980688 0.0283395600009 0.0188930412467
0 0.826000005934 0.244379978822 0.0463836828507 0.0309224572733
0 0.864000005099 0.369159984309 0.140210826408 0.093473890437
0 0.779600006955 0.442319987526 0.0925599017206 0.061706605217
0 0.728000008089 0.476459989027 0.0674827795992 0.0449885227
0 0.606400010762 0.436679987278 0.0303180362477 0.0202120254983
0 0.945000003318 0.487839989527 0.0617452182702 0.0411634815618
0 0.50780001293 0.391379985286 0.0368255986083 0.0245504006914
0 0.482200013493 0.413779986271 0.0250249840585 0.016683323806
0 0.516200012746 0.445959987686 0.0237853447259 0.0158568975298
0 0.559400011796 0.478099989099 0.0699032916431 0.0466021975024
0 0.659600009593 0.333679982749 0.0385721742489 0.0257147845286
0 0.444400014324 0.300359981284 0.0223015370077 0.0148676923191
0 0.345600016496 0.302959981398 0.0519955983735 0.0346637345353
0 0.309000017301 0.275199980177 0.0516154950761 0.0344103323203
0 0.281600017903 0.288059980743 0.0353002387336 0.0235334940413
0 0.320000017059 0.324499982345 0.0351052403997 0.0234034951434
0 0.280600017925 0.312439981815 0.0221300848957 0.0147533909035
0 0.333000016773 0.358839983855 0.0214188504853 0.0142792345987
0 0.310200017274 0.368179984266 0.0230031748486 0.0153354509105
0 0.400800015283 0.357299983787 0.0224832782251 0.0149888531386
0 0.355600016276 0.331639982659 0.0327872236749 0.0218581505582
0 0.416200014944 0.387819985129 0.020504208376 0.0136694731523
0 0.431200014614 0.407699986003 0.0224869387722 0.0149912935035
0 0.41140001505 0.404719985872 0.0216316568863 0.014421105542
0 0.299200017516 0.39375998539 0.0478744159284 0.0319162793907
0 0.361200016153 0.450259987875 0.0322303258454 0.0214868853141
0 0.407000015146 0.432459987092 0.0581716338862 0.0387810918153
0 0.336400016698 0.418779986491 0.0214419020387 0.014294602302
0 0.331600016804 0.428979986939 0.0256844761408 0.0171229852232
0 0.294400017622 0.462299988404 0.0206858506597 0.013790568016
0 0.23400001895 0.461319988361 0.0232699001192 0.0155132677693
0 0.166000020445 0.475899989002 0.038294467337 0.0255296465751
0 0.129400021249 0.459119988264 0.028376165472 0.0189174448957
0 0.16620002044 0.455659988112 0.0237330087956 0.0158220069073
0 0.0472000230566 0.457479988192 0.0413539921861 0.0275693299424
0 0.110600021663 0.333379982736 0.0336706027332 0.0224470699693
0 0.0142000237821 0.345799983282 0.0291649639077 0.0194433105542
0 0.225600019134 0.34781998337 0.0327378557557 0.02182523861
0 0.209600019486 0.351479983531 0.0258940177294 0.0172626796249
0 0.200400019688 0.319279982116 0.03851667244 0.0256777833203
0 0.14940002081 0.336679982881 0.0435737677411 0.02904918041
0 0.144800020911 0.315199981936 0.0228145082718 0.0152096731844
0 0.154200020704 0.309679981693 0.0221152448398 0.0147434975323
0 0.200400019688 0.296319981106 0.0278590389923 0.0185726938865
0 0.0684000225905 0.297479981157 0.0606290482023 0.0404193681341
0 0.0274000234919 0.264179979693 0.0211366915566 0.0140911286338
0 0.0462000230786 0.258919979461 0.0478187162521 0.0318791462707
0 0.0272000234963 0.192159976526 0.0263245772167 0.017549719302
0 0.0116000238393 0.170059975554 0.0214232035684 0.0142821366542
0 0.166000020445 0.272639980065 0.0249291172976 0.0166194126279
0 0.210600019464 0.246619978921 0.021624038991 0.0144160269448
0 0.206600019552 0.210939977352 0.0273785179836 0.0182523465263
0 0.259400018391 0.256799979368 0.0695428761532 0.0463619204933
0 0.444400014324 0.278719980332 0.0365229604025 0.0243486418743
0 0.411200015054 0.219119977711 0.0200449581141 0.0133633062908
0 0.202400019644 0.155599974918 0.0408344912974 0.0272229959938
0 0.574800011457 0.260139979515 0.108754854677 0.0725032412333
0 0.715800008357 0.243839978798 0.0198813217649 0.0132542153841
0 0.873800004884 0.162539975224 0.0224813984847 0.0149875999783
0 0.958600003019 0.115559973158 0.0215388570703 0.014359238994
0 0.939200003446 0.186199976264 0.0339441544294 0.0226294377788
0 0.972400002716 0.188099976347 0.0469179248616 0.0312786186374
0 0.984400002452 0.228239978112 0.0362876960503 0.0241917989625
0 0.938200003468 0.237339978513 0.0243257206265 0.016217148154
0 0.94900000323 0.220519977773 0.0375155622719 0.0250103764975
0 0.950600003195 0.265959979771 0.0627825381746 0.0418550282103
0 0.914800003982 0.182559976104 0.0435183648659 0.0290122451575
0 0.87580000484 0.130419973811 0.0798751166428 0.053250081274
0 0.959600002997 0.087839971939 0.0198642062338 0.0132428050293
0 0.973800002685 0.149439974648 0.0242736814973 0.0161824553989
0 0.951600003173 0.0418799699181 0.0286963149437 0.0191308778909
0 0.913400004013 0.0621199708081 0.0339385152082 0.0226256782978
0 0.824800005961 0.0692199711203 0.0219822779393 0.0146548529261
0 0.742600007768 0.0363599696754 0.020907956829 0.0139386388054
0 0.739600007834 0.0251599691829 0.0246235110807 0.0164156751365
0 0.511800012842 0.0124999686262 0.0264912805108 0.0176608548387
0 0.634200010151 0.038579969773 0.0210338994364 0.0140226005491
0 0.206600019552 0.0596799707008 0.0247839815514 0.0165226554573
0 0.176000020225 0.0226199690712 0.0206510259953 0.0137673515716
0 0.0204000236458 0.0348999696112 0.0327423077725 0.0218282066213
0 0.0940000220277 0.0406599698645 0.0647643781674 0.0431762549593
0 0.203200019627 0.0854799718352 0.0513919049012 0.0342612721939
0 0.182800020075 0.0426399699515 0.0345266760887 0.0230177855773
0 0.161800020537 0.0553799705117 0.0375034923598 0.0250023298889
0 0.11300002161 0.118059973268 0.0318663487421 0.0212442338959
0 0.606800010754 0.927700008868 0.0606864297517 0.0404576225029
0 0.591400011092 0.245959978892 0.0299168600711 0.0199445746962
0 0.639800010028 0.248919979022 0.0485402397678 0.0323601619796
0 0.712200008436 0.262439979616 0.0371493096934 0.0247662080957
0 0.730400008036 0.606959994765 0.0975433903447 0.0650289311855
