0 0.89599998241 0.0447599890778 0.116532040969 0.0776880273126
0 0.882399982709 0.98847996833 0.0282779261674 0.0188519507782
0 0.979599980572 0.981839968476 0.0278280745778 0.0185520497185
0 0.942599981386 0.953399969101 0.0844674269656 0.0563116179771
0 0.877599982815 0.96299996889 0.025003319226 0.016668879484
0 0.915199981988 0.909759970061 0.0255815867741 0.0170543911827
0 0.764399985304 0.98893996832 0.0232712867259 0.0155141911506
0 0.739199985858 0.983079968449 0.0295127178298 0.0196751452198
0 0.723799986196 0.972499968681 0.0268239963323 0.0178826642216
0 0.746399985699 0.959719968962 0.0281478283358 0.0187652188905
0 0.854199983329 0.950759969159 0.0512582488456 0.0341721658971
0 0.848199983461 0.923779969752 0.024403385195 0.0162689234634
0 0.871799982942 0.90931997007 0.0295828618317 0.0197219078878
0 0.846599983496 0.898839970301 0.0228323178447 0.0152215452298
0 0.792399984688 0.902399970222 0.0275204896665 0.018346993111
0 0.824799983976 0.932039969571 0.0230156420135 0.0153437613423
0 0.903199982252 0.875479970814 0.0224419254162 0.0149612836108
0 0.926199981746 0.868079970977 0.0292354066344 0.0194902710896
0 0.888199982582 0.887559970549 0.0240584033405 0.0160389355603
0 0.855599983298 0.865539971033 0.0474718578109 0.0316479052073
0 0.970399980775 0.836259971676 0.0597609088763 0.0398406059175
0 0.936599981518 0.824099971944 0.0212919199452 0.0141946132968
0 0.80459998442 0.822559971978 0.0284899411127 0.0189932940751
0 0.804199984428 0.852799971313 0.0668152782936 0.0445435188624
0 0.66859998741 0.911399970025 0.0223700006075 0.0149133337383
0 0.464599991895 0.909899970057 0.0278416284964 0.0185610856643
0 0.386999993601 0.915019969945 0.0240054738044 0.016003649203
0 0.662799987537 0.85931997117 0.0343251503941 0.0228834335961
0 0.72499998617 0.845599971471 0.0386320316889 0.0257546877926
0 0.679199987177 0.901779970236 0.0435417160923 0.0290278107282
0 0.434399992559 0.825119971921 0.0212183132633 0.0141455421755
0 0.479999991556 0.983979968429 0.0229926893923 0.0153284595948
0 0.462599991939 0.931319969587 0.0198056387863 0.0132037591909
0 0.356199994278 0.972379968684 0.0207505546719 0.0138337031146
0 0.227599997105 0.963219968885 0.0328817075326 0.021921138355
0 0.206399997571 0.916459969913 0.023371308709 0.0155808724727
0 0.145399998912 0.96391996887 0.0514722424652 0.0343148283101
0 0.371999993931 0.882199970666 0.0203577878343 0.0135718585562
0 0.12639999933 0.885619970591 0.024323644623 0.016215763082
0 0.0876000001831 0.885259970599 0.0252517417775 0.0168344945183
0 0.0822000003019 0.900759970258 0.0234564906352 0.0156376604235
0 0.0464000010889 0.809479972265 0.0219326146657 0.0146217431104
0 0.0360000013176 0.791859972653 0.0413165979704 0.0275443986469
0 0.119799999475 0.869799970939 0.0206285694047 0.0137523796031
0 0.0826000002931 0.807359972312 0.0603523346081 0.0402348897387
0 0.210599997479 0.858259971193 0.0199960861823 0.0133307241216
0 0.185199998037 0.823499971957 0.0770462113434 0.0513641408956
0 0.141799998992 0.671019975309 0.0226926234431 0.0151284156287
0 0.1959999978 0.754639973471 0.0227624706439 0.0151749804293
0 0.461199991969 0.826299971895 0.0451710553991 0.0301140369327
0 0.434399992559 0.854559971274 0.0205063862701 0.01367092418
0 0.509999990897 0.767039973198 0.029887379798 0.0199249198653
0 0.529799990461 0.753419973498 0.0243008898692 0.0162005932461
0 0.616199988562 0.752159973525 0.0510828393738 0.0340552262492
0 0.734399985963 0.684939975003 0.038103230997 0.025402153998
0 0.876599982837 0.781819972873 0.0419224680241 0.0279483120161
0 0.76819998522 0.77467997303 0.0216448164968 0.0144298776645
0 0.968399980819 0.799959972475 0.0217951957394 0.0145301304929
0 0.951799981183 0.709479974464 0.0297329442732 0.0198219628488
0 0.924999981773 0.720459974222 0.098262348065 0.0655082320433
0 0.98699998041 0.511859978809 0.0225721221816 0.0150480814544
0 0.703199986649 0.520479978619 0.0256586561359 0.0171057707573
0 0.935799981535 0.482899979445 0.0322055945431 0.0214703963621
0 0.816799984151 0.424699980725 0.0281617779892 0.0187745186595
0 0.852999983356 0.437359980446 0.0708894674972 0.0472596449981
0 0.94559998132 0.40487998116 0.0199182253508 0.0132788169005
0 0.824799983976 0.402219981219 0.0385376489274 0.0256917659516
0 0.78819998478 0.418339980865 0.0274146305944 0.0182764203963
0 0.547799990066 0.471479979696 0.0199220837656 0.0132813891771
0 0.541999990193 0.576139977395 0.0237107502757 0.0158071668505
0 0.200799997694 0.594219976998 0.031797888715 0.0211985924767
0 0.220599997259 0.619279976447 0.0595794644481 0.0397196429654
0 0.230799997035 0.570639977516 0.0312532586291 0.0208355057528
0 0.248799996639 0.638979976014 0.0712278207931 0.047485213862
0 0.0518000009702 0.443879980303 0.0221166313704 0.0147444209136
0 0.080600000337 0.377299981767 0.0269666587454 0.0179777724969
0 0.216399997351 0.29117998366 0.0340413095737 0.0226942063825
0 0.0614000007592 0.216099985311 0.0361524560591 0.0241016373727
0 0.0296000014583 0.201019985642 0.0201685276428 0.0134456850952
0 0.223999997184 0.224139985134 0.0303077491413 0.0202051660942
0 0.350999994392 0.246359984646 0.0522972506915 0.0348648337943
0 0.407999993139 0.366519982004 0.0245322958221 0.0163548638814
0 0.371399993944 0.368339981964 0.0361350437257 0.0240900291505
0 0.439999992436 0.413939980961 0.0361195111329 0.0240796740886
0 0.420399992866 0.314139983155 0.0271289100334 0.0180859400223
0 0.583599989278 0.290019983686 0.024709387167 0.016472924778
0 0.578399989393 0.246559984641 0.0342570840001 0.022838056
0 0.619199988496 0.23207998496 0.0284206875141 0.0189471250094
0 0.633199988188 0.269099984146 0.027489721282 0.0183264808546
0 0.616599988553 0.29889998349 0.0317159716013 0.0211439810675
0 0.713799986416 0.223899985139 0.0204134875143 0.0136089916762
0 0.722199986231 0.238979984808 0.0213917440609 0.0142611627072
0 0.710599986486 0.268419984161 0.0215648780573 0.0143765853715
0 0.710599986486 0.298259983505 0.0383071333779 0.0255380889186
0 0.754599985519 0.335599982684 0.0557917872751 0.0371945248501
0 0.658799987625 0.300579983454 0.0286286461772 0.0190857641182
0 0.793799984657 0.3484999824 0.0198634160742 0.0132422773828
0 0.6735999873 0.221919985183 0.0943495197461 0.0628996798307
0 0.765199985286 0.367699981978 0.0199697698149 0.0133131798766
0 0.791199984714 0.226059985092 0.0211081011079 0.0140720674053
0 0.980199980559 0.265679984221 0.0198652958148 0.0132435305432
0 0.977399980621 0.32027998302 0.0401432441433 0.0267621627622
0 0.973399980709 0.0145399897422 0.0302503675882 0.0201669117255
0 0.890799982525 0.18065998609 0.0387592604428 0.0258395069619
0 0.929999981663 0.107279987703 0.0239890508082 0.0159927005388
0 0.93919998146 0.13061998719 0.0220039458722 0.0146692972481
0 0.969399980797 0.124599987323 0.0257149494182 0.0171432996121
0 0.954399981126 0.12381998734 0.0310003840607 0.0206669227071
0 0.624599988377 0.0319399893597 0.0200850275896 0.0133900183931
0 0.612799988636 0.0433599891086 0.0258049790963 0.0172033193975
0 0.703799986636 0.130479987193 0.0333419471619 0.0222279647746
0 0.752199985572 0.116679987497 0.262975700495 0.175317133663
0 0.738399985875 0.221779985186 0.0221072326678 0.0147381551118
0 0.537999990281 0.0383999892177 0.0470827515207 0.0313885010138
0 0.461599991961 0.0948799879759 0.0306105852345 0.020407056823
0 0.550599990004 0.103859987778 0.0215703194114 0.014380212941
0 0.381799993715 0.086459988161 0.0207773657079 0.0138515771386
0 0.44979999222 0.166959986391 0.0208730346076 0.0139153564051
0 0.575599989454 0.018779989649 0.0282051109551 0.0188034073034
0 0.244799996727 0.129919987206 0.0276012195757 0.0184008130504
0 0.248199996652 0.150139986761 0.0245705831687 0.0163803887791
0 0.1959999978 0.133659987123 0.0641731545746 0.0427821030498
0 0.21599999736 0.115219987529 0.0261032642387 0.0174021761591
0 0.0965999999853 0.0815599882688 0.0246592277749 0.0164394851833
0 0.107799999739 0.0987399878911 0.0295287450912 0.0196858300608
0 0.0462000010933 0.0442199890897 0.0274322407952 0.0182881605301
0 0.0634000007152 0.0333199893293 0.0216778603566 0.0144519069044
0 0.0999999999105 0.0160999897079 0.0403459593196 0.0268973062131
0 0.343999994546 0.0987799878902 0.0465086391886 0.031005759459
0 0.100999999889 0.138459987018 0.0413577543947 0.0275718362631
0 0.0560000008779 0.178539986137 0.0374776731345 0.024985115423
0 0.393799993451 0.932899969552 0.0325569081553 0.0217046054369
0 0.883999982674 0.61639997651 0.105960973816 0.0706406492109
