0 0.537400012279 0.778899994923 0.129382540851 0.0862550272341
0 0.50600001297 0.70581999653 0.108444209994 0.0722961399957
0 0.789200006744 0.55479999985 0.0997667340933 0.0665111560622
0 0.282400017886 0.302680005393 0.32103890687 0.214025937913
0 0.824000005978 0.900779992243 0.0376178622047 0.0250785748032
0 0.834600005745 0.920239991815 0.0232202369304 0.0154801579536
0 0.749400007619 0.920199991816 0.0233606238681 0.0155737492454
0 0.663000009518 0.936239991464 0.0362712754475 0.0241808502983
0 0.62060001045 0.951339991132 0.0202975372035 0.013531691469
0 0.564000011695 0.969539990732 0.0198475866803 0.0132317244535
0 0.655400009685 0.983519990424 0.0304694068271 0.0203129378847
0 0.639000010046 0.973919990635 0.0221023849159 0.0147349232772
0 0.874000004879 0.903979992173 0.0211735952254 0.0141157301503
0 0.896600004382 0.882319992649 0.0559133768074 0.0372755845383
0 0.298200017538 0.963979990854 0.0396199837393 0.0264133224928
0 0.346400016479 0.980159990498 0.0433046709178 0.0288697806119
0 0.119200021474 0.985779990375 0.039120863161 0.0260805754407
0 0.204600019596 0.965159990828 0.0226426619184 0.0150951079456
0 0.104000021808 0.963299990869 0.0672078472638 0.0448052315092
0 0.0422000231665 0.936819991451 0.0199631412562 0.0133087608374
0 0.0820000222915 0.90003999226 0.0217934149325 0.0145289432884
0 0.0916000220805 0.909199992058 0.0322905786019 0.0215270524013
0 0.103400021821 0.888539992512 0.0254073645068 0.0169382430045
0 0.144600020915 0.877639992752 0.025556853346 0.0170379022307
0 0.205600019574 0.898239992299 0.0205066830712 0.0136711220475
0 0.109200021694 0.861959993097 0.023459656514 0.0156397710093
0 0.126000021324 0.848279993397 0.0264560618565 0.017637374571
0 0.120400021447 0.838579993611 0.0212600632899 0.0141733755266
0 0.0706000225421 0.957099991005 0.0209546549202 0.0139697699468
0 0.251800018558 0.913979991953 0.0384569190182 0.0256379460121
0 0.29220001767 0.895679992355 0.0333345271335 0.022223018089
0 0.271200018132 0.866239993003 0.0358021317841 0.023868087856
0 0.328200016879 0.871299992891 0.064196403997 0.0427976026647
0 0.255400018479 0.931819991561 0.071525908068 0.047683938712
0 0.501400013071 0.871139992895 0.0247366928716 0.016491128581
0 0.507000012948 0.85407999327 0.0326259638864 0.0217506425909
0 0.444200014328 0.846119993445 0.0331342852999 0.0220895235333
0 0.448400014236 0.828059993842 0.0261730125058 0.0174486750039
0 0.411000015058 0.809199994257 0.0213847197673 0.0142564798449
0 0.449000014223 0.783839994814 0.0234583703758 0.0156389135838
0 0.467400013818 0.793219994608 0.0220606348893 0.0147070899262
0 0.337200016681 0.826899993868 0.0209482242289 0.0139654828193
0 0.219200019275 0.855739993233 0.0367808829992 0.0245205886661
0 0.497400013159 0.9618599909 0.0198646032788 0.0132430688525
0 0.501200013075 0.952379991109 0.0235604699668 0.0157069799779
0 0.342000016575 0.905519992139 0.0245246779262 0.0163497852842
0 0.614800010578 0.918559991852 0.021166175197 0.0141107834646
0 0.671200009338 0.907639992092 0.0415069464327 0.0276712976218
0 0.727000008111 0.882999992634 0.0215751671633 0.0143834447756
0 0.46780001381 0.927359991659 0.0340062870395 0.0226708580264
0 0.694200008832 0.836599993654 0.0247044404814 0.0164696269876
0 0.762600007328 0.8709199929 0.0200715726048 0.0133810484032
0 0.742400007772 0.869399992933 0.0238881384217 0.0159254256145
0 0.833000005781 0.88317999263 0.0268451681467 0.0178967787645
0 0.654800009698 0.862779993079 0.0502695053255 0.0335130035503
0 0.700800008687 0.791979994635 0.0215765522353 0.0143843681569
0 0.827800005895 0.821499993986 0.0281991749324 0.0187994499549
0 0.81440000619 0.833079993732 0.0198683627598 0.0132455751732
0 0.907200004149 0.777179994961 0.0287417274103 0.0191611516069
0 0.876000004835 0.804299994364 0.0268823672225 0.0179215781484
0 0.929600003657 0.782319994848 0.0323191704448 0.0215461136299
0 0.732600007988 0.684699996994 0.0302126738438 0.0201417825626
0 0.765600007262 0.681759997058 0.0199267336501 0.0132844891
0 0.76160000735 0.696479996735 0.0336055065713 0.0224036710475
0 0.799800006511 0.740059995777 0.022552038638 0.0150346924253
0 0.988400002364 0.644059997887 0.021771946317 0.014514630878
0 0.954600003107 0.61209999859 0.0612183013913 0.0408122009275
0 0.911400004057 0.477420001551 0.0574461568111 0.0382974378741
0 0.923400003793 0.526920000463 0.0217117946199 0.0144745297466
0 0.881800004708 0.505720000929 0.026067747036 0.017378498024
0 0.950600003195 0.495420001155 0.0320683734843 0.0213789156562
0 0.893600004448 0.544080000085 0.031535912245 0.0210239414967
0 0.916000003956 0.559579999745 0.0242140260698 0.0161426840465
0 0.965600002865 0.55841999977 0.0258709678824 0.0172473119216
0 0.891400004497 0.585319999179 0.0199191157542 0.0132794105028
0 0.870000004967 0.567159999578 0.0451550281377 0.0301033520918
0 0.886800004598 0.623199998346 0.0248425519437 0.0165617012958
0 0.956600003063 0.513320000762 0.0218888859648 0.0145925906432
0 0.821800006027 0.633599998117 0.0225025717818 0.0150017145212
0 0.825000005956 0.617459998472 0.0202882374346 0.0135254916231
0 0.792200006678 0.62163999838 0.0290374402762 0.0193582935175
0 0.785400006827 0.600919998836 0.0259532807309 0.017302187154
0 0.757600007438 0.590819999058 0.0265147295479 0.0176764863653
0 0.749600007614 0.609479998648 0.0330466300309 0.0220310866872
0 0.715600008362 0.603139998787 0.0219866324725 0.0146577549817
0 0.627400010301 0.540420000166 0.025827437049 0.017218291366
0 0.675800009237 0.501520001021 0.0325574028238 0.0217049352159
0 0.744200007733 0.4751800016 0.0252868632453 0.0168579088302
0 0.753800007522 0.504240000961 0.0380648447166 0.0253765631444
0 0.734200007953 0.526760000466 0.0201061994041 0.013404132936
0 0.715800008357 0.516720000687 0.0376895891461 0.0251263927641
0 0.768400007201 0.523360000541 0.0201545779893 0.0134363853262
0 0.784600006845 0.509420000847 0.0256193794521 0.0170795863014
0 0.613600010604 0.584299999201 0.0211878416799 0.0141252277866
0 0.699600008713 0.687779996926 0.0217115967525 0.014474397835
0 0.436600014496 0.634279998102 0.0245358574357 0.0163572382905
0 0.414200014988 0.64709999782 0.0291607116816 0.0194404744544
0 0.40640001516 0.629079998217 0.0310905126725 0.0207270084483
0 0.447200014262 0.614519998537 0.0201476526295 0.0134317684197
0 0.488800013348 0.662879997474 0.0237558640485 0.015837242699
0 0.424600014759 0.691379996847 0.0921063956885 0.0614042637924
0 0.606400010762 0.669899997319 0.034809925584 0.023206617056
0 0.66020000958 0.683239997026 0.050156226225 0.03343748415
0 0.744000007737 0.691379996847 0.0578929414556 0.0385952943037
0 0.513400012807 0.64439999788 0.0437091119334 0.0291394079556
0 0.550000012002 0.657799997585 0.0261225563126 0.0174150375417
0 0.469400013774 0.623359998342 0.0341029452764 0.0227352968509
0 0.321400017028 0.705979996526 0.0216225564115 0.0144150376077
0 0.301000017477 0.712479996383 0.0218042976409 0.0145361984273
0 0.366000016048 0.637919998022 0.0200691981957 0.0133794654638
0 0.316400017138 0.648659997786 0.0479474321656 0.0319649547771
0 0.554000011914 0.783379994824 0.0319135422246 0.0212756948164
0 0.572800011501 0.766379995198 0.0220292729025 0.014686181935
0 0.601200010877 0.762239995289 0.0253055617169 0.016870374478
0 0.626200010327 0.718939996241 0.103299656957 0.0688664379715
0 0.349800016404 0.74083999576 0.0214945361879 0.0143296907919
0 0.290800017701 0.731139995973 0.0545076276903 0.0363384184602
0 0.240000018818 0.747579995611 0.0273202478329 0.0182134985553
0 0.229200019055 0.769499995129 0.0249274370688 0.0166182913792
0 0.227800019086 0.758599995369 0.0206577548498 0.0137718365665
0 0.413400015006 0.758679995367 0.0361329661178 0.0240886440785
0 0.370800015942 0.723359996144 0.0253989551413 0.0169326367609
0 0.397800015349 0.729419996011 0.0315862695045 0.021057513003
0 0.233200018967 0.800759994442 0.0243993289128 0.0162662192752
0 0.212800019416 0.813259994167 0.0235488947225 0.0156992631483
0 0.176000020225 0.801139994434 0.0499314488308 0.0332876325539
0 0.158000020621 0.743239995707 0.0245850274907 0.0163900183271
0 0.211200019451 0.728499996031 0.0207694510109 0.0138463006739
0 0.296000017587 0.673479997241 0.0228131247046 0.015208749803
0 0.328400016874 0.685179996983 0.0421800914108 0.0281200609405
0 0.117800021504 0.743359995704 0.0266275139798 0.0177516759866
0 0.107400021733 0.728599996029 0.0221464104178 0.0147642736119
0 0.189000019939 0.708019996481 0.0247214570799 0.0164809713866
0 0.0346000233336 0.73719999584 0.0222956024559 0.0148637349706
0 0.045000023105 0.725579996095 0.0331096508055 0.022073100537
0 0.133600021157 0.778439994933 0.0348020108871 0.0232013405914
0 0.147400020854 0.824179993927 0.0257040667098 0.0171360444732
0 0.0364000232941 0.778259994937 0.0199413758395 0.0132942505597
0 0.102000021852 0.705959996526 0.023492997175 0.0156619981167
0 0.442400014368 0.797979994503 0.0911244785946 0.0607496523964
0 0.36680001603 0.762819995276 0.023563833713 0.0157092224753
0 0.017800023703 0.856239993222 0.0238050341034 0.0158700227356
0 0.0938000220321 0.871119992895 0.0312831366102 0.0208554244068
0 0.0504000229863 0.898239992299 0.021660546957 0.014440364638
0 0.034400023338 0.806899994307 0.0215569633603 0.0143713089069
0 0.0102000238701 0.690839996859 0.0254226992322 0.0169484661548
0 0.0736000224762 0.677199997159 0.0203858850086 0.0135905900057
0 0.156400020656 0.649039997778 0.0202168072943 0.0134778715296
0 0.195600019794 0.663799997453 0.0215583484323 0.0143722322882
0 0.135200021122 0.637699998027 0.0263133994435 0.0175422662957
0 0.104200021803 0.639579997986 0.0242814988616 0.0161876659077
0 0.111000021654 0.624499998317 0.0239844998574 0.0159896665716
0 0.181800020097 0.631419998165 0.0241096510034 0.0160731006689
0 0.190600019904 0.6480399978 0.0265606347904 0.0177070898602
0 0.113400021601 0.61209999859 0.0343838180854 0.0229225453903
0 0.123800021373 0.599459998868 0.0359799156649 0.0239866104433
0 0.230000019038 0.590219999071 0.0287943601452 0.0191962400968
0 0.286000017807 0.614699998533 0.0202345164288 0.0134896776192
0 0.326000016927 0.601319998827 0.0199733314285 0.0133155542857
0 0.295600017595 0.570439999506 0.0211780472424 0.0141186981616
0 0.204200019605 0.569399999529 0.0277698026213 0.0185132017475
0 0.26900001818 0.540180000171 0.0444838618339 0.0296559078893
0 0.225600019134 0.539120000194 0.0223838513272 0.0149225675514
0 0.165600020454 0.547840000003 0.0444668452354 0.0296445634903
0 0.106000021764 0.533540000317 0.021006298318 0.0140041988787
0 0.0834000222607 0.521380000584 0.024929415743 0.0166196104953
0 0.12300002139 0.493520001197 0.0212614483618 0.0141742989079
0 0.135200021122 0.506280000916 0.0199467182599 0.0132978121733
0 0.158600020607 0.495140001161 0.0254814658573 0.0169876439049
0 0.200200019693 0.47244000166 0.0199522585478 0.0133015056985
0 0.224200019165 0.513780000752 0.0306361101322 0.0204240734215
0 0.292600017661 0.490440001265 0.0465688898193 0.0310459265462
0 0.408400015116 0.485960001363 0.0210652628105 0.0140435085403
0 0.394600015419 0.478060001537 0.0214122233393 0.0142748155595
0 0.478200013581 0.459940001935 0.0250621847848 0.0167081231899
0 0.397600015353 0.455940002023 0.0423668782595 0.0282445855063
0 0.384400015643 0.430940002573 0.028623897359 0.0190825982394
0 0.434800014535 0.407320003092 0.0264832686274 0.0176555124183
0 0.513800012798 0.401740003215 0.0267442557603 0.0178295038402
0 0.636400010103 0.464420001837 0.0258225892971 0.0172150595314
0 0.622600010406 0.433900002508 0.0246265796498 0.0164177197666
0 0.878400004782 0.439140002393 0.039272825343 0.026181883562
0 0.876600004822 0.401760003214 0.0320230618441 0.021348707896
0 0.87080000495 0.420100002811 0.0211466852557 0.0140977901704
0 0.833400005772 0.413740002951 0.0453048137781 0.0302032091854
0 0.795600006603 0.418020002857 0.0346510380422 0.0231006920281
0 0.757800007434 0.431320002564 0.0239156419937 0.0159437613291
0 0.788600006757 0.37374000383 0.0533941287591 0.0355960858394
0 0.569000011585 0.40330000318 0.0250363630859 0.016690908724
0 0.537200012284 0.364980004023 0.0378481798868 0.0252321199245
0 0.564400011686 0.346360004432 0.0198800369379 0.0132533579586
0 0.665400009465 0.384260003599 0.0204322849196 0.0136215232797
0 0.967000002835 0.362020004088 0.02041497152 0.0136099810133
0 0.879800004752 0.341300004544 0.0217584913321 0.0145056608881
0 0.883600004668 0.354280004258 0.0275427497517 0.0183618331678
0 0.876600004822 0.294800005566 0.0204812571072 0.0136541714048
0 0.799800006511 0.346440004431 0.053099504164 0.0353996694427
0 0.722400008212 0.455100002042 0.0448541707188 0.0299027804792
0 0.793600006647 0.470280001708 0.093535097427 0.062356731618
0 0.949600003217 0.294500005572 0.0200319991199 0.0133546660799
0 0.926400003727 0.296260005534 0.0239284044426 0.0159522696284
0 0.959400003002 0.330620004778 0.0276643392841 0.018442892856
0 0.918400003903 0.0947000099652 0.0246641744605 0.0164427829737
0 0.93080000363 0.144320008874 0.0204720562719 0.0136480375146
0 0.846800005477 0.175620008186 0.0940608311738 0.0627072207825
0 0.785600006823 0.17772000814 0.0595030876222 0.0396687250815
0 0.81300000622 0.116620009483 0.0426604145837 0.0284402763891
0 0.952600003151 0.0895600100782 0.11015081653 0.0734338776864
0 0.799800006511 0.0436800110868 0.0205466522909 0.013697768194
0 0.703600008625 0.0386000111985 0.0209883913161 0.0139922608774
0 0.720600008252 0.0955800099458 0.0624398359362 0.0416265572908
0 0.802800006445 0.133420009114 0.0250132125973 0.0166754750648
0 0.729400008058 0.161640008493 0.0245463444092 0.0163642296062
0 0.65700000965 0.146880008818 0.023020984434 0.015347322956
0 0.624400010367 0.155020008639 0.0201897983909 0.0134598655939
0 0.581400011312 0.112460009575 0.0199736282297 0.0133157521531
0 0.713200008414 0.205840007522 0.0283591507451 0.0189061004967
0 0.711200008458 0.176040008177 0.0210255903919 0.0140170602612
0 0.749200007623 0.274960006002 0.0211447065814 0.0140964710543
0 0.964200002896 0.227240007051 0.0201447835518 0.0134298557012
0 0.743000007759 0.21090000741 0.0259193464676 0.0172795643118
0 0.282600017881 0.212680007371 0.022348828793 0.0148992191954
0 0.39000001552 0.195140007757 0.0259683186552 0.0173122124368
0 0.587600011176 0.345280004456 0.020606111452 0.0137374076347
0 0.467600013814 0.268720006139 0.0221618440769 0.0147745627179
0 0.246800018668 0.212360007378 0.0364644929875 0.0243096619917
0 0.099400021909 0.223940007124 0.029135483585 0.0194236557233
0 0.0952000220013 0.245300006654 0.0405188954486 0.0270125969658
0 0.0588000228016 0.245340006653 0.0389018239221 0.0259345492814
0 0.049000023017 0.286760005743 0.0228474547027 0.0152316364685
0 0.0840000222476 0.323600004933 0.0313116295194 0.0208744196796
0 0.218800019284 0.319100005032 0.024913586349 0.016609057566
0 0.264200018286 0.307640005284 0.0307449372157 0.0204966248105
0 0.10300002183 0.481620001459 0.0269290639347 0.0179527092898
0 0.0650000226653 0.483920001408 0.0295715833886 0.0197143889257
0 0.0380000232589 0.466480001791 0.0297973501199 0.0198649000799
0 0.00720002393601 0.198000007694 0.0209876987801 0.0139917991867
0 0.107400021733 0.18772000792 0.0202679560236 0.0135119706824
0 0.156400020656 0.170780008293 0.0390499276893 0.0260332851262
0 0.162800020515 0.15770000858 0.0338187087211 0.0225458058141
0 0.0316000233996 0.0324200113344 0.0395041323622 0.0263360882415
0 0.0746000224542 0.0553200108309 0.020294272391 0.0135295149273
0 0.0804000223267 0.0861400101533 0.0219622947793 0.0146415298529
0 0.170200020352 0.0632600106564 0.0198519397636 0.0132346265091
0 0.501800013062 0.0628600106652 0.0213750242635 0.0142500161757
0 0.478600013572 0.0537400108657 0.0310617229623 0.0207078153082
0 0.488600013352 0.0135400117495 0.0244563147311 0.0163042098207
0 0.472600013704 0.0141000117372 0.0384766068269 0.025651071218
0 0.582200011294 0.0180400116505 0.0236964048874 0.0157976032583
0 0.452800014139 0.0942200099757 0.03634329919 0.0242288661267
0 0.501800013062 0.139780008974 0.0497580180332 0.0331720120222
0 0.229400019051 0.0841600101969 0.0460338563035 0.0306892375357
0 0.280200017934 0.0822200102395 0.0448473442927 0.0298982295285
0 0.237200018879 0.042900011104 0.0285137841373 0.0190091894249
0 0.0134000237997 0.0609600107069 0.0263449592977 0.0175633061985
0 0.329400016852 0.860579993127 0.0351832024803 0.0234554683202
