0 0.715600008362 0.34575998246 0.295948328109 0.197298885406
0 0.518400012697 0.754839973467 0.629947551282 0.419965034188
0 0.832800005785 0.795239972578 0.214263708601 0.142842472401
0 0.315600017156 0.49451997919 0.371073642496 0.247382428331
0 0.356400016259 0.529819978414 0.112790367972 0.075193578648
0 0.136600021091 0.573599977451 0.104309770159 0.0695398467728
0 0.0958000219881 0.490499979278 0.163651200096 0.109100800064
0 0.100600021883 0.762999973287 0.153491697186 0.102327798124
0 0.775800007038 0.948619969206 0.114596897558 0.076397931705
0 0.502600013045 0.962699968897 0.0386937663253 0.0257958442169
0 0.361400016149 0.951559969142 0.0468475860867 0.0312317240578
0 0.463800013898 0.943199969325 0.0828242369391 0.0552161579594
0 0.439400014434 0.913139969986 0.04354112249 0.0290274149934
0 0.334600016738 0.919499969846 0.0681560279618 0.0454373519746
0 0.313400017204 0.982159968469 0.03310124144 0.0220674942933
0 0.293600017639 0.960319968949 0.0481387699651 0.03209251331
0 0.267000018224 0.913559969977 0.0277975040607 0.0185316693738
0 0.208000019521 0.96391996887 0.0970063845882 0.0646709230588
0 0.085800022208 0.980039968515 0.0249448494021 0.0166298996014
0 0.149000020819 0.952679969117 0.0332615140538 0.0221743427026
0 0.0686000225861 0.970339968729 0.0216726168699 0.0144484112466
0 0.0412000231885 0.917699969886 0.0417792120088 0.0278528080059
0 0.0132000238041 0.712079974407 0.0295071775419 0.0196714516946
0 0.0832000222651 0.638759976019 0.029984334836 0.0199895565573
0 0.112200021628 0.675319975215 0.0215928762978 0.0143952508652
0 0.15940002059 0.731319973984 0.0203418595066 0.0135612396711
0 0.141600020981 0.713959974365 0.0360542148828 0.0240361432552
0 0.0226000235975 0.734039973924 0.0327190605096 0.0218127070064
0 0.212200019429 0.770679973118 0.0288935906586 0.0192623937724
0 0.178600020168 0.825799971906 0.0274599422346 0.0183066281564
0 0.107400021733 0.9261399697 0.0253099148003 0.0168732765335
0 0.10980002168 0.895199970381 0.0609246661333 0.0406164440889
0 0.112800021614 0.893799970411 0.145723422101 0.0971489480675
0 0.0706000225421 0.931959969572 0.0323953494032 0.0215968996021
0 0.189200019935 0.854839971268 0.0348397046314 0.0232264697543
0 0.46140001395 0.867599970987 0.0314321307809 0.0209547538539
0 0.498200013141 0.867079970999 0.0473784643865 0.0315856429244
0 0.545200012108 0.886459970573 0.0199249528432 0.0132833018955
0 0.529600012451 0.881919970673 0.0308257660586 0.0205505107057
0 0.586400011202 0.853239971303 0.0226897543654 0.0151265029103
0 0.51600001275 0.804399972377 0.0239242492267 0.0159494994845
0 0.489000013344 0.843119971526 0.028754885594 0.0191699237294
0 0.476800013612 0.851779971335 0.0367107389972 0.0244738259982
0 0.619000010485 0.908479970089 0.0214611955269 0.0143074636846
0 0.799800006511 0.869699970941 0.0265441128604 0.0176960752403
0 0.946200003292 0.714159974361 0.0408181699281 0.0272121132854
0 0.795400006607 0.710439974443 0.0365587768152 0.0243725178768
0 0.785000006836 0.741639973757 0.0654486079928 0.0436324053285
0 0.911000004066 0.662179975504 0.0350174885123 0.0233449923415
0 0.955800003081 0.752779973512 0.121302624573 0.0808684163819
0 0.870000004967 0.933999969528 0.0210602171912 0.0140401447941
0 0.90580000418 0.86431997106 0.0214925575136 0.0143283716758
0 0.805600006383 0.536199978273 0.0510498944476 0.0340332629651
0 0.957000003054 0.533339978336 0.0217764972677 0.0145176648452
0 0.674800009259 0.433819980524 0.0537357468674 0.0358238312449
0 0.671000009342 0.46811997977 0.135217651199 0.0901451007993
0 0.600800010886 0.498839979095 0.0380584140253 0.0253722760169
0 0.604800010798 0.536899978258 0.0235391002849 0.0156927335233
0 0.882000004703 0.469999979729 0.0460518622392 0.0307012414928
0 0.555200011888 0.665719975426 0.0267290199686 0.0178193466457
0 0.438000014465 0.637059976056 0.0503707145131 0.0335804763421
0 0.414600014979 0.657679975603 0.0227717704128 0.0151811802752
0 0.464000013893 0.676619975186 0.0247180933337 0.0164787288891
0 0.353800016316 0.714119974362 0.0256280856188 0.0170853904125
0 0.274600018057 0.721439974201 0.0765209722651 0.0510139815101
0 0.201000019675 0.579899977313 0.0298857968586 0.0199238645724
0 0.166600020432 0.614359976555 0.0204997577113 0.0136665051409
0 0.101200021869 0.614899976543 0.0505135747936 0.0336757165291
0 0.107000021742 0.646939975839 0.0345295474436 0.0230196982957
0 0.0176000237074 0.631279976183 0.0448438816128 0.0298959210752
0 0.196600019772 0.66187997551 0.0203533358172 0.0135688905448
0 0.201800019658 0.718959974255 0.0366156636998 0.0244104424665
0 0.135600021113 0.647419975828 0.0465017138287 0.0310011425525
0 0.14440002092 0.679519975122 0.0640816408908 0.0427210939272
0 0.184800020031 0.649979975772 0.0256907106587 0.0171271404391
0 0.17120002033 0.681819975072 0.0981755831994 0.0654503887996
0 0.176800020207 0.627139976274 0.0499939749369 0.0333293166246
0 0.187200019979 0.593559977012 0.0239736171491 0.0159824114327
0 0.180000020137 0.604739976767 0.0401416612039 0.0267611074693
0 0.158200020616 0.535019978299 0.0243370996078 0.0162247330719
0 0.0224000236018 0.593039977024 0.0303273380163 0.0202182253442
0 0.0424000231621 0.439279980404 0.0203265247812 0.0135510165208
0 0.15620002066 0.387059981552 0.0279670764435 0.018644717629
0 0.129400021249 0.434599980507 0.022621490104 0.0150809934026
0 0.140200021012 0.378639981737 0.0742475744916 0.0494983829944
0 0.135800021109 0.339479982598 0.0205427938762 0.0136951959174
0 0.191200019891 0.336279982669 0.0259753429488 0.0173168952992
0 0.201200019671 0.324339982931 0.0264385505895 0.017625700393
0 0.135200021122 0.359599982156 0.0599474978576 0.0399649985717
0 0.0940000220277 0.351639982331 0.0300142128171 0.0200094752114
0 0.0968000219661 0.305679983341 0.0497118159896 0.0331412106598
0 0.232200018989 0.290439983676 0.0227045944222 0.0151363962815
0 0.191200019891 0.28891998371 0.0279273050912 0.0186182033941
0 0.140200021012 0.265579984223 0.0537241716231 0.0358161144154
0 0.14620002088 0.240799984768 0.0358146963655 0.0238764642437
0 0.291400017688 0.296899983534 0.0250574359666 0.0167049573111
0 0.326000016927 0.272239984077 0.0225756837952 0.0150504558635
0 0.359000016202 0.299019983488 0.0269824881393 0.0179883254262
0 0.331600016804 0.3166399831 0.024220852496 0.0161472349973
0 0.345200016505 0.324179982935 0.02944663011 0.01963108674
0 0.285600017815 0.354839982261 0.041998152314 0.0279987682093
0 0.231600019003 0.242139984738 0.0253872809632 0.0169248539755
0 0.250000018598 0.225539985103 0.0470626679771 0.0313751119847
0 0.390600015507 0.329639982815 0.0254944261736 0.0169962841157
0 0.394000015432 0.355679982242 0.0462492349951 0.03083282333
0 0.329400016852 0.360679982132 0.0339350547667 0.0226233698445
0 0.369600015969 0.374719981824 0.020555556325 0.0137037042167
0 0.354000016312 0.379039981729 0.0282378580139 0.0188252386759
0 0.240200018813 0.356859982216 0.063832327936 0.0425548852906
0 0.43960001443 0.409579981057 0.0291387483975 0.019425832265
0 0.483800013458 0.435239980493 0.0406147622158 0.0270765081439
0 0.505400012983 0.459579979958 0.0606450794626 0.040430052975
0 0.478200013581 0.322299982976 0.0596698898611 0.039779926574
0 0.56740001162 0.347639982419 0.0821861144952 0.0547907429968
0 0.560200011778 0.304599983365 0.051425545753 0.0342836971687
0 0.49960001311 0.278639983936 0.0376983942465 0.025132262831
0 0.60880001071 0.268359984162 0.116960423943 0.0779736159619
0 0.577600011396 0.427559980662 0.0341311413844 0.0227540942563
0 0.813800006203 0.40355998119 0.020570000647 0.0137133337647
0 0.806000006374 0.431679980571 0.0268922605938 0.0179281737292
0 0.845600005504 0.458939979972 0.0282473556503 0.0188315704335
0 0.88260000469 0.436999980454 0.052558039957 0.0350386933046
0 0.863200005117 0.404979981158 0.0225958662725 0.0150639108483
0 0.962600002931 0.486199979373 0.0278622067085 0.0185748044724
0 0.967800002817 0.465979979817 0.0632686036436 0.0421790690958
0 0.961200002962 0.320719983011 0.0253732323761 0.0169154882507
0 0.906200004171 0.366639982001 0.0425541597768 0.0283694398512
0 0.975000002659 0.256119984431 0.0271743206074 0.0181162137382
0 0.865800005059 0.246679984639 0.0219013516126 0.0146009010751
0 0.876200004831 0.18839998592 0.0314298553055 0.0209532368703
0 0.795600006603 0.211379985415 0.0250815757924 0.0167210505283
0 0.774600007065 0.221039985202 0.0213748263961 0.014249884264
0 0.896800004378 0.162839986482 0.0363832684097 0.0242555122732
0 0.743800007742 0.167979986369 0.025700208295 0.0171334721967
0 0.619000010485 0.13515998709 0.0750483439585 0.0500322293057
0 0.551400011972 0.153419986689 0.0265713196313 0.0177142130875
0 0.611800010644 0.213619985365 0.0265281845327 0.0176854563552
0 0.670800009347 0.222699985166 0.109376165563 0.0729174437085
0 0.60380001082 0.181199986078 0.0658317782603 0.0438878521735
0 0.631200010217 0.166939986392 0.0919885656373 0.0613257104248
0 0.57060001155 0.17929998612 0.0273533906265 0.018235593751
0 0.57920001136 0.152219986715 0.0318255901544 0.021217060103
0 0.524600012561 0.14925998678 0.044465954832 0.029643969888
0 0.498600013132 0.161259986517 0.0241626794732 0.0161084529821
0 0.54740001206 0.175139986211 0.0436215555981 0.0290810370654
0 0.485000013431 0.0888799881078 0.046699976988 0.031133317992
0 0.42320001479 0.0886599881127 0.0219420133683 0.0146280089122
0 0.444200014328 0.0653799886245 0.0465900616337 0.0310600410891
0 0.434000014553 0.0780199883466 0.0394169717617 0.0262779811745
0 0.403800015217 0.048799988989 0.0283336258473 0.0188890838982
0 0.347200016461 0.0463999890418 0.0240132895677 0.0160088597118
0 0.26400001829 0.0866399881571 0.0446499715368 0.0297666476912
0 0.258400018413 0.1256399873 0.0364301629893 0.0242867753262
0 0.28040001793 0.113199987573 0.0214772227882 0.0143181485255
0 0.310200017274 0.101939987821 0.0420548413311 0.0280365608874
0 0.357800016228 0.120799987406 0.0270054407606 0.0180036271737
0 0.451200014175 0.125299987307 0.0500772771226 0.0333848514151
0 0.401200015274 0.135319987087 0.0271677909824 0.0181118606549
0 0.337800016668 0.138659987013 0.0515055831262 0.0343370554175
0 0.521600012627 0.0612799887146 0.048624237691 0.0324161584607
0 0.406000015168 0.165119986432 0.0800513228526 0.0533675485684
0 0.387600015573 0.185699985979 0.0289962838519 0.0193308559013
0 0.33860001665 0.169479986336 0.0468338343007 0.0312225562004
0 0.371200015933 0.169799986329 0.0345152020553 0.0230101347035
0 0.412200015032 0.233119984937 0.0952433858361 0.0634955905574
0 0.500400013093 0.224299985131 0.0198575789852 0.0132383859901
0 0.353200016329 0.218239985264 0.0618273373238 0.0412182248825
0 0.32040001705 0.198619985695 0.214022310344 0.142681540229
0 0.320800017041 0.21159998541 0.023461734122 0.0156411560813
0 0.310000017279 0.195999985753 0.0284682746297 0.0189788497531
0 0.203000019631 0.178559986136 0.0494840705841 0.0329893803894
0 0.119000021478 0.188419985919 0.023603703999 0.015735802666
0 0.0922000220673 0.260919984325 0.0482503671925 0.0321669114616
0 0.165200020462 0.200799985647 0.0450070233042 0.0300046822028
0 0.214600019376 0.151419986733 0.0366585019972 0.0244390013314
0 0.228800019064 0.136699987057 0.0533033076112 0.0355355384075
0 0.15620002066 0.116599987498 0.0198000984984 0.0132000656656
0 0.197000019763 0.0599199887445 0.0598010759635 0.0398673839757
0 0.0684000225905 0.0512199889358 0.026934109554 0.017956073036
0 0.0482000230346 0.259619984354 0.0692345043589 0.0461563362393
0 0.0708000225378 0.181419986073 0.0410206872371 0.0273471248247
0 0.0302000234304 0.0212999895936 0.0592314156484 0.0394876104323
0 0.34180001658 0.0263399894828 0.0244675931743 0.0163117287829
0 0.540400012213 0.0118599898011 0.0307213909922 0.0204809273281
0 0.591600011088 0.024239989529 0.0295000543146 0.0196667028764
0 0.486400013401 0.0152199897273 0.0228076833504 0.0152051222336
0 0.361600016144 0.0308599893834 0.0224814989011 0.0149876659341
0 0.858400005222 0.0142599897484 0.0379250513812 0.0252833675875
0 0.919200003885 0.0348399892959 0.0600188290641 0.0400125527094
0 0.943000003362 0.0527599889019 0.0417603156698 0.0278402104465
0 0.737600007878 0.0212599895945 0.0417277664784 0.0278185109856
0 0.265800018251 0.789059972714 0.0248201929247 0.0165467952831
