0 0.320999995052 0.883201970644 0.161571613464 0.107714408976
0 0.307399995351 0.7851459728 0.20122721334 0.13415147556
0 0.926599981737 0.944685969293 0.0881923801651 0.05879492011
0 0.147399998868 0.928371969651 0.0251020550709 0.0167347033806
0 0.197599997765 0.935597969493 0.0204401006829 0.0136267337886
0 0.280999995931 0.895177970381 0.035257897433 0.0235052649554
0 0.362999994128 0.936479969473 0.0201992960273 0.0134661973515
0 0.284999995843 0.985841968388 0.0247249197598 0.0164832798399
0 0.371599993939 0.990723968281 0.0228341975853 0.0152227983902
0 0.41159999306 0.920499969824 0.0208631412364 0.0139087608243
0 0.430199992651 0.94842996921 0.0689447275158 0.0459631516772
0 0.457399992053 0.91932596985 0.0271071446167 0.0180714297445
0 0.432799992594 0.913723969973 0.0350539950521 0.0233693300348
0 0.646199987902 0.908455970089 0.0198428378621 0.0132285585747
0 0.676799987229 0.988679968325 0.0233825871522 0.0155883914348
0 0.653799987735 0.889243970512 0.156339009424 0.104226006283
0 0.576799989428 0.851255971347 0.0712787716549 0.0475191811032
0 0.472799991714 0.884553970615 0.0219669446638 0.0146446297759
0 0.465199991882 0.868551970967 0.0400794318989 0.0267196212659
0 0.454999992106 0.891961970452 0.0378241389947 0.0252160926632
0 0.507799990945 0.855369971256 0.121917992263 0.0812786615087
0 0.549199990035 0.897763970324 0.0419484875904 0.0279656583936
0 0.536599990312 0.909299970071 0.0346396606653 0.0230931071102
0 0.475799991648 0.90707797012 0.0302190056014 0.0201460037343
0 0.747199985682 0.889907970497 0.0428010983225 0.0285340655483
0 0.771799985141 0.940069969394 0.0207744966302 0.0138496644201
0 0.778999984983 0.920373969827 0.0331269642052 0.0220846428035
0 0.735199985945 0.98892796832 0.0289507743443 0.0193005162295
0 0.853999983334 0.979071968537 0.0202213582451 0.0134809054967
0 0.861999983158 0.989287968312 0.0266713416143 0.0177808944096
0 0.794199984648 0.952697969117 0.0266974601144 0.0177983067429
0 0.946799981293 0.978833968542 0.0322291407666 0.0214860938444
0 0.938199981482 0.986909968364 0.0204148725862 0.0136099150575
0 0.878999982784 0.974797968631 0.0335061771242 0.0223374514161
0 0.891599982507 0.938229969435 0.0218783989914 0.0145855993276
0 0.937799981491 0.909517970066 0.0298576996843 0.0199051331229
0 0.875799982854 0.921895969794 0.0533065724237 0.0355377149492
0 0.979199980581 0.889711970501 0.0452900726549 0.03019338177
0 0.978599980594 0.823287971962 0.0240512801132 0.0160341867421
0 0.894999982432 0.860461971144 0.0221169281716 0.014744618781
0 0.959999981003 0.783985972826 0.051636967096 0.0344246447307
0 0.943799981359 0.760273973347 0.0387224571018 0.0258149714012
0 0.987799980392 0.713567974374 0.023177398633 0.0154515990887
0 0.89419998245 0.704681974569 0.0205252826091 0.0136835217394
0 0.920599981869 0.740823973775 0.0220615252927 0.0147076835285
0 0.978399980599 0.691235974865 0.0291531927195 0.019435461813
0 0.970199980779 0.695961974761 0.037059084598 0.0247060563987
0 0.944799981337 0.687267974952 0.0232689123168 0.0155126082112
0 0.868199983021 0.772497973078 0.022591216388 0.0150608109253
0 0.861799983162 0.759087973373 0.0233583483927 0.0155722322618
0 0.802399984468 0.768449973167 0.0211530170132 0.0141020113422
0 0.79459998464 0.732775973952 0.0847235663466 0.0564823775644
0 0.802599984464 0.884139970624 0.0446099033833 0.0297399355889
0 0.786599984815 0.765719973227 0.0224032423348 0.0149354948898
0 0.71679998635 0.766893973202 0.020294272391 0.0135295149273
0 0.751799985581 0.682667975053 0.0472099802746 0.0314733201831
0 0.737999985884 0.676783975183 0.0476301517505 0.0317534345003
0 0.664399987502 0.703977974585 0.0211623167822 0.0141082111881
0 0.780599984947 0.636755976063 0.0702754848791 0.0468503232527
0 0.751599985585 0.612921976587 0.0267129927072 0.0178086618048
0 0.825199983967 0.696987974738 0.0637348782294 0.0424899188196
0 0.895599982419 0.668991975354 0.0199935139058 0.0133290092706
0 0.873399982907 0.629173976229 0.0210530939639 0.0140353959759
0 0.913599982023 0.653109975703 0.0399432001771 0.0266288001181
0 0.765199985286 0.855075971263 0.0228682307823 0.0152454871882
0 0.832599983804 0.908387970091 0.0216237436161 0.0144158290774
0 0.559599989806 0.879623970723 0.027971033792 0.0186473558613
0 0.628799988285 0.691875974851 0.0204454431033 0.0136302954022
0 0.664399987502 0.736555973869 0.149288003753 0.0995253358354
0 0.477199991618 0.796655972547 0.0206647791433 0.0137765194289
0 0.563399989723 0.792563972637 0.079774407392 0.0531829382613
0 0.485199991442 0.716097974318 0.0982791667961 0.0655194445307
0 0.574999989468 0.735009973902 0.053735549 0.0358236993333
0 0.407599993148 0.773147973064 0.051887961924 0.034591974616
0 0.346799994485 0.83748397165 0.0596872032607 0.0397914688405
0 0.397799993363 0.873237970864 0.0243661861192 0.0162441240795
0 0.258799996419 0.800497972463 0.0231228861576 0.0154152574384
0 0.443199992365 0.771841973093 0.0336150042077 0.0224100028051
0 0.433599992576 0.796923972541 0.0608476957052 0.0405651304702
0 0.175399998253 0.708183974492 0.0272896773158 0.0181931182106
0 0.115999999559 0.783723972832 0.0204840272511 0.0136560181674
0 0.111599999655 0.770339973126 0.0389830484999 0.0259886989999
0 0.0963999999897 0.786835972763 0.0278712096764 0.0185808064509
0 0.0658000006624 0.805297972357 0.027735175822 0.0184901172147
0 0.240999996811 0.751581973538 0.0345453768375 0.023030251225
0 0.123399999396 0.676033975199 0.0487799593541 0.0325199729027
0 0.125199999356 0.649731975777 0.067090511881 0.0447270079207
0 0.0604000007811 0.697055974737 0.0482710443383 0.0321806962256
0 0.199399997725 0.685047975001 0.0659615792907 0.0439743861938
0 0.235399996934 0.644053975902 0.147452783391 0.0983018555941
0 0.0500000010098 0.635365976093 0.0734957772124 0.0489971848082
0 0.0506000009966 0.673619975252 0.0287010656546 0.0191340437697
0 0.0366000013044 0.678341975148 0.0227446625757 0.0151631083838
0 0.0256000015462 0.703837974588 0.0248278108205 0.0165518738804
0 0.0336000013703 0.747573973626 0.0232431895517 0.0154954597011
0 0.0192000016869 0.648823975797 0.0242051220357 0.0161367480238
0 0.0696000005789 0.517541978684 0.0528799702566 0.0352533135044
0 0.0564000008691 0.451699980131 0.081756445383 0.054504296922
0 0.0372000012912 0.51272197879 0.0350525110464 0.0233683406976
0 0.0626000007328 0.581415977279 0.0440428153448 0.0293618768965
0 0.075600000447 0.655769975645 0.0615335041985 0.0410223361323
0 0.179799998156 0.584429977213 0.0393987679587 0.0262658453058
0 0.195199997818 0.556645977824 0.0345804983054 0.0230536655369
0 0.125599999348 0.561061977727 0.0405539179828 0.0270359453218
0 0.206799997562 0.51450597875 0.0293752989035 0.0195835326023
0 0.31559999517 0.51177197881 0.0356034728899 0.0237356485933
0 0.508399990932 0.536055978277 0.0551068691853 0.0367379127902
0 0.397199993376 0.43537798049 0.0992532681268 0.0661688454179
0 0.343799994551 0.426303980689 0.0330468278983 0.0220312185989
0 0.364799994089 0.428859980633 0.0620027467956 0.0413351645304
0 0.314399995197 0.403045981201 0.0520798933257 0.0347199288838
0 0.301599995478 0.465893979819 0.0426963275212 0.0284642183475
0 0.434599992554 0.486971979356 0.147343956308 0.0982293042051
0 0.501599991081 0.391045981465 0.036288292046 0.0241921946973
0 0.479199991574 0.379171981726 0.0636439581479 0.0424293054319
0 0.530399990448 0.431215980581 0.0401846973687 0.0267897982458
0 0.463399991921 0.414155980957 0.0485082873803 0.0323388582535
0 0.489599991345 0.433073980541 0.0207190937514 0.0138127291676
0 0.462399991943 0.676179975196 0.029251334962 0.0195008899747
0 0.53119999043 0.657773975601 0.0251389573455 0.016759304897
0 0.605399988799 0.490805979271 0.0351532255655 0.0234354837103
0 0.594199989045 0.472263979679 0.0201570513322 0.0134380342214
0 0.577199989419 0.474193979637 0.0424902485987 0.0283268323991
0 0.596399988997 0.593753977008 0.0224879295924 0.0149919530616
0 0.594199989045 0.604719976767 0.0206705172987 0.0137803448658
0 0.64539998792 0.658833975577 0.0200184452013 0.0133456301342
0 0.682599987102 0.606135976736 0.0522471902331 0.0348314601554
0 0.704999986609 0.623387976357 0.0244143668371 0.0162762445581
0 0.707999986543 0.600549976859 0.0224242162818 0.0149494775212
0 0.745999985708 0.575127977418 0.0392895451404 0.0261930300936
0 0.739799985844 0.55455597787 0.024634791148 0.0164231940986
0 0.640199988034 0.608103976693 0.0967999099307 0.0645332732872
0 0.643399987964 0.552661977911 0.0792846855164 0.052856457011
0 0.690599986926 0.560309977743 0.0222320870126 0.0148213913417
0 0.722199986231 0.559067977771 0.0205190497852 0.0136793665235
0 0.718999986302 0.538241978228 0.0353799816339 0.0235866544226
0 0.65719998766 0.513351978776 0.0435513126624 0.0290342084416
0 0.702799986658 0.491101979265 0.0246009558184 0.0164006372123
0 0.745999985708 0.505285978953 0.0209742437952 0.0139828291968
0 0.791199984714 0.541291978161 0.0272064740638 0.0181376493759
0 0.777199985022 0.548647978 0.0228046164053 0.0152030776035
0 0.786999984807 0.487903979335 0.0321024066813 0.0214016044542
0 0.889999982542 0.564237977657 0.0297666806691 0.0198444537794
0 0.802199984472 0.447443980225 0.0208033852742 0.0138689235161
0 0.782199984912 0.455419980049 0.0473921172388 0.0315947448259
0 0.669999987379 0.411915981006 0.0337535114048 0.0225023409365
0 0.833999983773 0.547149978033 0.0199732324948 0.0133154883299
0 0.83459998376 0.459445979961 0.0250915680974 0.0167277120649
0 0.852199983373 0.450705980153 0.0213572161953 0.0142381441302
0 0.893799982459 0.469915979731 0.0222910515051 0.0148607010034
0 0.857999983246 0.418397980863 0.0206350990297 0.0137567326865
0 0.855399983303 0.515711978724 0.036168285453 0.024112190302
0 0.92239998183 0.519859978633 0.0915127934151 0.0610085289434
0 0.895399982423 0.549505977981 0.0386542917741 0.0257695278494
0 0.945199981329 0.562547977694 0.056177925554 0.0374519503693
0 0.92239998183 0.570823977512 0.0669895994946 0.0446597329964
0 0.902199982274 0.531467978377 0.0247993179114 0.0165328786076
0 0.882399982709 0.525323978512 0.0566079904011 0.0377386602674
0 0.833799983778 0.55226397792 0.170095742111 0.113397161407
0 0.97559998066 0.47447997963 0.0225753869941 0.015050257996
0 0.984999980454 0.590069977089 0.0209614813463 0.0139743208976
0 0.986799980414 0.60915197667 0.0216247329532 0.0144164886355
0 0.911799982063 0.421157980803 0.0482230614879 0.0321487076586
0 0.942599981386 0.413323980975 0.115041109925 0.0766940732836
0 0.989399980357 0.370841981909 0.0204970865011 0.0136647243341
0 0.984199980471 0.389495981499 0.0290327903917 0.0193551935945
0 0.952999981157 0.338193982627 0.0218466412697 0.0145644275131
0 0.957199981065 0.378593981738 0.0198048473166 0.0132032315444
0 0.936999981509 0.357017982213 0.0203244471733 0.0135496314488
0 0.908799982129 0.367809981975 0.0957972167572 0.0638648111715
0 0.96379998092 0.246589984641 0.024931493351 0.0166209955673
0 0.907599982155 0.277063983971 0.0200198302733 0.0133465535155
0 0.899799982327 0.243287984713 0.0224866434542 0.0149910956361
0 0.862599983145 0.360251982142 0.0450354172796 0.0300236115198
0 0.848999983444 0.396557981343 0.0523853016954 0.0349235344636
0 0.814399984204 0.341547982553 0.138629874934 0.0924199166226
0 0.853599983342 0.288381983722 0.0770928091218 0.0513952060812
0 0.815599984178 0.231233984978 0.033604220433 0.022402813622
0 0.807199984363 0.26297398428 0.040025414092 0.0266836093947
0 0.843999983553 0.255119984453 0.0645845209501 0.0430563473001
0 0.82139998405 0.243169984716 0.0373833893067 0.0249222595378
0 0.760999985378 0.255413984447 0.0212867753922 0.0141911835948
0 0.869599982991 0.198507985698 0.0323720010471 0.0215813340314
0 0.729399986073 0.27754598396 0.0275444316248 0.0183629544166
0 0.742199985792 0.277727983956 0.0571177958202 0.0380785305468
0 0.723599986201 0.241683984748 0.0743157398194 0.0495438265462
0 0.674599987278 0.346321982448 0.0221314714273 0.0147543142848
0 0.724199986187 0.412399980995 0.0997904781842 0.0665269854562
0 0.621799988439 0.424629980726 0.0213089365437 0.0142059576958
0 0.60219998887 0.430913980588 0.0274887319448 0.0183258212966
0 0.536199990321 0.340651982573 0.0356469047896 0.023764603193
0 0.5143999908 0.344585982486 0.0202629104042 0.0135086069362
0 0.511399990866 0.360753982131 0.0439734628125 0.029315641875
0 0.519199990694 0.379319981722 0.0255966246983 0.0170644164656
0 0.572799989516 0.374361981831 0.133199403469 0.0887996023129
0 0.558399989832 0.273729984044 0.0233903039817 0.0155935359878
0 0.526399990536 0.286785983757 0.034923402552 0.023282268368
0 0.467399991833 0.277807983954 0.0202184891675 0.0134789927783
0 0.465999991864 0.290305983679 0.0297119703262 0.0198079802175
0 0.544999990127 0.24708998463 0.0798894672993 0.0532596448662
0 0.671199987353 0.191401985854 0.0254402104993 0.0169601403329
0 0.551999989973 0.177123986168 0.0497022194195 0.0331348129464
0 0.611799988658 0.29027998368 0.0242031433615 0.0161354289077
0 0.622399988425 0.170395986316 0.0496294042073 0.0330862694716
0 0.58759998919 0.154303986669 0.0655086607561 0.0436724405041
0 0.479599991565 0.218653985255 0.0287575568043 0.0191717045362
0 0.528199990496 0.163953986457 0.031648696677 0.021099131118
0 0.636599988113 0.357819982195 0.0242492464714 0.0161661643143
0 0.430999992633 0.340091982585 0.0219027366846 0.0146018244564
0 0.430399992647 0.350913982347 0.0202405513853 0.0134937009235
0 0.415599992972 0.345343982469 0.0217503787677 0.0145002525118
0 0.291799995694 0.330653982792 0.0705156959324 0.0470104639549
0 0.273799996089 0.317919983072 0.0635757928201 0.0423838618801
0 0.33519999474 0.301923983424 0.0322998783709 0.0215332522473
0 0.319999995074 0.315615983123 0.0303170489103 0.0202113659402
0 0.355399994295 0.254547984466 0.0432283930256 0.0288189286838
0 0.413799993012 0.267291984185 0.0392769805589 0.026184653706
0 0.417599992928 0.181035986082 0.060015762119 0.0400105080794
0 0.375399993856 0.16926998634 0.0332216437678 0.0221477625119
0 0.390399993526 0.247747984615 0.0267519725898 0.0178346483932
0 0.31059999528 0.21749198528 0.0265527200934 0.0177018133956
0 0.376399993834 0.219041985246 0.0276478173541 0.0184318782361
0 0.332599994797 0.193767985802 0.0223287452495 0.0148858301663
0 0.33879999466 0.134113987113 0.0199612615156 0.0133075076771
0 0.284399995856 0.148435986798 0.0208052650147 0.0138701766765
0 0.302399995461 0.297503983521 0.0318677359158 0.0212451572772
0 0.148599998842 0.43175598057 0.102599206275 0.0683994708497
0 0.109399999704 0.425139980715 0.0618866975511 0.0412577983674
0 0.0374000012868 0.407061981113 0.0331058913245 0.0220705942163
0 0.144999998921 0.380881981688 0.0350332189726 0.023355479315
0 0.106999999757 0.329957982808 0.020383312732 0.0135888751547
0 0.108999999713 0.314129983156 0.0474717588772 0.0316478392514
0 0.0700000005701 0.333345982733 0.0319489604936 0.0212993069957
0 0.218199997312 0.351201982341 0.0288064300581 0.0192042867054
0 0.187599997985 0.249031984587 0.0293672852728 0.0195781901819
0 0.167199998433 0.266755984197 0.0338784646833 0.0225856431222
0 0.175199998257 0.285873983777 0.0249036929778 0.0166024619852
0 0.0662000006536 0.202639985607 0.0205822684273 0.0137215122849
0 0.0975999999633 0.151307986735 0.0415942059669 0.0277294706446
0 0.132599999194 0.195947985754 0.0230658014056 0.0153772009371
0 0.0390000012516 0.0234999895452 0.0201743647318 0.0134495764879
0 0.151799998772 0.0997919878679 0.0207392762287 0.0138261841524
0 0.0314000014187 0.0454619890624 0.0695728576548 0.0463819051032
0 0.0664000006492 0.114655987541 0.181311857067 0.120874571378
0 0.15779999864 0.062719988683 0.0401475972266 0.0267650648177
0 0.223599997193 0.193623985805 0.0488004386325 0.032533625755
0 0.200599997699 0.188663985914 0.0323625034107 0.0215750022738
0 0.213199997422 0.175859986196 0.0242818945964 0.0161879297309
0 0.17279999831 0.0987719878904 0.0218930411808 0.0145953607872
0 0.207599997545 0.087917988129 0.0214462565363 0.0142975043575
0 0.233999996964 0.0684819885563 0.0252190936524 0.0168127291016
0 0.260799996375 0.0930379880164 0.0302420571564 0.0201613714376
0 0.258999996415 0.131697987166 0.0445785413965 0.0297190275977
0 0.242999996767 0.145373986866 0.0235547318115 0.015703154541
0 0.236999996899 0.127645987256 0.0223142019938 0.0148761346625
0 0.243599996753 0.115017987533 0.0243144437877 0.0162096291918
0 0.21919999729 0.120099987421 0.0215595356368 0.0143730237579
0 0.171599998336 0.157127986607 0.0261805314679 0.0174536876453
0 0.17099999835 0.127783987253 0.0385259747493 0.0256839831662
0 0.255199996498 0.173535986247 0.0285648339328 0.0190432226219
0 0.245999996701 0.0393339891971 0.065612541154 0.0437416941026
0 0.322799995012 0.110455987633 0.0422675488124 0.0281783658749
0 0.354999994304 0.0592799887586 0.0858126286509 0.0572084191006
0 0.336399994713 0.0293759894161 0.0222794762608 0.0148529841738
0 0.462199991947 0.100095987861 0.0207571832306 0.0138381221537
0 0.464399991899 0.0474959890177 0.0323118493501 0.0215412329
0 0.532199990408 0.0935019880062 0.0625016695064 0.0416677796709
0 0.485399991437 0.146409986843 0.0650578198294 0.0433718798863
0 0.423599992796 0.0848979881954 0.100876770345 0.0672511802297
0 0.462199991947 0.1165339875 0.042609067987 0.0284060453247
0 0.582399989305 0.11426998755 0.0560334823341 0.0373556548894
0 0.634199988166 0.123073987356 0.0267675051826 0.0178450034551
0 0.641799987999 0.109571987653 0.0203097060501 0.0135398040334
0 0.614799988593 0.130845987185 0.0324834993408 0.0216556662272
0 0.579399989371 0.0829099882391 0.0325065508958 0.0216710339305
0 0.559999989797 0.0732439884516 0.0285562266999 0.0190374844666
0 0.589599989147 0.0554119888436 0.0670150254586 0.0446766836391
0 0.514599990795 0.0632619886711 0.0288392760506 0.0192261840337
0 0.563799989714 0.209129985464 0.0275032752005 0.0183355168004
0 0.656199987682 0.064719988639 0.0256506425052 0.0171004283368
0 0.685199987045 0.0506999889472 0.0394909741785 0.026327316119
0 0.736999985906 0.136621987058 0.0218545559667 0.0145697039778
0 0.79459998464 0.190083985883 0.026923127912 0.0179487519413
0 0.785799984833 0.151031986741 0.049192216133 0.0327948107553
0 0.717199986341 0.0790279883244 0.0215842690649 0.0143895127099
0 0.755199985506 0.192191985836 0.0439638662424 0.0293092441616
0 0.767999985224 0.118585987455 0.0257945910565 0.0171963940377
0 0.867999983026 0.0322019893539 0.0319620197436 0.0213080131624
0 0.881199982736 0.0504119889536 0.0353045941452 0.0235363960968
0 0.893199982472 0.0694439885351 0.0447506860558 0.0298337907039
0 0.849199983439 0.125715987298 0.0565586224786 0.0377057483191
0 0.889799982547 0.192911985821 0.0200940305575 0.0133960203716
0 0.92419998179 0.209875985448 0.0371228968424 0.0247485978949
0 0.916999981949 0.227667985057 0.0238266016527 0.0158844011018
0 0.90599998219 0.216893985293 0.0241942393274 0.0161294928849
0 0.893599982463 0.204123985574 0.0225242382648 0.0150161588432
0 0.869199982999 0.0902139880785 0.0237451792075 0.0158301194717
0 0.869599982991 0.0754519884031 0.0307190165831 0.0204793443887
0 0.89099998252 0.145233986869 0.0570993941497 0.0380662627665
0 0.93239998161 0.160015986544 0.0276960970057 0.0184640646705
0 0.873799982898 0.218125985266 0.0328614261215 0.0219076174144
0 0.91739998194 0.187379985942 0.0647044286093 0.0431362857396
0 0.943399981368 0.20568398554 0.0199681868755 0.0133121245837
0 0.938199981482 0.223207985155 0.0220085957567 0.0146723971711
0 0.953599981144 0.157235986605 0.0426942499133 0.0284628332755
0 0.9373999815 0.136809987054 0.0198288882087 0.0132192588058
0 0.92919998168 0.123431987348 0.0248183131842 0.0165455421228
0 0.989999980344 0.168671986354 0.0219697148077 0.0146464765385
0 0.313999995206 0.477329979568 0.0629362853042 0.0419575235362
0 0.356599994269 0.278265983944 0.0322127177704 0.0214751451803
0 0.100199999906 0.375043981816 0.0684153332216 0.0456102221477
