0 0.119399985374 0.177040008155 0.243538226178 0.162358806743
0 0.267199991873 0.264820006225 0.483780969966 0.322520625372
0 0.52640000327 0.43332000252 0.70729698882 0.47153129478
0 0.931200021069 0.624739998312 0.180503592448 0.120335720362
0 0.223599989956 0.592759999015 0.251377734569 0.167585145326
0 0.299599993297 0.686059996964 0.150349582318 0.100233048268
0 0.19639998876 0.546900000023 0.132798739452 0.0885324871291
0 0.462200000447 0.490900001255 0.109277246265 0.0728514927054
0 0.252199991213 0.616159998501 0.134694309629 0.0897962004967
0 0.244599990879 0.532680000336 0.0632809787052 0.0421873163543
0 0.3041999935 0.595219998961 0.0465688959623 0.0310459285939
0 0.210599989384 0.69169999684 0.0589265097204 0.0392843372226
0 0.0953999843186 0.98279999044 0.021356328609 0.014237551467
0 0.0943999842746 0.955299991045 0.0213300122381 0.0142200072208
0 0.0449999821024 0.960179990937 0.0256371909022 0.0170914594742
0 0.0717999832809 0.968539990754 0.0334193177332 0.022279543686
0 0.106199984793 0.947599991214 0.0653529477139 0.0435686289356
0 0.0729999833336 0.954499991062 0.065663698545 0.0437757961427
0 0.284799992647 0.940199991377 0.0763480462073 0.0508986941145
0 0.263399991706 0.915679991916 0.0265979363084 0.0177319563694
0 0.246599990967 0.968179990761 0.0235680909715 0.0157120596114
0 0.227399990123 0.991479990249 0.0201099615379 0.013406640141
0 0.139399986253 0.915859991912 0.024821185536 0.0165474559326
0 0.209799989349 0.92957999161 0.136686834856 0.0911245505606
0 0.238399990606 0.888719992508 0.0311347401489 0.0207564920636
0 0.912400020243 0.937539991435 0.0322384447882 0.0214922951079
0 0.801800015379 0.942139991334 0.137663310725 0.0917755344301
0 0.86640001822 0.937799991429 0.0234215701244 0.0156143790531
0 0.880800018853 0.951179991135 0.0250837556429 0.016722502659
0 0.895600019504 0.913599991961 0.0237117427407 0.0158078274512
0 0.887800019161 0.930879991582 0.0341783372736 0.0227855566796
0 0.91440002033 0.983119990433 0.0364862632171 0.0243241738738
0 0.941800021535 0.970819990703 0.0204330790847 0.0136220518246
0 0.988400023584 0.926959991668 0.025006290536 0.0166708592578
0 0.973400022925 0.91137999201 0.0253529543094 0.0169019684248
0 0.956600022186 0.816199994103 0.0241778195205 0.0161185452839
0 0.921600020647 0.835219993685 0.0198254281439 0.0132169512242
0 0.903800019864 0.883879992615 0.0257661015462 0.0171773998979
0 0.935000021236 0.774779995013 0.0303671133744 0.0202447409144
0 0.957000022204 0.796959994526 0.0642983142023 0.0428655399743
0 0.945000021676 0.734479995899 0.0660207503595 0.0440138306701
0 0.899000019653 0.848019993403 0.0217811500254 0.0145207657259
0 0.882400018923 0.902199992212 0.0808429021483 0.0538952645441
0 0.885000019038 0.824879993912 0.0223372564952 0.014891503348
0 0.901600019768 0.831099993775 0.0241605061186 0.0161070030167
0 0.883800018985 0.789659994686 0.0686564437349 0.0457709594711
0 0.830000016619 0.780339994891 0.0673039207765 0.0448692775583
0 0.872400018484 0.731039995975 0.0620777467382 0.0413851617626
0 0.895200019486 0.75853999537 0.0979221279457 0.0652814143248
0 0.848600017437 0.714939996329 0.0556858366149 0.0371238886281
0 0.750600013128 0.789439994691 0.0282930667575 0.0188620432609
0 0.698400010833 0.764839995232 0.0224192725535 0.0149461807166
0 0.293999993051 0.876979992767 0.0527287075661 0.0351524693922
0 0.29579999313 0.828179993839 0.0198095987479 0.0132063982942
0 0.278599992374 0.858939993163 0.0230732244777 0.0153821486372
0 0.264199991741 0.84089999356 0.0288823160253 0.0192548760802
0 0.258199991477 0.857879993186 0.0332243193607 0.0221495447796
0 0.269799991987 0.882099992654 0.021349502182 0.0142330005159
0 0.247199990993 0.857199993201 0.0398411058416 0.0265607354759
0 0.363199996094 0.793219994608 0.0292101823909 0.0194734536429
0 0.245199990905 0.739299995793 0.055668523213 0.0371123463609
0 0.298999993271 0.742059995733 0.0216620338202 0.0144413549276
0 0.201999989006 0.732339995946 0.0213799737694 0.0142533149062
0 0.0931999842218 0.794999994569 0.0568317859549 0.0378878548043
0 0.0779999835535 0.860519993128 0.0207940882482 0.0138627245845
0 0.0853999838789 0.877239992761 0.0313537794167 0.0209025182325
0 0.0935999842394 0.85635999322 0.0303767099458 0.0202511386282
0 0.331399994696 0.766779995189 0.0881332294309 0.058755482412
0 0.0485999822607 0.883939992614 0.0207787535208 0.0138525014335
0 0.0489999822783 0.847499993415 0.0207136551296 0.0138091025089
0 0.0529999824542 0.923859991736 0.1363108867 0.0908739184731
0 0.058999982718 0.805839994331 0.026738916867 0.0178259434023
0 0.0109999806075 0.743199995708 0.0203754996565 0.0135836655418
0 0.0527999824454 0.696359996737 0.0599102077509 0.0399401358663
0 0.0305999814693 0.672539997261 0.0367929577655 0.0245286368925
0 0.0319999815308 0.648279997795 0.0419439421726 0.0279626262708
0 0.0971999843977 0.621019998394 0.0221237575161 0.0147491707046
0 0.0705999832281 0.620959998395 0.0993195668154 0.0662130401765
0 0.0957999843362 0.688779996904 0.131900421227 0.0879336083515
0 0.150199986728 0.656039997624 0.0490376881431 0.0326917899392
0 0.184199988223 0.666899997385 0.0415396989711 0.0276931308208
0 0.128799985787 0.624679998313 0.0631101201616 0.0420734106661
0 0.0301999814517 0.507340000893 0.0210992987907 0.0140661982661
0 0.104999984741 0.575859999387 0.0941112997814 0.0627408623828
0 0.0615999828324 0.484340001399 0.0356199995185 0.0237466647795
0 0.0829999837733 0.487380001332 0.0286281552851 0.0190854355979
0 0.10339998467 0.526980000461 0.0570759543889 0.0380506337496
0 0.159999987159 0.68167999706 0.0235230761265 0.0156820497167
0 0.366399996235 0.587579999129 0.0312901650313 0.0208601086451
0 0.348399995443 0.540320000168 0.0659905755733 0.0439937141472
0 0.289599992858 0.516660000688 0.042536555187 0.0283577015877
0 0.280799992471 0.472360001662 0.0385818773862 0.0257212498943
0 0.351799995593 0.469660001722 0.0249868995259 0.0166579319186
0 0.414399998345 0.561959999692 0.0523928275687 0.0349285494088
0 0.423399998741 0.587839999123 0.0326086547882 0.0217391017583
0 0.525400003226 0.596779998927 0.0207396746993 0.0138264488876
0 0.55960000473 0.641239997949 0.0362272547243 0.0241515015566
0 0.546000004132 0.669719997323 0.0221348380933 0.0147565577556
0 0.560400004765 0.752619995501 0.0208395977619 0.0138930642582
0 0.584000005803 0.708459996471 0.0341175919663 0.0227450598107
0 0.547600004202 0.704159996566 0.05370904185 0.0358060255384
0 0.577000005495 0.65941999755 0.0338982558974 0.0225988357744
0 0.448199999831 0.567179999578 0.0421080732228 0.0280720469637
0 0.609200006911 0.6252799983 0.0405361152617 0.0270240750588
0 0.600800006541 0.562299999685 0.0199577025346 0.0133051341455
0 0.697000010771 0.556499999812 0.0294267483156 0.0196178309165
0 0.540200003877 0.520540000603 0.0624275763909 0.0416183815156
0 0.483800001397 0.519140000634 0.0327101607904 0.021806772422
0 0.500800002144 0.515940000704 0.0272930446623 0.0181953619081
0 0.638800008212 0.508440000869 0.0234059385958 0.0156039580347
0 0.672800009707 0.50932000085 0.0538857374833 0.0359238226195
0 0.728000012134 0.579959999297 0.022917898529 0.0152785980116
0 0.636200008098 0.587559999129 0.0271652222892 0.0181101469984
0 0.614000007122 0.594879998969 0.0288048509184 0.019203232679
0 0.556400004589 0.587739999126 0.0343739292485 0.0229159513209
0 0.593200006207 0.603339998783 0.0268132160947 0.0178754762175
0 0.715600011589 0.523200000544 0.0211515357977 0.0141010229351
0 0.74040001268 0.506980000901 0.060423376984 0.0402822486658
0 0.786400014702 0.516540000691 0.0956526872214 0.0637684539417
0 0.849200017464 0.546380000035 0.0274759731204 0.0183173142054
0 0.806000015564 0.485360001376 0.0212519535289 0.0141679680848
0 0.826800016479 0.48746000133 0.0374505702375 0.0249670451783
0 0.58780000597 0.471220001687 0.0314917919635 0.0209945265909
0 0.731200012275 0.534960000286 0.0422752712186 0.0281835122868
0 0.781200014474 0.585099999184 0.0210911862253 0.0140607898894
0 0.481200001282 0.760159995335 0.0283012782567 0.0188675175934
0 0.711800011422 0.693139996808 0.0274106768617 0.0182737833692
0 0.845400017296 0.613759998553 0.0321539553868 0.0214359688441
0 0.913800020304 0.682459997043 0.115213269783 0.0768088414558
0 0.826200016452 0.647679997808 0.0230345413911 0.0153563599145
0 0.820400016197 0.574479999417 0.021304487337 0.0142029906212
0 0.86800001829 0.557719999786 0.0478117014193 0.0318744655106
0 0.971400022837 0.552919999891 0.0329772818487 0.0219848531157
0 0.976400023057 0.563779999652 0.0209543608832 0.0139695730008
0 0.872800018501 0.567779999564 0.0795115510071 0.0530076971752
0 0.950600021922 0.531860000354 0.0290592095261 0.019372805073
0 0.989400023628 0.447420002211 0.0223509093493 0.0149006052501
0 0.990400023672 0.459300001949 0.0265086980882 0.0176724642266
0 0.970000022775 0.452380002101 0.03001936133 0.0200129062334
0 0.938400021386 0.373020003846 0.0256799302715 0.0171199523852
0 0.905200019926 0.43924000239 0.0232273632217 0.0154849077931
0 0.967800022678 0.420840002795 0.0450166258125 0.0300110818956
0 0.97260002289 0.392640003415 0.0456710724053 0.0304473795954
0 0.974600022977 0.503480000978 0.0325802608091 0.0217201724402
0 0.926800020876 0.522360000563 0.0282944518297 0.0188629666423
0 0.908000020049 0.535960000264 0.0355631126265 0.0237087401873
0 0.898800019645 0.507520000889 0.0689897514554 0.0459931646034
0 0.830000016619 0.455360002036 0.0660274778529 0.0440183156653
0 0.756600013392 0.429820002597 0.0309511191548 0.0206340780756
0 0.800600015327 0.451960002111 0.0288378947827 0.0192252619204
0 0.784800014632 0.385000003583 0.0215943631521 0.0143962411519
0 0.777600014315 0.43788000242 0.025814084403 0.0172093884669
0 0.890200019266 0.420320002806 0.0537628617965 0.0358419055004
0 0.828400016549 0.374780003808 0.0199849093091 0.013323271994
0 0.802600015415 0.348340004389 0.0958917111016 0.0639278031847
0 0.891600019328 0.349600004361 0.025057439272 0.0167049584129
0 0.716600011633 0.348780004379 0.0408936617449 0.0272624393652
0 0.697000010771 0.420460002803 0.0483781959303 0.032252128493
0 0.834200016804 0.525800000487 0.0533404147895 0.035560274181
0 0.79680001516 0.415320002916 0.0250476448332 0.0166984287874
0 0.636600008115 0.439800002378 0.0724138476876 0.0482758952743
0 0.615000007166 0.430480002583 0.031741896421 0.021161262885
0 0.663200009285 0.460380001926 0.0256331346194 0.0170887552859
0 0.684400010217 0.456280002016 0.0351092046949 0.0234061349195
0 0.600800006541 0.549079999975 0.0243693552126 0.0162462357369
0 0.710600011369 0.499420001067 0.0207884490259 0.0138589651032
0 0.695800010718 0.491080001251 0.0305275838768 0.0203517212422
0 0.613600007104 0.404260003159 0.0222585052499 0.0148390025212
0 0.625400007623 0.386860003542 0.0213987711772 0.0142658465105
0 0.605200006735 0.371160003887 0.0374747100665 0.0249831383965
0 0.580200005635 0.398860003278 0.020431496145 0.0136209965316
0 0.700400010921 0.396560003329 0.0550700731087 0.036713379651
0 0.702000010991 0.369860003916 0.0538224198991 0.0358816108995
0 0.615400007183 0.35558000423 0.0209001452017 0.0139334292155
0 0.623200007526 0.339900004574 0.0211320458538 0.01408802964
0 0.576000005451 0.339360004586 0.0202864593038 0.0135243053105
0 0.490600001696 0.420700002798 0.0242124463243 0.0161416298183
0 0.485400001467 0.395820003345 0.0201066967249 0.0134044635992
0 0.42679999889 0.433180002524 0.0563598720853 0.0375732455787
0 0.447999999823 0.421640002777 0.0385408198902 0.0256938782321
0 0.432399999137 0.397540003307 0.0563587838143 0.0375725200647
0 0.414599998354 0.37876000372 0.036026419262 0.0240176112572
0 0.423199998732 0.393020003407 0.0216809301617 0.0144539524878
0 0.408799998099 0.407740003083 0.0306646070864 0.0204430700426
0 0.394599997475 0.419580002823 0.0409718193879 0.0273145444571
0 0.364799996164 0.448840002179 0.026732782976 0.0178218541419
0 0.383999997008 0.459460001946 0.0234825132992 0.0156550078336
0 0.394599997475 0.475840001586 0.0467950584583 0.0311967035813
0 0.390799997307 0.444580002273 0.0536036774325 0.035735782598
0 0.402799997835 0.493900001189 0.0378731161782 0.0252487424535
0 0.296199993148 0.436340002454 0.0210929670323 0.0140619770941
0 0.438199999392 0.546460000033 0.0245187451378 0.0163458290138
0 0.259599991539 0.441780002335 0.0200255710702 0.0133503798329
0 0.238199990598 0.465540001812 0.0304405221986 0.0202936801272
0 0.194799988689 0.469760001719 0.0208826339324 0.0139217550367
0 0.216599989648 0.4979400011 0.0347428531101 0.0231619005458
0 0.201999989006 0.493640001194 0.0250581318081 0.0167054201036
0 0.169999987599 0.483240001423 0.0228211413456 0.015214093227
0 0.15659998701 0.47110000169 0.0222460396005 0.0148306920889
0 0.405799997967 0.345400004453 0.0536082283839 0.0357388165654
0 0.393399997422 0.368660003942 0.0387507572552 0.0258338364663
0 0.327999994546 0.383000003627 0.0372683343155 0.0248455545716
0 0.215399989595 0.392720003413 0.0237799080774 0.015853271006
0 0.185799988294 0.406760003104 0.0282937592936 0.0188625049516
0 0.292999993007 0.349940004354 0.0393069626588 0.0262046400442
0 0.39699999758 0.325040004901 0.0262416759637 0.0174944494886
0 0.375599996639 0.338520004605 0.0289481069526 0.0192987366956
0 0.137799986183 0.376680003766 0.0762378340374 0.0508252193394
0 0.124199985585 0.434080002504 0.081327380601 0.054218250158
0 0.0843999838349 0.421120002789 0.0707991503572 0.0471994304584
0 0.0873999839668 0.378800003719 0.0436654879263 0.0291103233642
0 0.0675999830962 0.40012000325 0.045452923541 0.0303019470288
0 0.108199984881 0.45518000204 0.064284364547 0.0428562402047
0 0.158799987106 0.453200002083 0.0287013662418 0.0191342428992
0 0.0731999833424 0.453860002069 0.0756710427252 0.0504473584895
0 0.0419999819705 0.439740002379 0.0201756535315 0.0134504348005
0 0.0253999812406 0.440100002371 0.0270920113325 0.0180613396971
0 0.0193999809768 0.426220002677 0.0286661458356 0.0191107626299
0 0.0421999819793 0.405020003143 0.0805080114882 0.0536720041188
0 0.00899998051951 0.371660003876 0.0201178762359 0.013411916606
0 0.0643999829555 0.340140004569 0.0454556936854 0.0303037937915
0 0.0675999830962 0.359140004151 0.0528714689317 0.0352476436297
0 0.11179998504 0.31644000509 0.02219795781 0.014798637564
0 0.0381999818034 0.368000003957 0.0305627053493 0.0203751355557
0 0.0203999810208 0.190820007852 0.03062513253 0.0204167536734
0 0.174199987783 0.246480006628 0.023802366033 0.0158682429754
0 0.193999988654 0.271240006084 0.0219721910489 0.0146481263998
0 0.201599988988 0.285760005765 0.0280581980937 0.0187054641621
0 0.132599985954 0.264400006234 0.060103919985 0.0400692773472
0 0.0401999818914 0.240300006764 0.0652598510784 0.0435065645161
0 0.0309999814869 0.166620008384 0.0223037179624 0.0148691443275
0 0.0425999819969 0.112560009572 0.0204753237853 0.0136502149566
0 0.205399989155 0.131080009165 0.0237982108166 0.0158654728313
0 0.0865999839316 0.268060006154 0.049382373242 0.03292157999
0 0.0923999841867 0.306800005302 0.040462211769 0.0269748060668
0 0.214799989569 0.316100005098 0.0219838652285 0.0146559091857
0 0.23279999036 0.269720006117 0.0206359921552 0.0137573271961
0 0.271199992049 0.278060005934 0.0364023674181 0.0242682433448
0 0.340999995118 0.27416000602 0.0506507036002 0.0337671335063
0 0.311599993825 0.330120004789 0.0513673795061 0.0342449174121
0 0.354199995698 0.297460005507 0.0244791716477 0.0163194466888
0 0.359399995927 0.256440006409 0.0306151402237 0.0204100921363
0 0.27419999218 0.236920006838 0.0241351790849 0.0160901183287
0 0.29419999306 0.240000006771 0.0370923312182 0.0247282191812
0 0.329399994608 0.229380007004 0.0205244938468 0.0136829949954
0 0.269999991996 0.257860006378 0.0501669176835 0.0334446095831
0 0.300199993324 0.265400006212 0.0474640483087 0.0316426967854
0 0.319199994159 0.246660006624 0.0333276061699 0.0222184026478
0 0.398999997668 0.242240006721 0.104567011605 0.0697113364719
0 0.419399998565 0.198860007675 0.0214725757362 0.0143150495467
0 0.377999996745 0.16452000843 0.0226337608699 0.0150891729181
0 0.338799995021 0.127840009237 0.0672466381496 0.0448310891428
0 0.268799991943 0.114460009531 0.0237240105226 0.0158160059719
0 0.242199990773 0.0965000099256 0.0332592429657 0.0221728271814
0 0.230799990272 0.105620009725 0.0245911646247 0.0163941086685
0 0.303599993473 0.118860009434 0.0302090172814 0.020139343526
0 0.509000002505 0.319920005014 0.0266226697398 0.0177484453226
0 0.490200001678 0.228500007024 0.0265013769926 0.0176675834964
0 0.519200002953 0.208240007469 0.0227689043387 0.015179268558
0 0.511000002593 0.228940007014 0.021900859833 0.014600572259
0 0.456200000183 0.216980007277 0.0200226030584 0.0133484011586
0 0.46500000057 0.217600007263 0.0987919532584 0.0658612978284
0 0.441599999541 0.189180007888 0.0261332446008 0.0174221619181
0 0.517600002883 0.181660008053 0.0415173399491 0.0276782248072
0 0.501400002171 0.190820007852 0.0275083244485 0.0183388817561
0 0.478000001142 0.1476800088 0.0422903091448 0.0281935375703
0 0.462400000456 0.127340009248 0.0339647393607 0.0226431580804
0 0.540800003903 0.151940008707 0.0238740929839 0.0159160609395
0 0.600800006541 0.104420009751 0.023561066677 0.0157073767487
0 0.586200005899 0.0963200099295 0.0243691573452 0.0162461038253
0 0.576800005486 0.105140009736 0.0716442422386 0.0477628250088
0 0.519200002953 0.11724000947 0.0241342886814 0.0160895247264
0 0.6044000067 0.15270000869 0.0264821838499 0.0176547880688
0 0.581200005679 0.156680008603 0.0372001689788 0.0248001110168
0 0.680800010059 0.160360008522 0.0227552514846 0.0151701666558
0 0.713600011501 0.157960008574 0.038844843228 0.025896560444
0 0.641600008335 0.17724000815 0.0233861518507 0.0155907668722
0 0.534000003604 0.205180007536 0.0238332333553 0.0158888211889
0 0.610400006963 0.193760007787 0.0212165352552 0.0141443559039
0 0.787000014729 0.158200008569 0.0385379508121 0.0256919655136
0 0.821000016224 0.165920008399 0.0331191528107 0.0220794337509
0 0.845800017314 0.186060007957 0.0295497229361 0.0196998139914
0 0.750600013128 0.0750200103978 0.0245634631816 0.016375641041
0 0.7386000126 0.198560007682 0.103120600541 0.068747062493
0 0.781200014474 0.269740006117 0.159375306076 0.106250197043
0 0.737200012539 0.213880007345 0.0357583088665 0.0238388710053
0 0.609200006911 0.291580005637 0.0327250997829 0.0218167317497
0 0.640600008291 0.27006000611 0.0218204267143 0.0145469501834
0 0.711000011387 0.247740006601 0.0243488759315 0.0162325828837
0 0.559400004721 0.220600007197 0.0384583091633 0.0256388710845
0 0.867600018273 0.2250200071 0.0231152713109 0.0154101798575
0 0.850800017534 0.235320006874 0.0257417638498 0.017161174768
0 0.859400017912 0.181980008046 0.0629958517089 0.0419972317026
0 0.88960001924 0.28050000588 0.0326950239304 0.0217966811827
0 0.884000018994 0.267140006174 0.0346040490936 0.0230693645408
0 0.883800018985 0.137280009029 0.0207787535208 0.0138525014335
0 0.8796000188 0.143840008885 0.0205797977993 0.0137198642946
0 0.934000021192 0.133400009114 0.069343538457 0.0462290225889
0 0.953400022045 0.122120009362 0.0251567687322 0.0167711780486
0 0.909800020128 0.314240005139 0.0266044659343 0.0177363094531
0 0.917200020454 0.299820005456 0.0251038391892 0.0167358916889
0 0.958400022265 0.305000005342 0.0435274753795 0.0290183150058
0 0.909000020093 0.0108000118097 0.0224896144322 0.0149930752992
0 0.973600022933 0.0101000118251 0.0228793143761 0.0152528752447
0 0.807200015617 0.0364000112469 0.0201681345683 0.0134454221588
0 0.706200011176 0.0757600103816 0.0238397629812 0.0158931742725
0 0.688000010376 0.0874800101239 0.0224488537374 0.0149659015045
0 0.545000004088 0.015700011702 0.0313667397347 0.0209111584439
0 0.617800007289 0.0157400117011 0.0254761267974 0.0169840834114
0 0.500200002118 0.0972200099097 0.0256457981363 0.0170971976299
0 0.621600007456 0.0495200109584 0.0247298697076 0.0164865787177
0 0.607200006823 0.0484800109813 0.0436754802325 0.0291169849013
0 0.460200000359 0.0905400100566 0.024273785234 0.016182522422
0 0.412399998257 0.106980009695 0.0253991563591 0.0169327697893
0 0.33899999503 0.0209800115859 0.0233804136947 0.0155869414351
0 0.33239999474 0.0941800099766 0.0221568013803 0.014771199946
0 0.350199995522 0.0817200102505 0.0206095768506 0.0137397169942
0 0.189999988478 0.0965800099238 0.0440372808659 0.0293581853076
0 0.147599986614 0.0436200110882 0.0248713449347 0.0165808955296
0 0.1449999865 0.0329600113225 0.0215416314765 0.0143610867038
0 0.105999984785 0.0262800114694 0.0243861739459 0.016257448225
0 0.175999987863 0.813899994153 0.0208472156587 0.0138981428558
0 0.381399996894 0.424780002708 0.0474427775577 0.0316285162857
0 0.198199988839 0.42606000268 0.0460034897223 0.0306689911254
0 0.0455999821288 0.325500004891 0.0818922921724 0.0545948578474
