0 0.427399998917 0.7533219735 0.34352856365 0.229019027329
0 0.17139998766 0.991991968253 0.0214465561665 0.014297703168
0 0.053199982463 0.988165968337 0.0260471722598 0.0173647803612
0 0.0103999805811 0.954783969071 0.0201716961824 0.013447796568
0 0.048399982252 0.925333969718 0.0241119296594 0.0160746187127
0 0.13659998613 0.914037969967 0.0235156560971 0.0156771030308
0 0.0779999835535 0.972365968684 0.0226066530292 0.0150711010254
0 0.169199987564 0.94300796933 0.0338503719743 0.0225669131611
0 0.0943999842746 0.893045970428 0.0238528222329 0.0159018804398
0 0.124199985585 0.87657797079 0.0318213402024 0.0212142254024
0 0.0733999833512 0.898337970312 0.0425743478701 0.0283828967081
0 0.246999990985 0.919395969849 0.0307561207822 0.0205040791691
0 0.137199986157 0.952817969114 0.0227217129517 0.0151478076354
0 0.052199982419 0.862095971108 0.0222131936037 0.0148087947591
0 0.170999987643 0.863549971077 0.0281179540638 0.0187453014728
0 0.45680000021 0.979591968525 0.0372319267046 0.0248212828326
0 0.375999996657 0.890035970494 0.0322066870624 0.0214711232921
0 0.362399996059 0.866083971021 0.0431135366729 0.0287423558862
0 0.285799992691 0.884915970607 0.040022847095 0.0266818963035
0 0.439799999462 0.907609970108 0.0411676092303 0.02744507101
0 0.449399999884 0.952599969119 0.0271525587724 0.0181017046544
0 0.575600005433 0.939071969416 0.023650403831 0.0157669348474
0 0.602200006603 0.933035969549 0.0395832845535 0.0263888546285
0 0.671800009663 0.880561970702 0.0333901322843 0.0222600867213
0 0.686000010288 0.904101970185 0.0501108222613 0.0334072126375
0 0.607400006831 0.861347971125 0.0508716226087 0.0339144128356
0 0.855400017736 0.924275969741 0.0271699711081 0.0181133128774
0 0.841800017138 0.91842796987 0.0387988390457 0.0258658909911
0 0.78840001479 0.979559968526 0.0230035751351 0.0153357157452
0 0.817200016056 0.972433968683 0.0330743358332 0.0220495557678
0 0.83320001676 0.973709968655 0.0208568122301 0.0139045405696
0 0.805200015529 0.986405968375 0.0330816569288 0.0220544364979
0 0.785600014667 0.925973969704 0.0198477871659 0.0132318572379
0 0.773000014113 0.910153970052 0.0281126116426 0.0187417398589
0 0.741600012732 0.806045972341 0.026631573775 0.0177543813457
0 0.667000009452 0.801777972435 0.0355300687622 0.0236867109459
0 0.713200011484 0.905419970156 0.0337118647589 0.0224745750236
0 0.729200012187 0.911439970024 0.0202444124705 0.0134962740902
0 0.751400013163 0.885703970589 0.0568643351505 0.0379095542667
0 0.805200015529 0.857165971217 0.0220902189832 0.0147268116842
0 0.833400016769 0.893603970416 0.0659354694883 0.0439569767597
0 0.835400016857 0.87203997089 0.0493595195514 0.0329063441973
0 0.980200023224 0.93345796954 0.0305770507395 0.0203846991485
0 0.978800023162 0.924823969729 0.0254953199401 0.016996878839
0 0.828000016531 0.748613973603 0.0336737752747 0.0224491820358
0 0.847800017402 0.772395973081 0.0405600572233 0.0270400363654
0 0.896000019521 0.845753971468 0.0323676522334 0.0215784333991
0 0.861600018009 0.862059971109 0.0216893395283 0.0144595587319
0 0.880400018835 0.805905972344 0.0217995516983 0.014533033507
0 0.822200016276 0.773261973062 0.0420433705665 0.0280289118623
0 0.694200010648 0.771319973104 0.0311226702344 0.0207484454545
0 0.64420000845 0.710327974445 0.0319684546519 0.0213123016956
0 0.604000006682 0.775513973012 0.0203536353032 0.0135690893072
0 0.603400006656 0.787933972739 0.0231475237053 0.0154316814524
0 0.586600005917 0.759935973354 0.0247659805173 0.0165106525892
0 0.563400004897 0.771173973107 0.0209815676576 0.0139877108492
0 0.603200006647 0.7214739742 0.0200394217917 0.0133596136467
0 0.637400008151 0.680401975103 0.0310039497641 0.0206692984795
0 0.636000008089 0.664423975454 0.023361913088 0.0155746076981
0 0.578600005565 0.665345975434 0.0273669481551 0.0182446309001
0 0.53960000385 0.716225974315 0.0247226475456 0.0164817639434
0 0.408199998073 0.731575973978 0.0230583844189 0.0153722552654
0 0.518000002901 0.86932197095 0.0266850969204 0.0177900634403
0 0.517800002892 0.889199970513 0.0363382583641 0.0242255039783
0 0.541000003912 0.78833397273 0.027639609502 0.0184264051193
0 0.372399996498 0.780443972904 0.0272024213699 0.0181349463839
0 0.393599997431 0.865855971026 0.0415867914243 0.0277245257876
0 0.314599993957 0.817333972093 0.0234463035557 0.0156308680062
0 0.306399993596 0.802407972421 0.020225516129 0.01348367653
0 0.276399992277 0.832567971758 0.0199268352124 0.013284555932
0 0.282399992541 0.84293597153 0.0227903729571 0.0151935809693
0 0.313799993922 0.729385974026 0.0204219985074 0.0136146647736
0 0.281199992488 0.737213973854 0.0334506797242 0.0223004516786
0 0.263399991706 0.783257972842 0.0314581544969 0.0209721016147
0 0.247599991011 0.775097973021 0.0420560340833 0.0280373542063
0 0.228599990175 0.821173972008 0.0212480951136 0.0141653958081
0 0.23439999043 0.840227971589 0.0250283527568 0.016685567404
0 0.189599988461 0.793493972617 0.0307738299191 0.0205158852596
0 0.174999987819 0.791455972662 0.0241757419123 0.0161171602118
0 0.183999988214 0.76879797316 0.0263601985666 0.017573464552
0 0.312599993869 0.646191975855 0.0400668726027 0.02671124664
0 0.214999989577 0.735415973894 0.0320058516001 0.0213372329927
0 0.146199986552 0.763067973286 0.0208358382803 0.0138905579374
0 0.135199986069 0.772821973071 0.0214076752125 0.0142717825337
0 0.0899999840811 0.837387971652 0.0761336568246 0.0507557678688
0 0.123199985541 0.752957973508 0.0213067628127 0.0142045076049
0 0.0623999828675 0.715773974325 0.0404502407882 0.0269668254135
0 0.0699999832017 0.700399974663 0.0220383777112 0.0146922508384
0 0.10339998467 0.744329973698 0.0350061157531 0.0233374089628
0 0.0111999806162 0.754025973484 0.0221476994776 0.0147651320112
0 0.0707999832369 0.625865976302 0.0236951218748 0.0157967468747
0 0.0845999838437 0.605685976746 0.0282583410199 0.0188388927708
0 0.125599985646 0.629043976232 0.0245837445953 0.0163891619826
0 0.128199985761 0.576927977378 0.0265979363084 0.0177319563694
0 0.0993999844944 0.565335977633 0.0202342222968 0.0134894806415
0 0.0433999820321 0.476681979582 0.0223138092024 0.0148758718204
0 0.0419999819705 0.588571977122 0.0932162463687 0.062144160147
0 0.103199984662 0.455973980037 0.0263850309316 0.0175900194609
0 0.118599985339 0.50225397902 0.0429763155959 0.0286508751743
0 0.0203999810208 0.42535398071 0.0226738290287 0.0151158850221
0 0.0587999827092 0.438661980418 0.0242544931576 0.0161696610386
0 0.0493999822959 0.452377980116 0.0667000293174 0.0444666832787
0 0.0851999838701 0.390885981468 0.0365461181209 0.0243640771403
0 0.102599984635 0.411363981018 0.0226942093761 0.0151294719195
0 0.15659998701 0.480719979493 0.0396789534659 0.0264526338992
0 0.19639998876 0.484869979402 0.0432207808311 0.028813851987
0 0.215999989621 0.474713979625 0.0216371025214 0.0144247340629
0 0.174399987792 0.439749980394 0.0268839537083 0.0179226346234
0 0.181999988126 0.401421981237 0.0785503109322 0.0523668705009
0 0.222999989929 0.404039981179 0.0398203297593 0.0265468847553
0 0.231799990316 0.434687980505 0.0556565522322 0.0371043657076
0 0.263399991706 0.459995979949 0.0449554847703 0.0299703212035
0 0.222399989903 0.605183976757 0.0230297925723 0.0153531940355
0 0.261799991635 0.638999976013 0.0209189426095 0.0139459608199
0 0.0849999838613 0.655267975656 0.0436732047569 0.0291154679176
0 0.185399988276 0.634905976103 0.0251341129091 0.0167560741676
0 0.217599989692 0.583125977242 0.0213564275428 0.0142376174228
0 0.289999992875 0.567783977579 0.0227751371634 0.0151834237741
0 0.303199993456 0.586061977177 0.0217408839992 0.0144939217102
0 0.311799993834 0.619789976436 0.0374091170066 0.0249394096928
0 0.326799994493 0.584257977217 0.0360159322871 0.0240106199411
0 0.222199989894 0.622287976381 0.09547312251 0.063648744142
0 0.414799998363 0.526747978481 0.0261456113164 0.0174304063947
0 0.453600000069 0.619283976447 0.0206465780638 0.013764384468
0 0.461600000421 0.485603979386 0.0246807985798 0.0164538646347
0 0.462800000473 0.504877978962 0.0266755992828 0.0177837316823
0 0.491200001722 0.528055978452 0.0223835574787 0.0149223706682
0 0.522800003112 0.562019977706 0.0264941548306 0.0176627687221
0 0.53300000356 0.546263978052 0.0258311999375 0.0172207988225
0 0.537800003771 0.532401978357 0.0212010026603 0.0141340008413
0 0.520000002988 0.52906597843 0.036443820649 0.0242958788302
0 0.322999994326 0.499129979088 0.020605817369 0.0137372106733
0 0.289799992866 0.517995978674 0.0322364661137 0.0214909759917
0 0.424399998785 0.462129979902 0.0298179322654 0.0198786201991
0 0.440999999515 0.444149980297 0.0225895374947 0.0150596906699
0 0.467400000676 0.446913980236 0.0274612319953 0.0183074867894
0 0.427399998917 0.42447998073 0.0258779955895 0.0172519959218
0 0.283399992585 0.433877980523 0.0244641337215 0.0163094214053
0 0.298999993271 0.422599980771 0.0258351572865 0.017223437055
0 0.340999995118 0.647185975833 0.0245800840475 0.0163867216175
0 0.580000005627 0.554013977882 0.0230724330079 0.0153816209907
0 0.589600006049 0.580791977293 0.0330049832917 0.0220033207432
0 0.598400006436 0.618387976466 0.0249076536119 0.0166051013127
0 0.541200003921 0.569529977541 0.0198276046859 0.0132184022521
0 0.533800003595 0.587129977154 0.0205601099879 0.0137067390879
0 0.550800004343 0.599453976883 0.0338007072442 0.0225338033432
0 0.544800004079 0.615769976524 0.0282576484839 0.0188384310801
0 0.573800005354 0.623379976357 0.0252513493736 0.0168342318054
0 0.591600006137 0.6350379761 0.0387989379794 0.0258659569469
0 0.625600007632 0.556339977831 0.0208170408725 0.013878026333
0 0.623000007517 0.513773978766 0.0270738075271 0.0180492038276
0 0.562200004844 0.457099980012 0.180383882641 0.120255913829
0 0.49160000174 0.405567981145 0.0294904616347 0.0196603064597
0 0.456400000192 0.411895981006 0.0262753134303 0.0175168744649
0 0.660400009162 0.520683978615 0.0299410058196 0.0199606692299
0 0.665400009382 0.500953979048 0.0395116565364 0.0263411026203
0 0.664800009355 0.485823979381 0.0353302226372 0.0235534802046
0 0.63580000808 0.472585979672 0.0580076132799 0.038671739636
0 0.647200008582 0.421907980786 0.0322143049593 0.0214762018897
0 0.624000007561 0.425453980708 0.0347272215815 0.0231514795274
0 0.680400010041 0.420737980812 0.0258475240021 0.0172316815316
0 0.68060001005 0.399069981288 0.0380430843182 0.0253620545394
0 0.778600014359 0.418313980865 0.0261215704212 0.0174143791322
0 0.762200013638 0.417033980893 0.0343155583506 0.0228770373915
0 0.726000012046 0.456129980034 0.0210818864551 0.0140545900431
0 0.683600010182 0.441715980351 0.0274928907874 0.0183285926494
0 0.766000013805 0.453503980091 0.0235330684328 0.0156887112538
0 0.7818000145 0.444597980287 0.0229808203782 0.0153205459083
0 0.790800014896 0.463995979861 0.0428809434848 0.028587293771
0 0.751200013154 0.487575979342 0.0223663430105 0.0149108943569
0 0.797800015203 0.400633981254 0.0291862404294 0.0194574923363
0 0.824200016364 0.393565981409 0.0233997057711 0.0155998028185
0 0.846800017358 0.532929978345 0.0289944079361 0.0193296040158
0 0.765400013779 0.537307978249 0.0350625079765 0.023375003776
0 0.758800013489 0.527649978461 0.0253631444831 0.0169087618735
0 0.74360001282 0.5168039787 0.0255864379011 0.0170576241424
0 0.778600014359 0.568869977555 0.0325713567738 0.021714236417
0 0.830000016619 0.633301976139 0.034892341969 0.0232615597785
0 0.857200017815 0.643491975915 0.0861410999386 0.0574273961714
0 0.791200014913 0.616535976507 0.0214393340045 0.0142928883937
0 0.621800007465 0.546609978045 0.0217564165941 0.0145042767728
0 0.799800015291 0.65962397556 0.0286959248869 0.0191306153295
0 0.822200016276 0.561207977724 0.0570621036674 0.0380413999359
0 0.895200019486 0.506175978933 0.020286756105 0.0135245031779
0 0.817000016048 0.539495978201 0.0215763572141 0.014384237194
0 0.899400019671 0.587977977135 0.101095427184 0.067396947011
0 0.865400018176 0.598791976897 0.0345484483399 0.0230322973742
0 0.84980001749 0.567859977577 0.0213590987533 0.0142393982297
0 0.986800023514 0.44355398031 0.020698023601 0.0137986814905
0 0.927200020893 0.307265983307 0.0246581427567 0.0164387607536
0 0.878400018747 0.31574998312 0.021854756717 0.0145698368504
0 0.840200017068 0.376147981792 0.0276841296784 0.018456085235
0 0.835600016866 0.406455981126 0.0228759506294 0.0152506327471
0 0.858200017859 0.300979983445 0.0283314530429 0.0188876341162
0 0.864200018123 0.197997985709 0.0225016843467 0.0150011219084
0 0.854400017692 0.234475984907 0.0257427531871 0.0171618343261
0 0.872200018475 0.290213983681 0.0256178988258 0.0170785980907
0 0.814800015951 0.26618798421 0.0583973132238 0.0389315395815
0 0.81160001581 0.234499984906 0.0371024224582 0.0247349466741
0 0.856800017798 0.395261981372 0.0289040814449 0.019269386359
0 0.862800018062 0.384775981602 0.0204215038388 0.0136143349946
0 0.777800014324 0.312987983181 0.0461022255801 0.0307348150263
0 0.771400014043 0.303527983389 0.0385909792889 0.0257273178291
0 0.745000012882 0.295551983564 0.0219893065834 0.0146595367554
0 0.739800012653 0.287769983735 0.0212207894054 0.0141471920038
0 0.669800009575 0.336321982668 0.0380227039708 0.025348467642
0 0.666600009435 0.345339982469 0.0253629466157 0.0169086299619
0 0.696200010736 0.34304598252 0.0306061372547 0.0204040901574
0 0.70380001107 0.258209984385 0.0665843757925 0.0443895809339
0 0.796200015133 0.218799985252 0.0343001246895 0.0228667482848
0 0.75520001333 0.28437798381 0.0258277372571 0.0172184903691
0 0.597800006409 0.247201984627 0.0352920342192 0.023528021261
0 0.629600007808 0.2256959851 0.0216461054904 0.0144307360418
0 0.701400010965 0.196797985735 0.0215210532616 0.0143473678948
0 0.731600012293 0.163563986466 0.0222183381575 0.0148122244613
0 0.779000014377 0.173961986237 0.0220614292691 0.0147076185427
0 0.815400015977 0.186983985951 0.0199122919547 0.0132748604276
0 0.672000009672 0.240929984765 0.0584507374355 0.0389671557202
0 0.666400009426 0.275061984015 0.0482530447678 0.0321686943902
0 0.63080000786 0.336307982668 0.0228936597663 0.0152624388375
0 0.563600004906 0.333201982736 0.0208598791755 0.0139065851998
0 0.431999999119 0.375611981804 0.0302581873429 0.0201721235648
0 0.425599998838 0.297155983529 0.0414555063708 0.0276370024244
0 0.412999998284 0.274907984018 0.0242217460945 0.0161478296646
0 0.525800003243 0.269393984139 0.0343931223912 0.0229287467485
0 0.522600003103 0.252407984513 0.0289698723722 0.0193132469743
0 0.576000005451 0.273729984044 0.0694379212309 0.0462919444341
0 0.514400002742 0.225849985097 0.0325247589892 0.0216831712293
0 0.482400001335 0.235787984878 0.0280105120381 0.0186736734604
0 0.493600001828 0.247857984613 0.0468541218923 0.0312360792013
0 0.52640000327 0.209381985459 0.0339411931341 0.022627460597
0 0.437199999348 0.245219984671 0.0223287481949 0.0148858311481
0 0.442399999576 0.232113984959 0.0226352448758 0.0150901622553
0 0.510000002549 0.281711983868 0.0199887677244 0.0133258442707
0 0.485200001458 0.336761982658 0.0518805487392 0.0345870302116
0 0.269399991969 0.326243982889 0.0552824838169 0.0368549867805
0 0.325799994449 0.281117983881 0.0341885274473 0.0227923501283
0 0.263199991697 0.256483984423 0.0345864388905 0.0230576244062
0 0.254999991336 0.290543983674 0.0211843817945 0.0141229202648
0 0.222599989912 0.275223984011 0.0205924613161 0.0137283066386
0 0.211399989419 0.315659983122 0.0303311014984 0.0202207329986
0 0.198399988848 0.33396398272 0.0208596813081 0.0139064532882
0 0.24439999087 0.352033982322 0.0490263107647 0.0326842050207
0 0.348799995461 0.324683982924 0.0273577473186 0.0182384970095
0 0.310399993772 0.339083982607 0.0199309904288 0.0132873260762
0 0.251799991196 0.383597981628 0.156100599769 0.104067059649
0 0.4019999978 0.387495981543 0.0527326649151 0.0351551076247
0 0.358599995892 0.371335981898 0.0442013129824 0.0294675400447
0 0.148799986667 0.319583983036 0.0240423792506 0.0160282517766
0 0.138799986227 0.329355982821 0.020183370362 0.0134555793539
0 0.127999985752 0.363177982077 0.0325807554777 0.0217205022192
0 0.110799984996 0.379533981718 0.0248522507258 0.0165681660577
0 0.0955999843274 0.377675981759 0.0231648371073 0.0154432237196
0 0.0567999826213 0.340437982577 0.0217790724172 0.0145193806538
0 0.172599987713 0.324147982935 0.0318708070651 0.0212472033087
0 0.0711999832545 0.372493981873 0.0217914391328 0.0145276251304
0 0.0617999828412 0.35395198228 0.02271874494 0.015145828961
0 0.0357999816979 0.235447984886 0.0198116763561 0.0132077833663
0 0.0601999827708 0.244515984686 0.0587587181223 0.0391724761646
0 0.0487999822695 0.215729985319 0.0454405568254 0.0302937025522
0 0.268799991943 0.217175985287 0.0677187498866 0.0451458302801
0 0.251199991169 0.235311984888 0.0384051817528 0.0256034528132
0 0.0273999813286 0.175523986203 0.0234314634969 0.0156209746343
0 0.0305999814693 0.113857987559 0.0395343123595 0.0263562065013
0 0.0261999812758 0.132875987141 0.0236597036012 0.0157731346938
0 0.0289999813989 0.07831998834 0.0216197891195 0.0144131917957
0 0.0251999812318 0.0879079881292 0.0245508985985 0.0163672646528
0 0.0167999808625 0.0953479879656 0.0240967927995 0.0160645274734
0 0.0787999835887 0.0693239885378 0.0267204162604 0.0178136096653
0 0.0469999821904 0.0254419895025 0.0215107641542 0.0143405084903
0 0.0329999815748 0.131345987174 0.0731306225273 0.0487537451359
0 0.111999985048 0.105849987735 0.105967913155 0.070645270777
0 0.0391999818474 0.0566319888168 0.020522614106 0.013681741835
0 0.157399987045 0.0745339884232 0.0315265177011 0.0210176770811
0 0.171199987652 0.0407079891669 0.0848132114778 0.0565421372559
0 0.1631999873 0.0139859897544 0.0235928244029 0.0157285485645
0 0.253199991257 0.0985539878952 0.0374884618543 0.0249923062545
0 0.120199985409 0.111489987611 0.031593891568 0.0210625929895
0 0.304799993526 0.065403988624 0.0200361569788 0.0133574371049
0 0.266999991864 0.0613679887127 0.0771266546253 0.0514177663589
0 0.130999985884 0.20702198551 0.0261125674522 0.0174083771533
0 0.256799991415 0.151273986736 0.0306526361056 0.0204350893893
0 0.260399991574 0.115495987523 0.0485751729774 0.0323834465157
0 0.345999995338 0.103397987789 0.0199811498275 0.0133207656731
0 0.379599996815 0.0501119889602 0.0257537348306 0.0171691554213
0 0.358599995892 0.0170539896869 0.0206630010622 0.0137753331329
0 0.381799996912 0.0169719896888 0.0321587042056 0.0214391347231
0 0.383199996973 0.0332319893313 0.0386031481371 0.025735430394
0 0.423399998741 0.0630559886756 0.0243448196488 0.0162298786954
0 0.433199999172 0.0524079889097 0.0206285721258 0.0137523805102
0 0.468000000702 0.0467719890336 0.020608686447 0.0137391233918
0 0.37539999663 0.228345985042 0.0229942753649 0.0153295158988
0 0.502000002197 0.0336039893231 0.0220914061879 0.0147276031539
0 0.573200005328 0.0504979889517 0.10645565642 0.0709704329326
0 0.582200005723 0.0763099883842 0.0778836954912 0.0519224602362
0 0.578000005539 0.130537987192 0.0218022229089 0.0145348143139
0 0.604000006682 0.158881986569 0.0364411494384 0.0242940980233
0 0.610000006946 0.0998499878667 0.0254194377728 0.0169462907308
0 0.574600005389 0.107921987689 0.0727081755203 0.0484721138165
0 0.657600009039 0.0864459881614 0.0239917251832 0.0159944824005
0 0.636000008089 0.0560859888288 0.0223156889431 0.0148771249809
0 0.651200008757 0.0982839879011 0.0276336734785 0.0184224477706
0 0.645400008502 0.132615987146 0.0221572960489 0.014771529725
0 0.690000010463 0.101385987833 0.0314642883879 0.0209761908751
0 0.745600012908 0.094877987976 0.0458656750429 0.0305771146786
0 0.606400006788 0.142675986925 0.0268723784624 0.0179149177933
0 0.678000009936 0.194481985786 0.0262067523587 0.0174711670868
0 0.70720001122 0.0902059880787 0.0253783802768 0.0169189190687
0 0.726400012064 0.0778799883497 0.023981732877 0.0159878208635
0 0.714000011519 0.0653779886245 0.0240642436039 0.0160428280111
0 0.705600011149 0.0718719884818 0.021926087933 0.0146173909912
0 0.798800015247 0.14699998683 0.0355446120199 0.0236964064503
0 0.809000015696 0.13288598714 0.0210105552392 0.0140070359023
0 0.897000019565 0.163657986464 0.0306745004589 0.0204496656238
0 0.860800017974 0.136205987067 0.0229880425402 0.0153253606827
0 0.788800014808 0.114315987549 0.0314675532008 0.0209783674169
0 0.829400016593 0.126717987276 0.0477943880174 0.0318629232434
0 0.866200018211 0.212467985391 0.0657168259555 0.043811214414
0 0.787200014737 0.0683079885601 0.030949239414 0.0206328249152
0 0.724800011994 0.0404359891729 0.0237797102099 0.0158531390943
0 0.801200015353 0.0224739895678 0.0314947599752 0.0209965052653
0 0.776400014263 0.0265899894773 0.0398040056946 0.0265360020462
0 0.706400011185 0.0460639890492 0.0313089624392 0.0208726402494
0 0.884800019029 0.0260739894886 0.0265207680027 0.0176805108357
0 0.666600009435 0.0187859896489 0.0269565710626 0.0179710461898
0 0.661600009215 0.0323539893506 0.0281468427115 0.0187645605701
0 0.928600020955 0.0657279886168 0.0217221855251 0.0144814560616
0 0.915600020383 0.0450819890707 0.0221184150949 0.0147456090907
0 0.94600002172 0.0872659881433 0.0285606824844 0.0190404537338
0 0.934200021201 0.107849987691 0.0381316300024 0.0254210849916
0 0.925800020832 0.0867079881556 0.0326733574446 0.0217822368597
0 0.826200016452 0.0940299879946 0.0466484386774 0.0310989570671
0 0.83820001698 0.0577899887914 0.0200230977271 0.0133487309376
0 0.956600022186 0.0354179892832 0.0544081075528 0.0362720693095
0 0.942800021579 0.0167539896935 0.0320384997294 0.0213589984109
0 0.975200023004 0.0516599889261 0.034218900101 0.0228125985627
0 0.965200022564 0.149149986783 0.0451325761386 0.0300883821079
0 0.925000020797 0.171791986285 0.0221056526443 0.0147371007909
0 0.945600021702 0.171829986284 0.04893509387 0.0326233937616
0 0.832000016707 0.72964997402 0.030345644756 0.020230428503
0 0.761400013603 0.797203972535 0.0243082141704 0.0162054750448
0 0.739000012618 0.843289971522 0.0668068777407 0.0445379155562
0 0.699000010859 0.819765972039 0.0266159422464 0.0177439603273
0 0.620200007394 0.742743973732 0.0203352336303 0.0135568215261
0 0.20959998934 0.744493973694 0.221243511184 0.147495664395
0 0.909600020119 0.388939981511 0.0255608140663 0.0170405415869
0 0.522400003094 0.344553982487 0.0957350990145 0.0638233951335
