0 0.364000016092 0.276580005966 0.503549840529 0.335699893686
0 0.8776000048 0.602439998802 0.120794105292 0.080529403528
0 0.622400010411 0.52020000061 0.174975152798 0.116650101865
0 0.449400014214 0.953099991093 0.029605814453 0.0197372096353
0 0.0120000238305 0.91319999197 0.0237882153724 0.0158588102482
0 0.0176000237074 0.85317999329 0.0240099258215 0.0160066172143
0 0.0776000223883 0.881599992665 0.0572139593885 0.0381426395923
0 0.03340002336 0.898719992289 0.0318686263193 0.0212457508795
0 0.12620002132 0.905599992137 0.0288895343764 0.0192596895843
0 0.163600020498 0.907139992103 0.0260139270965 0.0173426180644
0 0.0524000229423 0.785879994769 0.0284881603059 0.0189921068706
0 0.198600019728 0.880759992683 0.0831147063182 0.0554098042122
0 0.455600014078 0.933159991531 0.0370555229844 0.0247036819896
0 0.472400013708 0.919799991825 0.0317492133286 0.0211661422191
0 0.522600012605 0.931299991572 0.0649622498634 0.0433081665756
0 0.425200014746 0.863319993067 0.0342146414375 0.0228097609583
0 0.326000016927 0.814419994142 0.0703410779303 0.0468940519535
0 0.267600018211 0.843439993504 0.124681210846 0.0831208072305
0 0.176200020221 0.81677999409 0.024046531295 0.0160310208633
0 0.177200020199 0.848239993398 0.0272226002589 0.0181484001726
0 0.176000020225 0.779839994902 0.0334190165237 0.0222793443491
0 0.18440002004 0.762779995277 0.0334191154574 0.0222794103049
0 0.152400020744 0.760059995337 0.0651766392178 0.0434510928119
0 0.248400018633 0.746959995625 0.0423564902197 0.0282376601465
0 0.431600014605 0.796139994544 0.0398188405008 0.0265458936672
0 0.332600016782 0.768359995155 0.0466173673383 0.0310782448922
0 0.518200012702 0.849299993375 0.0297900290252 0.0198600193501
0 0.593000011057 0.916359991901 0.0198481802826 0.0132321201884
0 0.65200000976 0.87365999284 0.0217346483075 0.0144897655383
0 0.676600009219 0.90545999214 0.0272518846378 0.0181679230918
0 0.673400009289 0.922019991776 0.0256658782969 0.0171105855313
0 0.732200007997 0.946459991239 0.0308558419071 0.0205705612714
0 0.668600009395 0.852339993308 0.0221004062416 0.0147336041611
0 0.914200003995 0.868399992955 0.0416684062511 0.0277789375007
0 0.938200003468 0.787559994732 0.0449660647474 0.0299773764982
0 0.754000007517 0.783079994831 0.0317661309934 0.0211774206623
0 0.824000005978 0.78357999482 0.115063864679 0.0767092431195
0 0.932400003595 0.75581999543 0.0240425739465 0.016028382631
0 0.861200005161 0.729039996019 0.0573810584285 0.0382540389523
0 0.808600006317 0.725559996096 0.0290381328122 0.0193587552081
0 0.788600006757 0.715059996326 0.0324482789392 0.0216321859595
0 0.799000006528 0.673079997249 0.0208390014106 0.0138926676071
0 0.861400005156 0.667459997373 0.0213648340911 0.0142432227274
0 0.737200007887 0.692339996826 0.0312698794928 0.0208465863285
0 0.77980000695 0.738799995804 0.0335076611299 0.0223384407532
0 0.476200013625 0.568779999542 0.0206842690847 0.0137895127231
0 0.3136000172 0.576539999372 0.0223244910998 0.0148829940665
0 0.344600016518 0.610579998623 0.0818857517448 0.0545905011632
0 0.395800015393 0.671619997281 0.103352091825 0.0689013945498
0 0.397800015349 0.558799999762 0.0250090573814 0.0166727049209
0 0.317200017121 0.66395999745 0.056217103304 0.0374780688693
0 0.252600018541 0.609459998648 0.0286035170143 0.0190690113429
0 0.26720001822 0.643059997909 0.0473866758847 0.0315911172564
0 0.213800019394 0.644599997875 0.0355388691758 0.0236925794505
0 0.22760001909 0.618399998451 0.0315271071446 0.0210180714297
0 0.175600020234 0.613739998554 0.0284258320671 0.0189505547114
0 0.260600018365 0.704379996561 0.0241762333918 0.0161174889278
0 0.207800019526 0.682939997033 0.0259458607025 0.0172972404683
0 0.0252000235403 0.666799997387 0.0261259200588 0.0174172800392
0 0.0342000233424 0.744579995677 0.0280405841917 0.0186937227945
0 0.08480002223 0.610359998628 0.0202336260254 0.0134890840169
0 0.072200022507 0.5661399996 0.0213042866592 0.0142028577728
0 0.0240000235667 0.565039999625 0.0241156859599 0.0160771239732
0 0.0476000230478 0.594019998987 0.0198918100496 0.0132612066998
0 0.148200020836 0.658579997568 0.0731484209487 0.0487656139658
0 0.0226000235975 0.668919997341 0.0496832241468 0.0331221494312
0 0.21760001931 0.425300002697 0.0707376042489 0.0471584028326
0 0.336600016694 0.544180000083 0.0211588541023 0.0141059027348
0 0.348400016435 0.539200000193 0.022318258276 0.0148788388506
0 0.451200014175 0.46520000182 0.0204290201071 0.0136193467381
0 0.519000012684 0.551099999931 0.0383950854481 0.025596723632
0 0.758400007421 0.454360002058 0.0312492023469 0.0208328015646
0 0.77980000695 0.468240001753 0.039122248233 0.026081498822
0 0.86940000498 0.466740001786 0.0248012965857 0.0165341977238
0 0.845600005504 0.338160004613 0.121475758569 0.0809838390462
0 0.908400004123 0.310400005223 0.13170352574 0.0878023504935
0 0.788200006766 0.308200005271 0.0518946894164 0.0345964596109
0 0.83620000571 0.273500006034 0.0432051436033 0.0288034290688
0 0.989200002346 0.161540008496 0.0238301632663 0.0158867755109
0 0.965200002874 0.207100007494 0.0207049462305 0.013803297487
0 0.67520000925 0.139920008971 0.0456151688333 0.0304101125556
0 0.81800000611 0.153120008681 0.0237073865295 0.015804924353
0 0.751800007566 0.281240005864 0.0869537300879 0.0579691533919
0 0.656000009672 0.23686000684 0.0231295147163 0.0154196764775
0 0.526200012526 0.172000008266 0.0301053307661 0.0200702205107
0 0.529400012455 0.188480007903 0.0302025826052 0.0201350550701
0 0.515000012772 0.223260007139 0.0369848843138 0.0246565895426
0 0.580200011338 0.237920006816 0.0225418484656 0.0150278989771
0 0.45960001399 0.189880007873 0.0344690989454 0.0229793992969
0 0.32540001694 0.185160007976 0.0368969322437 0.0245979548291
0 0.373400015885 0.284020005803 0.0238943712456 0.0159295808304
0 0.588200011163 0.212100007384 0.0227962070398 0.0151974713598
0 0.691000008902 0.197340007709 0.0563942935826 0.0375961957218
0 0.629400010257 0.161920008487 0.0723342954307 0.0482228636205
0 0.0936000220365 0.176480008167 0.0235108052432 0.0156738701622
0 0.0212000236282 0.279780005896 0.0245409030551 0.0163606020367
0 0.0512000229687 0.153360008675 0.0627684937283 0.0418456624855
0 0.156000020665 0.0478000109963 0.0622684827467 0.0415123218311
0 0.186800019987 0.0767200103604 0.0464632286146 0.0309754857431
0 0.288800017745 0.0594600107399 0.0286174666677 0.0190783111118
0 0.874200004875 0.115320009512 0.0325680876648 0.0217120584432
0 0.871800004928 0.0466800110209 0.0563281069291 0.0375520712861
0 0.779000006968 0.0307600113709 0.0279916120041 0.0186610746694
0 0.716800008335 0.128020009233 0.0254971963175 0.0169981308784
0 0.925200003754 0.10902000965 0.150408922713 0.100272615142
0 0.957000003054 0.0573400107865 0.0251364840027 0.0167576560018
0 0.555600011879 0.330000004792 0.0269084857226 0.0179389904817
