0 0.452200000007 0.103819972642 0.163809504839 0.10920633656
0 0.856200017771 0.860160005898 0.282407289542 0.188271526361
0 0.441599999541 0.279659980373 0.179815991198 0.119877327465
0 0.525400003226 0.0489799702303 0.125645822827 0.0837638818847
0 0.558600004686 0.176579975841 0.134714087489 0.0898093916592
0 0.792000014948 0.656899996961 0.171170173515 0.11411344901
0 0.972400022881 0.0440199700122 0.020812983217 0.0138753221447
0 0.915000020357 0.0514799703402 0.0245266582182 0.0163511054788
0 0.850600017525 0.184839976204 0.0219913827412 0.0146609218275
0 0.833400016769 0.15245997478 0.0413982210134 0.027598814009
0 0.823000016312 0.136699974087 0.0316485008969 0.021099000598
0 0.979600023197 0.00941996849082 0.0253051676511 0.0168701117674
0 0.907600020031 0.109099972874 0.121171050728 0.080780700485
0 0.778600014359 0.212759977432 0.0249629559179 0.0166419706119
0 0.790200014869 0.231479978255 0.0198846881339 0.0132564587559
0 0.797600015195 0.240659978659 0.0236101362476 0.0157400908317
0 0.809400015714 0.275019980169 0.0205738604188 0.0137159069458
0 0.782200014518 0.276539980236 0.02593032982 0.0172868865466
0 0.705000011123 0.250199979078 0.021617512218 0.014411674812
0 0.709600011325 0.0751599713814 0.0213406956729 0.0142271304486
0 0.655000008924 0.0526199703903 0.0229916026379 0.0153277350919
0 0.635600008071 0.165099975336 0.021039541433 0.0140263609553
0 0.61600000721 0.149079974632 0.0688287817447 0.0458858544965
0 0.54620000414 0.0983999724033 0.0923051596045 0.0615367730697
0 0.517400002874 0.151519974739 0.0234308683492 0.0156205788994
0 0.503800002276 0.175719975803 0.0207937900756 0.0138625267171
0 0.475600001036 0.0326999695145 0.0386740810673 0.0257827207116
0 0.442599999585 0.119439973328 0.0425918563303 0.0283945708869
0 0.401799997791 0.177639975888 0.0238933834844 0.0159289223229
0 0.384799997044 0.218959977704 0.0418631105579 0.0279087403719
0 0.371999996481 0.212239977409 0.0401225696437 0.0267483797625
0 0.318399994124 0.123139973491 0.0235541397627 0.0157027598418
0 0.28259999255 0.281819980468 0.127131807283 0.0847545381886
0 0.174599987801 0.264919979725 0.070932310473 0.047288206982
0 0.12999998584 0.221919977835 0.0237001659316 0.0158001106211
0 0.160599987185 0.187139976305 0.028213720049 0.0188091466993
0 0.142399986385 0.173459975704 0.0238073111491 0.015871540766
0 0.116399985242 0.174019975728 0.0205379474789 0.0136919649859
0 0.154399986913 0.150679974702 0.0203677814826 0.0135785209884
0 0.184199988223 0.182499976101 0.102239094305 0.0681593962036
0 0.366799996252 0.163739975276 0.15766374223 0.105109161487
0 0.404599997914 0.295319981062 0.0242901076966 0.0161934051311
0 0.369999996393 0.0882399719566 0.0387489738924 0.0258326492616
0 0.345799995329 0.0582599706383 0.056142115253 0.0374280768354
0 0.293599993034 0.0889599719882 0.0198039582194 0.0132026388129
0 0.229799990228 0.115099973138 0.0497958139956 0.0331972093304
0 0.0671999830786 0.0260399692216 0.0407404107174 0.0271602738116
0 0.111199985013 0.0330599695303 0.039471684708 0.026314456472
0 0.0985999844593 0.0631799708547 0.0368756639277 0.0245837759518
0 0.0409999819266 0.0930399721676 0.0199072450218 0.0132714966812
0 0.0543999825158 0.134199973977 0.0205411133579 0.0136940755719
0 0.0829999837733 0.125039973575 0.0264130274338 0.0176086849559
0 0.0141999807482 0.0685799710921 0.0201971208177 0.0134647472118
0 0.0163999808449 0.263579979666 0.0208334624968 0.0138889749979
0 0.244799990888 0.382959984916 0.0820116997697 0.0546744665131
0 0.234599990439 0.366579984195 0.0319552943588 0.0213035295725
0 0.224199989982 0.356419983749 0.0285276367386 0.0190184244924
0 0.285199992664 0.388159985144 0.0218743441519 0.0145828961013
0 0.287199992752 0.403119985802 0.026831220263 0.0178874801753
0 0.125999985664 0.395379985462 0.0856432597842 0.0570955065228
0 0.0877999839844 0.393039985359 0.0420915485145 0.028061032343
0 0.0825999837557 0.296499981114 0.0198287905828 0.0132191937219
0 0.123799985567 0.325779982401 0.0210786202519 0.0140524135013
0 0.244999990897 0.325179982375 0.0283976378321 0.0189317585548
0 0.346799995373 0.270759979982 0.0347505676487 0.0231670450991
0 0.330799994669 0.243039978763 0.0263614829663 0.0175743219775
0 0.345399995311 0.298899981219 0.0808917700733 0.0539278467155
0 0.321599994265 0.405899985924 0.115722770835 0.0771485138902
0 0.231999990325 0.44513998765 0.172203041539 0.114802027693
0 0.316799994054 0.477539989074 0.0212360237984 0.014157349199
0 0.309599993737 0.481679989256 0.0218317037191 0.0145544691461
0 0.344399995267 0.496879989925 0.0556395319617 0.0370930213078
0 0.393599997431 0.491619989693 0.0262577014953 0.0175051343302
0 0.375199996622 0.505319990296 0.0248981543321 0.0165987695547
0 0.414199998336 0.500139990068 0.0206212496701 0.01374749978
0 0.452800000034 0.496419989904 0.0276562285437 0.0184374856958
0 0.396799997571 0.454059988042 0.110577228123 0.0737181520817
0 0.425399998829 0.380619984813 0.0209440703944 0.0139627135962
0 0.417199998468 0.372439984453 0.0239897449264 0.0159931632843
0 0.375599996639 0.358179983826 0.0270911191422 0.0180607460948
0 0.41859999853 0.326519982434 0.0270910202085 0.018060680139
0 0.513800002716 0.224799977961 0.0206087840215 0.0137391893477
0 0.522800003112 0.207999977222 0.0320468080487 0.0213645386991
0 0.544800004079 0.219939977747 0.0213869966533 0.0142579977688
0 0.558600004686 0.209259977278 0.0246823798915 0.0164549199277
0 0.585000005847 0.228799978137 0.0210181717497 0.0140121144998
0 0.581800005706 0.253299979214 0.0560762253963 0.0373841502642
0 0.612200007043 0.258859979459 0.0418987266967 0.0279324844644
0 0.632400007931 0.277479980278 0.0506866131994 0.0337910754662
0 0.635200008054 0.30277998139 0.0249483137275 0.0166322091517
0 0.494200001854 0.377239984664 0.110238874804 0.0734925832029
0 0.660600009171 0.366439984189 0.0827024549941 0.055134969996
0 0.681800010103 0.397859985571 0.0225194909319 0.0150129939546
0 0.773600014139 0.394799985436 0.0312639455321 0.0208426303547
0 0.895800019513 0.356859983768 0.0425433788081 0.0283622525387
0 0.855600017745 0.330199982596 0.0425648474251 0.0283765649501
0 0.850000017499 0.36395998408 0.0583132157113 0.0388754771408
0 0.922600020691 0.286239980663 0.0947633657146 0.063175577143
0 0.979800023206 0.53657999167 0.0201431030073 0.0134287353382
0 0.952200021993 0.545059992043 0.0284388931929 0.0189592621286
0 0.950600021922 0.629679995764 0.0280679906812 0.0187119937875
0 0.979400023189 0.605239994689 0.0240398053881 0.0160265369254
0 0.990200023663 0.48335998933 0.0247399593158 0.0164933062105
0 0.786000014685 0.652519996768 0.0213152697072 0.0142101798048
0 0.895000019477 0.647299996539 0.0198143462598 0.0132095641732
0 0.793000014992 0.580939993621 0.0632774129176 0.042184941945
0 0.881200018871 0.559599992683 0.0252469946245 0.0168313297496
0 0.878600018756 0.517359990825 0.0223587236389 0.0149058157593
0 0.88960001924 0.53087999142 0.0318093671236 0.0212062447491
0 0.888400019187 0.546539992108 0.0489120390859 0.0326080260573
0 0.859600017921 0.488259989546 0.0256328361276 0.0170885574184
0 0.75200001319 0.56817999306 0.0378847878591 0.0252565252394
0 0.814600015942 0.556919992565 0.0664726752324 0.0443151168216
0 0.606200006779 0.526739991238 0.0277912730699 0.0185275153799
0 0.683600010182 0.569019993097 0.0207113782878 0.0138075855252
0 0.585400005864 0.615419995137 0.0258235803374 0.0172157202249
0 0.550800004343 0.602839994584 0.0214822698244 0.0143215132163
0 0.552600004422 0.583039993713 0.0314000783291 0.0209333855527
0 0.576000005451 0.624599995541 0.0623357617824 0.0415571745216
0 0.560200004756 0.648679996599 0.072352108271 0.0482347388473
0 0.565000004967 0.537179991697 0.0214855346372 0.0143236897581
0 0.486400001511 0.623659995499 0.0652796335178 0.0435197556786
0 0.411399998213 0.595779994273 0.0547182611726 0.0364788407817
0 0.329799994625 0.627359995662 0.0523086315185 0.0348724210123
0 0.367399996279 0.592939994149 0.125061124549 0.0833740830328
0 0.323599994353 0.569979993139 0.0207997260987 0.0138664840658
0 0.266199991829 0.625979995601 0.0406738283247 0.0271158855498
0 0.275799992251 0.590839994056 0.0934174714045 0.0622783142697
0 0.224799990008 0.571099993188 0.0244918335492 0.0163278890328
0 0.11499998518 0.604479994656 0.0479135010625 0.0319423340417
0 0.211399989419 0.543939991994 0.0315636157662 0.0210424105108
0 0.18639998832 0.539659991806 0.0447984739936 0.029865649329
0 0.156999987027 0.531139991431 0.0554492824205 0.0369661882804
0 0.135799986095 0.516679990795 0.0303068607368 0.0202045738245
0 0.321399994256 0.523139991079 0.0424391026685 0.0282927351124
0 0.262799991679 0.548819992209 0.046099551329 0.0307330342193
0 0.300399993333 0.565799992955 0.0256753776267 0.0171169184178
0 0.321799994273 0.559699992687 0.0463724105253 0.0309149403502
0 0.0925999841954 0.452839987988 0.0395558773027 0.0263705848684
0 0.0633999829115 0.442359987527 0.0198390796895 0.0132260531264
0 0.0183999809328 0.561759992778 0.0282027384062 0.0188018256041
0 0.0131999807042 0.536539991669 0.0319611314482 0.0213074209655
0 0.0579999826741 0.540959991863 0.0541640344801 0.0361093563201
0 0.0229999811351 0.545759992074 0.0290294285602 0.0193529523734
0 0.0367999817419 0.552199992357 0.0282376620089 0.0188251080059
0 0.111199985013 0.469879988737 0.0443815673027 0.0295877115351
0 0.0843999838349 0.490079989626 0.131104985428 0.0874033236189
0 0.134399986033 0.664659997302 0.0207362106513 0.0138241404342
0 0.094999984301 0.636039996044 0.0340316163145 0.0226877442096
0 0.0945999842834 0.711339999355 0.0633716967515 0.0422477978344
0 0.247599991011 0.650419996676 0.0520539761264 0.0347026507509
0 0.191799988557 0.723879999906 0.0907870216901 0.0605246811267
0 0.353799995681 0.781000002418 0.0258681994446 0.0172454662964
0 0.411199998204 0.755740001307 0.0795278698264 0.0530185798843
0 0.477800001133 0.778500002308 0.0258581082053 0.0172387388035
0 0.428399998961 0.819920004129 0.070770850644 0.047180567096
0 0.316599994045 0.704619999059 0.0556091593101 0.0370727728734
0 0.368999996349 0.67005999754 0.0916321135158 0.0610880756772
0 0.376399996674 0.712799999419 0.0917924850739 0.0611949900492
0 0.445599999717 0.665259997328 0.0418191839868 0.0278794559912
0 0.442999999603 0.6964599987 0.0263090480954 0.0175393653969
0 0.466000000614 0.693159998555 0.0277111367577 0.0184740911718
0 0.422799998715 0.726040000001 0.0591926375373 0.0394617583582
0 0.53960000385 0.699119998817 0.0692156125851 0.0461437417234
0 0.655200008933 0.829980004571 0.0700934514716 0.0467289676478
0 0.474200000975 0.844660005217 0.0201371669842 0.0134247779894
0 0.673000009716 0.788600002752 0.0508075102037 0.0338716734691
0 0.491800001748 0.669739997525 0.0276960988324 0.0184640658883
0 0.648200008625 0.694699998623 0.0209185454949 0.0139456969966
0 0.684200010208 0.745700000865 0.0386319353032 0.0257546235354
0 0.831000016663 0.766760001791 0.0301640993806 0.0201093995871
0 0.769400013955 0.76400000167 0.0601756429669 0.0401170953113
0 0.751400013163 0.784260002561 0.0280143686057 0.0186762457371
0 0.754000013278 0.786800002673 0.144142470887 0.0960949805912
0 0.69880001085 0.762600001609 0.033519238585 0.0223461590567
0 0.688400010393 0.779120002335 0.0458083893947 0.0305389262631
0 0.643400008414 0.734680000381 0.0223507100077 0.0149004733385
0 0.887200019134 0.747100000927 0.0207304724956 0.013820314997
0 0.863400018088 0.760380001511 0.0205253828966 0.0136835885977
0 0.929200020981 0.670399997554 0.0284998363636 0.0189998909091
0 0.91940002055 0.684339998167 0.0221919213891 0.0147946142594
0 0.891400019319 0.730740000208 0.0198222609573 0.0132148406382
0 0.951400021957 0.677559997869 0.0360518428516 0.024034561901
0 0.967800022678 0.681139998027 0.0204620653166 0.0136413768777
0 0.968600022714 0.721739999812 0.0208719477134 0.0139146318089
0 0.0705999832281 0.842180005108 0.0495243398714 0.0330162265809
0 0.103199984662 0.885000006991 0.125473678156 0.083649118771
0 0.0477999822256 0.884200006955 0.100526551634 0.067017701089
0 0.0581999826829 0.924080008709 0.0494078948844 0.0329385965896
0 0.0185999809416 0.920760008563 0.0556619899159 0.0371079932773
0 0.173599987757 0.862080005983 0.04564119141 0.03042746094
0 0.178999987995 0.67575999779 0.0451606703379 0.0301071135586
0 0.190799988513 0.780740002406 0.0580143369469 0.0386762246313
0 0.361599996024 0.816340003972 0.0211887334809 0.0141258223206
0 0.345999995338 0.757740001395 0.0289308905763 0.0192872603842
0 0.304799993526 0.742980000746 0.0203149508768 0.0135433005845
0 0.651800008784 0.860180005899 0.0839289363055 0.0559526242037
0 0.750600013128 0.727140000049 0.0401512604222 0.0267675069481
0 0.986000023479 0.805480003494 0.0405980450961 0.0270653633974
0 0.918200020498 0.954520010047 0.0339463354489 0.0226308902993
0 0.783200014562 0.970780010762 0.0323565695221 0.0215710463481
0 0.748800013049 0.8897600072 0.0676933194545 0.0451288796363
0 0.738200012583 0.86794000624 0.0711641121761 0.0474427414507
0 0.652600008819 0.901700007725 0.0241835560815 0.016122370721
0 0.596400006348 0.937720009309 0.114063652372 0.0760424349145
0 0.680200010033 0.976120010997 0.021961207957 0.0146408053046
0 0.531800003507 0.93160000904 0.0239197987873 0.0159465325249
0 0.39859999765 0.892840007335 0.0204847211382 0.0136564807588
0 0.349999995513 0.93162000904 0.0565223175342 0.0376815450228
0 0.325999994458 0.908980008045 0.0648565929364 0.0432377286243
0 0.310999993799 0.928960008923 0.0497411036492 0.0331607357661
0 0.233599990395 0.962460010397 0.0280130824673 0.0186753883115
0 0.24939999109 0.970600010754 0.0254319017448 0.0169546011632
0 0.403199997853 0.0630399708485 0.0407811714095 0.0271874476064
0 0.0343999816364 0.156259974947 0.0214213266537 0.0142808844358
0 0.0373999817683 0.0272199692735 0.0788062472818 0.0525374981879
0 0.309199993719 0.333559982743 0.0497358601621 0.033157240108
0 0.574600005389 0.304059981446 0.130584594068 0.0870563960451
0 0.962200022432 0.44309998756 0.0221496766912 0.0147664511275
0 0.932200021113 0.540239991831 0.0564644413088 0.0376429608725
0 0.900800019732 0.452339987966 0.0387618352759 0.0258412235173
0 0.911800020216 0.434519987183 0.0228490391491 0.0152326927661
0 0.512200002645 0.740280000627 0.0607561860286 0.0405041240191
0 0.568000005099 0.734780000385 0.0234111805391 0.0156074536928
0 0.605400006744 0.695559998661 0.0209052883766 0.0139368589177
0 0.813800015907 0.744420000809 0.041229539023 0.0274863593486
