0 0.615400010565 0.103159987794 0.176690663368 0.117793775579
0 0.867400005024 0.168459986358 0.229274920759 0.152849947173
0 0.162400020524 0.846519971451 0.17123051179 0.114153674527
0 0.0914000220849 0.665559975429 0.150030995932 0.100020663955
0 0.17760002019 0.286939983753 0.248634269569 0.165756179713
0 0.736800007896 0.385659981583 0.335273489386 0.223515659591
0 0.711800008445 0.220739985209 0.120587333833 0.0803915558889
0 0.380600015727 0.567459977586 0.380992736485 0.253995157656
0 0.633000010178 0.929559969625 0.13943222734 0.0929548182268
0 0.553200011932 0.871819970895 0.127220839239 0.0848138928259
0 0.787800006774 0.547219978031 0.0816610732844 0.0544407155229
0 0.81120000626 0.687479974947 0.0636096281497 0.0424064187665
0 0.922400003815 0.0310199893799 0.0457880060286 0.0305253373524
0 0.91080000407 0.0745599884227 0.0564186312758 0.0376124208506
0 0.842800005565 0.0725399884671 0.0370950964693 0.0247300643128
0 0.813800006203 0.087599988136 0.0365686701865 0.0243791134576
0 0.584600011242 0.0368599892515 0.021486918292 0.0143246121947
0 0.577800011391 0.048119989004 0.021530251258 0.0143535008387
0 0.483200013471 0.104299987769 0.021247993377 0.014165328918
0 0.770800007148 0.119039987445 0.0308539621666 0.020569308111
0 0.757400007443 0.111839987603 0.0417628879463 0.0278419252975
0 0.753600007526 0.090099988081 0.0205690113099 0.0137126742066
0 0.514200012789 0.0983999878985 0.0694630412342 0.0463086941561
0 0.738200007865 0.0939399879966 0.0633218299808 0.0422145533206
0 0.248000018642 0.0719799884794 0.0376001530702 0.0250667687135
0 0.195600019794 0.118559987455 0.0292423319942 0.0194948879962
0 0.254200018506 0.148979986787 0.0535760678559 0.0357173785706
0 0.126600021311 0.162959986479 0.0256845767685 0.017123051179
0 0.115000021566 0.1711199863 0.0322106401625 0.0214737601083
0 0.480200013537 0.148859986789 0.0238287781944 0.0158858521296
0 0.468800013788 0.149919986766 0.102793116351 0.0685287442337
0 0.42820001468 0.171219986298 0.0619294369148 0.0412862912765
0 0.531600012407 0.167599986377 0.0319345161716 0.0212896774477
0 0.561800011743 0.204679985562 0.0209766182043 0.0139844121362
0 0.380200015736 0.2211599852 0.038371044556 0.0255806963707
0 0.195600019794 0.0717399884847 0.110872043292 0.0739146955279
0 0.351400016369 0.178799986131 0.0230864785515 0.015390985701
0 0.0396000232237 0.328459982841 0.0504698460928 0.0336465640619
0 0.156600020651 0.293399983611 0.0266810371181 0.0177873580788
0 0.172200020308 0.303399983392 0.020718203348 0.0138121355653
0 0.047000023061 0.24433998469 0.0248959761483 0.0165973174322
0 0.0416000231797 0.205519985543 0.0198735073129 0.0132490048753
0 0.48780001337 0.332539982751 0.0247758706216 0.0165172470811
0 0.51100001286 0.341519982553 0.0395620085839 0.0263746723893
0 0.418400014896 0.284279983812 0.0557315366444 0.0371543577629
0 0.35500001629 0.315199983132 0.0619576330228 0.0413050886819
0 0.241400018787 0.242739984725 0.0453197527686 0.0302131685124
0 0.45140001417 0.277679983957 0.0320290968005 0.0213527312003
0 0.429000014663 0.225399985106 0.122878638609 0.0819190924059
0 0.548200012042 0.361419982116 0.0290936346247 0.0193957564165
0 0.533800012359 0.348579982398 0.028749741041 0.0191664940273
0 0.536800012293 0.410179981044 0.0320807401983 0.0213871601322
0 0.408400015116 0.391559981453 0.0631999436474 0.0421332957649
0 0.293200017648 0.39489998138 0.020593052202 0.013728701468
0 0.315200017165 0.38623998157 0.0444338013755 0.0296225342504
0 0.263200018308 0.383019981641 0.0416293274348 0.0277528849565
0 0.193800019834 0.395119981375 0.114563260095 0.0763755067302
0 0.170200020352 0.369799981932 0.0619621839736 0.041308122649
0 0.306200017362 0.44129998036 0.0478098153719 0.0318732102479
0 0.570400011554 0.236739984857 0.0215713087486 0.014380872499
0 0.681400009114 0.290239983681 0.0205145977682 0.0136763985121
0 0.823800005983 0.347279982427 0.0285193244252 0.0190128829501
0 0.891800004488 0.293319983613 0.0722181472525 0.0481454315017
0 0.828600005877 0.324019982938 0.023343112601 0.0155620750673
0 0.824600005965 0.313299983174 0.032219742064 0.0214798280427
0 0.728600008076 0.172859986262 0.0264685275043 0.0176456850028
0 0.668800009391 0.176619986179 0.0609479155557 0.0406319437038
0 0.599400010916 0.197199985726 0.084464557888 0.0563097052587
0 0.737600007878 0.131599987169 0.0464426504025 0.030961766935
0 0.98540000243 0.339359982601 0.0242006700187 0.0161337800124
0 0.957400003046 0.336899982655 0.0346769586748 0.0231179724499
0 0.96720000283 0.359119982167 0.0357488065132 0.0238325376754
0 0.799800006511 0.412259980998 0.024831768169 0.0165545121127
0 0.934600003547 0.239739984791 0.0268109370823 0.0178739580549
0 0.919600003877 0.497199979131 0.0274178954069 0.0182785969379
0 0.981200002522 0.433479980532 0.0202638008077 0.0135092005384
0 0.72840000808 0.543879978105 0.0240540502571 0.0160360335048
0 0.711200008458 0.563379977676 0.0292905127121 0.0195270084747
0 0.621000010441 0.480119979506 0.025218203249 0.0168121354993
0 0.533000012376 0.454999980059 0.0476338122978 0.0317558748652
0 0.656600009659 0.522839978567 0.0767783977844 0.0511855985229
0 0.64880000983 0.54909997799 0.021108397909 0.0140722652727
0 0.362400016127 0.522059978584 0.0208773876909 0.0139182584606
0 0.317400017116 0.503579978991 0.0236665269063 0.0157776846042
0 0.357800016228 0.392379981435 0.0323574577914 0.0215716385276
0 0.386400015599 0.423719980746 0.0579339989462 0.0386226659641
0 0.585800011215 0.492779979228 0.0293241501743 0.0195494334495
0 0.595200011009 0.507459978905 0.0324522362877 0.0216348241918
0 0.650800009786 0.490679979274 0.0334645260313 0.0223096840209
0 0.508800012908 0.424199980736 0.0442902485591 0.0295268323727
0 0.486000013409 0.383679981627 0.0929550490721 0.0619700327147
0 0.296600017573 0.357019982213 0.0286673292587 0.0191115528391
0 0.255400018479 0.546839978039 0.0214971084644 0.0143314056429
0 0.24720001866 0.46447997985 0.0991197076153 0.0660798050768
0 0.22080001924 0.457839979996 0.0216464983699 0.0144309989132
0 0.222800019196 0.424639980726 0.0306121681739 0.0204081121159
0 0.22080001924 0.571559977496 0.0265492574134 0.0176995049423
0 0.10980002168 0.563139977681 0.0591571164305 0.0394380776204
0 0.203600019618 0.561519977717 0.0275035720017 0.0183357146678
0 0.155000020687 0.472739979669 0.0295191485211 0.0196794323474
0 0.0992000219134 0.472339979677 0.0314266894267 0.0209511262845
0 0.125400021337 0.497659979121 0.0224028465999 0.0149352310666
0 0.0152000237601 0.523359978556 0.0249400016502 0.0166266677668
0 0.0206000236414 0.496839979139 0.0202882374346 0.0135254916231
0 0.0558000228675 0.456639980023 0.0256996146928 0.0171330764618
0 0.0910000220937 0.401859981227 0.0268143008285 0.0178762005524
0 0.0502000229907 0.434359980512 0.0393575126007 0.0262383417338
0 0.017800023703 0.424539980728 0.0297292837259 0.0198195224839
0 0.0108000238569 0.441219980362 0.0263100356973 0.0175400237982
0 0.112600021619 0.406939981115 0.0243997246477 0.0162664830985
0 0.18760001997 0.611579976616 0.0572846969928 0.0381897979952
0 0.230200019033 0.662619975494 0.0203950858438 0.0135967238959
0 0.321800017019 0.729279974028 0.0263958112258 0.0175972074838
0 0.102600021839 0.708019974496 0.0287734851319 0.0191823234213
0 0.0220000236106 0.723439974157 0.025752148494 0.017168098996
0 0.0958000219881 0.72421997414 0.0460442443433 0.0306961628955
0 0.121400021425 0.743119973724 0.0390634816079 0.026042321072
0 0.142400020964 0.777599972966 0.02914201321 0.0194280088067
0 0.142800020955 0.754319973478 0.0461360548283 0.0307573698855
0 0.0134000237997 0.749039973594 0.0324396717063 0.0216264478042
0 0.0458000230874 0.615279976535 0.0742487616962 0.0494991744641
0 0.394600015419 0.663179975482 0.0611252047681 0.040750136512
0 0.379200015758 0.692599974835 0.0264888089153 0.0176592059435
0 0.275600018035 0.651959975728 0.0235957893021 0.0157305262014
0 0.556400011862 0.669399975345 0.0216621298964 0.0144414199309
0 0.428800014667 0.744139973702 0.0551832460111 0.0367888306741
0 0.423400014786 0.790819972675 0.0305535994162 0.0203690662775
0 0.501200013075 0.708939974476 0.0449846642853 0.0299897761902
0 0.31860001709 0.742299973742 0.15632318003 0.104215453354
0 0.294800017613 0.80061997246 0.0235033852148 0.0156689234766
0 0.54420001213 0.759799973357 0.0702407591461 0.0468271727641
0 0.676800009215 0.720299974226 0.0221894465826 0.0147929643884
0 0.675800009237 0.736239973875 0.0240109151586 0.0160072767724
0 0.66520000947 0.714119974362 0.0211689453409 0.0141126302273
0 0.68840000896 0.697959974717 0.0270398696924 0.018026579795
0 0.660400009575 0.703599974593 0.0256173018442 0.0170782012295
0 0.627400010301 0.626599976286 0.0879641400909 0.0586427600606
0 0.733000007979 0.616559976507 0.0298180272657 0.0198786848438
0 0.702000008661 0.593879977005 0.0501362416151 0.0334241610767
0 0.800400006497 0.606079976737 0.0256487627647 0.0170991751764
0 0.753400007531 0.601539976837 0.0257243481208 0.0171495654139
0 0.759200007403 0.686759974963 0.0217258432071 0.0144838954714
0 0.888800004554 0.726959974079 0.0205890948535 0.0137260632357
0 0.726000008133 0.773099973065 0.021261052627 0.0141740350847
0 0.781800006906 0.787619972746 0.0380316029893 0.0253544019929
0 0.76800000721 0.799319972489 0.0271682856509 0.0181121904339
0 0.812200006238 0.807199972315 0.0571384729661 0.0380923153107
0 0.774000007078 0.845699971469 0.020328305588 0.0135522037254
0 0.830200005842 0.847899971421 0.0207476855942 0.0138317903961
0 0.847800005455 0.843599971515 0.0209835435642 0.0139890290428
0 0.872800004906 0.852359971323 0.0229475756195 0.0152983837463
0 0.894000004439 0.795119972581 0.0516209398347 0.0344139598898
0 0.843000005561 0.820519972023 0.0360247326366 0.0240164884244
0 0.850400005398 0.795899972564 0.0213227872634 0.014215191509
0 0.835200005732 0.785039972803 0.0224513241189 0.0149675494126
0 0.924400003771 0.810899972234 0.0239817297135 0.015987819809
0 0.915600003965 0.772019973089 0.0211343185416 0.0140895456944
0 0.974400002672 0.599479976882 0.026525018654 0.0176833457693
0 0.958000003032 0.944539969296 0.0373065178123 0.0248710118749
0 0.942600003371 0.982859968453 0.039334362112 0.0262229080747
0 0.869600004976 0.907559970109 0.0217608657412 0.0145072438275
0 0.802000006462 0.979159968535 0.0273673402799 0.01824489352
0 0.901400004277 0.910939970035 0.0357579084147 0.0238386056098
0 0.77160000713 0.985139968403 0.0235656145198 0.0157104096799
0 0.616800010534 0.915099969943 0.0205552595239 0.0137035063493
0 0.584600011242 0.9079799701 0.03507605727 0.02338403818
0 0.599400010916 0.9261799697 0.0200076614267 0.0133384409511
0 0.678200009184 0.903699970194 0.0392757933544 0.0261838622363
0 0.740600007812 0.910919970035 0.020764603259 0.0138430688393
0 0.7184000083 0.905059970164 0.0274801247119 0.0183200831413
0 0.736200007909 0.89295997043 0.0277402214413 0.0184934809609
0 0.759000007407 0.898539970307 0.0290994717138 0.0193996478092
0 0.324600016958 0.823399971959 0.0443057811519 0.0295371874346
0 0.248600018629 0.884219970622 0.026772550802 0.0178483672013
0 0.268000018202 0.896999970341 0.0409068145343 0.0272712096895
0 0.232200018989 0.897819970323 0.0217683847033 0.0145122564689
0 0.30720001734 0.943639969316 0.0239350330013 0.0159566886675
0 0.333800016756 0.98937996831 0.0308818614734 0.0205879076489
0 0.27900001796 0.98391996843 0.0335527749027 0.0223685166018
0 0.254200018506 0.972279968686 0.0402491032154 0.0268327354769
0 0.471000013739 0.976679968589 0.026582400207 0.017721600138
0 0.255000018488 0.857859971202 0.0341373742083 0.0227582494722
0 0.288800017745 0.863319971082 0.0584918861495 0.0389945907663
0 0.151400020766 0.976839968586 0.0306860716569 0.0204573811046
0 0.0610000227532 0.804759972369 0.0533907650128 0.0355938433419
0 0.185800020009 0.828679971843 0.0488244795246 0.0325496530164
0 0.101400021865 0.824419971937 0.0327683294983 0.0218455529989
0 0.0392000232325 0.822959971969 0.0291266784846 0.0194177856564
0 0.0668000226257 0.833559971736 0.0273122342022 0.0182081561348
0 0.073200022485 0.872419970881 0.0341073972935 0.0227382648623
0 0.0672000226169 0.854819971268 0.0251381658758 0.0167587772505
0 0.111800021636 0.890639970481 0.0205127180276 0.0136751453518
0 0.0206000236414 0.845519971473 0.0456074520038 0.0304049680025
0 0.0352000233204 0.884059970626 0.0377423208147 0.0251615472098
0 0.138200021056 0.906079970141 0.0205700995807 0.0137133997205
0 0.100600021883 0.913819969971 0.0522315587066 0.0348210391377
0 0.047000023061 0.910519970044 0.0433613599349 0.0289075732899
0 0.116600021531 0.958779968983 0.0299900729913 0.0199933819942
0 0.0488000230214 0.948359969212 0.0343175324982 0.0228783549988
0 0.0624000227224 0.964199968864 0.0207046494294 0.0138030996196
0 0.701200008678 0.155079986652 0.0598371867684 0.0398914578456
0 0.515000012772 0.586339977171 0.0595747156299 0.0397164770866
0 0.14300002095 0.954419969079 0.019804352648 0.0132029017654
