0 0.633400007975 0.164599975314 0.164303184096 0.109535456064
0 0.584200005811 0.747880000961 0.0990831086768 0.0660554057846
0 0.0591999827268 0.786820002674 0.118015065099 0.078676710066
0 0.127199985717 0.546239992095 0.174935590851 0.116623727234
0 0.981800023294 0.0561999705478 0.0297732122578 0.0198488081719
0 0.933800021183 0.037079969707 0.0201384531225 0.013425635415
0 0.922400020682 0.109039972871 0.0399189640505 0.0266126427003
0 0.93440002121 0.0794599715705 0.0297543159175 0.0198362106117
0 0.980200023224 0.121359973413 0.0287474674617 0.0191649783078
0 0.964800022547 0.114539973113 0.0273626922002 0.0182417948001
0 0.963000022467 0.0948999722494 0.0410864808656 0.0273909872438
0 0.708400011273 0.00929996848554 0.0220777518777 0.0147185012518
0 0.2791999924 0.0117799685946 0.0220759710707 0.0147173140472
0 0.294399993069 0.0259999692199 0.0326740478256 0.0217826985504
0 0.256799991415 0.0262399692304 0.024849281075 0.0165661873834
0 0.23779999058 0.038579969773 0.0236340782075 0.0157560521383
0 0.228199990158 0.0272399692744 0.0209514904233 0.0139676602822
0 0.111599985031 0.0207399689886 0.0211720136824 0.0141146757883
0 0.0583999826917 0.03327996954 0.0226483026338 0.0150988684225
0 0.0759999834655 0.0431199699726 0.0355282856119 0.0236855237413
0 0.0351999816715 0.0661799709866 0.0221973627436 0.0147982418291
0 0.0545999825246 0.0712999712117 0.0216557995671 0.0144371997114
0 0.0411999819354 0.103719972637 0.024503507728 0.0163356718187
0 0.04539998212 0.0871399719082 0.0288483798548 0.0192322532366
0 0.0983999844505 0.0991599724367 0.0300736739617 0.0200491159745
0 0.123199985541 0.080879971633 0.0349649570173 0.0233099713448
0 0.151399986781 0.105639972722 0.0199362326014 0.0132908217342
0 0.17639998788 0.101659972547 0.0253963845398 0.0169309230265
0 0.269999991996 0.066439970998 0.0257046620075 0.0171364413383
0 0.324399994388 0.133739973957 0.0352771918337 0.0235181278891
0 0.273199992137 0.173319975698 0.0338173258796 0.0225448839197
0 0.175199987827 0.192819976555 0.0209186444287 0.0139457629524
0 0.199399988892 0.198519976806 0.0280165451475 0.018677696765
0 0.193999988654 0.182079976083 0.0230011992086 0.0153341328057
0 0.144599986482 0.182519976102 0.0277526889195 0.018501792613
0 0.130399985858 0.157999975024 0.0206687378551 0.01377915857
0 0.0915999841515 0.16017997512 0.0248852929487 0.0165901952991
0 0.0779999835535 0.140199974241 0.0233669571668 0.0155779714446
0 0.0781999835623 0.225359977986 0.0363412239789 0.0242274826526
0 0.041599981953 0.193739976595 0.0360706402581 0.0240470935054
0 0.054199982507 0.127119973666 0.0259298351514 0.0172865567676
0 0.142999986412 0.116499973199 0.0728155138096 0.0485436758731
0 0.18299998817 0.220699977781 0.0308176555268 0.0205451036845
0 0.184199988223 0.247239978948 0.0342098948757 0.0228065965838
0 0.246799990976 0.213799977478 0.022366440469 0.0149109603127
0 0.195999988742 0.134419973987 0.0263429823609 0.0175619882406
0 0.184399988232 0.146339974511 0.0269149181891 0.0179432787927
0 0.455400000148 0.203519977026 0.0265553930551 0.0177035953701
0 0.454200000095 0.235959978452 0.0222927348485 0.0148618232324
0 0.383999997008 0.1369799741 0.0309668475747 0.0206445650498
0 0.450599999937 0.154339974863 0.029474135626 0.0196494237507
0 0.461200000403 0.0667999710138 0.0308660341152 0.0205773560768
0 0.353599995672 0.0463599701151 0.020784490306 0.0138563268707
0 0.294399993069 0.0579199706234 0.0220018697154 0.0146679131436
0 0.357999995865 0.0929599721641 0.0295010455975 0.0196673637317
0 0.349999995513 0.110539972937 0.0257445322961 0.0171630215307
0 0.317199994071 0.0949399722512 0.0313576357638 0.0209050905092
0 0.298199993236 0.0785199715292 0.0201003636408 0.0134002424272
0 0.29919999328 0.0932199721755 0.0268894922233 0.0179263281489
0 0.413999998328 0.111539972981 0.0370716516246 0.0247144344164
0 0.479200001194 0.0197199689437 0.0225000009893 0.0150000006596
0 0.464600000552 0.0394399698108 0.0388637370062 0.0259091580041
0 0.58280000575 0.029459969372 0.0213506879785 0.0142337919857
0 0.595400006304 0.0357999696508 0.0308211182069 0.020547412138
0 0.592400006172 0.101419972536 0.0355815119526 0.0237210079684
0 0.553600004466 0.119579973335 0.0279692548299 0.0186461698866
0 0.499000002065 0.135539974036 0.0288985392502 0.0192656928335
0 0.521800003068 0.152179974768 0.0247600428607 0.0165066952405
0 0.492200001766 0.164599975314 0.0334631431665 0.022308762111
0 0.537600003762 0.137459974121 0.0276338695233 0.0184225796822
0 0.66240000925 0.109039972871 0.0222065635795 0.0148043757197
0 0.698400010833 0.0912999720911 0.0395609229223 0.0263739486149
0 0.564200004932 0.165679975362 0.0424573064728 0.0283048709819
0 0.592000006154 0.145219974462 0.0270544147325 0.0180362764883
0 0.631400007887 0.0479999701872 0.1221307078 0.0814204718664
0 0.560400004765 0.0439999700113 0.0991929251047 0.0661286167364
0 0.43519999926 0.0870199719029 0.0329660012297 0.0219773341531
0 0.418999998547 0.0766399714465 0.0343195134361 0.022879675624
0 0.46000000035 0.100959972516 0.0327649679132 0.0218433119421
0 0.483000001362 0.114899973129 0.0250634725762 0.0167089817174
0 0.513800002716 0.0979999723857 0.0359192716684 0.0239461811123
0 0.323399994344 0.0564199705574 0.0517029592922 0.0344686395281
0 0.378999996789 0.0561799705469 0.0352143689223 0.0234762459482
0 0.402199997809 0.0649399709321 0.0336454780101 0.0224303186734
0 0.368199996314 0.0759999714184 0.0336653636876 0.0224435757917
0 0.412199998248 0.0931599721729 0.0324373983703 0.0216249322469
0 0.232199990334 0.116319973191 0.0253897559806 0.0169265039871
0 0.225999990061 0.0944199722283 0.0239008035133 0.0159338690089
0 0.248199991037 0.146239974507 0.111235137352 0.0741567582349
0 0.410399998169 0.045379970072 0.0241720797701 0.0161147198468
0 0.365999996217 0.0334999695496 0.0209577232476 0.0139718154984
0 0.393199997413 0.1688199755 0.0399686287773 0.0266457525182
0 0.365399996191 0.156759974969 0.0265073112678 0.0176715408452
0 0.334399994828 0.148479974605 0.0207631206228 0.0138420804152
0 0.407399998037 0.205159977098 0.0329446315464 0.0219630876976
0 0.464800000561 0.246019978894 0.032717875463 0.0218119169754
0 0.452200000007 0.290819980864 0.0389749385061 0.0259832923374
0 0.343799995241 0.225239977981 0.0402692883487 0.0268461922324
0 0.297199993192 0.208679977252 0.0500066417503 0.0333377611669
0 0.201199988971 0.267339979832 0.0426352882328 0.0284235254886
0 0.196999988786 0.236619978481 0.0246131262884 0.0164087508589
0 0.218399989727 0.297479981157 0.0262329680656 0.0174886453771
0 0.239799990668 0.311219981761 0.0296027494604 0.0197351663069
0 0.392199997369 0.345199983255 0.0634480735824 0.0422987157216
0 0.363999996129 0.316599981998 0.0218444661688 0.0145629774459
0 0.35059999554 0.297639981164 0.0267392119045 0.0178261412697
0 0.313599993913 0.292619980943 0.0283691449211 0.0189127632808
0 0.38539999707 0.310839981744 0.0255232175673 0.0170154783782
0 0.418799998539 0.303819981436 0.0341308468344 0.0227538978896
0 0.460200000359 0.331339982646 0.0273491382807 0.0182327588538
0 0.476000001054 0.27185998003 0.0272833473577 0.0181888982385
0 0.423399998741 0.254619979272 0.111292518909 0.0741950126061
0 0.517600002883 0.275239980179 0.0453025412906 0.0302016941938
0 0.553800004475 0.274679980154 0.0344960111903 0.0229973407936
0 0.44179999955 0.174039975729 0.0200509957151 0.0133673304767
0 0.73200001231 0.32505998237 0.0198587674996 0.013239178333
0 0.627000007693 0.302619981383 0.031832121879 0.021221414586
0 0.603000006638 0.238679978572 0.029177928072 0.019451952048
0 0.607400006831 0.224019977927 0.0374696619751 0.0249797746501
0 0.650200008713 0.224159977933 0.0295930539559 0.0197287026373
0 0.4816000013 0.0762999714316 0.0295872168665 0.0197248112444
0 0.546400004149 0.0443199700254 0.0216056401717 0.0144037601145
0 0.565400004985 0.0570399705847 0.025363241744 0.0169088278293
0 0.704200011088 0.0468399701362 0.0234025733056 0.0156017155371
0 0.834200016804 0.139599974215 0.0486092029728 0.0324061353152
0 0.836200016892 0.170679975582 0.0367570423989 0.0245046949326
0 0.771600014051 0.17201997564 0.057471487632 0.038314325088
0 0.80660001559 0.0852999718273 0.041161274757 0.027440849838
0 0.784000014597 0.121499973419 0.0590984526371 0.0393989684247
0 0.774400014175 0.148779974619 0.021235825931 0.0141572172873
0 0.840800017094 0.0349999696156 0.0376363652913 0.0250909101942
0 0.87640001866 0.0295599693764 0.0261011883523 0.0174007922348
0 0.903000019829 0.179859975985 0.0203818300707 0.0135878867138
0 0.949000021852 0.142159974327 0.0591419834733 0.0394279889822
0 0.891800019337 0.144339974423 0.0413950551344 0.027596703423
0 0.966200022608 0.182999976123 0.0473096096432 0.0315397397621
0 0.927400020902 0.201159976922 0.0340619889661 0.0227079926441
0 0.920800020612 0.471119988792 0.0268271639805 0.017884775987
0 0.951800021975 0.328919982539 0.0240728492502 0.0160485661668
0 0.923000020709 0.270399979966 0.0359827871159 0.0239885247439
0 0.850600017525 0.31823998207 0.0211064206269 0.0140709470846
0 0.888200019178 0.314039981885 0.0438354531751 0.0292236354501
0 0.770800014016 0.420659986573 0.0321808632376 0.0214539088251
0 0.838000016971 0.438259987347 0.0244300989087 0.0162867326058
0 0.855400017736 0.446799987723 0.0252175123763 0.0168116749175
0 0.745200012891 0.244599978832 0.0385849417867 0.0257232945245
0 0.419999998591 0.390239985236 0.0268747510993 0.0179165007328
0 0.411799998231 0.40489998588 0.023181159643 0.0154541064287
0 0.281999992523 0.435959987246 0.0305746743135 0.020383116209
0 0.476200001063 0.429019986941 0.0206053213413 0.0137368808942
0 0.189399988452 0.381119984835 0.0199566129474 0.0133044086316
0 0.0179999809152 0.330599982613 0.0295280545027 0.0196853696685
0 0.110599984987 0.270899979988 0.0201469614223 0.0134313076149
0 0.143799986447 0.262679979627 0.0263913609494 0.0175942406329
0 0.141199986332 0.229479978167 0.0199890632072 0.0133260421381
0 0.107999984873 0.22407997793 0.0233670561006 0.0155780374004
0 0.0305999814693 0.255839979326 0.0339838313283 0.0226558875522
0 0.0901999840899 0.291819980908 0.0322044094627 0.0214696063084
0 0.0407999819178 0.351719983542 0.0280404871074 0.0186936580716
0 0.144599986482 0.458539988239 0.0206181827248 0.0137454551498
0 0.132599985954 0.334059982765 0.0211041451513 0.0140694301009
0 0.298799993262 0.40601998593 0.0249086413063 0.0166057608709
0 0.244999990897 0.430979987027 0.0469408836733 0.0312939224489
0 0.256599991407 0.342939983156 0.0611290672146 0.0407527114764
0 0.347999995426 0.451039987909 0.047375103765 0.03158340251
0 0.196199988751 0.478239989105 0.0224196668097 0.0149464445398
0 0.0781999835623 0.474959988961 0.0305092791254 0.0203395194169
0 0.0435999820409 0.479899989178 0.0266490832868 0.0177660555245
0 0.110399984978 0.478699989125 0.0229436197843 0.0152957465228
0 0.145999986543 0.483699989345 0.0345529970123 0.0230353313416
0 0.162599987273 0.493019989755 0.0216346277513 0.0144230851676
0 0.087199983958 0.494579989824 0.0304811819493 0.0203207879662
0 0.0753999834392 0.313399981857 0.0347948899547 0.0231965933031
0 0.152399986825 0.348439983398 0.0270804343006 0.018053622867
0 0.0417999819617 0.518739990886 0.0330797750063 0.0220531833375
0 0.123599985559 0.569159993103 0.021955568735 0.0146370458233
0 0.129799985831 0.624799995549 0.0199805549074 0.0133203699382
0 0.0673999830874 0.631779995856 0.0663986728108 0.0442657818738
0 0.247199990993 0.539179991785 0.0469882729246 0.0313255152831
0 0.468800000737 0.529719991369 0.0200848310469 0.0133898873646
0 0.480800001265 0.548299992186 0.0225180069262 0.0150120046174
0 0.442599999585 0.60205999455 0.0268347818769 0.0178898545846
0 0.458600000289 0.628439995709 0.0226845123748 0.0151230082499
0 0.380199996841 0.66711999741 0.0298892615099 0.0199261743399
0 0.27599999226 0.54703999213 0.0604769950743 0.0403179967162
0 0.790800014896 0.534259991568 0.0274254161779 0.0182836107853
0 0.736800012521 0.647599996552 0.0202225467834 0.0134816978556
0 0.700200010912 0.597319994341 0.043946654675 0.0292977697833
0 0.69220001056 0.588599993958 0.0357428728479 0.0238285818986
0 0.816200016013 0.873800006498 0.0339933289653 0.0226622193102
0 0.623400007535 0.710899999335 0.0265425316717 0.0176950211144
0 0.561400004809 0.910060008092 0.0211502482643 0.0141001655095
0 0.367799996296 0.747080000926 0.0214843474325 0.0143228982884
0 0.402799997835 0.847860005357 0.0298966815388 0.0199311210259
0 0.426399998873 0.858500005825 0.0212521499946 0.0141680999964
0 0.256399991398 0.841080005059 0.0422316386603 0.0281544257735
0 0.146999986587 0.885560007015 0.0474488093855 0.0316325395903
0 0.140399986297 0.858720005835 0.0400417407955 0.0266944938637
0 0.166999987467 0.83836000494 0.033678225071 0.0224521500474
0 0.128799985787 0.731860000257 0.032263373959 0.0215089159727
0 0.246599990967 0.818320004059 0.0424525576543 0.0283017051029
0 0.215199989586 0.835660004821 0.0372990013103 0.0248660008735
0 0.190999988522 0.810240003703 0.0647880318693 0.0431920212462
0 0.343199995214 0.819440004108 0.0406640338865 0.0271093559243
0 0.0911999841339 0.887560007103 0.0263344740611 0.0175563160407
0 0.0569999826301 0.861460005955 0.0214145991608 0.0142763994405
0 0.0789999835975 0.842400005117 0.023453425237 0.0156356168247
0 0.0195999809856 0.911740008166 0.022836078832 0.0152240525546
0 0.248599991055 0.898500007584 0.0320652097204 0.0213768064802
0 0.0345999816452 0.940660009438 0.0298053657164 0.0198702438109
0 0.0397999818738 0.968060010643 0.0353118186352 0.0235412124235
0 0.127599985734 0.922000008617 0.0202844792914 0.0135229861943
0 0.109399984934 0.906240007924 0.0203646156036 0.0135764104024
0 0.0821999837381 0.93706000928 0.0440192720246 0.0293461813497
0 0.200599988944 0.93092000901 0.0203011001561 0.0135340667708
0 0.22619999007 0.969320010698 0.0236244816368 0.0157496544245
0 0.150199986728 0.950600009875 0.0216001988172 0.0144001325448
0 0.294799993086 0.939260009376 0.1091852307 0.0727901537997
0 0.195199988707 0.920980008573 0.0455506670573 0.0303671113715
0 0.0287999813901 0.886300007048 0.0385782142939 0.0257188095292
0 0.414399998345 0.9580000102 0.0225680673878 0.0150453782586
0 0.459200000315 0.88544000701 0.0437360247878 0.0291573498585
0 0.962400022441 0.961660010361 0.0233909980605 0.015593998707
0 0.717000011651 0.915960008352 0.0215786312665 0.0143857541777
0 0.91940002055 0.293319980974 0.0203552169003 0.0135701446002
0 0.979600023197 0.445739987676 0.0203434437878 0.0135622958585
