0 0.331000016817 0.352899982303 0.335616789368 0.223744526245
0 0.934200003556 0.941979969352 0.140903371641 0.0939355810941
0 0.871400004936 0.927599969668 0.133440801727 0.0889605344848
0 0.966600002843 0.116239987506 0.0479361537224 0.0319574358149
0 0.940400003419 0.10379998778 0.0413852579667 0.0275901719778
0 0.978400002584 0.0232799895501 0.0224833786417 0.0149889190945
0 0.903800004224 0.13607998707 0.0445283820044 0.029685588003
0 0.848200005446 0.133099987136 0.0275478943048 0.0183652628698
0 0.815400006168 0.141279986956 0.0215461795857 0.0143641197238
0 0.80120000648 0.0970999879271 0.0262418703695 0.0174945802464
0 0.752200007557 0.101559987829 0.0275341425188 0.0183560950125
0 0.694600008823 0.0171399896851 0.0198302732806 0.0132201821871
0 0.446000014289 0.0187999896486 0.0374951844016 0.024996789601
0 0.428600014671 0.0135599897638 0.0385161803118 0.0256774535412
0 0.0130000238085 0.221059985202 0.0299700883814 0.019980058921
0 0.0244000235579 0.238359984821 0.0354253922079 0.0236169281386
0 0.0578000228236 0.196259985747 0.0198781571974 0.0132521047982
0 0.0512000229687 0.25571998444 0.0647101667646 0.0431401111764
0 0.101200021869 0.130119987201 0.0233418264627 0.0155612176418
0 0.0646000226741 0.212539985389 0.0317582162964 0.0211721441976
0 0.1726000203 0.131919987162 0.0293059463712 0.0195372975808
0 0.233000018972 0.112459987589 0.0247645921784 0.0165097281189
0 0.275000018048 0.0961399879482 0.0361974708982 0.0241316472654
0 0.163000020511 0.222999985159 0.0209631632195 0.0139754421463
0 0.19260001986 0.230159985002 0.0253256452605 0.016883763507
0 0.180800020119 0.223119985157 0.0201287562905 0.0134191708603
0 0.217200019319 0.225499985104 0.0731298214108 0.0487532142739
0 0.204000019609 0.251679984529 0.062332987527 0.041555325018
0 0.161400020546 0.271259984098 0.0356176204107 0.0237450802738
0 0.137800021065 0.287499983741 0.040002362537 0.0266682416914
0 0.163600020498 0.293819983602 0.0283267004875 0.0188844669917
0 0.0506000229819 0.283159983837 0.0634814100587 0.0423209400391
0 0.203000019631 0.283599983827 0.0233712097753 0.0155808065169
0 0.217800019306 0.293719983604 0.0357575126798 0.0238383417866
0 0.264800018273 0.173179986254 0.0349491253172 0.0232994168781
0 0.264800018273 0.193219985814 0.0355562815092 0.0237041876728
0 0.28040001793 0.225559985103 0.0359761561839 0.0239841041226
0 0.290800017701 0.156859986613 0.0223037150203 0.0148691433468
0 0.316000017147 0.137719987034 0.0259539732669 0.0173026488446
0 0.39000001552 0.0780199883466 0.0288882482381 0.0192588321588
0 0.44140001439 0.0755999883998 0.0292305588825 0.019487039255
0 0.472200013713 0.134019987115 0.0236811690957 0.0157874460638
0 0.39820001534 0.203199985594 0.0209096400811 0.0139397600541
0 0.327600016892 0.176339986185 0.0312339665553 0.0208226443702
0 0.185800020009 0.229659985013 0.0438767056419 0.0292511370946
0 0.350600016386 0.183599986025 0.0357679007196 0.0238452671464
0 0.577800011391 0.175979986193 0.0343020988391 0.0228680658928
0 0.559000011805 0.159099986564 0.0658594796997 0.0439063197998
0 0.576200011426 0.0513199889336 0.0294207094774 0.0196138063183
0 0.559800011787 0.0468599890317 0.0380192362753 0.0253461575168
0 0.658200009624 0.137559987038 0.0364232376295 0.0242821584197
0 0.695800008797 0.102919987799 0.0280436511368 0.0186957674245
0 0.721000008243 0.149799986768 0.0202075075254 0.0134716716836
0 0.74480000772 0.242219984737 0.0415572047586 0.0277048031724
0 0.776400007025 0.235999984873 0.0249241722563 0.0166161148375
0 0.794600006625 0.245979984654 0.0352625473175 0.0235083648783
0 0.683000009078 0.194199985792 0.0288342304313 0.0192228202875
0 0.701800008665 0.166739986396 0.0230782670534 0.0153855113689
0 0.686600008999 0.127699987254 0.0224208525355 0.0149472350237
0 0.696800008775 0.18111998608 0.0344896771575 0.022993118105
0 0.704800008599 0.250179984562 0.0436392647326 0.029092843155
0 0.856200005271 0.232139984958 0.0913961505684 0.0609307670456
0 0.863200005117 0.170839986306 0.0323123440186 0.0215415626791
0 0.890000004527 0.170579986312 0.0589567756633 0.0393045171088
0 0.872200004919 0.147519986819 0.0316096178606 0.0210730785737
0 0.804200006414 0.160739986528 0.0324486746741 0.0216324497827
0 0.871800004928 0.190439985875 0.036032152665 0.02402143511
0 0.93900000345 0.223559985147 0.0251469709762 0.0167646473175
0 0.966800002839 0.213519985368 0.0470605903691 0.0313737269127
0 0.908400004123 0.220819985207 0.0241518956985 0.016101263799
0 0.878000004791 0.296999983532 0.0201384517943 0.0134256345295
0 0.819000006088 0.282839983844 0.0406792669962 0.0271195113308
0 0.806800006357 0.259119984365 0.0330915459362 0.0220610306241
0 0.915400003969 0.308779983273 0.0289268323859 0.0192845549239
0 0.836800005697 0.321099983002 0.0297809271236 0.0198539514158
0 0.87940000476 0.386279981569 0.0246907876291 0.0164605250861
0 0.80120000648 0.414179980956 0.0335185438382 0.0223456958921
0 0.675400009245 0.447879980215 0.0357810589034 0.0238540392689
0 0.630800010226 0.361099982123 0.0318046162074 0.0212030774716
0 0.644800009918 0.325079982915 0.0200001424645 0.0133334283097
0 0.704400008608 0.311539983213 0.0338019889238 0.0225346592825
0 0.60380001082 0.3166799831 0.0201961301485 0.0134640867657
0 0.555600011879 0.292959983621 0.0259691101249 0.0173127400833
0 0.645600009901 0.463319979876 0.0199619540516 0.0133079693677
0 0.587800011171 0.448779980195 0.0621159269624 0.0414106179749
0 0.5592000118 0.460059979947 0.0327311304225 0.021820753615
0 0.829800005851 0.372959981862 0.110849288538 0.073899525692
0 0.735600007922 0.371059981904 0.0496175321619 0.0330783547746
0 0.709200008502 0.444979980279 0.115974054832 0.0773160365546
0 0.774400007069 0.482519979454 0.0453470584732 0.0302313723155
0 0.478000013585 0.284219983813 0.0263136962446 0.0175424641631
0 0.4364000145 0.294139983595 0.0201724849913 0.0134483233275
0 0.502000013058 0.369039981948 0.079617300657 0.053078200438
0 0.499400013115 0.420599980815 0.0228535885929 0.0152357257286
0 0.474400013665 0.458639979979 0.0362558417884 0.0241705611922
0 0.527000012508 0.45993997995 0.0296096728678 0.0197397819118
0 0.552200011954 0.485799979381 0.0375154658126 0.0250103105417
0 0.567000011629 0.498959979092 0.0245138941516 0.0163425961011
0 0.498400013137 0.487759979338 0.0328529178223 0.0219019452149
0 0.494400013225 0.512439978796 0.0338192033897 0.0225461355931
0 0.380600015727 0.490099979287 0.0234860718152 0.0156573812101
0 0.277600017991 0.482579979452 0.0373410456779 0.0248940304519
0 0.302000017455 0.489459979301 0.0238982296604 0.0159321531069
0 0.273800018075 0.542599978133 0.0255950417589 0.0170633611726
0 0.241800018778 0.581799977271 0.0290967015698 0.0193978010465
0 0.311600017244 0.593239977019 0.0224170930545 0.014944728703
0 0.035400023316 0.465239979833 0.0241681208273 0.0161120805516
0 0.0366000232897 0.396819981338 0.0234155320784 0.0156103547189
0 0.145400020898 0.47495997962 0.0605899733849 0.0403933155899
0 0.0922000220673 0.496379979149 0.0478267330367 0.0318844886911
0 0.0882000221552 0.542919978126 0.0480424085294 0.0320282723529
0 0.0196000236634 0.683219975041 0.0260050230624 0.0173366820416
0 0.0568000228456 0.670299975325 0.0278152131952 0.0185434754635
0 0.238800018844 0.627479976267 0.0210574470472 0.0140382980315
0 0.242000018774 0.709779974457 0.0372623933767 0.0248415955844
0 0.257800018427 0.745439973673 0.0226718473635 0.015114564909
0 0.122000021412 0.57957997732 0.0337148283233 0.0224765522155
0 0.100400021887 0.587239977151 0.0268348790407 0.0178899193605
0 0.405600015177 0.598939976894 0.0206287672721 0.0137525115147
0 0.447400014258 0.618339976468 0.0197941624757 0.0131961083171
0 0.422400014808 0.628879976236 0.0407532694129 0.0271688462753
0 0.389400015533 0.651079975748 0.0232534786577 0.0155023191051
0 0.478000013585 0.697059974737 0.0241590189258 0.0161060126172
0 0.51280001282 0.652679975713 0.0228874239224 0.015258282615
0 0.525600012539 0.605699976745 0.0285277337908 0.0190184891938
0 0.514600012781 0.576139977395 0.0909088031019 0.0606058687346
0 0.681600009109 0.664299975457 0.0216779592904 0.0144519728602
0 0.687600008977 0.592979977025 0.0226463224657 0.0150975483105
0 0.671600009329 0.583559977232 0.09886505224 0.0659100348266
0 0.670800009347 0.654399975675 0.0970653490807 0.0647102327205
0 0.569600011572 0.580219977306 0.020807936225 0.0138719574833
0 0.562200011734 0.604459976773 0.0215269864455 0.014351324297
0 0.520600012649 0.705899974542 0.0250809821902 0.0167206547934
0 0.34860001643 0.718079974275 0.0430468496637 0.0286978997758
0 0.47960001355 0.718059974275 0.0434683072778 0.0289788715185
0 0.519400012675 0.732239973963 0.0223983945829 0.0149322630552
0 0.563000011717 0.710419974443 0.033262503391 0.0221750022606
0 0.604200010811 0.712319974401 0.0238393641016 0.0158929094011
0 0.613200010613 0.70599997454 0.0218278438644 0.0145518959096
0 0.633000010178 0.705259974557 0.0209264588122 0.0139509725415
0 0.649600009813 0.715779974325 0.0221120804197 0.0147413869464
0 0.407600015133 0.741519973759 0.0520994822007 0.0347329881338
0 0.432000014597 0.754119973482 0.0199407822372 0.0132938548248
0 0.381200015714 0.753959973486 0.0202766621902 0.0135177747935
0 0.373600015881 0.712859974389 0.0198453112049 0.0132302074699
0 0.548000012046 0.502479979015 0.020914487833 0.0139429918887
0 0.725400008146 0.599179976889 0.0256480702287 0.0170987134858
0 0.745200007711 0.575159977417 0.0203857860748 0.0135905240499
0 0.817200006128 0.582979977245 0.0489300417955 0.0326200278637
0 0.797000006572 0.568859977555 0.029058117422 0.0193720782814
0 0.614200010591 0.686819974962 0.0333076171637 0.0222050781092
0 0.717200008326 0.658859975577 0.0223136083915 0.0148757389277
0 0.667800009413 0.540759978173 0.0235338567982 0.0156892378655
0 0.778800006972 0.577919977356 0.033349466124 0.022232977416
0 0.743000007759 0.732559973956 0.0234160267469 0.015610684498
0 0.855200005293 0.705459974552 0.056729382066 0.037819588044
0 0.882400004695 0.773679973052 0.031610508264 0.021073672176
0 0.908200004127 0.745039973682 0.0815238522255 0.054349234817
0 0.935600003525 0.711819974412 0.0214022310344 0.0142681540229
0 0.940200003424 0.640539975979 0.0301707259499 0.0201138172999
0 0.929800003652 0.544179978098 0.0325532476079 0.021702165072
0 0.891000004505 0.60595997674 0.0219034292205 0.014602286147
0 0.8776000048 0.575159977417 0.042734911669 0.0284899411127
0 0.876400004826 0.614639976549 0.0663518727855 0.044234581857
0 0.877800004796 0.67417997524 0.107956466792 0.0719709778615
0 0.877800004796 0.849699971381 0.0925761329542 0.0617174219695
0 0.858400005222 0.883599970636 0.0355942720546 0.0237295147031
0 0.807600006339 0.813239972183 0.0246918758999 0.0164612506
0 0.809800006291 0.951839969135 0.0307692749089 0.0205128499393
0 0.792000006682 0.94617996926 0.0367213249044 0.0244808832696
0 0.773400007091 0.939659969403 0.0409541048488 0.0273027365658
0 0.750000007605 0.943699969314 0.0208263378954 0.0138842252636
0 0.720600008252 0.843179971524 0.0235807513778 0.0157205009185
0 0.71520000837 0.856239971237 0.026310827167 0.0175405514446
0 0.679200009162 0.859059971175 0.0206271843327 0.0137514562218
0 0.648200009843 0.858359971191 0.024798427508 0.0165322850053
0 0.68700000899 0.826699971887 0.03003934198 0.0200262279867
0 0.68020000914 0.808059972296 0.0210180714297 0.0140120476198
0 0.646800009874 0.77697997298 0.0248453220876 0.0165635480584
0 0.581600011308 0.782999972847 0.021445662934 0.0142971086227
0 0.553800011919 0.850159971371 0.0226653177385 0.0151102118257
0 0.656200009668 0.900739970259 0.113460149204 0.0756400994693
0 0.584000011255 0.934279969521 0.0319341204368 0.0212894136245
0 0.567600011615 0.898739970303 0.089670746627 0.0597804977513
0 0.698800008731 0.733159973943 0.0216242382846 0.0144161588564
0 0.703800008621 0.742039973748 0.0229571721896 0.0153047814597
0 0.776400007025 0.794819972588 0.0957685259807 0.0638456839871
0 0.539400012235 0.770699973118 0.0333672741922 0.0222448494615
0 0.399000015322 0.809239972271 0.0312342633564 0.0208228422376
0 0.453400014126 0.865359971037 0.0228383528012 0.0152255685341
0 0.47140001373 0.873099970867 0.0224036380696 0.0149357587131
0 0.478400013577 0.917119969899 0.0269968335276 0.0179978890184
0 0.344800016514 0.877079970779 0.0214376493033 0.0142917662022
0 0.333000016773 0.921579969801 0.0288074193952 0.0192049462635
0 0.434400014544 0.9352799695 0.0234029674969 0.0156019783313
0 0.524600012561 0.9261399697 0.0396580732185 0.026438715479
0 0.610000010683 0.744339973697 0.0222419803838 0.0148279869225
0 0.33040001683 0.779779972918 0.0407140916629 0.0271427277753
0 0.341400016589 0.793599972614 0.0220713197302 0.0147142131535
0 0.342800016558 0.742959973728 0.0246306359321 0.0164204239547
0 0.398600015331 0.823679971953 0.0790084625919 0.0526723083946
0 0.472200013713 0.831179971788 0.125249090354 0.0834993935693
0 0.489400013335 0.750999973551 0.020448312181 0.0136322081207
0 0.309200017296 0.847099971438 0.0205007470485 0.013667164699
0 0.30220001745 0.839559971604 0.0272612833404 0.0181741888936
0 0.270000018158 0.82289997197 0.0292608325984 0.0195072217323
0 0.284200017846 0.832299971764 0.0220487628438 0.0146991752292
0 0.309400017292 0.876259970797 0.0220502468495 0.0147001645663
0 0.288000017763 0.874079970845 0.02784865279 0.0185657685266
0 0.220200019253 0.908679970084 0.0553784422254 0.0369189614836
0 0.12120002143 0.918819969861 0.022944310807 0.0152962072047
0 0.292600017661 0.789859972697 0.0227304161211 0.0151536107474
0 0.267000018224 0.807139972317 0.020966428032 0.013977618688
0 0.22900001906 0.801039972451 0.0267810591012 0.0178540394008
0 0.130600021223 0.816499972111 0.0268307238248 0.0178871492165
0 0.0662000226389 0.863899971069 0.0213867973752 0.0142578649168
0 0.0802000223311 0.874859970828 0.0276707699754 0.0184471799836
0 0.0800000223355 0.886319970576 0.0256185879824 0.017079058655
0 0.0336000233556 0.900879970256 0.0202079032602 0.0134719355068
0 0.0768000224058 0.900419970266 0.0288766729938 0.0192511153292
0 0.142000020972 0.85973997116 0.0217219847923 0.0144813231949
0 0.0718000225158 0.751579973538 0.0395239191047 0.0263492794031
0 0.0390000232369 0.916199969919 0.0209909635926 0.0139939757284
0 0.0628000227136 0.926959969682 0.0198572821841 0.0132381881227
0 0.0818000222959 0.960699968941 0.0261787506611 0.0174525004407
0 0.0990000219178 0.973059968669 0.0306866652592 0.0204577768394
0 0.0666000226301 0.988519968329 0.0209312076304 0.0139541384203
0 0.0472000230566 0.888659970524 0.0235617561051 0.0157078374034
0 0.0528000229335 0.791319972665 0.0676786728003 0.0451191152002
0 0.0114000238437 0.795219972579 0.0327265794718 0.0218177196478
0 0.292000017675 0.972199968688 0.0204399028154 0.013626601877
0 0.312600017222 0.941719969358 0.0206426179918 0.0137617453279
0 0.710400008476 0.991699968259 0.0226447395263 0.0150964930176
0 0.738000007869 0.946959969243 0.0253208964423 0.0168805976282
0 0.0792000223531 0.0830999882349 0.0516198515638 0.0344132343759
0 0.87440000487 0.109539987654 0.0220864565882 0.0147243043921
0 0.118400021491 0.322659982968 0.0237105524083 0.0158070349388
0 0.303000017433 0.857999971199 0.0208676921871 0.0139117947914
0 0.92400000378 0.298319983503 0.0286623825731 0.0191082550487
0 0.976400002628 0.277279983966 0.0236063752093 0.0157375834728
0 0.84260000557 0.558359977786 0.0219777284384 0.014651818959
