0 0.800200015309 0.35964000414 0.328364991576 0.218909979945
0 0.569600005169 0.332700004733 0.143341117219 0.0955607385099
0 0.832200016716 0.834019993711 0.216794461558 0.144529631506
0 0.77520001421 0.795299994562 0.122533376117 0.0816889120233
0 0.763200013682 0.925679991696 0.0955389134373 0.0636926047573
0 0.405599997958 0.790939994658 0.141266477 0.0941776451216
0 0.412599998266 0.878839992726 0.100993525447 0.0673290125241
0 0.350799995549 0.956219991024 0.0832143435434 0.05547622537
0 0.18639998832 0.154740008645 0.113457196159 0.0756381257838
0 0.178799987986 0.419420002826 0.106380466789 0.0709203065151
0 0.146199986552 0.464240001841 0.101927459814 0.0679516353942
0 0.113999985136 0.485260001379 0.0874540494068 0.0583026957592
0 0.850800017534 0.0131800117574 0.0238050372436 0.0158700237823
0 0.830200016628 0.115120009516 0.0259344867467 0.0172896566908
0 0.901400019759 0.135700009064 0.0233789296888 0.0155859520979
0 0.953800022063 0.110260009623 0.0860456288937 0.0573637488123
0 0.97580002303 0.214160007339 0.0670068227995 0.0446712122533
0 0.948600021834 0.201180007624 0.0267935282833 0.0178623510108
0 0.842800017182 0.213720007348 0.0650726684701 0.0433817761188
0 0.864400018132 0.243740006688 0.0440186813256 0.0293457856149
0 0.878400018747 0.152880008686 0.0205909773102 0.0137273173014
0 0.882800018941 0.168060008352 0.0251715098573 0.0167810054647
0 0.89960001968 0.154900008642 0.0363135249328 0.0242090150251
0 0.647600008599 0.131080009165 0.0353328938477 0.0235552610116
0 0.634600008027 0.121280009381 0.041482812079 0.0276552062287
0 0.530200003437 0.140940008949 0.0234289901538 0.015619325739
0 0.505800002364 0.157980008574 0.0304554611911 0.0203036394549
0 0.41359999831 0.201240007623 0.0258232852395 0.0172155223575
0 0.399399997686 0.15908000855 0.021880677353 0.0145871172733
0 0.477600001124 0.119800009413 0.0246880207418 0.016458679409
0 0.37039999641 0.0456600110433 0.0233169971768 0.0155446637592
0 0.374799996604 0.14586000884 0.0308438749966 0.0205625819748
0 0.29919999328 0.135540009067 0.0472582661601 0.0315055086954
0 0.29579999313 0.0354600112676 0.0284660029093 0.0189773340212
0 0.19139998854 0.069280010524 0.0219305399506 0.0146203590028
0 0.111599985031 0.127200009251 0.0270543175832 0.0180362105325
0 0.103199984662 0.187040007935 0.0794530811755 0.05296871729
0 0.020199981012 0.467680001765 0.0223656504744 0.0149104326662
0 0.0293999814165 0.424300002719 0.0205789073957 0.0137192706923
0 0.0107999805987 0.424540002714 0.0317955185001 0.0211970109353
0 0.0537999824894 0.416340002894 0.025716140015 0.0171440922126
0 0.0783999835711 0.40516000314 0.0241748515087 0.0161165666095
0 0.0563999826037 0.26370000625 0.040048767731 0.0266991767264
0 0.0275999813374 0.242640006713 0.0319652887727 0.0213101911096
0 0.0177999809065 0.162760008469 0.0210286601109 0.0140191058159
0 0.122799985523 0.303440005376 0.0666896412762 0.0444597579184
0 0.0523999824278 0.363360004059 0.0332985196547 0.022199011639
0 0.0333999815924 0.350180004348 0.0367168777308 0.0244779168727
0 0.102199984618 0.262520006276 0.0223302322008 0.0148868204853
0 0.1631999873 0.366400003992 0.038674479353 0.0257829845348
0 0.260799991591 0.225960007079 0.0269537019846 0.0179691334712
0 0.259599991539 0.190940007849 0.0580997205782 0.0387331444974
0 0.301799993394 0.310020005231 0.070027071565 0.0466847112976
0 0.343599995232 0.347460004408 0.0223285503274 0.0148856992365
0 0.354199995698 0.210680007415 0.0202562845176 0.0135041887877
0 0.258999991512 0.25870000636 0.060321079512 0.0402140503557
0 0.276399992277 0.21228000738 0.0584989181597 0.0389992762009
0 0.322999994326 0.235460006871 0.0237677392292 0.015845158441
0 0.305199993544 0.177080008154 0.026463782177 0.0176425202877
0 0.293599993034 0.186280007952 0.0203464131413 0.0135642745329
0 0.391199997325 0.33782000462 0.0477692588512 0.031846170467
0 0.359399995927 0.284820005785 0.0416265627819 0.0277510400242
0 0.371199996446 0.222720007151 0.0354632884977 0.0236421907724
0 0.385799997088 0.235900006861 0.0309757536524 0.0206505010729
0 0.446399999752 0.245780006644 0.0285585059425 0.0190390027059
0 0.422799998715 0.280160005888 0.0825828495749 0.0550552294187
0 0.485400001467 0.286800005742 0.0222389163723 0.0148259432704
0 0.57620000546 0.224840007104 0.024178709924 0.0161191388862
0 0.635000008045 0.187180007932 0.0264500303891 0.0176333524297
0 0.640000008265 0.168320008347 0.0443612888162 0.0295741905936
0 0.719200011747 0.176240008172 0.047595729097 0.0317304839719
0 0.67900000998 0.232140006943 0.0324319591549 0.0216213046772
0 0.67060000961 0.256780006402 0.0218630671499 0.0145753771386
0 0.642600008379 0.243240006699 0.0371772163545 0.0247848092683
0 0.634600008027 0.346440004431 0.0238583625215 0.0159055739653
0 0.469200000755 0.388740003501 0.0479613881457 0.0319742566549
0 0.643400008414 0.368700003941 0.068998160822 0.0459987708475
0 0.603800006673 0.375200003798 0.0338657067017 0.0225771363121
0 0.616800007245 0.398500003286 0.0636396134593 0.0424264061746
0 0.512400002654 0.361700004095 0.0245785011079 0.0163856663245
0 0.74860001304 0.363080004065 0.0833933146524 0.0555955394348
0 0.722400011888 0.251540006517 0.0746295673991 0.0497530416512
0 0.63920000823 0.288340005708 0.0328385767658 0.0218923830666
0 0.731800012301 0.20000000765 0.0275774791225 0.0183849848691
0 0.880800018853 0.189460007882 0.0363471623994 0.0242314400014
0 0.659800009136 0.293640005591 0.025206532396 0.0168043538223
0 0.983400023364 0.598859998881 0.022205179972 0.0148034523383
0 0.970600022802 0.597779998905 0.0320806454964 0.021387095587
0 0.898000019609 0.62439999832 0.0249961992961 0.0166641317649
0 0.963600022494 0.444160002282 0.0311087205792 0.0207391456849
0 0.913000020269 0.444980002264 0.0224840741436 0.0149893817737
0 0.841800017138 0.442480002319 0.0629260044988 0.041950666899
0 0.9410000215 0.429860002597 0.0319483711057 0.0212989126657
0 0.970200022784 0.492680001215 0.0248905380774 0.0165936909572
0 0.847000017367 0.479840001498 0.0320823273697 0.0213882168358
0 0.861000017982 0.464960001825 0.02699713389 0.0179980880729
0 0.937200021333 0.398400003288 0.0300119413006 0.0200079595475
0 0.732800012345 0.570079999514 0.0231684976551 0.0154456640847
0 0.683200010164 0.566559999591 0.031986064855 0.0213240418302
0 0.651200008757 0.538660000205 0.0253681901031 0.01691212562
0 0.642600008379 0.517860000662 0.0279923082326 0.0186615375909
0 0.643200008406 0.504840000948 0.0371317068409 0.0247544695946
0 0.632000007913 0.476480001572 0.0216576807363 0.0144384528719
0 0.672600009698 0.513360000761 0.0212086205572 0.0141390794389
0 0.67060000961 0.521720000577 0.0474165601205 0.0316110379954
0 0.733600012381 0.492080001229 0.0493151972425 0.0328767959933
0 0.703000011035 0.441240002346 0.0219811940179 0.0146541283788
0 0.761200013594 0.455700002028 0.0246826783206 0.0164551177951
0 0.768000013893 0.496700001127 0.0318590339517 0.021239354567
0 0.759600013524 0.469480001726 0.0224782370538 0.0149854903808
0 0.704200011088 0.421700002776 0.0293968703305 0.0195979122611
0 0.661600009215 0.444980002264 0.0207776652498 0.0138517759196
0 0.555600004554 0.473280001642 0.102687270824 0.0684581760342
0 0.468000000702 0.425860002685 0.0287147222947 0.0191431469339
0 0.507600002443 0.450400002145 0.0254057849187 0.0169371888287
0 0.437599999365 0.471400001683 0.0369318607158 0.0246212388533
0 0.574600005389 0.519460000627 0.0277550651594 0.0185033755525
0 0.655200008933 0.486140001359 0.0222463364017 0.0148308899563
0 0.536000003692 0.510480000824 0.0280943089034 0.0187295380336
0 0.581200005679 0.587579999129 0.0316203068726 0.0210802031914
0 0.601600006576 0.578759999323 0.0370334656517 0.0246889754727
0 0.552600004422 0.526260000477 0.0479592116037 0.031972805627
0 0.388999997228 0.47928000151 0.0212290009046 0.0141526663363
0 0.396599997562 0.558539999768 0.0592637747899 0.0395091805874
0 0.368199996314 0.58527999918 0.051636083504 0.0344240533989
0 0.30739999364 0.429440002606 0.022069047166 0.0147126971403
0 0.516600002839 0.383240003622 0.0206892184994 0.0137928114232
0 0.301999993403 0.477420001551 0.0223287481949 0.0148858311481
0 0.335199994863 0.472100001668 0.0209859207416 0.0139906129049
0 0.355799995768 0.506600000909 0.0597079872164 0.0398053221856
0 0.339799995065 0.58117999927 0.0291421159879 0.0194280760439
0 0.31239999386 0.613819998552 0.0590812420668 0.0393874921133
0 0.200599988944 0.523800000531 0.0409270024104 0.027284666474
0 0.279399992409 0.481040001471 0.0427272994094 0.0284848643942
0 0.124599985603 0.547880000002 0.0200897790579 0.0133931851552
0 0.0987999844681 0.560339999728 0.0207282973209 0.0138188639692
0 0.125999985664 0.424440002716 0.0271924290637 0.0181282848468
0 0.103599984679 0.792039994634 0.0344733576424 0.0229822369125
0 0.0821999837381 0.78629999476 0.0306999264263 0.0204666162676
0 0.10679998482 0.855059993248 0.0276809637992 0.018453974649
0 0.053199982463 0.826939993867 0.0201528987746 0.0134352649636
0 0.0377999817859 0.838759993607 0.0219046193146 0.0146030785799
0 0.0355999816891 0.859439993152 0.0199382125908 0.0132921408505
0 0.014399980757 0.922459991767 0.0248429509556 0.0165619662114
0 0.0669999830698 0.632679998138 0.0238888341089 0.0159258883555
0 0.121199985453 0.768819995144 0.0268420058087 0.0178946693589
0 0.0951999843098 0.756779995409 0.0408148115659 0.0272098725826
0 0.161199987212 0.774959995009 0.023296023227 0.015530681127
0 0.209799989349 0.800999994437 0.0219153041569 0.0146102018076
0 0.191799988557 0.807139994302 0.0248028827968 0.0165352541073
0 0.335199994863 0.795899994549 0.0856689882015 0.0571126550341
0 0.301399993376 0.773039995052 0.0597655666446 0.0398437084684
0 0.26759999189 0.81495999413 0.04023278446 0.0268218545376
0 0.16479998737 0.834779993694 0.048731982932 0.0324879864785
0 0.135399986077 0.856619993214 0.0270678715036 0.0180452464788
0 0.19799998883 0.861379993109 0.0534973236778 0.0356648800996
0 0.111199985013 0.835399993681 0.0264198556029 0.0176132359069
0 0.402599997826 0.639759997982 0.0326056867765 0.021737123084
0 0.46840000072 0.795999994547 0.0204197230317 0.01361314779
0 0.535800003683 0.779579994908 0.0219047182483 0.0146031445357
0 0.703200011044 0.697019996723 0.0276227907687 0.0184151926312
0 0.718200011703 0.706979996504 0.0202430273984 0.0134953507088
0 0.720000011783 0.732519995943 0.0560093498966 0.037339564135
0 0.81500001596 0.63709999804 0.0278273857126 0.0185515892515
0 0.858800017886 0.74083999576 0.0253148648252 0.016876575437
0 0.910800020172 0.741019995756 0.0731788032515 0.0487858656166
0 0.982800023338 0.803559994381 0.0364113703871 0.0242742453237
0 0.992000023743 0.8936599924 0.0229419394242 0.015294625274
0 0.980200023224 0.939279991397 0.0332194716082 0.0221463129448
0 0.953600022054 0.926459991679 0.022326175918 0.014884116297
0 0.926600020867 0.811179994213 0.0216383886598 0.0144255914884
0 0.908800020084 0.916079991907 0.056679428018 0.0377862828531
0 0.320999994238 0.949779991166 0.0857672293907 0.0571781491559
0 0.167999987511 0.937919991427 0.0220368937053 0.0146912615012
0 0.161999987247 0.962719990882 0.0425576280705 0.0283717501757
0 0.163399987309 0.991379990251 0.0215830847074 0.0143887221892
0 0.189799988469 0.969839990725 0.0231885812013 0.0154590531146
0 0.251199991169 0.482200001446 0.0675018871608 0.0450012551391
0 0.233999990413 0.636179998061 0.0403525932013 0.0269017270266
0 0.968400022705 0.692639996819 0.0420009279983 0.0280006168188
0 0.829200016584 0.647999997801 0.032802861691 0.0218685730183
