0 0.860200017947 0.192199985836 0.260963423212 0.173975604
0 0.494400001863 0.53727997825 0.111892064625 0.0745947048299
0 0.272799992119 0.121839987383 0.214997825107 0.143331873951
0 0.0595999827444 0.950379969168 0.021877808275 0.0145852045547
0 0.0703999832193 0.963119968887 0.0312151732676 0.0208101141392
0 0.501200002162 0.985959968385 0.0389135032333 0.0259423337778
0 0.665200009373 0.97253996868 0.0398486248047 0.0265657481177
0 0.684600010226 0.983219968446 0.0409971464216 0.0273314291451
0 0.409399998125 0.985659968392 0.0423476907055 0.0282317919416
0 0.41199999824 0.95299996911 0.0210523052712 0.0140348692551
0 0.286999992743 0.971219968709 0.0248967709021 0.0165978461734
0 0.25439999131 0.982059968471 0.0367787113091 0.0245191392555
0 0.499400002083 0.936279969478 0.0598308629032 0.0398872393047
0 0.613600007104 0.945159969282 0.0307458316748 0.0204972197646
0 0.651400008766 0.935539969494 0.0298466230457 0.0198977473848
0 0.545000004088 0.964239968863 0.0372461731611 0.0248307804696
0 0.558200004668 0.91343996998 0.0679153311988 0.0452768844796
0 0.466200000623 0.894279970401 0.0389222094011 0.0259481378893
0 0.412599998266 0.889599970504 0.0216460065567 0.014430670086
0 0.356799995812 0.907559970109 0.0371165699809 0.0247443783553
0 0.418799998539 0.939199969413 0.0233417306081 0.0155611527124
0 0.446999999779 0.956719969028 0.0201942530718 0.0134628344933
0 0.305599993561 0.915139969942 0.023805630846 0.0158704195172
0 0.337999994986 0.927019969681 0.0254679152982 0.016978609079
0 0.37039999641 0.931119969591 0.022877533569 0.0152516880401
0 0.20799998927 0.9716399687 0.021602673585 0.0144017814401
0 0.12499998562 0.95573996905 0.0256523277622 0.0171015507135
0 0.147799986623 0.959399968969 0.0300351907261 0.0200234591634
0 0.187199988355 0.965779968829 0.0237386527139 0.0158257674322
0 0.765600013788 0.958599968987 0.0228905928208 0.0152603942073
0 0.722200011879 0.94161996936 0.0268085662096 0.0178723762943
0 0.766200013814 0.933479969539 0.0213463363028 0.0142308899299
0 0.798200015221 0.938599969427 0.0200641552231 0.0133761025998
0 0.829400016593 0.924719969732 0.0338452274206 0.0225634834589
0 0.889400019231 0.941839969355 0.0199488974331 0.0132992640782
0 0.82160001625 0.988499968329 0.0209762252365 0.0139841492353
0 0.968400022705 0.838299971632 0.0218604948731 0.0145736622875
0 0.824000016356 0.90479997017 0.040750306777 0.0271668693928
0 0.772200014078 0.918859969861 0.021499683577 0.0143331214393
0 0.949600021878 0.8943199704 0.0626355350814 0.0417570206335
0 0.967400022661 0.853879971289 0.0287807110894 0.0191871394608
0 0.981600023285 0.673519975254 0.0429498013576 0.0286331990165
0 0.890200019266 0.62867997624 0.0351126673753 0.0234084433729
0 0.935800021271 0.590379977082 0.0226768959742 0.0151179296523
0 0.71880001173 0.589199977108 0.0321404014665 0.0214269328977
0 0.671400009646 0.602399976818 0.0245207238123 0.01634714813
0 0.634600008027 0.582699977251 0.0322451722815 0.0214967801032
0 0.835800016874 0.61913997645 0.0370242648152 0.0246828415822
0 0.825600016426 0.651839975731 0.0315806344488 0.0210537549106
0 0.815400015977 0.672539975276 0.0445921011973 0.0297280655041
0 0.713600011501 0.637439976048 0.0317907696813 0.0211938450563
0 0.681800010103 0.626459976289 0.0223329034113 0.0148886012922
0 0.602200006603 0.616619976505 0.0237075875242 0.015805057307
0 0.565200004976 0.623919976345 0.0226350470084 0.0150900303436
0 0.552200004404 0.639179976009 0.0202058283177 0.0134705513233
0 0.597200006383 0.636659976065 0.0344767213891 0.0229844794101
0 0.621400007447 0.662959975487 0.0317597044916 0.0211731349312
0 0.665000009364 0.641759975953 0.0255539876392 0.0170359906359
0 0.648400008634 0.650359975764 0.0249131939005 0.0166087948382
0 0.680000010024 0.667199975393 0.023424933871 0.0156166215507
0 0.685000010244 0.658519975584 0.0211353106667 0.0140902061818
0 0.519600002971 0.627379976269 0.0375997622952 0.0250665065435
0 0.967400022661 0.646719975844 0.0199301000253 0.0132867324739
0 0.980200023224 0.597219976932 0.0294800735935 0.0196533810994
0 0.951800021975 0.739899973795 0.0199272309473 0.0132848197553
0 0.941800021535 0.726559974088 0.023706202452 0.0158041339257
0 0.933400021166 0.817399972091 0.0399102605156 0.0266068385888
0 0.878400018747 0.811399972223 0.0207333429409 0.0138222277156
0 0.856600017789 0.80423997238 0.0253490958942 0.0168993961482
0 0.722800011906 0.716579974308 0.0377291676079 0.0251527767463
0 0.751800013181 0.696879974741 0.0261650023266 0.0174433337339
0 0.864000018114 0.659539975562 0.0200201297153 0.0133467522632
0 0.699600010886 0.814239972161 0.0235047733874 0.0156698478914
0 0.830800016655 0.834239971721 0.0556948395839 0.037129890607
0 0.760800013577 0.816479972111 0.0415599803847 0.0277066517624
0 0.722000011871 0.781239972886 0.0318826791121 0.0212551180062
0 0.741800012741 0.801579972439 0.0227939345712 0.0151959553785
0 0.801000015344 0.797179972536 0.0411304101495 0.0274202716245
0 0.829600016602 0.761539973319 0.0394738638533 0.0263159074999
0 0.81160001581 0.734059973923 0.0235788747476 0.015719248795
0 0.76860001392 0.729179974031 0.0291119412017 0.0194079595211
0 0.838000016971 0.722039974188 0.023043940095 0.0153626257167
0 0.855800017754 0.722719974173 0.0243499642025 0.0162333083976
0 0.842800017182 0.741819973753 0.0325019052987 0.0216679354366
0 0.674600009786 0.702599974615 0.0344265619904 0.0229510398132
0 0.594000006242 0.711319974423 0.031519691274 0.0210131261301
0 0.596200006339 0.731419973981 0.0244811503222 0.016320765805
0 0.50820000247 0.752439973519 0.039032817306 0.0260218764877
0 0.548600004246 0.754779973468 0.0367003557987 0.024466902252
0 0.52300000312 0.761759973314 0.0203434451295 0.0135622958585
0 0.629000007781 0.762059973308 0.0493926623494 0.0329284393945
0 0.590600006093 0.788399972729 0.0329499761405 0.0219666493115
0 0.793000014992 0.785779972786 0.0403704012719 0.0269135990728
0 0.933600021175 0.799739972479 0.0506711828813 0.0337807863595
0 0.882600018932 0.779059972934 0.0613506827911 0.0409004524964
0 0.691000010507 0.749979973573 0.0268265721476 0.0178843802521
0 0.66740000947 0.77331997306 0.0494545948614 0.0329697277331
0 0.656800009004 0.799779972479 0.0405480862425 0.0270320557121
0 0.61760000728 0.822959971969 0.0246843601939 0.0164562390439
0 0.670200009593 0.725619974109 0.0280563183529 0.0187042110016
0 0.654000008881 0.737139973856 0.0368862522685 0.0245908332237
0 0.708000011255 0.85111997135 0.0294592975112 0.0196395303788
0 0.637400008151 0.863439971079 0.0297821182568 0.019854744195
0 0.577600005521 0.85109997135 0.0280808539168 0.0187205680431
0 0.570000005187 0.834419971717 0.02727226858 0.0181815111875
0 0.519200002953 0.845999971462 0.0312058734974 0.0208039142928
0 0.513200002689 0.82837997185 0.0273439955308 0.0182293291516
0 0.468600000728 0.865419971035 0.0539454934534 0.0359636599302
0 0.536000003692 0.801379972443 0.037136356726 0.0247575695178
0 0.817800016083 0.870099970933 0.0516646753506 0.0344431146287
0 0.857400017824 0.864079971065 0.0877721213336 0.0585147436964
0 0.394599997475 0.856639971228 0.0415844170149 0.0277229428481
0 0.429999999031 0.806919972322 0.0531006983732 0.0354004632472
0 0.38699999714 0.770539973121 0.0221182172275 0.0147454771791
0 0.36879999634 0.74649997365 0.0241063893708 0.0160709251872
0 0.450399999928 0.765919973223 0.0313065880297 0.0208710573099
0 0.479200001194 0.771619973098 0.026173510627 0.0174490059338
0 0.419399998565 0.780899972894 0.0230913293494 0.0153942185509
0 0.291599992946 0.78149997288 0.0461319056977 0.03075460177
0 0.331799994713 0.791279972665 0.0309270782595 0.0206180508131
0 0.354999995733 0.797639972526 0.031975973615 0.0213173143374
0 0.361999996041 0.809079972274 0.0223133145337 0.0148755420414
0 0.173599987757 0.908079970098 0.0212704541355 0.0141803018217
0 0.116199985233 0.924439969738 0.0234397739298 0.0156265149226
0 0.179199988003 0.89475997039 0.0234794463537 0.0156529632034
0 0.222599989912 0.880439970705 0.0261023772785 0.0174015837046
0 0.149399986693 0.856319971235 0.0212453249693 0.0141635490453
0 0.192599988593 0.839499971605 0.0207506563428 0.0138337699828
0 0.269399991969 0.823279971962 0.0355239348713 0.0236826216855
0 0.24939999109 0.800499972463 0.0392498778993 0.0261665835404
0 0.297799993218 0.803319972401 0.0200002440365 0.0133334951449
0 0.35719999583 0.821799971994 0.0224529100201 0.0149686056928
0 0.390799997307 0.832359971762 0.0215280775561 0.0143520507575
0 0.345799995329 0.763859973268 0.0357588035351 0.0238392007844
0 0.335799994889 0.880799970697 0.0446327629584 0.0297551733431
0 0.189599988461 0.76923997315 0.0219634848811 0.0146423222883
0 0.122199985497 0.798479972507 0.026167376736 0.0174449166734
0 0.120799985435 0.881919970673 0.0235175358379 0.0156783561912
0 0.100399984538 0.872819970873 0.0368948595026 0.0245965713794
0 0.303599993473 0.836819971664 0.0316376202746 0.0210917454586
0 0.298799993262 0.845439971475 0.0310479752718 0.020698648816
0 0.611200006999 0.837439971651 0.0203823260836 0.0135882164928
0 0.645200008494 0.832199971766 0.019938113657 0.0132920748947
0 0.741400012724 0.759919973355 0.0322936498069 0.0215290984513
0 0.722400011888 0.741399973762 0.024317711808 0.0162118068028
0 0.772800014104 0.709539974462 0.0240506896835 0.0160337920648
0 0.888800019205 0.722979974167 0.0221295946059 0.0147530620975
0 0.324999994414 0.740859973774 0.0325595836605 0.0217063876753
0 0.410999998196 0.722479974178 0.0337355099193 0.0224903384628
0 0.459800000341 0.724039974144 0.0344102379257 0.0229401571041
0 0.497000001977 0.703199974602 0.0322231100608 0.021482071957
0 0.551600004378 0.68099997509 0.049577569482 0.033051710808
0 0.275599992242 0.742339973741 0.0220186898998 0.0146791256317
0 0.236399990518 0.727879974059 0.0236682119015 0.0157788068936
0 0.143399986429 0.770239973128 0.0250067852047 0.0166711890369
0 0.0775999835359 0.763499973276 0.0387851861916 0.025856789089
0 0.0637999829291 0.796719972546 0.0327645743393 0.0218430481189
0 0.0633999829115 0.784019972825 0.0332905060229 0.0221936692181
0 0.106199984793 0.789099972713 0.0212584831547 0.0141723211684
0 0.273799992163 0.694819974786 0.0344707853656 0.0229805220614
0 0.0833999837909 0.805539972352 0.0440705225976 0.0293803464606
0 0.104399984714 0.894579970394 0.0263073679573 0.0175382441481
0 0.0137999807306 0.920359969828 0.0291805022733 0.0194536668991
0 0.0663999830434 0.908819970081 0.0365253420386 0.0243502264197
0 0.0425999819969 0.877419970772 0.0213074553487 0.0142049692956
0 0.0823999837469 0.834839971708 0.0850439249251 0.0566959462107
0 0.0511999823751 0.73557997389 0.0224795231922 0.0149863478064
0 0.0543999825158 0.724819974127 0.0316908466188 0.0211272296857
0 0.0581999826829 0.712679974393 0.0328192846894 0.0218795216832
0 0.111999985048 0.709039974473 0.0286878123214 0.0191252069529
0 0.0381999818034 0.637819976039 0.0452526816811 0.0301684524643
0 0.0903999840987 0.697419974729 0.0257902413752 0.0171934931161
0 0.15159998679 0.694939974783 0.029603048214 0.0197353641744
0 0.149799986711 0.715659974328 0.0253519649722 0.0169013088667
0 0.0787999835887 0.679479975123 0.0256090937242 0.0170727280234
0 0.0607999827972 0.689279974908 0.0200135011557 0.0133423332238
0 0.0549999825422 0.662179975504 0.0217057625267 0.0144705073967
0 0.0767999835007 0.670119975329 0.0222118085316 0.0148078713777
0 0.0193999809768 0.579079977331 0.0344388297723 0.0229592183339
0 0.130999985884 0.635839976083 0.0408801078246 0.0272534034189
0 0.167199987476 0.653939975685 0.0321588031394 0.0214392006789
0 0.313399993904 0.685079975 0.0223876137614 0.0149250748565
0 0.342399995179 0.682679975053 0.0279343330696 0.0186228874848
0 0.184399988232 0.677939975157 0.0364763698446 0.0243175782925
0 0.21619998963 0.639259976008 0.0257687727568 0.0171791807048
0 0.182399988144 0.631479976179 0.034959715836 0.0233064756868
0 0.340199995083 0.65279997571 0.0592885082212 0.0395256695405
0 0.281399992497 0.664859975445 0.024223724769 0.0161491487809
0 0.456600000201 0.639499976002 0.0332345095344 0.0221563382283
0 0.444999999691 0.663199975481 0.0266391916719 0.0177594599433
0 0.475400001027 0.679859975115 0.0352239678162 0.023482643662
0 0.290599992902 0.628719976239 0.035515030836 0.0236766856624
0 0.352399995619 0.626119976296 0.0270173163699 0.0180115430587
0 0.277999992348 0.615819976523 0.0284933086175 0.0189955378255
0 0.277799992339 0.596359976951 0.0387700493317 0.0258466978497
0 0.214199989542 0.556719977822 0.0225085107737 0.0150056728594
0 0.184399988232 0.58821997713 0.0670212671234 0.0446808418019
0 0.0883999840108 0.584999977201 0.0459837029772 0.0306557999629
0 0.352599995628 0.557779977799 0.0292251213834 0.0194834129706
0 0.355199995742 0.584419977213 0.0384787884444 0.0256525239377
0 0.302199993412 0.572499977475 0.054139403555 0.0360929333228
0 0.368399996323 0.53587997828 0.0387714344038 0.0258476212311
0 0.525200003217 0.578699977339 0.0457119320338 0.0304746193459
0 0.590800006102 0.557639977802 0.0214250875481 0.0142833907567
0 0.617400007271 0.522599978572 0.045195794789 0.0301305278721
0 0.437399999356 0.600739976854 0.103728053614 0.0691520311818
0 0.761800013621 0.480079979507 0.0589324457439 0.0392882945713
0 0.809600015722 0.445919980258 0.0213480181761 0.0142320111787
0 0.790800014896 0.435419980489 0.0331208346841 0.0220805549997
0 0.573200005328 0.505239978954 0.0295769297106 0.0197179518399
0 0.615600007192 0.49585997916 0.0285935284812 0.0190623510635
0 0.770000013981 0.564919977642 0.0636198267143 0.0424132150121
0 0.980200023224 0.36715998199 0.0271213946489 0.0180809285734
0 0.916800020436 0.35351998229 0.0204918457175 0.0136612295773
0 0.961000022379 0.266019984213 0.0213580104824 0.0142386727158
0 0.838400016989 0.254399984469 0.0548359959147 0.0365573281986
0 0.70720001122 0.258839984371 0.0428838125628 0.0285892064896
0 0.715800011598 0.29801998351 0.0229397628822 0.0152931742462
0 0.70880001129 0.284099983816 0.0228953416396 0.0152635600863
0 0.736800012521 0.284139983815 0.032272379056 0.0215149179516
0 0.721200011835 0.348659982397 0.0322062913275 0.0214708594689
0 0.914200020322 0.375019981817 0.0241147987375 0.0160765314313
0 0.887400019143 0.359559982157 0.0292034548976 0.0194689686476
0 0.923200020717 0.29575998356 0.0244100169737 0.0162733435758
0 0.651800008784 0.327919982852 0.0561807031088 0.0374537996022
0 0.624600007588 0.387079981552 0.0272983870835 0.018198923522
0 0.587400005952 0.452559980112 0.0501403045114 0.0334268674696
0 0.606800006805 0.432859980545 0.0233403455359 0.015560229331
0 0.56620000502 0.434699980505 0.0231233838764 0.0154155882342
0 0.565600004994 0.418479980861 0.0392092161382 0.0261394757014
0 0.590400006084 0.405159981154 0.0406507794494 0.0271005178455
0 0.678000009936 0.394619981386 0.0457918704839 0.0305279116424
0 0.494400001863 0.385079981596 0.023922669443 0.0159484452434
0 0.476000001054 0.445979980257 0.0316951997027 0.0211301317415
0 0.511600002619 0.437339980447 0.047090474562 0.0313936476374
0 0.555800004563 0.478179979549 0.0360373019718 0.0240248663966
0 0.625800007641 0.447979980213 0.0783826182678 0.0522550753987
0 0.50820000247 0.466379979808 0.0399537913547 0.0266358591463
0 0.424199998776 0.406459981126 0.0328216590988 0.0218811046227
0 0.63080000786 0.35259998231 0.0674399546488 0.0449599668005
0 0.611600007016 0.308379983282 0.022482491204 0.0149883264807
0 0.545800004123 0.292219983637 0.0283865591279 0.0189243715038
0 0.549000004264 0.309679983253 0.0199823370322 0.0133215571429
0 0.47000000079 0.312839983184 0.0381498338078 0.0254332208611
0 0.521200003041 0.298779983493 0.0480983124215 0.0320655394994
0 0.455200000139 0.339279982603 0.0238605390635 0.0159070249932
0 0.426599998882 0.358079982189 0.0257430499882 0.0171620321936
0 0.363999996129 0.377379981765 0.0212063450815 0.0141375624552
0 0.355199995742 0.391619981452 0.0281761270942 0.0187840834906
0 0.318799994142 0.396899981336 0.0224047292959 0.0149364852121
0 0.28919999284 0.422679980769 0.0292031580964 0.0194687707802
0 0.365599996199 0.485539979387 0.0612748006238 0.0408498643883
0 0.259999991556 0.452619980111 0.0217648259607 0.0145098830168
0 0.359999995953 0.459159979967 0.0548484615641 0.036565638631
0 0.454800000122 0.482339979458 0.0306542190452 0.0204361446823
0 0.364799996164 0.354119982276 0.0202728064497 0.0135152034084
0 0.361199996006 0.336919982655 0.022970828072 0.0153138843713
0 0.514600002751 0.247919984611 0.0281183497987 0.0187455652961
0 0.433399999181 0.268159984166 0.0317365539998 0.0211577012711
0 0.373199996534 0.286019983774 0.0233654747022 0.0155769821074
0 0.38879999722 0.274059984037 0.0286772264128 0.0191181496809
0 0.397999997624 0.26027998434 0.0201424117998 0.0134282736475
0 0.413399998301 0.295159983573 0.0282607154293 0.0188404757103
0 0.334999994854 0.305179983352 0.0235980678903 0.0157320442226
0 0.333799994801 0.318799983053 0.0199417742049 0.0132945152597
0 0.304399993508 0.324559982926 0.0198474903647 0.0132316593704
0 0.299999993315 0.306919983314 0.0216969574252 0.0144646373294
0 0.200599988944 0.289059983707 0.0204868000975 0.0136578658308
0 0.213799989525 0.296339983547 0.0362934413865 0.0241956259952
0 0.165799987414 0.299279983482 0.0355017737168 0.0236678475835
0 0.245999990941 0.34257998253 0.03195114125 0.0213007594284
0 0.285999992699 0.371799981888 0.0248634302367 0.0165756190646
0 0.331599994704 0.364999982037 0.0308021249645 0.020534748622
0 0.257599991451 0.382879981644 0.0356560113945 0.0237706726952
0 0.323599994353 0.335359982689 0.0244533499454 0.0163022322217
0 0.290199992884 0.351359982337 0.0378657950825 0.0252438617234
0 0.308199993675 0.279539983916 0.0586096249983 0.0390730807551
0 0.628800007772 0.258399984381 0.0448207370365 0.0298804893869
0 0.654200008889 0.281539983872 0.0205814796726 0.0137209855434
0 0.665600009391 0.288659983716 0.0298655193872 0.0199103449449
0 0.67060000961 0.244859984679 0.0216251315406 0.0144167534096
0 0.738000012574 0.356839982217 0.0316943092991 0.0211295381391
0 0.765600013788 0.373899981842 0.0517996209519 0.034533078357
0 0.385199997061 0.514799978744 0.0285721587965 0.019048104608
0 0.342999995206 0.510479978839 0.0300065988795 0.0200043979336
0 0.337799994977 0.522079978584 0.0236469411506 0.015764626394
0 0.233799990404 0.525099978517 0.026776017014 0.017850676832
0 0.25439999131 0.528539978442 0.0225769729116 0.0150513142817
0 0.227599990131 0.539719978196 0.0255733786494 0.0170489179751
0 0.18479998825 0.546259978052 0.0223549656321 0.0149033094384
0 0.155599986966 0.542379978138 0.0264448858354 0.0176299227275
0 0.116399985242 0.534179978318 0.0198503594427 0.013233572089
0 0.115799985216 0.54679997804 0.0229521295979 0.0153014187227
0 0.0673999830874 0.554779977865 0.0595834296563 0.0397222838176
0 0.123999985576 0.519379978643 0.0260989145981 0.0173992752511
0 0.180799988074 0.497739979119 0.0457582330173 0.0305054866662
0 0.23939999065 0.506219978933 0.0272484255522 0.0181656158367
0 0.271599992066 0.509299978865 0.0265506459878 0.0177004294911
0 0.275599992242 0.547019978036 0.0477843957112 0.0318562617063
0 0.292799992998 0.516059978716 0.0272693005682 0.0181795325131
0 0.279999992436 0.530999978388 0.0408210443906 0.0272140277988
0 0.254599991319 0.461039979926 0.0218162714979 0.0145441800393
0 0.233199990378 0.444099980298 0.0228152053221 0.0152101358782
0 0.20959998934 0.433319980535 0.0200148862279 0.0133432566052
0 0.249199991081 0.428219980647 0.0309048181714 0.0206032107553
0 0.258599991495 0.404159981176 0.0503878366921 0.0335918889125
0 0.161999987247 0.378839981733 0.0370383134042 0.0246922073076
0 0.171799987678 0.364539982047 0.0262582968295 0.0175055300651
0 0.15979998715 0.417919980874 0.0489592336989 0.0326394869799
0 0.105799984776 0.430599980595 0.0326313106113 0.0217542056394
0 0.0853999838789 0.401239981241 0.03404784369 0.0226985609629
0 0.0493999822959 0.394099981397 0.0198605496164 0.0132403655377
0 0.0145999807657 0.405539981146 0.0235324748304 0.0156883155189
0 0.0821999837381 0.517379978687 0.0243663872009 0.0162442570625
0 0.102799984644 0.221919985183 0.0319297715653 0.0212865129729
0 0.0899999840811 0.249759984571 0.0434829552031 0.0289886348901
0 0.104799984732 0.278759983933 0.0309761493873 0.0206507648962
0 0.0565999826125 0.315819983119 0.0227499090634 0.015166605042
0 0.0091999805283 0.314519983147 0.0260674536735 0.0173783013028
0 0.106599984811 0.315459983126 0.0286708946544 0.0191139285089
0 0.170199987608 0.341419982556 0.0513419535387 0.0342279667683
0 0.125199985629 0.360099982145 0.0254616824735 0.0169744538628
0 0.232999990369 0.263479984269 0.0247165136547 0.016477674683
0 0.331199994687 0.25841998438 0.0517211665078 0.0344807753976
0 0.293999993051 0.233979984918 0.0330857132116 0.0220571406863
0 0.369799996384 0.221419985194 0.0301272980243 0.0200848640248
0 0.376599996683 0.203359985591 0.0312338717417 0.0208225797877
0 0.248199991037 0.221919985183 0.0299848334599 0.0199898876548
0 0.208799989305 0.222139985178 0.0222503926844 0.0148335941446
0 0.215199989586 0.20705998551 0.0308020260308 0.0205346826661
0 0.200199988927 0.18339998603 0.0351518451305 0.0234345618747
0 0.109399984934 0.159179986562 0.0254340799642 0.0169560521911
0 0.0695999831841 0.168699986353 0.0264118419712 0.0176078934861
0 0.0321999815396 0.174979986215 0.0199917357361 0.0133278229451
0 0.0141999807482 0.120119987421 0.0333438313008 0.0222292194011
0 0.0937999842482 0.122119987377 0.0231952097609 0.015463472154
0 0.101199984574 0.101479987831 0.0362987838077 0.0241991876091
0 0.0601999827708 0.127239987264 0.0347336522737 0.0231557666552
0 0.0559999825861 0.14699998683 0.0428626407456 0.0285750919457
0 0.0533999824718 0.110719987628 0.0282833712524 0.0188555795913
0 0.0947999842922 0.173959986237 0.0227009368694 0.0151339569148
0 0.112199985057 0.189859985888 0.0328897255018 0.0219264822217
0 0.177199987915 0.211979985401 0.0272195369044 0.0181463567394
0 0.170799987634 0.190139985882 0.0412213302431 0.0274808850162
0 0.184599988241 0.246679984639 0.028544259486 0.0190295050689
0 0.231599990307 0.237939984831 0.0211673651937 0.0141115758651
0 0.272799992119 0.265479984225 0.020394791733 0.0135965269252
0 0.251599991187 0.246899984634 0.0288542188473 0.0192361446295
0 0.288199992796 0.201199985638 0.028344017626 0.0188960105044
0 0.322199994291 0.197459985721 0.0214878115299 0.0143252067418
0 0.452800000034 0.194479985786 0.0378456126026 0.0252304067376
0 0.390999997316 0.172679986265 0.0378693566966 0.0252462361326
0 0.497800002012 0.217719985275 0.0272136998146 0.0181424653465
0 0.518000002901 0.204739985561 0.0640966872702 0.0427311220284
0 0.500800002144 0.186719985957 0.0324106884039 0.0216071241775
0 0.528600003367 0.151679986727 0.0386660699864 0.0257773782907
0 0.449799999902 0.0930799880155 0.0243176128743 0.0162117408469
0 0.45680000021 0.103899987778 0.0277034217548 0.0184689466184
0 0.528800003375 0.122599987366 0.0257829202795 0.017188612386
0 0.821800016259 0.140219986979 0.021226329694 0.0141508855293
0 0.787400014746 0.141919986942 0.0389942331532 0.0259961537208
0 0.799000015256 0.121139987399 0.0282389500098 0.0188259654315
0 0.921200020629 0.09241998803 0.0428861869722 0.0285907894291
0 0.966600022626 0.088919988107 0.0429220999145 0.028614731389
0 0.839000017015 0.180619986091 0.0421148007161 0.028076531959
0 0.740200012671 0.146039986851 0.0262789739781 0.0175193148299
0 0.644400008458 0.174339986229 0.022787503879 0.0151916682507
0 0.642200008362 0.150719986748 0.0434622780546 0.0289748501253
0 0.598800006453 0.177319986163 0.0425242874051 0.0283495230669
0 0.538200003789 0.0848799881958 0.0258447538578 0.0172298347688
0 0.607800006849 0.090099988081 0.0403235066861 0.0268823360177
0 0.661200009197 0.0949799879737 0.0263304195153 0.0175536118524
0 0.613000007078 0.0678999885691 0.0264478538472 0.0176319014019
0 0.671800009663 0.0522599889129 0.0210658591916 0.0140439052014
0 0.713400011492 0.0380599892251 0.0273332117548 0.018222139968
0 0.76860001392 0.0423599891306 0.0295837561376 0.0197225027909
0 0.733800012389 0.0643799886465 0.0203977597447 0.0135985055996
0 0.749600013084 0.10061998785 0.0240608798572 0.0160405855135
0 0.781200014474 0.0624599886887 0.0509645213768 0.0339763453436
0 0.559000004703 0.0631799886729 0.0459020826539 0.0306013864176
0 0.627000007693 0.0521999889143 0.0373514386448 0.0249009574541
0 0.479800001221 0.0633199886698 0.0437484933218 0.0291656602909
0 0.422199998688 0.0772999883624 0.0254217132485 0.0169478077145
0 0.377599996727 0.0537199888808 0.0272145902182 0.0181430589488
0 0.487800001573 0.0190399896433 0.0335323000475 0.0223548652239
0 0.674400009778 0.0241199895316 0.0207298802605 0.0138199192622
0 0.611200006999 0.0115199898086 0.0259460619925 0.0172973735208
0 0.595200006295 0.109439987656 0.0244187231416 0.0162791476873
0 0.989000023611 0.0191399896411 0.0222484140099 0.0148322750284
0 0.238199990598 0.0290399894234 0.0257843053517 0.0171895357674
0 0.232599990351 0.0195799896314 0.0253348494377 0.0168898985112
0 0.263999991732 0.0463199890435 0.0376691148367 0.0251127415681
0 0.182799988162 0.100239987858 0.0236868114419 0.0157912065864
0 0.108199984881 0.0712199884961 0.0364330368729 0.0242886896466
0 0.108599984899 0.0543399888672 0.0217305948918 0.0144870623057
0 0.146999986587 0.0184199896569 0.0202355084353 0.0134903380671
0 0.0413999819442 0.040659989168 0.0303780950179 0.0202520620095
0 0.0729999833336 0.0364199892612 0.0526418437553 0.0350945601888
0 0.0465999821728 0.0788999883273 0.03900185105 0.0260012323184
0 0.0425999819969 0.0171999896837 0.0355776558841 0.0237184356917
0 0.893000019389 0.758959973376 0.0396257271217 0.0264171496721
0 0.912600020251 0.761439973321 0.0278999041332 0.018599934862
0 0.35059999554 0.567399977587 0.0245355638711 0.0163570415019
0 0.88960001924 0.160999986522 0.0445699400429 0.0297132914021
0 0.946600021746 0.169199986342 0.0343180316937 0.0228786862868
0 0.948000021808 0.151379986734 0.0269572635987 0.0179715078805
0 0.588200005987 0.251279984537 0.0208396966956 0.0138931302141
0 0.556000004571 0.345699982462 0.0254627707445 0.0169751793767
0 0.544200004053 0.331139982782 0.0469678956764 0.0313119283857
0 0.0247999812143 0.443879980303 0.0512719084612 0.034181270053
0 0.0681999831226 0.435319980491 0.03756058454 0.0250403880418
0 0.367799996296 0.0931599880137 0.070855047912 0.0472366954924
0 0.359599995936 0.121359987394 0.0485522203531 0.0323681447672
0 0.847000017367 0.107779987692 0.0435786241155 0.0290524141608
