0 0.632400010191 0.515620000711 0.152861489439 0.101907659626
0 0.279400017952 0.176860008159 0.184402546237 0.122935030825
0 0.940000003428 0.301500005419 0.168576120291 0.112384080194
0 0.340800016602 0.743519995701 0.120008571617 0.0800057144112
0 0.717800008313 0.035620011264 0.0260398477291 0.0173598984861
0 0.704400008608 0.023840011523 0.0279314603071 0.0186209735381
0 0.684200009052 0.0261400114725 0.0373565782707 0.0249043855138
0 0.65380000972 0.0388400111932 0.0453079796569 0.0302053197712
0 0.709400008498 0.0536000108687 0.024633406076 0.0164222707173
0 0.812800006225 0.100480009838 0.0292146305548 0.0194764203699
0 0.631400010213 0.0887600100957 0.0268141029611 0.0178760686407
0 0.576200011426 0.049720010954 0.0245333840929 0.0163555893953
0 0.561600011747 0.0206200115938 0.0219430027054 0.0146286684703
0 0.48460001344 0.015700011702 0.0213028026536 0.0142018684357
0 0.460000013981 0.0718200104682 0.0597831689616 0.0398554459744
0 0.450600014188 0.109880009631 0.051223028444 0.0341486856294
0 0.379600015749 0.128340009226 0.0474149709264 0.0316099806176
0 0.395400015401 0.157160008592 0.0315920076598 0.0210613384399
0 0.406600015155 0.0715200104748 0.0785909623262 0.0523939748842
0 0.286600017793 0.079380010302 0.077000602902 0.051333735268
0 0.351600016364 0.0495200109584 0.0853820691353 0.0569213794235
0 0.202200019649 0.0836800102074 0.0386603267306 0.0257735511537
0 0.142600020959 0.10630000971 0.0300976139365 0.0200650759577
0 0.170000020357 0.136100009055 0.0290179503349 0.0193453002233
0 0.0840000222476 0.0399000111699 0.0430427933815 0.0286951955877
0 0.0206000236414 0.264700006228 0.0274806193804 0.0183204129203
0 0.00980002387886 0.284540005791 0.0230984495306 0.0153989663538
0 0.0756000224322 0.243540006693 0.020283290749 0.0135221938326
0 0.0788000223619 0.255160006437 0.0376890944775 0.025126062985
0 0.0256000235315 0.243520006693 0.0248375063243 0.0165583375496
0 0.0942000220233 0.164260008436 0.0255870281282 0.0170580187522
0 0.0800000223355 0.186720007942 0.0670569733526 0.0447046489017
0 0.105800021768 0.18454000799 0.0227209184848 0.0151472789898
0 0.0920000220717 0.137800009018 0.0431545884763 0.0287697256509
0 0.110200021672 0.12222000936 0.0496991524745 0.0331327683163
0 0.170600020344 0.20502000754 0.0220545009991 0.0147030006661
0 0.209400019491 0.204380007554 0.041055116169 0.027370077446
0 0.224600019156 0.14270000891 0.0238230400391 0.0158820266927
0 0.236200018901 0.108300009666 0.0714082758842 0.0476055172561
0 0.23580001891 0.0821600102408 0.020308716713 0.0135391444753
0 0.171600020322 0.233600006911 0.0198481802826 0.0132321201884
0 0.141800020977 0.128480009222 0.0312894683678 0.0208596455786
0 0.216400019337 0.280720005875 0.0277704951573 0.0185136634382
0 0.193200019847 0.295380005553 0.0351175104954 0.0234116736636
0 0.353000016334 0.235000006881 0.0367387372378 0.0244924914919
0 0.316000017147 0.3341800047 0.0258003292118 0.0172002194745
0 0.288800017745 0.340800004555 0.0416611840901 0.0277741227267
0 0.224400019161 0.344820004466 0.0608447276939 0.0405631517959
0 0.266600018233 0.376780003764 0.104813342754 0.0698755618363
0 0.356600016254 0.385560003571 0.104797513361 0.069865008907
0 0.437800014469 0.284480005793 0.0568306901873 0.0378871267915
0 0.452200014153 0.335480004672 0.109522587457 0.0730150583046
0 0.404800015195 0.27324000604 0.0577139703701 0.0384759802468
0 0.353200016329 0.302240005402 0.0634585563711 0.0423057042474
0 0.543400012148 0.225320007093 0.115526874453 0.0770179163017
0 0.563400011708 0.191620007834 0.0230395839719 0.0153597226479
0 0.636800010094 0.218500007243 0.0677151793401 0.0451434528934
0 0.509200012899 0.290320005664 0.0618526643541 0.0412351095694
0 0.551200011976 0.308480005265 0.0231782890364 0.0154521926909
0 0.574400011466 0.306260005314 0.0412912709401 0.02752751396
0 0.60740001074 0.320020005011 0.0393788822825 0.0262525881884
0 0.621800010424 0.292480005617 0.049581718158 0.033054478772
0 0.604800010798 0.281620005856 0.0631822345129 0.0421214896752
0 0.561800011743 0.275640005987 0.0849837620098 0.0566558413399
0 0.491200013295 0.269000006133 0.118014067978 0.0786760453188
0 0.606200010767 0.347200004414 0.0526563800669 0.0351042533779
0 0.537600012275 0.371820003873 0.154630424214 0.103086949476
0 0.564000011695 0.171260008282 0.0231189288091 0.0154126192061
0 0.811600006251 0.158480008563 0.0267393090747 0.0178262060498
0 0.778400006981 0.187920007916 0.207534237495 0.13835615833
0 0.809800006291 0.19134000784 0.0204880835333 0.0136587223555
0 0.803400006431 0.268940006134 0.0418696374218 0.0279130916145
0 0.826400005926 0.304800005346 0.0380623713738 0.0253749142492
0 0.785400006827 0.306040005319 0.0258676041361 0.0172450694241
0 0.889400004541 0.35282000429 0.10811179272 0.0720745284803
0 0.952800003147 0.327240004853 0.0315926012621 0.0210617341747
0 0.901000004286 0.107320009688 0.0209010328482 0.0139340218988
0 0.886800004598 0.249640006559 0.0222413867815 0.0148275911877
0 0.907800004136 0.250920006531 0.0306781569599 0.0204521046399
0 0.865800005059 0.195140007757 0.04860395628 0.03240263752
0 0.941200003402 0.190760007853 0.0230264257881 0.0153509505254
0 0.910200004083 0.428500002626 0.0219501259327 0.0146334172885
0 0.849800005411 0.36104000411 0.0353415953536 0.0235610635691
0 0.835200005732 0.392960003408 0.0973246543404 0.0648831028936
0 0.792600006669 0.410180003029 0.074278738611 0.049519159074
0 0.765600007262 0.439880002376 0.0365683733853 0.0243789155902
0 0.850200005402 0.534620000293 0.0429661197545 0.0286440798363
0 0.69840000874 0.385940003562 0.0842598640374 0.0561732426916
0 0.681400009114 0.464100001844 0.0279317571082 0.0186211714055
0 0.797600006559 0.459140001953 0.0718262708184 0.0478841805456
0 0.691800008885 0.490060001273 0.023568978266 0.0157126521774
0 0.60880001071 0.439680002381 0.0205502139046 0.0137001426031
0 0.574800011457 0.471180001688 0.0258853132706 0.0172568755138
0 0.586800011193 0.430760002577 0.0849962276576 0.0566641517717
0 0.609800010688 0.381760003654 0.0236489167055 0.0157659444704
0 0.489400013335 0.45200000211 0.021148960731 0.014099307154
0 0.483200013471 0.516480000692 0.0203937997055 0.0135958664704
0 0.445600014298 0.507160000897 0.064808704742 0.0432058031614
0 0.488600013352 0.532260000345 0.0254607887114 0.016973859141
0 0.535800012315 0.526040000482 0.0244774865455 0.0163183243637
0 0.381600015705 0.530020000395 0.0203669886695 0.0135779924463
0 0.347000016465 0.444960002265 0.12570418543 0.0838027902868
0 0.294600017617 0.474580001613 0.0522920072047 0.0348613381365
0 0.239200018835 0.414780002928 0.0515705825751 0.0343803883834
0 0.160600020563 0.428480002627 0.0520302286022 0.0346868190681
0 0.155200020682 0.497280001114 0.0296570621159 0.019771374744
0 0.145800020889 0.514560000734 0.0280998454853 0.0187332303236
0 0.287600017771 0.506920000902 0.0253637347397 0.0169091564931
0 0.224800019152 0.552439999902 0.0644741109272 0.0429827406182
0 0.213000019411 0.529260000411 0.0758328882965 0.0505552588643
0 0.153600020717 0.538980000198 0.0322799926947 0.0215199951298
0 0.127400021293 0.564759999631 0.0751643932029 0.0501095954686
0 0.167400020414 0.587399999133 0.0224554793348 0.0149703195566
0 0.352400016347 0.544740000071 0.0218391223076 0.0145594148717
0 0.457200014043 0.420740002797 0.0876253910602 0.0584169273735
0 0.0642000226829 0.486040001361 0.0528065614421 0.0352043742947
0 0.0148000237689 0.480940001474 0.0387524340167 0.0258349560111
0 0.0294000234479 0.460540001922 0.0395460802562 0.0263640535041
0 0.0744000224586 0.429220002611 0.0716009987556 0.0477339991704
0 0.0708000225378 0.352900004289 0.0209971964165 0.0139981309443
0 0.0708000225378 0.373980003825 0.0208486969144 0.0138991312763
0 0.12620002132 0.356380004212 0.0235271293058 0.0156847528705
0 0.0624000227224 0.330280004786 0.0378937883282 0.0252625255521
0 0.0792000223531 0.55025999995 0.0730146625698 0.0486764417132
0 0.176200020221 0.469100001734 0.126342307874 0.0842282052495
0 0.0912000220893 0.729059996019 0.0275552153995 0.0183701435996
0 0.127800021285 0.666099997403 0.0410431451898 0.0273620967932
0 0.109000021698 0.636399998056 0.0605502020325 0.040366801355
0 0.0960000219837 0.657059997602 0.0398774092585 0.0265849395057
0 0.219600019266 0.620219998411 0.027012168253 0.0180081121687
0 0.180400020128 0.703759996575 0.0472605354015 0.031507023601
0 0.154000020709 0.68943999689 0.0798045821742 0.0532030547828
0 0.148800020823 0.639339997991 0.0240351539181 0.0160234359454
0 0.0394000232281 0.736539995854 0.0260620088807 0.0173746725871
0 0.100600021883 0.755019995448 0.0225392761891 0.0150261841261
0 0.120800021438 0.739619995786 0.0344566332976 0.0229710888651
0 0.127600021289 0.7662999952 0.0575670538075 0.0383780358716
0 0.230000019038 0.587859999123 0.0216900292033 0.0144600194688
0 0.307600017332 0.594099998986 0.023045717862 0.015363811908
0 0.294800017613 0.630199998192 0.0263557430723 0.0175704953815
0 0.306800017349 0.645819997849 0.0217427608719 0.0144951739146
0 0.301400017468 0.65531999764 0.0261330432861 0.0174220288574
0 0.326000016927 0.648699997785 0.0495557975254 0.0330371983503
0 0.326000016927 0.679339997112 0.0242955474487 0.0161970316325
0 0.218600019288 0.720079996216 0.0352617558478 0.0235078372319
0 0.336600016694 0.694779996772 0.039509375849 0.0263395838993
0 0.368600015991 0.667899997363 0.0233526102374 0.0155684068249
0 0.302800017437 0.669979997317 0.0259727706722 0.0173151804482
0 0.37680001581 0.627719998247 0.0331390341181 0.0220926894121
0 0.388400015555 0.588259999114 0.0208559190754 0.0139039460503
0 0.461600013946 0.574539999416 0.0268541711146 0.017902780743
0 0.395800015393 0.74263999572 0.0255651637778 0.0170434425186
0 0.424600014759 0.772439995065 0.0913917974851 0.06092786499
0 0.430800014623 0.813039994172 0.0232740568699 0.0155160379132
0 0.360400016171 0.791819994639 0.0240682967117 0.0160455311411
0 0.431200014614 0.660659997522 0.0742431224746 0.0494954149831
0 0.5410000122 0.613819998552 0.041783960827 0.0278559738847
0 0.517000012728 0.620539998404 0.0390392428484 0.026026161899
0 0.510400012873 0.599519998867 0.0504655919432 0.0336437279621
0 0.493800013238 0.578799999322 0.0405393747271 0.027026249818
0 0.481600013506 0.571319999487 0.0247590518905 0.0165060345937
0 0.562600011725 0.581779999257 0.0206008679652 0.0137339119768
0 0.592200011075 0.557819999783 0.0311575897294 0.0207717264863
0 0.446000014289 0.585879999166 0.0321144765942 0.0214096510628
0 0.538800012249 0.670559997305 0.0253147625522 0.0168765083681
0 0.578200011382 0.684199997005 0.0436194779901 0.0290796519934
0 0.560000011783 0.687999996921 0.0203378032244 0.0135585354829
0 0.592800011061 0.711919996395 0.0234830048701 0.0156553365801
0 0.543800012139 0.709319996453 0.021833483086 0.0145556553907
0 0.51920001268 0.751239995531 0.0271944041509 0.0181296027673
0 0.538200012262 0.740559995766 0.041381696353 0.0275877975687
0 0.67520000925 0.760419995329 0.0610703954915 0.0407135969943
0 0.643600009945 0.77127999509 0.0459333396519 0.0306222264346
0 0.619400010477 0.763459995262 0.0301223473646 0.0200815649097
0 0.565800011655 0.766639995192 0.0272898751832 0.0181932501222
0 0.666600009439 0.73307999593 0.027095371505 0.0180635810033
0 0.637800010072 0.712139996391 0.0901942048984 0.0601294699323
0 0.671600009329 0.709319996453 0.0594436284612 0.0396290856408
0 0.659000009606 0.675539997195 0.102295479778 0.0681969865187
0 0.612000010639 0.683359997023 0.0239903369465 0.0159935579643
0 0.590400011114 0.664039997448 0.0233450912753 0.0155633941835
0 0.597600010956 0.674499997218 0.0210792124639 0.0140528083093
0 0.616600010538 0.67167999728 0.0228053089413 0.0152035392942
0 0.700600008691 0.717359996276 0.0369936894142 0.0246624596095
0 0.719800008269 0.687419996934 0.0233723969798 0.0155815979866
0 0.740800007808 0.734259995904 0.0238020660921 0.0158680440614
0 0.792600006669 0.748939995582 0.0238293717967 0.0158862478644
0 0.763200007315 0.687059996942 0.0362458494834 0.0241638996556
0 0.811600006251 0.660959997516 0.042254984231 0.0281699894873
0 0.807600006339 0.695419996758 0.0785881921823 0.0523921281215
0 0.79800000655 0.632639998138 0.0315977458152 0.0210651638768
0 0.749200007623 0.634139998105 0.106413100881 0.0709420672542
0 0.747800007654 0.596479998933 0.0303954044103 0.0202636029402
0 0.727000008111 0.558479999769 0.0371695935546 0.0247797290364
0 0.755000007495 0.560099999733 0.038446333111 0.0256308887407
0 0.677400009201 0.548939999979 0.0320965695922 0.0213977130615
0 0.676000009232 0.564719999632 0.0229696378373 0.0153130918915
0 0.686600008999 0.586559999151 0.0225639106834 0.0150426071223
0 0.685800009017 0.61889999844 0.0200796851692 0.0133864567795
0 0.702000008661 0.631999998152 0.0286484329197 0.0190989552798
0 0.705000008595 0.673739997235 0.0281190386255 0.0187460257503
0 0.875600004844 0.644879997869 0.0225293828179 0.0150195885452
0 0.838000005671 0.620319998409 0.10536836088 0.0702455739201
0 0.799200006524 0.600299998849 0.0286395288856 0.0190930192571
0 0.786800006796 0.612059998591 0.0348295144591 0.023219676306
0 0.900000004308 0.62029999841 0.0298784757639 0.0199189838426
0 0.905400004189 0.601419998825 0.0485511256777 0.0323674171184
0 0.919600003877 0.621059998393 0.0234150374098 0.0156100249399
0 0.906600004162 0.567419999572 0.0211563807595 0.0141042538396
0 0.976200002632 0.603159998787 0.029616796095 0.01974453073
0 0.9822000025 0.698359996694 0.0438121019278 0.0292080679519
0 0.916600003943 0.703119996589 0.0585475858294 0.0390317238863
0 0.976600002623 0.669559997327 0.0327046161877 0.0218030774584
0 0.920000003868 0.673839997233 0.0255754528839 0.0170503019226
0 0.969200002786 0.919619991829 0.0267282284989 0.0178188189993
0 0.958000003032 0.914879991933 0.026862976215 0.01790865081
0 0.97720000261 0.90545999214 0.0201735732621 0.0134490488414
0 0.948600003239 0.951639991125 0.0287032421963 0.0191354947975
0 0.738800007852 0.88545999258 0.0209922497309 0.0139948331539
0 0.933400003573 0.841379993549 0.0332106621257 0.0221404414172
0 0.902400004255 0.761719995301 0.0235989551809 0.0157326367872
0 0.916000003956 0.813439994163 0.0307387043918 0.0204924695945
0 0.934200003556 0.793939994592 0.0250062872374 0.0166708581583
0 0.929400003661 0.870399992911 0.0206242163213 0.0137494775476
0 0.945600003305 0.907259992101 0.040585477837 0.0270569852246
0 0.925200003754 0.894599992379 0.0407322954659 0.027154863644
0 0.867800005016 0.815259994123 0.124095523269 0.0827303488462
0 0.906600004162 0.798779994486 0.0346486636331 0.0230991090887
0 0.917600003921 0.772019995074 0.0218481252754 0.0145654168503
0 0.986400002408 0.955199991047 0.025669637778 0.017113091852
0 0.911800004048 0.967699990772 0.0290976909069 0.0193984606046
0 0.881000004725 0.965579990819 0.0265857639533 0.0177238426355
0 0.707000008551 0.863059993073 0.0395676478055 0.0263784318703
0 0.636600010098 0.845199993465 0.0966264791332 0.0644176527555
0 0.652600009747 0.831199993773 0.0218496092811 0.0145664061874
0 0.589800011127 0.871559992886 0.0499745839293 0.0333163892862
0 0.579000011365 0.927139991664 0.021123534767 0.0140823565113
0 0.550000012002 0.888899992504 0.0238846757418 0.0159231171612
0 0.535000012332 0.892959992415 0.0235215890179 0.0156810593453
0 0.59880001093 0.806259994321 0.0265799268642 0.0177199512428
0 0.619400010477 0.794139994588 0.0366289208172 0.0244192805448
0 0.574800011457 0.84089999356 0.0441055393183 0.0294036928789
0 0.580200011338 0.963559990863 0.0545076276903 0.0363384184602
0 0.526200012526 0.976979990568 0.0552479486589 0.0368319657726
0 0.522200012614 0.928779991628 0.0289641303954 0.0193094202636
0 0.48960001333 0.881979992657 0.0356142566645 0.0237428377763
0 0.463800013898 0.870299992913 0.0366648337548 0.0244432225032
0 0.423800014777 0.900859992242 0.0210989992064 0.0140659994709
0 0.464200013889 0.954299991067 0.0765210711988 0.0510140474659
0 0.49960001311 0.959019990963 0.0306896332705 0.0204597555137
0 0.413600015001 0.961999990897 0.0717542470759 0.0478361647172
0 0.393000015454 0.979479990513 0.0598783431927 0.0399188954618
0 0.343400016545 0.97959999051 0.0256267005468 0.0170844670312
0 0.350200016395 0.911359992011 0.0221385946545 0.014759063103
0 0.340200016615 0.905099992148 0.0200964049666 0.013397603311
0 0.405800015173 0.901959992217 0.0284144546902 0.0189429697935
0 0.392600015463 0.895099992368 0.023989446543 0.015992964362
0 0.409000015102 0.885339992583 0.0436157185091 0.0290771456727
0 0.440000014421 0.826599993874 0.0215341096728 0.0143560731152
0 0.437600014474 0.847619993412 0.0235576998228 0.0157051332152
0 0.422000014817 0.853539993282 0.0212815319054 0.014187687937
0 0.430200014636 0.869599992929 0.0219909855559 0.0146606570373
0 0.41140001505 0.843999993492 0.022948070288 0.0152987135254
0 0.479400013555 0.856659993213 0.0319839830277 0.0213226553518
0 0.49460001322 0.866779992991 0.0205266676811 0.0136844451207
0 0.506800012952 0.83589999367 0.0568413750282 0.0378942500188
0 0.549400012016 0.83267999374 0.0351261177283 0.0234174118189
0 0.567000011629 0.863699993058 0.0211875448788 0.0141250299192
0 0.690600008911 0.824739993915 0.0279130586366 0.0186087057578
0 0.385200015626 0.908339992077 0.0266372094836 0.0177581396558
0 0.259600018387 0.89411999239 0.0347916228473 0.0231944152315
0 0.24580001869 0.906299992122 0.0245804765399 0.01638698436
0 0.267400018215 0.936199991465 0.02945968936 0.0196397929067
0 0.234600018937 0.944439991283 0.0215311416614 0.0143540944409
0 0.251600018563 0.856879993208 0.0217441459438 0.0144960972959
0 0.263400018303 0.829839993803 0.0351165211583 0.0234110141055
0 0.148600020827 0.901139992235 0.0227104315113 0.0151402876742
0 0.136000021104 0.909759992046 0.0203649110616 0.0135766073744
0 0.259400018391 0.801719994421 0.0247859618603 0.0165239745735
0 0.220200019253 0.779079994919 0.0248414636728 0.0165609757819
0 0.246400018677 0.768619995149 0.0628963160845 0.0419308773897
0 0.117000021522 0.819679994026 0.0202207646428 0.0134805097619
0 0.0448000231094 0.873319992847 0.0233283714779 0.0155522476519
0 0.0342000233424 0.929859991604 0.0230667907427 0.0153778604952
0 0.0184000236898 0.930999991579 0.0213003293108 0.0142002195405
0 0.108200021716 0.925119991708 0.0487010102517 0.0324673401678
0 0.0554000228763 0.923899991735 0.0204211054101 0.0136140702734
0 0.021800023615 0.973099990653 0.0303267444141 0.0202178296094
0 0.0914000220849 0.953339991088 0.0918830033663 0.0612553355775
0 0.0378000232633 0.976959990568 0.0256099807495 0.0170733204997
0 0.0758000224278 0.776339994979 0.0358667354981 0.0239111569988
0 0.250600018585 0.201800007611 0.436545005242 0.291030003495
0 0.945400003309 0.0892200100856 0.0907870157022 0.0605246771348
0 0.729200008063 0.573499999439 0.0257315702818 0.0171543801879
