0 0.472600013704 0.896340007489 0.172029884839 0.114686597457
0 0.971800002729 0.84336000516 0.0362961054153 0.0241974052062
0 0.880600004734 0.966040010554 0.0393653257676 0.0262435522426
0 0.784000006858 0.968340010655 0.0925658377429 0.0617105625654
0 0.64880000983 0.973520010883 0.0223946336247 0.0149297567345
0 0.65700000965 0.873680006493 0.0295711857033 0.0197141251025
0 0.531200012416 0.923000008661 0.0252203781273 0.0168135865271
0 0.6138000106 0.909700008077 0.0252206749284 0.0168137843946
0 0.612200010635 0.838340004939 0.0224887195789 0.0149924807081
0 0.567000011629 0.84338000516 0.0199830256143 0.0133220179549
0 0.560800011765 0.830560004597 0.021166470602 0.0141109813321
0 0.347600016452 0.953420009999 0.0853841411117 0.0569227644955
0 0.453800014117 0.951080009896 0.0222823438688 0.0148548968923
0 0.298200017538 0.955840010105 0.036464985251 0.0243099917707
0 0.276400018018 0.938520009344 0.0547182539546 0.0364788383758
0 0.258000018422 0.903160007789 0.0397051630467 0.0264701104437
0 0.208800019504 0.913540008245 0.0234061318319 0.0156040889171
0 0.0240000235667 0.931080009017 0.034707427969 0.0231382868388
0 0.0148000237689 0.813700003855 0.0374826173479 0.0249884132134
0 0.125800021329 0.762800001617 0.0203797497742 0.0135865007456
0 0.0736000224762 0.748220000976 0.0283579616702 0.018905309027
0 0.14440002092 0.703139998994 0.0205342842226 0.0136895237179
0 0.129800021241 0.696239998691 0.0246535869272 0.0164357257022
0 0.0854000222168 0.720259999747 0.0322052956179 0.0214701984947
0 0.177800020185 0.751900001138 0.0269425171426 0.0179616792797
0 0.209600019486 0.785800002629 0.0220783425676 0.0147188960159
0 0.123200021386 0.813500003847 0.0204200157925 0.0136133447595
0 0.0466000230698 0.849120005413 0.0313572358925 0.0209048253071
0 0.172400020304 0.823160004271 0.0242844652712 0.016189644582
0 0.223400019183 0.822700004251 0.0248040650936 0.0165360444864
0 0.0758000224278 0.87520000656 0.0202611282611 0.0135074197316
0 0.0550000228851 0.832820004696 0.0243426382902 0.0162284265972
0 0.191600019882 0.914680008296 0.0235992504255 0.0157328346547
0 0.308000017323 0.842900005139 0.0281509923578 0.0187673294764
0 0.251000018576 0.77400000211 0.0844312116582 0.0562874781513
0 0.35860001621 0.794120002995 0.0211988219238 0.0141325488813
0 0.368600015991 0.870960006373 0.0308367456668 0.0205578318004
0 0.312200017231 0.90842000802 0.0261584675248 0.0174389795001
0 0.279200017956 0.896100007479 0.0237093636399 0.0158062434691
0 0.309000017301 0.758160001413 0.176135633626 0.117423763495
0 0.408800015107 0.728180000095 0.0313775173022 0.0209183462478
0 0.432800014579 0.752700001173 0.0236389228415 0.0157592829337
0 0.411200015054 0.788020002726 0.0369024700976 0.0246016483544
0 0.402600015243 0.762320001596 0.0371415928643 0.0247610635427
0 0.356600016254 0.853100005588 0.0423864643389 0.0282576447563
0 0.345400016501 0.842800005135 0.0402078452054 0.0268052319049
0 0.50280001304 0.904680007856 0.0219659538779 0.0146439702178
0 0.478000013585 0.843420005162 0.0275512562338 0.0183675053673
0 0.478400013577 0.816580003982 0.020786268371 0.0138575131613
0 0.518600012693 0.78606000264 0.0222921383056 0.0148614265173
0 0.566000011651 0.773280002078 0.0231451447163 0.0154300974952
0 0.617400010521 0.793060002948 0.0217823329201 0.0145215562378
0 0.510800012864 0.740560000639 0.0478676884364 0.0319117943957
0 0.483800013458 0.760500001516 0.0259111332605 0.0172740899797
0 0.726400008124 0.781420002436 0.0223939410888 0.0149292950439
0 0.717000008331 0.761060001541 0.0225495638079 0.0150330435301
0 0.68700000899 0.72806000009 0.0277484311093 0.018498955293
0 0.819000006088 0.738660000556 0.0393296106998 0.0262197421959
0 0.918000003912 0.842120005105 0.0225450128574 0.0150300095629
0 0.955200003094 0.711499999362 0.0375448466488 0.0250298994167
0 0.859600005196 0.695379998653 0.0199211920483 0.0132807955748
0 0.858200005227 0.696799998715 0.0559026882794 0.037268461311
0 0.934400003551 0.686839998277 0.0213801674064 0.0142534458777
0 0.891400004497 0.679119997938 0.0283672614385 0.018911508873
0 0.965600002865 0.45355998802 0.0724136354918 0.0482757601786
0 0.941200003402 0.491559989691 0.0794859114446 0.0529906111248
0 0.795200006612 0.665879997356 0.0288529269999 0.0192352859352
0 0.734200007953 0.644999996438 0.0691800862544 0.0461200605448
0 0.777000007012 0.56953999312 0.0265951609018 0.0177301084373
0 0.87080000495 0.593899994191 0.0212348337927 0.0141565567955
0 0.820200006062 0.602799994582 0.0254224007543 0.0169482682874
0 0.835800005719 0.611299994956 0.0207263145453 0.0138175439416
0 0.796800006576 0.510679990531 0.0396479793648 0.0264319879865
0 0.729200008063 0.51019999051 0.023301558905 0.0155343736279
0 0.734600007944 0.571899993223 0.0410711407215 0.0273807622869
0 0.74980000761 0.601359994519 0.0259384389633 0.0172922937827
0 0.787600006779 0.488099989539 0.0220584568927 0.0147056388984
0 0.770800007148 0.505739990314 0.0291761434164 0.0194507635605
0 0.757000007451 0.441099987472 0.0278868393636 0.0185912274686
0 0.801400006475 0.432539987096 0.0591671048331 0.039444739157
0 0.599000010925 0.678199997897 0.0253644256028 0.0169096181838
0 0.567200011624 0.59455999422 0.0530387553665 0.0353591725765
0 0.59060001111 0.551959992347 0.0250442761311 0.0166961851886
0 0.681000009122 0.556279992537 0.0307146614739 0.0204764423332
0 0.727400008102 0.545259992052 0.0422637865438 0.0281758595542
0 0.60380001082 0.498979990017 0.0275944902632 0.0183963280555
0 0.589000011145 0.64367999638 0.0409402514288 0.0272935027527
0 0.568000011607 0.659659997082 0.0330352504751 0.0220235017693
0 0.607000010749 0.573239993282 0.0599672806448 0.0399781897334
0 0.730600008032 0.455959988125 0.0202072093915 0.0134714738162
0 0.724200008173 0.46765998864 0.0408461654747 0.0272307787791
0 0.635800010116 0.48585998944 0.0352377126316 0.0234918099705
0 0.620800010446 0.508719990445 0.0389032064282 0.0259354726627
0 0.566400011642 0.460959988345 0.0203179162082 0.0135452783655
0 0.612400010631 0.450079987867 0.08260113597 0.055067427612
0 0.711400008454 0.433919987156 0.030583178579 0.0203887870641
0 0.705000008595 0.409399986078 0.0203075281691 0.0135383530056
0 0.731000008023 0.410739986137 0.053770765855 0.035847179601
0 0.678200009184 0.410139986111 0.0245287325906 0.0163524894723
0 0.690400008916 0.454259988051 0.0451624451874 0.0301082987774
0 0.503600013023 0.683219998118 0.0434055804414 0.0289370555362
0 0.372000015916 0.621739995415 0.0254691963971 0.0169794653846
0 0.394200015428 0.579859993573 0.0873833934367 0.0582555994667
0 0.381000015718 0.508479990435 0.0271127820501 0.0180751892256
0 0.4000000153 0.502579990175 0.0202064179218 0.0134709461697
0 0.381200015714 0.532519991492 0.025549926301 0.0170332853241
0 0.478400013577 0.590739994052 0.0563592673313 0.0375728473657
0 0.424800014755 0.605879994717 0.022309154903 0.0148727709163
0 0.535400012323 0.517299990823 0.022104757867 0.0147365062166
0 0.445000014311 0.495339989857 0.0228987008553 0.0152658015771
0 0.232400018985 0.501279990118 0.0349927527763 0.0233285033895
0 0.218600019288 0.606919994763 0.0391395590512 0.0260930410884
0 0.29720001756 0.667299997418 0.0308041964776 0.0205361323395
0 0.18760001997 0.546839992121 0.0278691302303 0.0185794213789
0 0.170600020344 0.549419992235 0.0213416821949 0.0142277890683
0 0.14120002099 0.56363999286 0.0245309091322 0.0163539405001
0 0.163800020493 0.588939993973 0.0876323106402 0.0584215442801
0 0.088800022142 0.653039996791 0.022304109284 0.0148694071701
0 0.202200019649 0.580839993616 0.0285423740976 0.0190282506534
0 0.193400019842 0.56203999279 0.0291823762399 0.0194549187764
0 0.226600019112 0.477159989058 0.022185784572 0.0147905240235
0 0.127400021293 0.483679989344 0.0570399312266 0.0380266233258
0 0.190000019917 0.520519990964 0.0287935667764 0.0191957124504
0 0.0254000235359 0.536259991656 0.0243588634179 0.0162392433497
0 0.0342000233424 0.387299985106 0.0517329293848 0.0344886218646
0 0.194800019812 0.250279979082 0.0393290170976 0.026219346461
0 0.399400015313 0.438739987368 0.0208746161702 0.013916411698
0 0.424400014764 0.393659985386 0.0200613811093 0.0133742549549
0 0.277200018 0.237539978521 0.0301327334169 0.0200884902696
0 0.458600014012 0.281559980457 0.0221357241169 0.0147571503846
0 0.433000014575 0.309159981671 0.105602826813 0.0704018891854
0 0.502400013049 0.315679981957 0.0348977764188 0.0232651858137
0 0.503400013027 0.288639980768 0.0556982912434 0.0371321966114
0 0.66700000943 0.32915998255 0.0208600729155 0.0139067161942
0 0.498200013141 0.415759986358 0.0298062521881 0.0198708361027
0 0.502200013053 0.370479984367 0.0314557738634 0.0209705172921
0 0.694600008823 0.345779983281 0.0200416933018 0.0133611297491
0 0.52600001253 0.361059983953 0.0283595446095 0.01890636432
0 0.740200007821 0.372539984457 0.04669255388 0.0311283713064
0 0.846400005486 0.301679981342 0.0234493658613 0.0156329116053
0 0.822200006018 0.294939981045 0.0404439010272 0.0269626024632
0 0.894200004435 0.369679984332 0.0198969532904 0.0132646364018
0 0.965200002874 0.340639983055 0.041556410548 0.0277042755259
0 0.976000002637 0.347259983346 0.0327619955799 0.0218413318272
0 0.958000003032 0.327739982488 0.107492460592 0.0716616451212
0 0.9504000032 0.28343998054 0.0271086268345 0.0180724190816
0 0.886000004615 0.311559981776 0.0960666069195 0.0640444088371
0 0.88080000473 0.343399983176 0.0210388461217 0.0140258983395
0 0.917800003916 0.4098999861 0.0787075999817 0.052471736782
0 0.96040000298 0.188039976345 0.0208647227996 0.0139098161172
0 0.961000002966 0.0793199715644 0.0202031531095 0.013468769628
0 0.91580000396 0.148799974619 0.0243032626753 0.0162021761855
0 0.970800002751 0.0294999693737 0.0370527503966 0.024701835227
0 0.9504000032 0.0293199693658 0.0211655801987 0.0141103877298
0 0.965200002874 0.0619799708019 0.037509131581 0.02500608937
0 0.914800003982 0.0326199695109 0.0357278302097 0.0238185550441
0 0.898800004334 0.0260199692207 0.0245627657854 0.0163751782703
0 0.864600005086 0.0290799693553 0.0376977981578 0.0251318670961
0 0.812200006238 0.0637199708784 0.111000649797 0.0740004380785
0 0.790400006717 0.0220799690475 0.0450124616896 0.0300083097723
0 0.759400007399 0.0395599698161 0.0708710611524 0.0472473772178
0 0.853600005328 0.136439974076 0.035739504387 0.0238263378295
0 0.979000002571 0.0845399717939 0.030599997309 0.0203999995515
0 0.791000006704 0.14221997433 0.0354128252907 0.0236085517509
0 0.81120000626 0.162879975239 0.0424537392588 0.0283024947059
0 0.989400002342 0.185279976223 0.0312029982453 0.0208020002022
0 0.51780001271 0.178739975936 0.0328079997531 0.021872001278
0 0.666800009435 0.0726199712698 0.0349079665905 0.0232719792619
0 0.66520000947 0.087679971932 0.0225090009885 0.0150060016488
0 0.689800008929 0.131579973862 0.0206202576128 0.0137468393152
0 0.573200011492 0.107859972819 0.0812823496729 0.0541882366893
0 0.462200013933 0.135539974036 0.0251236209631 0.0167490817467
0 0.412000015036 0.22431997794 0.0278596325945 0.0185730896213
0 0.431200014614 0.226579978039 0.0238301616946 0.0158867755109
0 0.480600013528 0.182379976096 0.0580041391224 0.0386694286321
0 0.492200013273 0.207699977209 0.0469916304723 0.0313277557145
0 0.500800013084 0.22431997794 0.057761553676 0.0385077049905
0 0.47140001373 0.157199974989 0.0534636756325 0.0356424527725
0 0.457400014038 0.050019970276 0.0282805955123 0.0188537315851
0 0.436200014504 0.0431399699735 0.0342792428907 0.0228528301011
0 0.429800014645 0.0307999694309 0.0245862130737 0.0163908097968
0 0.459000014003 0.0289999693518 0.0587301146549 0.0391534123523
0 0.139600021025 0.123359973501 0.0212381975387 0.014158799293
0 0.074200022463 0.0519399703604 0.0209302169128 0.0139534788622
0 0.0240000235667 0.0756599714034 0.0204592924736 0.0136395292154
0 0.0416000231797 0.185259976223 0.0203379997504 0.0135586673946
0 0.0818000222959 0.102019972562 0.0557883209156 0.0371922163968
0 0.237600018871 0.017839968861 0.0203655033206 0.0135770031092
0 0.123200021386 0.0180999688725 0.0244718457099 0.0163145648826
0 0.723000008199 0.0281199693131 0.0322575326145 0.0215050231614
0 0.595600011 0.978140011086 0.0234447159772 0.0156298116823
0 0.646800009874 0.81630000397 0.0312797708009 0.0208531819094
0 0.853600005328 0.613459995051 0.0269647772264 0.0179765193366
