0 0.164599987361 0.615799995154 0.169487310959 0.112991540639
0 0.865600018185 0.328399982517 0.198517432055 0.132344954704
0 0.23119999029 0.824820004344 0.402024091548 0.268016061032
0 0.635600008071 0.0231999690967 0.0230033757504 0.0153355838336
0 0.55620000458 0.130459973813 0.0225379915373 0.0150253276916
0 0.688400010393 0.194899976646 0.0203138626059 0.0135425750706
0 0.71880001173 0.110879972952 0.0586797651393 0.0391198434262
0 0.488800001617 0.0968999723374 0.0616248240794 0.0410832160529
0 0.424799998802 0.0777599714958 0.0216065305752 0.0144043537168
0 0.417199998468 0.110959972956 0.0953674550013 0.0635783033342
0 0.379399996806 0.19771997677 0.0216371010943 0.0144247340629
0 0.359399995927 0.0457999700905 0.0294864034071 0.0196576022714
0 0.274799992207 0.115999973177 0.0223387390278 0.0148924926852
0 0.256599991407 0.0468199701353 0.0214926578649 0.0143284385766
0 0.249999991116 0.0645599709154 0.0839659375164 0.0559772916776
0 0.318199994115 0.0650799709382 0.0736147993235 0.0490765328823
0 0.20619998919 0.0662399709892 0.0491455226622 0.0327636817748
0 0.175199987827 0.0710199711994 0.0468520411939 0.0312346941293
0 0.1381999862 0.0293399693667 0.0266099055341 0.0177399370228
0 0.189999988478 0.171299975609 0.025524009037 0.0170160060247
0 0.184199988223 0.183939976165 0.024311081645 0.0162073877633
0 0.354599995716 0.213019977443 0.052033002178 0.0346886681187
0 0.107799984864 0.127159973668 0.0257436418927 0.0171624279284
0 0.0781999835623 0.148399974602 0.0202862600983 0.0135241733989
0 0.117199985277 0.047039970145 0.0208380134479 0.0138920089652
0 0.0297999814341 0.143939974406 0.0206421246847 0.0137614164565
0 0.0151999807921 0.177799975895 0.0381288573432 0.0254192382288
0 0.120999985444 0.209719977298 0.0357781921855 0.0238521281237
0 0.0647999829731 0.206519977157 0.0255239101033 0.0170159400689
0 0.0315999815132 0.228699978133 0.0203202932976 0.0135468621984
0 0.125799985655 0.261719979585 0.0225678695204 0.0150452463469
0 0.117399985286 0.253319979215 0.0224976265801 0.0149984177201
0 0.196599988768 0.213419977461 0.0295023317358 0.0196682211572
0 0.165399987396 0.224339977941 0.0957940571966 0.0638627047977
0 0.114399985154 0.122959973483 0.263320007181 0.175546671454
0 0.0451999821112 0.398339985592 0.0261003968825 0.0174002645883
0 0.0789999835975 0.253319979215 0.0244202055368 0.0162801370245
0 0.158799987106 0.278719980332 0.0261327482085 0.017421832139
0 0.132999985972 0.273639980109 0.031012456019 0.0206749706793
0 0.0505999823487 0.351299983523 0.0326126099863 0.0217417399908
0 0.060999982806 0.371159984397 0.0439905812462 0.0293270541641
0 0.145599986526 0.384679984991 0.0198914156268 0.0132609437512
0 0.126399985682 0.305779981522 0.0926081935851 0.0617387957234
0 0.22619999007 0.250199979078 0.0299796869289 0.0199864579526
0 0.207599989252 0.238579978567 0.0455055532815 0.030337035521
0 0.240599990703 0.285379980625 0.0390855464037 0.0260570309358
0 0.245599990923 0.270779979983 0.0249848202698 0.0166565468465
0 0.212199989454 0.298719981211 0.036131187694 0.0240874584627
0 0.19459998868 0.355499983708 0.153677702701 0.102451801801
0 0.133199985981 0.359379983879 0.0292361010987 0.0194907340658
0 0.0155999808097 0.435019987205 0.0218403109526 0.0145602073018
0 0.0401999818914 0.465219988533 0.0250881070721 0.0167254047148
0 0.0975999844153 0.443259987567 0.0877665752563 0.0585110501709
0 0.124799985611 0.484319989372 0.0972137560608 0.0648091707072
0 0.0437999820497 0.515679990751 0.0661098852857 0.0440732568571
0 0.0561999825949 0.454999988083 0.0444358819143 0.0296239212762
0 0.185199988267 0.453599988022 0.0247153248198 0.0164768832132
0 0.225399990035 0.456819988163 0.0474072572236 0.0316048381491
0 0.128999985796 0.415379986341 0.0518276157778 0.0345517438519
0 0.150199986728 0.268419979879 0.0262872826772 0.0175248551182
0 0.202399989023 0.275519980191 0.0461219103494 0.030747940233
0 0.300599993341 0.327499982477 0.0554688712969 0.0369792475312
0 0.287199992752 0.310559981732 0.0707079287989 0.0471386191992
0 0.272799992119 0.297579981161 0.0690172504789 0.0460115003193
0 0.269799991987 0.275199980177 0.0490548993758 0.0327032662506
0 0.258799991503 0.33621998286 0.0535002881609 0.035666858774
0 0.273399992145 0.34597998329 0.0337075094518 0.0224716729679
0 0.254999991336 0.352639983582 0.0355125551506 0.0236750367671
0 0.28099999248 0.36555998415 0.0266037716436 0.0177358477624
0 0.320399994212 0.340519983049 0.0276338695233 0.0184225796822
0 0.335199994863 0.266099979777 0.0208104109403 0.0138736072936
0 0.37219999649 0.231999978278 0.0265922953322 0.0177281968881
0 0.352399995619 0.278599980327 0.0214726732537 0.0143151155025
0 0.332599994748 0.354779983676 0.028297417975 0.0188649453167
0 0.337999994986 0.342259983126 0.0270001990546 0.0180001327031
0 0.354999995733 0.355039983688 0.058291153492 0.0388607689946
0 0.376599996683 0.366319984184 0.067069443424 0.0447129622826
0 0.396599997562 0.39215998532 0.0501895701963 0.0334597134642
0 0.415399998389 0.370879984384 0.0520480401032 0.0346986934022
0 0.44839999984 0.387659985122 0.0835095562717 0.0556730375145
0 0.389999997272 0.340399983044 0.0267430703196 0.0178287135464
0 0.399999997712 0.346139983297 0.0224698262051 0.0149798841367
0 0.402399997818 0.320379982164 0.0233271858119 0.0155514572079
0 0.44019999948 0.214199977495 0.0322110380218 0.0214740253479
0 0.462200000447 0.226919978054 0.0313820723923 0.0209213815949
0 0.432199999128 0.263079979644 0.0995441398063 0.0663627598708
0 0.464800000561 0.316759982005 0.0198203812167 0.0132135874778
0 0.492600001784 0.329939982584 0.034353645569 0.0229024303794
0 0.501000002153 0.301119981317 0.0207817201619 0.0138544801079
0 0.507400002434 0.28275998051 0.0209979892711 0.0139986595141
0 0.559800004738 0.300639981296 0.0617161399018 0.0411440932679
0 0.553600004466 0.322819982271 0.0248574925737 0.0165716617158
0 0.597800006409 0.32687998245 0.0386589442084 0.0257726294722
0 0.573600005345 0.338199982947 0.0409952639769 0.0273301759846
0 0.596800006365 0.297719981168 0.0282306377149 0.0188204251433
0 0.524200003173 0.26479997972 0.0320011996043 0.0213341330695
0 0.527000003296 0.289899980824 0.0491869758904 0.0327913172603
0 0.654600008907 0.309459981684 0.0233334186362 0.0155556124241
0 0.596600006357 0.372859984471 0.024508058679 0.016338705786
0 0.741200012715 0.413559986261 0.0795623976943 0.0530415984629
0 0.751800013181 0.461479988368 0.0390825783921 0.0260550522614
0 0.668200009505 0.420319986558 0.0487012113313 0.0324674742208
0 0.6840000102 0.438739987368 0.0438309022241 0.0292206014827
0 0.64580000852 0.458239988226 0.0235735307716 0.0157156871811
0 0.615600007192 0.441799987503 0.0223503142729 0.0149002095152
0 0.705800011158 0.450699987894 0.0574627814648 0.0383085209765
0 0.732400012328 0.456999988171 0.0533288360263 0.0355525573509
0 0.601800006585 0.408819986053 0.0330354527003 0.0220236351335
0 0.936400021298 0.378999984741 0.0575120504567 0.0383413669711
0 0.861600018009 0.390619985252 0.0246501274992 0.0164334183328
0 0.965400022573 0.396839985526 0.0762571210842 0.0508380807228
0 0.947200021773 0.665339997332 0.0381586363926 0.0254390909284
0 0.958200022256 0.599459994435 0.0337767630549 0.0225178420366
0 0.913400020286 0.725459999975 0.021226328294 0.0141508855293
0 0.960200022344 0.525599991188 0.0201224258601 0.0134149505734
0 0.927200020893 0.596899994323 0.0290412016727 0.0193608011151
0 0.903000019829 0.43969998741 0.0758597043359 0.0505731362239
0 0.847400017384 0.451039987909 0.036051348183 0.024034232122
0 0.826000016443 0.420639986572 0.0223768285095 0.014917885673
0 0.834200016804 0.493899989794 0.0222650334073 0.0148433556049
0 0.752600013216 0.489339989593 0.0457629788178 0.0305086525452
0 0.739600012644 0.498179989982 0.0199685839274 0.0133123892849
0 0.842600017173 0.570779993174 0.0806828220593 0.0537885480395
0 0.569800005178 0.556379992541 0.044306872345 0.0295379148967
0 0.517000002857 0.516839990802 0.0229298679974 0.0152865786649
0 0.586600005917 0.579979993579 0.029647566435 0.01976504429
0 0.526000003252 0.612639995015 0.0220831932322 0.0147221288215
0 0.649000008661 0.645459996458 0.0518877674789 0.0345918449859
0 0.63580000808 0.620779995373 0.0475089610865 0.0316726407243
0 0.635400008063 0.601799994538 0.0239922182694 0.0159948121796
0 0.667200009461 0.595779994273 0.0445308582843 0.0296872388562
0 0.435999999295 0.446179987695 0.0438874923112 0.0292583282075
0 0.247399991002 0.557799992603 0.0275696615398 0.0183797743599
0 0.256799991415 0.52177999102 0.026663428676 0.0177756191173
0 0.0683999831314 0.563739992865 0.050725790952 0.033817193968
0 0.0213999810647 0.557299992581 0.0537122041865 0.0358081361244
0 0.0449999821024 0.598059994374 0.0619308260715 0.041287217381
0 0.041599981953 0.620919995379 0.0227384312516 0.0151589541677
0 0.120799985435 0.648579996595 0.0282231187523 0.0188154125015
0 0.0363999817243 0.660599997124 0.0554840081558 0.0369893387706
0 0.081399983703 0.70031999887 0.0263484237154 0.0175656158103
0 0.0815999837118 0.674799997748 0.0801208785367 0.0534139190245
0 0.0393999818562 0.700219998866 0.0279980445421 0.018665363028
0 0.0459999821464 0.736000000439 0.0297217667241 0.0198145111494
0 0.0611999828148 0.784060002552 0.0226481047663 0.0150987365109
0 0.1449999865 0.816420003975 0.0851650141878 0.0567766761252
0 0.118599985339 0.806400003534 0.0224674517959 0.0149783011972
0 0.0679999831138 0.824340004323 0.0285158636261 0.0190105757507
0 0.052199982419 0.840920005052 0.0209662315474 0.0139774876983
0 0.105399984758 0.841280005068 0.0341722011288 0.0227814674192
0 0.178999987995 0.85748000578 0.0198889422838 0.0132592948559
0 0.165999987423 0.76900000189 0.0608958804395 0.0405972536263
0 0.196999988786 0.739860000609 0.0825756219666 0.0550504146444
0 0.184199988223 0.668659997478 0.118632411504 0.0790882743361
0 0.115399985198 0.757260001374 0.109892606789 0.0732617378592
0 0.132199985937 0.694079998596 0.0505130834567 0.0336753889711
0 0.104999984741 0.704099999036 0.0381984077475 0.025465605165
0 0.102999984653 0.831720004648 0.0806539334134 0.0537692889423
0 0.13999998628 0.880160006778 0.0371990782543 0.0247993855029
0 0.213199989498 0.856160005722 0.0199965821698 0.0133310547799
0 0.22779999014 0.711579999365 0.0618825464167 0.0412550309445
0 0.316399994036 0.827640004468 0.0229144343372 0.0152762895582
0 0.25599999138 0.632699995897 0.0998923864963 0.0665949243309
0 0.251999991204 0.693359998564 0.0256426305658 0.0170950870439
0 0.295999993139 0.723079999871 0.0284529417809 0.018968627854
0 0.381399996894 0.725399999973 0.0319055306983 0.0212703537989
0 0.336799994933 0.716279999572 0.0236359579482 0.0157573052988
0 0.366599996243 0.697219998734 0.0198536229462 0.0132357486308
0 0.390199997281 0.660479997118 0.0217622522485 0.0145081681657
0 0.433599999189 0.775700002185 0.0245000450478 0.0163333633652
0 0.422999998723 0.856200005724 0.0278141267589 0.0185427511726
0 0.397999997624 0.735920000435 0.02938618355 0.0195907890333
0 0.405799997967 0.806480003538 0.0346140391168 0.0230760260779
0 0.375599996639 0.861600005962 0.023777433166 0.0158516221107
0 0.356999995821 0.883280006915 0.109759046268 0.0731726975123
0 0.498800002056 0.762880001621 0.0464657050221 0.0309771366814
0 0.535000003648 0.793260002957 0.0229015729538 0.0152677153025
0 0.473800000957 0.81586000395 0.021590404379 0.0143936029194
0 0.487200001546 0.827020004441 0.0230532383447 0.0153688255631
0 0.500800002144 0.829840004565 0.032086084735 0.0213907231567
0 0.45500000013 0.782460002482 0.0276879862675 0.0184586575116
0 0.442599999585 0.802600003367 0.0324229540474 0.0216153026983
0 0.511000002593 0.695359998652 0.0324940873912 0.0216627249275
0 0.511000002593 0.719039999693 0.0354014525844 0.0236009683896
0 0.500400002127 0.736380000456 0.0335383327927 0.0223588885285
0 0.495200001898 0.71419999948 0.03770364022 0.0251357601467
0 0.391799997351 0.760380001511 0.194957796854 0.12997186457
0 0.54800000422 0.759480001471 0.026938167613 0.0179587784087
0 0.561000004791 0.774700002141 0.0332199640857 0.0221466427238
0 0.546000004132 0.68553999822 0.0289863923925 0.019324261595
0 0.61600000721 0.717219999613 0.0238270978928 0.0158847319285
0 0.780400014438 0.65437999685 0.0301298683139 0.020086578876
0 0.70060001093 0.662499997207 0.0333269114357 0.0222179409571
0 0.625400007623 0.791140002863 0.0233569648612 0.0155713099075
0 0.607400006831 0.783660002535 0.0233738825272 0.0155825883514
0 0.739600012644 0.790940002855 0.026214566394 0.017476377596
0 0.685200010252 0.749180001018 0.0228417180539 0.015227812036
0 0.759000013497 0.770960001976 0.023740135154 0.0158267567693
0 0.772200014078 0.797020003122 0.0308305169102 0.0205536779401
0 0.742200012759 0.823680004294 0.0203386949693 0.0135591299795
0 0.670800009619 0.848280005376 0.0328454999602 0.0218969999735
0 0.78020001443 0.806920003557 0.0246349906402 0.0164233270935
0 0.767600013876 0.819740004121 0.0209696942275 0.0139797961517
0 0.794800015072 0.820780004167 0.0212530403981 0.0141686935987
0 0.787400014746 0.816900003996 0.0214932514672 0.0143288343115
0 0.825400016417 0.824740004341 0.0417729819401 0.0278486546267
0 0.807000015608 0.812160003788 0.0223591193738 0.0149060795825
0 0.752600013216 0.864160006074 0.112564806532 0.075043204355
0 0.833600016778 0.761540001562 0.0237579432234 0.0158386288156
0 0.906600019987 0.839480004989 0.020317325286 0.013544883524
0 0.936400021298 0.847580005345 0.0265915038624 0.0177276692416
0 0.911800020216 0.855060005674 0.0238790380952 0.0159193587301
0 0.874800018589 0.913580008247 0.056216711277 0.037477807518
0 0.903800019864 0.909580008071 0.0220149289662 0.0146766193108
0 0.906400019979 0.916680008384 0.0205817751163 0.0137211834108
0 0.915000020357 0.870860006369 0.0207413552046 0.0138275701364
0 0.931400021078 0.744640000819 0.0222308023406 0.0148205348937
0 0.930600021043 0.763960001668 0.0246752566637 0.0164501711092
0 0.926200020849 0.794800003024 0.0709682234129 0.0473121489419
0 0.894000019433 0.805560003498 0.0265070144666 0.0176713429777
0 0.95600002216 0.746460000899 0.0510690909561 0.0340460606374
0 0.967000022643 0.765760001747 0.0634886364071 0.0423257576047
0 0.786600014711 0.981840011249 0.0259383434512 0.0172922289674
0 0.780400014438 0.972720010848 0.0201183695776 0.0134122463851
0 0.841000017103 0.962780010411 0.0223303296617 0.0148868864411
0 0.712600011457 0.943620009568 0.0282961318367 0.0188640878911
0 0.633800007992 0.954860010062 0.0234287907411 0.0156191938274
0 0.634800008036 0.935900009229 0.0552486448389 0.0368324298926
0 0.634800008036 0.914600008292 0.0207190951179 0.0138127300786
0 0.702800011026 0.973240010871 0.0695096435972 0.0463397623981
0 0.563200004888 0.981800011247 0.0213525677191 0.0142350451461
0 0.548800004255 0.959420010263 0.0273772354568 0.0182514903046
0 0.497800002012 0.980380011184 0.0207084102763 0.0138056068509
0 0.516200002821 0.986020011432 0.0322472477629 0.0214981651753
0 0.53140000349 0.98892001156 0.0228426084574 0.0152284056383
0 0.412599998266 0.98050001119 0.0221869747032 0.0147913164688
0 0.396399997554 0.962440010396 0.0455771812939 0.0303847875293
0 0.376799996692 0.933120009106 0.0785059834454 0.0523373222969
0 0.332799994757 0.921780008608 0.0244017049314 0.0162678032876
0 0.504200002294 0.968380010657 0.027816896903 0.0185445979353
0 0.314199993939 0.874700006538 0.0450382893278 0.0300255262186
0 0.100599984547 0.984040011345 0.020309608456 0.0135397389706
0 0.0381999818034 0.971740010805 0.0250008475322 0.0166672316881
0 0.2609999916 0.556879992563 0.23424932326 0.156166215507
0 0.188399988408 0.507899990409 0.0966951455071 0.0644634303381
0 0.706200011176 0.0568999705785 0.0213222940012 0.0142148626675
0 0.312799993878 0.133099973929 0.0716719389545 0.0477812926363
0 0.0397999818738 0.243799978797 0.0304209313145 0.0202806208764
0 0.0625999828763 0.235399978427 0.0207602515449 0.0138401676966
0 0.0973999844065 0.349139983428 0.120268775212 0.080179183475
0 0.633200007966 0.244719978837 0.0318533926285 0.0212355950857
0 0.750400013119 0.199899976866 0.119782021316 0.0798546808774
0 0.645600008511 0.210479977332 0.0815889559894 0.0543926373263
0 0.465400000588 0.549879992255 0.118081350691 0.0787209004604
0 0.0131999807042 0.630399995796 0.0344830508732 0.0229887005821
0 0.474800001001 0.223499977904 0.302964726963 0.201976484642
