0 0.932000003604 0.157499975002 0.0904493489766 0.0602995699615
0 0.952400003156 0.474699988949 0.0865619468781 0.0577079683916
0 0.926400003727 0.458299988228 0.11589094287 0.0772606336757
0 0.839800005631 0.676359997817 0.0892184158102 0.0594789477964
0 0.811800006247 0.72944000015 0.0710196595784 0.0473464428417
0 0.621400010433 0.688859998366 0.0837197793805 0.0558131899349
0 0.40500001519 0.627919995687 0.113993394394 0.0759956012752
0 0.248600018629 0.633359995926 0.109649215377 0.073099481739
0 0.119400021469 0.612099994991 0.123528624951 0.0823524220655
0 0.1544000207 0.804180003437 0.0944257914103 0.0629505317588
0 0.886200004611 0.0213199690141 0.0221952822077 0.0147968557811
0 0.818200006106 0.0146799687221 0.0207972500123 0.013864834256
0 0.767600007218 0.0313199694538 0.0292247198659 0.0194831478623
0 0.46280001392 0.096299972311 0.023693534247 0.0157956905398
0 0.462000013937 0.082199971691 0.0229035486069 0.0152690334117
0 0.398800015327 0.116179973185 0.0284530369614 0.0189686925587
0 0.356600016254 0.0272199692735 0.0337992165506 0.0225328125199
0 0.329400016852 0.0117999685955 0.0353823537094 0.023588237362
0 0.402800015239 0.0608399707518 0.0412976989075 0.0275318010876
0 0.0226000235975 0.0809999716382 0.0248379993547 0.0165586673286
0 0.14300002095 0.247659978966 0.0266154423115 0.017743629378
0 0.229800019042 0.0870399719038 0.0289467161529 0.0192978120414
0 0.424200014768 0.234279978378 0.0204777930766 0.0136518629515
0 0.373400015885 0.0869199718985 0.0477800331731 0.0318533575497
0 0.588600011154 0.158079975027 0.0315277976012 0.0210185331204
0 0.51280001282 0.158579975049 0.0364773519642 0.0243182362467
0 0.576600011418 0.133219973934 0.0411555311724 0.0274370225912
0 0.470000013761 0.229879978185 0.0239697571534 0.0159798391562
0 0.497400013159 0.228399978119 0.0366944125145 0.0244629432898
0 0.741200007799 0.098279972398 0.0219987998682 0.0146658675461
0 0.859200005205 0.062299970816 0.0214896870186 0.0143264589573
0 0.709800008489 0.144639974437 0.0207563903919 0.0138375945073
0 0.741400007794 0.126319973631 0.0243129581785 0.0162086398547
0 0.957600003041 0.0673799710394 0.0342575764091 0.0228383857791
0 0.976600002623 0.101919972558 0.0230854876917 0.0153903261429
0 0.917400003925 0.125959973615 0.0202781448585 0.0135187641306
0 0.873800004884 0.203239977013 0.0234513445354 0.0156342307215
0 0.656000009672 0.247019978938 0.0340776159985 0.022718412164
0 0.895400004409 0.180959976034 0.0612757778366 0.040850521252
0 0.889000004549 0.263319979655 0.0204369334561 0.0136246232027
0 0.870200004963 0.259999979509 0.0246266769593 0.0164177857224
0 0.844200005534 0.269319979919 0.0215774412156 0.0143849617592
0 0.742400007772 0.275459980189 0.022828556858 0.0152190389091
0 0.626600010318 0.25455997927 0.0355155184773 0.0236770138798
0 0.778600006977 0.110059972916 0.0278176847033 0.0185451243587
0 0.779400006959 0.13835997416 0.0513901240945 0.0342600849893
0 0.551800011963 0.112219973011 0.0448932465742 0.0299288330234
0 0.855000005297 0.040899969875 0.0237378565472 0.0158252387419
0 0.958800003015 0.0351999696244 0.0204235774059 0.0136157191686
0 0.171600020322 0.175839975808 0.0203488824581 0.0135659225335
0 0.976600002623 0.420679986574 0.0239524437549 0.0159682968898
0 0.954400003112 0.41261998622 0.020930810515 0.013953874597
0 0.982800002487 0.365259984137 0.0254610838333 0.0169740570084
0 0.980000002549 0.388199985146 0.0221203893925 0.0147469272343
0 0.978000002593 0.402319985767 0.0209557418089 0.0139704954607
0 0.936600003503 0.370179984354 0.036231996374 0.0241546658425
0 0.956400003068 0.353479983619 0.0215805081604 0.0143870063892
0 0.889200004545 0.297659981165 0.0287942593124 0.019196174141
0 0.846600005482 0.311339981766 0.0222311951429 0.0148207977395
0 0.80800000633 0.326019982412 0.030651442836 0.0204342965717
0 0.898800004334 0.393679985387 0.0214150910045 0.014276728278
0 0.766800007236 0.373659984507 0.0242231263737 0.0161487519809
0 0.969600002777 0.311939981793 0.0287847616766 0.0191898423834
0 0.894400004431 0.340499983049 0.0289582913964 0.0193055288709
0 0.784600006845 0.402919985793 0.0232559504667 0.0155039680004
0 0.752000007561 0.340259983038 0.0251382631515 0.0167588432064
0 0.827600005899 0.399999985665 0.0265868504705 0.0177245681494
0 0.80620000637 0.408959986059 0.0219779248563 0.0146519508706
0 0.790800006708 0.421099986593 0.0240226866859 0.0160151255136
0 0.933400003573 0.325159982374 0.020146167295 0.0134307790825
0 0.786200006809 0.443359987571 0.0221379006584 0.0147586014124
0 0.742400007772 0.44583998768 0.0483965880271 0.0322643941461
0 0.715000008375 0.459279988271 0.0200717691484 0.0133811803148
0 0.720600008252 0.418479986477 0.0360834968817 0.0240556661744
0 0.648400009839 0.4167199864 0.0205078689231 0.0136719135172
0 0.539400012235 0.418259986468 0.0331174643845 0.0220783110459
0 0.579600011352 0.429579986965 0.0489951369467 0.0326634267855
0 0.500200013097 0.409599986087 0.0341820899917 0.0227880614975
0 0.499200013119 0.392119985318 0.045015330767 0.0300102224907
0 0.610200010679 0.318139982065 0.0243669759818 0.016244651726
0 0.622600010406 0.293779980994 0.0270733075015 0.0180488728581
0 0.557800011831 0.307159981583 0.029031403405 0.0193542702132
0 0.689200008942 0.300659981297 0.0225181028895 0.0150120695831
0 0.712600008428 0.31595998197 0.0207276996172 0.0138184673229
0 0.693800008841 0.326719982443 0.0289013055819 0.0192675383254
0 0.714400008388 0.302639981384 0.0209763200197 0.0139842142688
0 0.659400009597 0.325279982379 0.0253479036739 0.0168986035638
0 0.560000011783 0.384499984983 0.062579328343 0.0417195549803
0 0.430000014641 0.394019985402 0.0222447490606 0.0148298336852
0 0.539600012231 0.356139983736 0.0660138119368 0.0440092108605
0 0.474400013665 0.340839983064 0.0211208621637 0.0140805757045
0 0.458800014007 0.311039981753 0.0274065162224 0.01827101202
0 0.548600012033 0.295699981079 0.0228316238029 0.0152210835392
0 0.418600014891 0.384059984964 0.0208708566894 0.0139139053773
0 0.455400014082 0.399699985652 0.0294353497254 0.0196235677779
0 0.437800014469 0.415459986345 0.0200868070716 0.0133912055976
0 0.368000016004 0.419939986542 0.0217318767302 0.0144879187757
0 0.354000016312 0.402419985771 0.0286316123002 0.0190877427924
0 0.30220001745 0.429379986957 0.0235257426821 0.0156838294892
0 0.446000014289 0.472099988835 0.0585715239247 0.0390476851919
0 0.487200013383 0.482039989272 0.0218708785867 0.0145805866861
0 0.473800013678 0.442379987528 0.0350971278358 0.0233980867671
0 0.316000017147 0.332619982702 0.0317779020092 0.0211852694034
0 0.227800019086 0.443079987559 0.0225540158246 0.0150360115415
0 0.178000020181 0.420999986588 0.022467844567 0.0149785640326
0 0.389600015529 0.267239979827 0.0344740433572 0.0229826970873
0 0.351600016364 0.320479982168 0.0410468030299 0.0273645371581
0 0.4546000141 0.363159984045 0.0207091990143 0.0138061335868
0 0.443800014337 0.37737998467 0.0271676902568 0.0181117946991
0 0.385400015621 0.329419982561 0.0293940943701 0.0195960642059
0 0.354600016298 0.342139983121 0.0300194543239 0.0200129708692
0 0.325800016932 0.389999985225 0.0335513876178 0.0223675932205
0 0.401400015269 0.345099983251 0.0237586326254 0.0158390894616
0 0.42140001483 0.328279982511 0.0292109680808 0.019473980005
0 0.258400018413 0.307399981593 0.0208389011024 0.0138926016513
0 0.246400018677 0.334579982788 0.0284024818378 0.0189349891407
0 0.184000020049 0.324539982347 0.0201811898269 0.0134541274386
0 0.140600021003 0.36555998415 0.0198448152275 0.0132298776909
0 0.12300002139 0.361659983979 0.026108308136 0.0174055399053
0 0.0894000221288 0.357959983816 0.0315717241665 0.0210478174992
0 0.271000018136 0.345379983263 0.0398230920239 0.026548729767
0 0.162000020533 0.340219983036 0.0250459580041 0.0166973064373
0 0.179200020155 0.462559988416 0.0340072741337 0.0226715175844
0 0.060600022762 0.452359987967 0.0453228167244 0.0302152131425
0 0.242600018761 0.362479984015 0.0322037126786 0.0214691432017
0 0.0672000226169 0.37531998458 0.0262280179199 0.0174853464332
0 0.11120002165 0.404379985857 0.0206737807476 0.0137825214074
0 0.659600009593 0.399239985631 0.0214087592473 0.0142725071062
0 0.315800017151 0.270639979977 0.0244031857181 0.0162687915517
0 0.326400016918 0.279999980388 0.0248385929569 0.0165590630634
0 0.062600022718 0.350779983501 0.0233815962729 0.0155877318767
0 0.0462000230786 0.311519981774 0.0218552470612 0.0145701656685
0 0.0592000227928 0.428679986926 0.0266273143562 0.0177515440749
0 0.0378000232633 0.410239986115 0.055247945015 0.0368319657726
0 0.0756000224322 0.400899985704 0.0272883893777 0.018192260785
0 0.110400021667 0.426019986809 0.0568048647418 0.0378699123256
0 0.0388000232413 0.544679992026 0.0237059998939 0.0158040009717
0 0.0734000224806 0.497939989971 0.022090313546 0.0147268766686
0 0.0184000236898 0.515999990765 0.0214388350939 0.0142925576719
0 0.0844000222388 0.549059992219 0.0223664375186 0.0149109593292
0 0.0534000229203 0.553739992425 0.0305019540066 0.0203346373456
0 0.0904000221068 0.566959993006 0.0348225868025 0.0232150593995
0 0.0684000225905 0.582799993703 0.024920608999 0.0166137404284
0 0.018800023681 0.595799994274 0.0259970077171 0.0173313396212
0 0.0368000232853 0.732920000304 0.0584334124715 0.0389556108837
0 0.0504000229863 0.782180002469 0.0276866964769 0.0184577988687
0 0.0380000232589 0.680859998014 0.0256782433173 0.0171188300073
0 0.0328000233732 0.702519998967 0.0345484415039 0.0230322958551
0 0.074200022463 0.680999998021 0.0343670960214 0.0229113988587
0 0.060600022762 0.695279998648 0.0255544772514 0.0170363192913
0 0.0246000235535 0.664699997304 0.0238448038831 0.0158965369705
0 0.0894000221288 0.467519988634 0.0568166378528 0.0378777610668
0 0.12620002132 0.51063999053 0.0223542686728 0.0149028467648
0 0.101000021874 0.503499990216 0.0240190261388 0.0160126851487
0 0.168800020383 0.5031399902 0.021066646493 0.0140444319216
0 0.157600020629 0.555759992514 0.024235789888 0.0161571943243
0 0.314400017182 0.519759990931 0.0225958647822 0.0150639108483
0 0.327200016901 0.533219991523 0.0354356789767 0.0236237875426
0 0.285800017811 0.489479989599 0.0910420608076 0.0606947112082
0 0.335200016725 0.473519988898 0.0218101332914 0.0145400898199
0 0.351000016377 0.494999989842 0.0302719331409 0.0201812900917
0 0.397200015362 0.467699988642 0.0199191144404 0.0132794105028
0 0.354000016312 0.559699992687 0.0258554335842 0.0172369568597
0 0.248600018629 0.607479994788 0.0361842113942 0.0241228091871
0 0.26400001829 0.677319997859 0.0202176963643 0.0134784651318
0 0.232200018989 0.687779998319 0.0204977776851 0.0136651860247
0 0.111000021654 0.663219997239 0.0397728337014 0.0265152242164
0 0.0578000228236 0.652659996774 0.0474568167566 0.0316378799244
0 0.0924000220629 0.724859999949 0.0225362077576 0.015024139496
0 0.121800021417 0.737320000497 0.0268155851981 0.0178770579779
0 0.139000021038 0.751600001125 0.0218201255957 0.0145467513566
0 0.16620002044 0.744480000812 0.0224706147107 0.0149804107952
0 0.169000020379 0.727980000086 0.0208239621129 0.0138826423242
0 0.178200020177 0.686059998243 0.0217435509075 0.014495701561
0 0.198400019732 0.729040000133 0.0203779689675 0.0135853135411
0 0.268400018193 0.70987999929 0.0249303045021 0.0166202040976
0 0.310600017266 0.742140000709 0.0296122431912 0.0197414967629
0 0.241000018796 0.718359999663 0.022444298345 0.0149628665502
0 0.258800018405 0.693619998575 0.0330547404151 0.0220364950635
0 0.303800017415 0.6600599971 0.067190034764 0.0447933594637
0 0.216400019337 0.770860001972 0.0345713941237 0.0230475976026
0 0.0794000223487 0.812000003781 0.0216675698215 0.0144450475004
0 0.259600018387 0.764400001688 0.0349668321454 0.0233112229678
0 0.0646000226741 0.763300001639 0.0233476620119 0.0155651090345
0 0.432200014592 0.681319998035 0.0348290174933 0.023219346527
0 0.434200014548 0.711419999358 0.0215204554011 0.0143469712137
0 0.444000014333 0.741800000694 0.0320100004828 0.0213400017294
0 0.464200013889 0.747120000928 0.0216689548934 0.0144459708817
0 0.375200015845 0.711899999379 0.0222308983418 0.014820599872
0 0.466800013832 0.775640002182 0.0629084807819 0.0419389899541
0 0.445400014302 0.529999991381 0.0265763634977 0.0177175768337
0 0.472400013708 0.517719990841 0.0263191358629 0.0175460917325
0 0.430000014641 0.570359993156 0.025088004829 0.0167253376558
0 0.414400014984 0.557619992595 0.0233197627068 0.0155465094966
0 0.405200015186 0.556379992541 0.0251744728878 0.0167829830321
0 0.187400019974 0.490579989648 0.0233536969679 0.0155691323388
0 0.522600012605 0.521639991013 0.0259821676612 0.0173214462499
0 0.520200012658 0.498499989996 0.037842637103 0.0252284263993
0 0.552600011945 0.610499994921 0.0232695043843 0.0155130039461
0 0.635000010134 0.594619994222 0.0207877523766 0.0138585024984
0 0.524000012574 0.679459997953 0.0244659096875 0.0163106075341
0 0.603400010828 0.590339994034 0.28239340157 0.188262280131
0 0.715600008362 0.57955999356 0.0219942489177 0.0146628335789
0 0.693600008845 0.478339989109 0.0242064065774 0.0161376054493
0 0.651200009778 0.498159989981 0.0242130351357 0.0161420244885
0 0.707000008551 0.64459999642 0.0272696909074 0.0181797951373
0 0.702600008647 0.675119997762 0.0238716149173 0.0159144109945
0 0.818400006102 0.608159994818 0.0664987849622 0.0443325262321
0 0.799600006515 0.583019993712 0.0284093082634 0.0189395400915
0 0.749400007619 0.640859996256 0.0436766587951 0.0291177744505
0 0.770000007166 0.659959997095 0.0271499811234 0.0180999886094
0 0.739200007843 0.66141999716 0.0212690648549 0.0141793775051
0 0.893200004457 0.67007999754 0.0357466276138 0.0238310866477
0 0.858000005231 0.585559993824 0.0275909286498 0.0183939536464
0 0.884600004646 0.573219993281 0.0311386913366 0.0207591289269
0 0.853000005341 0.53429999157 0.0261776606637 0.0174517749269
0 0.875000004857 0.49607998989 0.0245149808055 0.016343321615
0 0.90260000425 0.496799989921 0.0215157065832 0.0143438053349
0 0.792800006664 0.5008599901 0.0221310742327 0.0147540504616
0 0.772400007113 0.485799989438 0.0219730771047 0.014648719036
0 0.77980000695 0.527779991283 0.0304863224811 0.0203242163279
0 0.753200007535 0.516279990778 0.0307366247566 0.0204910845226
0 0.818800006093 0.493419989773 0.0307335578117 0.0204890398925
0 0.836400005706 0.547759992162 0.0225492670068 0.0150328456627
0 0.867800005016 0.544259992008 0.0241193449164 0.0160795643381
0 0.936600003503 0.546199992093 0.0280446386242 0.0186964269826
0 0.903000004242 0.560699992731 0.019853026725 0.013235352023
0 0.845600005504 0.495499989864 0.0225359109565 0.0150239416286
0 0.981800002509 0.572339993243 0.0335144853455 0.022342991704
0 0.971600002733 0.614399995092 0.0309330081624 0.0206220068018
0 0.956200003072 0.631739995855 0.020689115472 0.0137927445577
0 0.922200003819 0.604819994671 0.0249120017666 0.0166080022731
0 0.923800003784 0.62435999553 0.0385558501875 0.0257039018203
0 0.912400004035 0.644299996407 0.0400879375541 0.0267252934654
0 0.951400003178 0.647879996564 0.025003614378 0.0166690773515
0 0.836000005715 0.61799999525 0.0224793208768 0.0149862149063
0 0.795200006612 0.63571999603 0.0256891260249 0.0171260851462
0 0.953800003125 0.914860008304 0.0208761991095 0.0139174669909
0 0.943800003345 0.930220008979 0.0249693833159 0.0166462566418
0 0.955000003098 0.872680006449 0.0197907974241 0.0131938658196
0 0.963200002918 0.823240004275 0.0279397688961 0.018626513826
0 0.903200004237 0.863420006042 0.0224893131811 0.0149928764429
0 0.878200004787 0.846040005277 0.0222895660293 0.0148597116663
0 0.869000004989 0.871480006396 0.0293225653009 0.0195483781566
0 0.980600002536 0.76126000155 0.0351169145769 0.0234112779287
0 0.953200003138 0.774040002112 0.0250141013509 0.0166760686671
0 0.898200004347 0.805520003496 0.0381218280205 0.0254145536899
0 0.925400003749 0.803640003413 0.0228354822174 0.0152236558157
0 0.934200003556 0.744460000811 0.05472587185 0.036483916973
0 0.852800005345 0.701099998904 0.0314787264831 0.0209858190396
0 0.68700000899 0.722039999825 0.0281409011199 0.0187606019839
0 0.850000005407 0.783820002542 0.0246305353738 0.0164203579989
0 0.866400005046 0.798320003179 0.0238559833918 0.0159039899768
0 0.862000005143 0.829880004567 0.0288052409537 0.0192034952357
0 0.839800005631 0.823540004288 0.0201092650228 0.0134061775661
0 0.810000006286 0.841460005076 0.0266440341524 0.0177626906065
0 0.812600006229 0.852120005545 0.024287235415 0.0161914913446
0 0.829800005851 0.884680006976 0.0283427258795 0.0188951518326
0 0.835000005737 0.906320007928 0.0392103955844 0.0261402654471
0 0.781000006924 0.853540005607 0.027664139592 0.0184427609444
0 0.762200007337 0.801860003335 0.0220814095125 0.0147209406459
0 0.801000006484 0.811580003762 0.0368929724619 0.0245953165968
0 0.795600006603 0.777980002285 0.0210470576193 0.0140313726716
0 0.779400006959 0.791240002868 0.0234466946513 0.0156311307985
0 0.670000009364 0.791500002879 0.0257364163362 0.0171576120225
0 0.661200009558 0.766840001795 0.026006802154 0.0173378692462
0 0.637200010085 0.779880002368 0.0283742857316 0.0189161917354
0 0.629400010257 0.758260001418 0.0218488163703 0.0145658785409
0 0.592600011066 0.732560000288 0.0220767596283 0.0147178407229
0 0.566400011642 0.836580004861 0.0314605226813 0.0209736831709
0 0.537400012279 0.83428000476 0.0221234563374 0.0147489718644
0 0.585800011215 0.867500006221 0.0417427027158 0.0278284703127
0 0.605000010793 0.847400005337 0.0234201804181 0.0156134546419
0 0.616000010551 0.853260005595 0.0286522894447 0.0191015275563
0 0.677600009197 0.843540005168 0.0211195760255 0.014079718279
0 0.666800009435 0.862720006011 0.0427518265141 0.0285012195559
0 0.717000008331 0.807520003584 0.0210298431545 0.014019896361
0 0.732000008001 0.794500003011 0.020113222371 0.0134088157984
0 0.690600008911 0.751920001139 0.0420916418959 0.028061096448
0 0.711200008458 0.858540005827 0.0422238173267 0.0281492134077
0 0.725800008137 0.905200007879 0.0645967844699 0.0430645258203
0 0.766800007236 0.927880008876 0.0481546951167 0.0321031321952
0 0.668000009408 0.93958000939 0.0198764740133 0.0132509835495
0 0.579400011356 0.938980009364 0.0394508044893 0.0263005380609
0 0.605400010784 0.952480009958 0.0505129778597 0.0336753207942
0 0.655000009694 0.956760010146 0.0319166070646 0.0212777394465
0 0.63560001012 0.977500011058 0.0422358872388 0.0281572600163
0 0.48280001348 0.97642001101 0.0276182343526 0.0184121574494
0 0.719600008274 0.827500004462 0.0328566751363 0.0219044515356
0 0.986400002408 0.80970000368 0.0235096164881 0.0156730786925
0 0.548800012029 0.889860007204 0.0439618846686 0.0293079250454
0 0.506600012957 0.860760005925 0.0254877959338 0.0169918650766
0 0.469800013766 0.890740007243 0.0222522680222 0.0148348463266
0 0.382200015692 0.857660005788 0.0529371504507 0.0352914359615
0 0.292400017666 0.839260004979 0.0324181020189 0.021612069438
0 0.318000017103 0.852980005583 0.0393709649888 0.0262473117237
0 0.35680001625 0.836640004864 0.0294876856557 0.0196584584004
0 0.367000016026 0.788260002737 0.026955477458 0.0179703194906
0 0.439000014443 0.861080005939 0.0346705256968 0.0231136853223
0 0.45640001406 0.860140005897 0.0415119893141 0.027674661368
0 0.488400013357 0.877440006658 0.0205637664669 0.0137091785488
0 0.40500001519 0.912160008185 0.0330930277592 0.0220620199613
0 0.327800016888 0.755000001274 0.0200242809696 0.0133495215269
0 0.235200018923 0.823600004291 0.0266286994281 0.0177524674563
0 0.294800017613 0.892920007339 0.0222471234695 0.0148314166246
0 0.265600018255 0.910560008114 0.0309679317605 0.020645289202
0 0.195600019794 0.908820008038 0.0431601259175 0.0287734191761
0 0.400400015291 0.780280002386 0.0202124528779 0.013474969474
0 0.502600013045 0.89772000755 0.040039558972 0.0266930410752
0 0.154800020691 0.879700006758 0.0457622802452 0.0305081888423
0 0.112000021632 0.906540007938 0.0314282702932 0.0209521815774
0 0.10480002179 0.858320005817 0.034557840206 0.0230385616568
0 0.130400021227 0.839640004996 0.0238617215467 0.0159078154137
0 0.151400020766 0.846600005302 0.0254636561096 0.0169757718594
0 0.0126000238173 0.853800005619 0.0274178935985 0.0182785969379
0 0.0294000234479 0.845580005257 0.0209761221523 0.0139840823572
0 0.0590000227972 0.875980006594 0.035566370402 0.0237109151652
0 0.0228000235931 0.887280007091 0.0262885653478 0.0175257113878
0 0.0502000229907 0.93548000921 0.0293422531083 0.0195615033624
0 0.212400019425 0.950880009887 0.0389169582133 0.0259446405201
0 0.107800021724 0.962720010408 0.0517614222921 0.0345076171374
0 0.253400018523 0.9557200101 0.0201368675267 0.0134245792366
0 0.289400017732 0.947160009724 0.0355477708653 0.0236985154733
0 0.321200017033 0.934500009167 0.0237047137558 0.0158031435462
0 0.449800014205 0.931360009029 0.0419313692926 0.0279542480388
0 0.444000014333 0.973120010865 0.0221633266208 0.0147755520551
0 0.525600012539 0.94776000975 0.0549767677277 0.0366511809025
0 0.515000012772 0.987880011514 0.0255802000149 0.0170534678014
0 0.486200013405 0.921280008586 0.0249977772894 0.0166651859588
0 0.821000006044 0.972580010841 0.0314249065472 0.0209499390799
0 0.831400005816 0.936540009257 0.0266302823673 0.0177535227492
0 0.73980000783 0.973760010893 0.0211020647596 0.014068044101
0 0.78300000688 0.970780010762 0.0220974367728 0.0147316254868
0 0.676800009215 0.984100011348 0.0204530596502 0.0136353739994
0 0.674200009272 0.917320008412 0.0230842015535 0.0153894687174
0 0.601000010881 0.909080008049 0.0433113955536 0.0288742656068
0 0.543800012139 0.97710001104 0.029321180229 0.0195474547753
0 0.988000002373 0.963500010442 0.0218931386705 0.014595426743
0 0.522400012609 0.284159980571 0.0714028298206 0.0476018896867
0 0.158600020607 0.978840011117 0.0564679954738 0.0376453327988
