0 0.134400021139 0.28052000588 0.107944594747 0.0719630631645
0 0.601800010864 0.152300008699 0.132510824832 0.0883405498881
0 0.914600003987 0.934999991491 0.0320473995373 0.0213649330248
0 0.862200005139 0.904919992152 0.0538936450721 0.0359290967148
0 0.783600006867 0.931539991567 0.0199514670781 0.0133009780521
0 0.421200014834 0.971199990695 0.0219407272301 0.0146271514867
0 0.122800021395 0.980579990489 0.0250461575234 0.016697438349
0 0.236200018901 0.939079991401 0.027289974117 0.018193316078
0 0.169600020366 0.899759992266 0.0445513346257 0.0297008897504
0 0.349200016417 0.897019992326 0.020107584476 0.0134050563174
0 0.0446000231138 0.988059990324 0.0223242932324 0.0148828621549
0 0.73480000794 0.716779996289 0.0257343404258 0.0171562269505
0 0.771400007135 0.744179995686 0.0303154659709 0.0202103106472
0 0.8412000056 0.753399995483 0.0301470807926 0.0200980538618
0 0.969400002782 0.757699995389 0.0288253263972 0.0192168842648
0 0.856200005271 0.809019994261 0.0242442997858 0.0161628665238
0 0.571000011541 0.871259992892 0.0502210278065 0.0334806852043
0 0.619200010481 0.896579992336 0.0650038020226 0.043335868015
0 0.592000011079 0.831619993764 0.0395667574021 0.026377838268
0 0.566400011642 0.849499993371 0.0272267554748 0.0181511703166
0 0.63560001012 0.808179994279 0.0571946673146 0.0381297782097
0 0.879200004765 0.6525599977 0.0210930631836 0.0140620421224
0 0.768400007201 0.636719998049 0.0229952616688 0.0153301744459
0 0.918000003912 0.637019998042 0.020315938874 0.0135439592493
0 0.610800010666 0.715039996327 0.0219945471695 0.0146630314463
0 0.563200011712 0.680299997091 0.0392592714244 0.0261728476163
0 0.545800012095 0.662319997486 0.0358973060152 0.0239315373435
0 0.727600008098 0.770619995105 0.0275654055718 0.0183769370479
0 0.617400010521 0.787999994723 0.0421008455073 0.0280672303382
0 0.928200003688 0.73761999583 0.0343628441384 0.022908562759
0 0.61060001067 0.585159999182 0.0277676260796 0.0185117507198
0 0.632200010195 0.561459999703 0.0455444312291 0.0303629541527
0 0.531200012416 0.517000000681 0.0226233698445 0.015082246563
0 0.914800003982 0.433460002517 0.0198739030477 0.0132492686985
0 0.417400014918 0.51976000062 0.0246186649529 0.0164124433019
0 0.401000015278 0.511920000792 0.0213105194831 0.0142070129887
0 0.496800013172 0.61571999851 0.0341957450985 0.022797163399
0 0.0438000231314 0.623519998339 0.0284716383759 0.0189810922506
0 0.00860002390524 0.64075999796 0.0250875118152 0.0167250078768
0 0.14620002088 0.677799997146 0.038575243738 0.0257168291587
0 0.0152000237601 0.677219997158 0.0399944478401 0.0266629652267
0 0.395200015406 0.60115999883 0.0300185659004 0.020012377267
0 0.39500001541 0.620359998408 0.039067933625 0.0260452890833
0 0.173200020286 0.629559998206 0.0279279976272 0.0186186650848
0 0.285800017811 0.707959996482 0.0232906777335 0.015527118489
0 0.271600018123 0.72445999612 0.021389963254 0.0142599755027
0 0.0194000236678 0.541660000139 0.0337362969389 0.0224908646259
0 0.0598000227796 0.428020002637 0.0384018129405 0.025601208627
0 0.148800020823 0.470980001693 0.0441201815077 0.0294134543385
0 0.462600013924 0.460320001927 0.0202012747015 0.0134675164677
0 0.446800014271 0.37378000383 0.0237064961261 0.0158043307507
0 0.510600012869 0.370360003905 0.0243674722575 0.016244981505
0 0.576000011431 0.356580004208 0.0465638442 0.0310425628
0 0.622000010419 0.332780004731 0.0290624705054 0.0193749803369
0 0.183000020071 0.373960003826 0.0334016041904 0.0222677361269
0 0.0830000222695 0.366720003985 0.05941721316 0.03961147544
0 0.589200011141 0.39878000328 0.0208728367402 0.0139152244935
0 0.860400005178 0.414120002943 0.0246094641176 0.0164063094118
0 0.230400019029 0.402700003194 0.0427365935421 0.0284910623614
0 0.256600018453 0.366620003987 0.0284051549213 0.0189367699475
0 0.423800014777 0.359920004134 0.0226270303918 0.0150846869279
0 0.265600018255 0.419900002816 0.0470206211494 0.0313470807663
0 0.258800018405 0.4387800024 0.0326468388997 0.0217645592665
0 0.446800014271 0.286040005758 0.0346177963149 0.0230785308766
0 0.38320001567 0.279880005894 0.0288332410941 0.0192221607294
0 0.634600010142 0.408300003071 0.0504856754867 0.0336571169912
0 0.740200007821 0.359740004138 0.113822246591 0.0758814977271
0 0.649200009821 0.384820003587 0.036744871128 0.024496580752
0 0.79620000659 0.322060004967 0.0243244360927 0.0162162907285
0 0.946000003296 0.354800004247 0.0198945801936 0.0132630534624
0 0.785800006818 0.297480005507 0.0285009227547 0.0190006151698
0 0.5410000122 0.252440006497 0.0243979438409 0.0162652958939
0 0.749000007627 0.232940006926 0.0351489714159 0.0234326476106
0 0.523800012578 0.224940007102 0.0299572269989 0.0199714846659
0 0.432200014592 0.20546000753 0.0216896334684 0.0144597556456
0 0.401600015265 0.21776000726 0.0275978558294 0.018398570553
0 0.381000015718 0.200100007648 0.0268219187244 0.0178812791496
0 0.736400007904 0.20592000752 0.0432056382718 0.0288037588479
0 0.948000003252 0.18274000803 0.0352637345221 0.023509156348
0 0.625000010354 0.215620007307 0.0479827515009 0.0319885010006
0 0.764200007293 0.176880008158 0.0535541045717 0.0357027363812
0 0.757800007434 0.0233800115331 0.0393054734681 0.0262036489787
0 0.644600009923 0.0178200116554 0.0260796190815 0.017386412721
0 0.986800002399 0.054860010841 0.0203288002566 0.0135525335044
0 0.832000005803 0.0715200104748 0.0265491584797 0.0176994389865
0 0.823800005983 0.0607400107118 0.0311572929283 0.0207715286189
0 0.777000007012 0.091160010043 0.0206416286547 0.0137610857698
0 0.741400007794 0.0408400111493 0.0302973611015 0.0201982407343
0 0.517400012719 0.0771200103517 0.0385266672853 0.0256844448569
0 0.394000015432 0.144020008881 0.0224168951871 0.0149445967914
0 0.345800016492 0.133660009109 0.0207939865715 0.0138626577144
0 0.287800017767 0.0443000110732 0.0363829716086 0.0242553144057
0 0.342400016567 0.11222000958 0.0302733202094 0.020182213473
0 0.331600016804 0.128880009214 0.0248421562088 0.0165614374725
0 0.0186000236854 0.268660006141 0.0216257222903 0.0144171481935
0 0.14120002099 0.216500007287 0.0504510486875 0.0336340324583
0 0.188800019944 0.212840007368 0.0311486856953 0.0207657904635
0 0.157200020638 0.101540009815 0.0199199072239 0.0132799381493
0 0.153200020726 0.0573400107865 0.0277587220455 0.018505814697
0 0.274200018066 0.104400009752 0.054658303734 0.036438869156
0 0.23400001895 0.148080008792 0.0241342854978 0.0160895236652
0 0.209800019482 0.0723400104567 0.0737676470536 0.0491784313691
0 0.214000019389 0.172640008252 0.0228763433467 0.0152508955645
0 0.680800009127 0.9436999913 0.0570588313277 0.0380392208851
0 0.9504000032 0.721819996178 0.0239644163139 0.0159762775426
0 0.876000004835 0.53750000023 0.0234463004629 0.0156308669752
0 0.653200009734 0.577919999341 0.0233246119968 0.0155497413312
0 0.552800011941 0.634279998102 0.0336151031414 0.0224100687609
0 0.251600018563 0.621139998391 0.0329377040137 0.0219584693425
0 0.24580001869 0.687019996943 0.0275337467839 0.0183558311893
0 0.501400013071 0.434620002492 0.0246339007446 0.0164226004964
0 0.222800019196 0.233920006904 0.0259999774431 0.0173333182954
0 0.0292000234523 0.105000009739 0.0255834665146 0.0170556443431
