0 0.604600010802 0.104600009747 0.251651747793 0.167767831862
0 0.372000015916 0.0419200111255 0.102385509456 0.0682570063041
0 0.4000000153 0.985219990387 0.0311586780002 0.0207724520002
0 0.391600015485 0.960779990924 0.0620545880608 0.0413697253739
0 0.0988000219222 0.880579992687 0.0576355159363 0.0384236772909
0 0.0438000231314 0.940539991369 0.0388738256816 0.0259158837877
0 0.298400017534 0.930419991592 0.0213373305191 0.0142248870128
0 0.311800017239 0.949539991171 0.0317590077661 0.0211726718441
0 0.300800017481 0.906359992121 0.0337812128442 0.0225208085628
0 0.375400015841 0.902859992198 0.0362371433168 0.0241580955445
0 0.382400015687 0.883099992632 0.0241947339959 0.016129822664
0 0.470000013761 0.934219991508 0.0304205335733 0.0202803557155
0 0.434800014535 0.940759991364 0.0278588429623 0.0185725619749
0 0.490400013313 0.953559991083 0.0370420679995 0.0246947119997
0 0.509600012891 0.939939991382 0.0310255132236 0.0206836754824
0 0.54920001202 0.926679991674 0.0206461796054 0.013764119737
0 0.180400020128 0.867619992972 0.0374878633069 0.0249919088712
0 0.200200019693 0.805159994345 0.0199052650345 0.0132701766897
0 0.389000015542 0.824299993925 0.0219374624176 0.014624974945
0 0.531800012403 0.793619994599 0.0216601512222 0.0144401008148
0 0.502400013049 0.795439994559 0.0267861047205 0.017857403147
0 0.318400017094 0.817919994065 0.0514776838193 0.0343184558796
0 0.241400018787 0.789459994691 0.0234048472374 0.0156032314916
0 0.127600021289 0.80451999436 0.0726978768232 0.0484652512155
0 0.198400019732 0.83495999369 0.0235996477168 0.0157330984779
0 0.0808000223179 0.801339994429 0.0208147626511 0.0138765084341
0 0.218000019302 0.920319991814 0.0882242368204 0.0588161578803
0 0.34680001647 0.951999991117 0.0247948658944 0.0165299105962
0 0.597000010969 0.968359990758 0.025398361539 0.016932241026
0 0.697000008771 0.970299990715 0.0590051542485 0.039336769499
0 0.639200010041 0.97825999054 0.0204217979461 0.0136145319641
0 0.635400010125 0.890399992471 0.05298879734 0.0353258648934
0 0.676800009215 0.84725999342 0.0225979438804 0.0150652959203
0 0.529400012455 0.813679994158 0.0377086833526 0.025139122235
0 0.461000013959 0.825539993897 0.0347115854741 0.0231410569827
0 0.428600014671 0.833059993732 0.0407445632462 0.0271630421642
0 0.845600005504 0.866939992987 0.0369224571414 0.0246149714276
0 0.780600006933 0.843699993498 0.0346431233452 0.0230954155635
0 0.896000004396 0.926119991686 0.0923593691907 0.0615729127938
0 0.934600003547 0.650119997754 0.0678143109198 0.0452095406132
0 0.934400003551 0.729599996007 0.0486776618956 0.0324517745971
0 0.86940000498 0.735619995874 0.0238615252531 0.0159076835021
0 0.807200006348 0.715699996312 0.0422336145491 0.0281557430327
0 0.848000005451 0.634899998089 0.0239492794559 0.0159661863039
0 0.738200007865 0.63529999808 0.0347809380064 0.0231872920042
0 0.657400009641 0.661379997507 0.0211081011079 0.0140720674053
0 0.652200009756 0.643859997892 0.0350636905559 0.023375793704
0 0.665000009474 0.676439997175 0.0276319879602 0.0184213253068
0 0.675400009245 0.704579996557 0.0231476195856 0.0154317463904
0 0.740600007812 0.654879997649 0.0252796410843 0.0168530940562
0 0.623600010384 0.586239999159 0.0257908315754 0.017193887717
0 0.937600003481 0.564379999639 0.0282386494836 0.0188257663224
0 0.537000012288 0.625199998302 0.0622862908149 0.0415241938766
0 0.482000013497 0.59433999898 0.0765682625796 0.0510455083864
0 0.420000014861 0.611619998601 0.0548136296622 0.0365424197748
0 0.447000014267 0.622619998359 0.0233287672127 0.0155525114752
0 0.387600015573 0.643319997904 0.0230204897654 0.0153469931769
0 0.416600014935 0.697859996705 0.0304682196226 0.020312146415
0 0.410600015067 0.720319996211 0.0391382754944 0.0260921836629
0 0.442400014368 0.737279995838 0.029071869208 0.0193812461387
0 0.422000014817 0.742039995733 0.0218780032565 0.0145853355043
0 0.266000018246 0.68941999689 0.0202763653891 0.0135175769261
0 0.269400018171 0.63983999798 0.027495558371 0.0183303722473
0 0.393800015437 0.576019999383 0.0490260074964 0.0326840049976
0 0.356000016268 0.587819999124 0.0464364175786 0.0309576117191
0 0.33540001672 0.596479998933 0.045577475089 0.0303849833927
0 0.584000011255 0.764539995239 0.0726718572569 0.0484479048379
0 0.203200019627 0.719159996236 0.023245465027 0.0154969766847
0 0.176400020216 0.761959995295 0.0244139711023 0.0162759807348
0 0.085800022208 0.741159995753 0.0404422218217 0.0269614812144
0 0.145600020893 0.719379996231 0.0784663058488 0.0523108705659
0 0.161600020541 0.699739996663 0.060605407044 0.040403604696
0 0.110800021658 0.760179995334 0.0642781232433 0.0428520821622
0 0.0360000233028 0.760579995326 0.0490376816744 0.032691787783
0 0.194000019829 0.626479998274 0.0623811682449 0.0415874454966
0 0.127200021298 0.650719997741 0.0607832898586 0.040522193239
0 0.144800020911 0.620099998414 0.0387710335546 0.025847355703
0 0.325000016949 0.636179998061 0.0392883579358 0.0261922386239
0 0.489400013335 0.712219996389 0.0246312295343 0.0164208196895
0 0.0238000235711 0.579279999312 0.0251217428796 0.0167478285864
0 0.244600018717 0.594179998984 0.037150895083 0.0247672633886
0 0.114200021584 0.6070799987 0.0348654273966 0.0232436182644
0 0.0708000225378 0.608619998666 0.0347394847809 0.0231596565206
0 0.209200019495 0.675239997202 0.0311872698431 0.0207915132287
0 0.26400001829 0.737959995823 0.0258920407631 0.0172613605087
0 0.00900002389645 0.670119997314 0.0201507195746 0.0134338130497
0 0.137000021082 0.450820002136 0.0324507522821 0.0216338348547
0 0.187200019979 0.479120001514 0.0372782227706 0.0248521485137
0 0.224800019152 0.42334000274 0.0355360990319 0.0236907326879
0 0.256800018448 0.409740003039 0.0633394401816 0.0422262934544
0 0.265200018264 0.372300003862 0.0634453981874 0.0422969321249
0 0.332400016786 0.386840003542 0.0506438704926 0.0337625803284
0 0.213400019403 0.387000003539 0.0253834225485 0.016922281699
0 0.0710000225334 0.455480002033 0.0260703193125 0.017380212875
0 0.134400021139 0.526080000481 0.127355389087 0.084903592725
0 0.312800017217 0.552639999897 0.0243754858882 0.0162503239255
0 0.359600016188 0.493280001202 0.023577585499 0.0157183903327
0 0.278200017978 0.479600001503 0.0574294370138 0.0382862913425
0 0.410800015063 0.538200000215 0.0327962288052 0.0218641525368
0 0.44140001439 0.561379999705 0.060239945911 0.0401599639406
0 0.526800012512 0.563239999664 0.028485686963 0.0189904579754
0 0.468800013788 0.532920000331 0.0657744956409 0.0438496637606
0 0.482200013493 0.507200000896 0.0445937771882 0.0297291847921
0 0.420800014843 0.509240000851 0.0271773875524 0.0181182583683
0 0.550200011998 0.490700001259 0.0422345049525 0.028156336635
0 0.577000011409 0.47748000155 0.0384431672322 0.0256287781548
0 0.654600009703 0.550019999955 0.0314346041237 0.0209564027491
0 0.585000011233 0.555459999835 0.025376695056 0.016917796704
0 0.534800012337 0.533040000328 0.0714647670339 0.0476431780226
0 0.625200010349 0.39924000327 0.0299313063662 0.0199542042442
0 0.679400009158 0.450480002143 0.0296945579929 0.0197963719952
0 0.401600015265 0.350380004344 0.0436799264883 0.0291199509922
0 0.366600016035 0.338000004616 0.0383874675522 0.0255916450348
0 0.360800016162 0.365840004004 0.0427797286407 0.0285198190938
0 0.556000011871 0.370700003897 0.0288895343764 0.0192596895843
0 0.720800008247 0.385180003579 0.0375661198732 0.0250440799155
0 0.735600007922 0.335120004679 0.109581947684 0.0730546317895
0 0.945600003305 0.398260003291 0.041640605878 0.0277604039186
0 0.949800003213 0.382060003647 0.0489966241839 0.0326644161226
0 0.887200004589 0.409920003035 0.0236297235654 0.0157531490436
0 0.877800004796 0.547260000015 0.020824754956 0.0138831699707
0 0.968600002799 0.314560005131 0.0241182582364 0.0160788388243
0 0.912200004039 0.177300008149 0.0238911064331 0.0159274042887
0 0.972000002725 0.214700007327 0.0222128938724 0.0148085959149
0 0.805400006387 0.156140008614 0.0268735621222 0.0179157080814
0 0.823400005992 0.208040007473 0.0280721440459 0.0187147626973
0 0.655800009676 0.25596000642 0.0658131787224 0.0438754524816
0 0.742800007764 0.260680006316 0.0596959094274 0.0397972729516
0 0.81300000622 0.253340006477 0.0661058246432 0.0440705497621
0 0.924800003762 0.25506000644 0.0655393302069 0.0436928868046
0 0.92400000378 0.283300005819 0.0278388583524 0.0185592389016
0 0.709600008494 0.293180005602 0.0786670423509 0.0524446949006
0 0.655400009685 0.317200005073 0.0411033958205 0.0274022638804
0 0.634400010147 0.341980004529 0.031606748783 0.0210711658553
0 0.919200003885 0.312000005188 0.0344359561518 0.0229573041012
0 0.871000004945 0.279360005905 0.0502478388425 0.0334985592283
0 0.880400004738 0.301940005409 0.0585725171249 0.03904834475
0 0.59740001096 0.344080004482 0.0247556881443 0.0165037920962
0 0.464400013884 0.245340006653 0.0883530485137 0.0589020323425
0 0.319400017072 0.259540006341 0.0515802780789 0.0343868520526
0 0.264600018277 0.153700008668 0.0412465529021 0.0274977019348
0 0.260000018378 0.175240008194 0.0467418259483 0.0311612172989
0 0.18760001997 0.192120007823 0.058099416113 0.0387329440753
0 0.138800021043 0.175340008192 0.0638610187125 0.042574012475
0 0.191800019878 0.258140006372 0.0498069902208 0.0332046601472
0 0.331400016808 0.29460000557 0.0303312953648 0.0202208635765
0 0.387400015577 0.292440005618 0.0402020107683 0.0268013405122
0 0.368000016004 0.275220005996 0.0414682633513 0.0276455089008
0 0.421600014825 0.190380007862 0.050451543356 0.0336343622373
0 0.140400021008 0.270200006107 0.0697989211872 0.0465326141248
0 0.0824000222827 0.303900005366 0.0669974152578 0.0446649435052
0 0.0696000225641 0.188140007911 0.0200912604135 0.013394173609
0 0.0706000225421 0.12360000933 0.0285476194669 0.0190317463113
0 0.0236000235755 0.219220007228 0.0278743755551 0.0185829170368
0 0.107000021742 0.212320007379 0.0356815315888 0.0237876877259
0 0.0768000224058 0.20910000745 0.0405004937782 0.0270003291854
0 0.0284000234699 0.175500008189 0.0599018894162 0.0399345929442
0 0.264600018277 0.0493400109624 0.0210768380548 0.0140512253699
0 0.304800017393 0.0565800108032 0.0376667354586 0.0251111569724
0 0.0974000219529 0.0842600101947 0.0209509943728 0.0139673295819
0 0.129200021254 0.101480009816 0.0516119368668 0.0344079579112
0 0.196000019785 0.0118200117873 0.0307421670717 0.0204947780478
0 0.168600020388 0.0235000115305 0.0198146417541 0.0132097611694
0 0.874200004875 0.0535000108709 0.0259369566684 0.0172913044456
0 0.8594000052 0.0391800111858 0.0221007030427 0.0147338020285
0 0.561400011752 0.67487999721 0.0203858850086 0.0135905900057
0 0.381000015718 0.161700008492 0.0509910288888 0.0339940192592
