0 0.0860000222036 0.899240007617 0.252035593973 0.168023740397
0 0.0406000232017 0.649919996654 0.094084667993 0.0627231161323
0 0.474200013669 0.400379985682 0.0837362023756 0.055824138599
0 0.396200015384 0.455979988126 0.130399570812 0.086933052942
0 0.274600018057 0.483319989328 0.237886095382 0.158590740715
0 0.773600007087 0.196199976704 0.0944434016099 0.0629622718927
0 0.780600006933 0.147619974568 0.124538738086 0.0830258308668
0 0.756200007469 0.830240004583 0.0708393034328 0.0472262054034
0 0.699400008718 0.752560001167 0.175020650762 0.116680441537
0 0.934400003551 0.368019984259 0.166081001114 0.110720674712
0 0.0484000230302 0.0829599717244 0.0205238961835 0.0136825983581
0 0.126800021307 0.0841399717763 0.0288183991366 0.0192122673582
0 0.199000019719 0.0834799717473 0.0295236975246 0.0196824663146
0 0.252000018554 0.108299972839 0.0246298428379 0.0164198963082
0 0.233800018954 0.125879973612 0.0244366253106 0.0162910846149
0 0.162400020524 0.0496399702593 0.0238121557602 0.0158747715538
0 0.231400019007 0.0237399691205 0.0246990964319 0.0164660653739
0 0.268800018185 0.135419974031 0.0268705923385 0.0179137294072
0 0.280600017925 0.138099974149 0.0211970411171 0.0141313616768
0 0.316800017129 0.0212399690106 0.0232479368365 0.0154986255799
0 0.455800014073 0.0911399720841 0.021889280256 0.0145928544665
0 0.43140001461 0.099619972457 0.0283977330199 0.0189318232619
0 0.408400015116 0.114839973126 0.0315118692745 0.0210079142353
0 0.305000017389 0.138599974171 0.0223402200866 0.01489348104
0 0.297000017565 0.150019974673 0.0263818598323 0.0175879077149
0 0.303000017433 0.165139975338 0.0226682842547 0.0151121904999
0 0.281800017899 0.160719975144 0.0288036580144 0.0192024399428
0 0.372200015911 0.153239974815 0.0237549720783 0.0158366490967
0 0.467000013827 0.157099974984 0.0248280070504 0.016552005792
0 0.438800014447 0.165159975339 0.0257647113761 0.0171764753836
0 0.456000014069 0.176019975816 0.022060039832 0.0147066941913
0 0.324800016954 0.180639976019 0.0393418784793 0.0262279207161
0 0.333800016756 0.206039977136 0.0292432204689 0.0194954815984
0 0.333400016764 0.227439978077 0.0245332835411 0.0163555234395
0 0.33360001676 0.222459977858 0.0600415798578 0.0400277225453
0 0.368600015991 0.242859978755 0.0272032074571 0.0181354728342
0 0.436000014509 0.226699978045 0.0307430554475 0.0204953716501
0 0.454000014113 0.215179977538 0.0233039333139 0.0155359565673
0 0.46640001384 0.0479599701854 0.0528920366809 0.035261360113
0 0.497000013168 0.0336999695584 0.0372288523928 0.0248192365655
0 0.526800012512 0.0108599685541 0.0198146404472 0.0132097611694
0 0.588800011149 0.0751999713832 0.0205800905283 0.0137200612571
0 0.551600011967 0.0809799716374 0.0252300736304 0.0168200501963
0 0.526200012526 0.0653999709523 0.0558354133595 0.0372236113615
0 0.606600010758 0.0369599697018 0.0375054710339 0.0250036490051
0 0.506600012957 0.109199972878 0.0680808338502 0.0453872255604
0 0.667200009426 0.0655399709584 0.0251414290301 0.0167609537922
0 0.754600007504 0.0813399716532 0.027405625819 0.0182704184177
0 0.723800008181 0.0899199720304 0.0230087151361 0.0153391444358
0 0.801600006471 0.180819976027 0.0474246633022 0.0316164442868
0 0.653200009734 0.160699975143 0.0211487614687 0.0140991752424
0 0.662200009536 0.165819975368 0.0222648326029 0.0148432227142
0 0.681400009114 0.146459974517 0.0230091108709 0.015339408259
0 0.622200010415 0.145819974488 0.0271706582679 0.0181137733733
0 0.593800011039 0.180219976001 0.0206627001726 0.0137751343569
0 0.575200011448 0.163859975282 0.0539700183384 0.0359800145987
0 0.557000011849 0.161819975192 0.0443780987686 0.0295854011304
0 0.656000009672 0.190899976471 0.0236745389755 0.0157830270247
0 0.591200011097 0.228499978124 0.026207835444 0.0174718914483
0 0.642600009967 0.250119979075 0.0243109795044 0.0162073207385
0 0.72160000823 0.224299977939 0.037203228563 0.0248021540112
0 0.742800007764 0.233899978361 0.0209131013817 0.0139420685074
0 0.689000008946 0.1233399735 0.0212971620273 0.0141981089546
0 0.523400012587 0.15789997502 0.0201675369755 0.0134450255371
0 0.873200004897 0.183419976142 0.0320729223196 0.0213819496233
0 0.852200005358 0.166739975408 0.038597699145 0.0257318011271
0 0.842000005583 0.134439973988 0.0212533343957 0.0141688905316
0 0.866000005055 0.140199974241 0.0266564008657 0.0177709350825
0 0.932000003604 0.129099973753 0.0202540050343 0.0135026709134
0 0.826800005917 0.211499977376 0.0229356031276 0.0152904030935
0 0.818600006097 0.225999978014 0.024417333238 0.0162782232323
0 0.854000005319 0.259979979508 0.024645276496 0.0164301854143
0 0.850800005389 0.275859980206 0.0270567855727 0.0180378582381
0 0.832800005785 0.27229998005 0.0248470023219 0.0165646693071
0 0.846600005482 0.322139982241 0.0263908627995 0.0175939096934
0 0.834200005754 0.310359981723 0.0220866529989 0.0147244363037
0 0.758400007421 0.293359980976 0.0199835202829 0.0133223477339
0 0.593200011053 0.318579982085 0.0233500364208 0.0155666919739
0 0.274200018066 0.385839985042 0.0267777925226 0.0178518628591
0 0.255200018484 0.37737998467 0.0336640731086 0.0224427168859
0 0.231000019016 0.377359984669 0.0338882568857 0.0225921727472
0 0.443400014346 0.416539986392 0.0258891699779 0.0172594477903
0 0.46960001377 0.43423998717 0.0227873015027 0.0151915353371
0 0.513000012816 0.427279986864 0.0214347788119 0.0142898534838
0 0.555000011892 0.428499986918 0.0261812222771 0.017454149336
0 0.59060001111 0.393579985383 0.0260621060955 0.0173747385429
0 0.379800015744 0.284779980599 0.0266105945599 0.0177403975434
0 0.39000001552 0.265919979769 0.0205592155164 0.0137061445816
0 0.335000016729 0.293819980996 0.0296233237662 0.0197488838134
0 0.32680001691 0.307419981594 0.0266240495439 0.0177493675333
0 0.513400012807 0.271139979999 0.0254087479029 0.0169391663859
0 0.500000013102 0.269139979911 0.0237989975773 0.0158659994313
0 0.511600012847 0.252579979183 0.0331581261376 0.022105418883
0 0.557000011849 0.237259978509 0.0611233209961 0.0407488833517
0 0.557600011835 0.206739977167 0.0245038012968 0.0163358686086
0 0.542000012178 0.183899976163 0.0317271490182 0.0211514340738
0 0.509000012904 0.193659976592 0.0215739785359 0.0143826533059
0 0.459200013999 0.248139978987 0.024860754107 0.0165738371645
0 0.489000013344 0.183399976141 0.0248212795584 0.016547520797
0 0.283000017872 0.261759979586 0.0250971067299 0.0167314055902
0 0.259600018387 0.258639979449 0.0626159338141 0.0417439586294
0 0.167800020405 0.322159982242 0.0231283259863 0.0154188850078
0 0.248400018633 0.190419976449 0.0255987995516 0.0170658674933
0 0.228200019077 0.171239975606 0.0231505860701 0.0154337250647
0 0.191200019891 0.163799975279 0.0211129474673 0.0140752992399
0 0.172400020304 0.177159975866 0.0235164429138 0.0156776296432
0 0.203400019623 0.190999976475 0.0243414510857 0.0162276351275
0 0.217200019319 0.208199977231 0.03015390523 0.0201026048125
0 0.236400018897 0.212859977436 0.0213844215557 0.0142562819774
0 0.232600018981 0.220299977763 0.0200324924672 0.013354995859
0 0.191600019882 0.24683997893 0.0504119665462 0.0336079799141
0 0.160600020563 0.257379979394 0.0239753963746 0.0159835986373
0 0.130000021236 0.260559979534 0.033210758869 0.022140507373
0 0.112600021619 0.327499982477 0.0238973376808 0.0159315595046
0 0.0602000227708 0.315699981958 0.0239152446815 0.0159434975059
0 0.0526000229379 0.331179982639 0.0253718456307 0.0169145648694
0 0.048000023039 0.349459983443 0.0214783096424 0.0143188740394
0 0.12300002139 0.336099982855 0.0208596771806 0.013906452371
0 0.0790000223575 0.336559982875 0.0205477392065 0.0136984937078
0 0.121400021425 0.354039983644 0.0201261826865 0.0134174560093
0 0.0864000221948 0.352199983563 0.0207361089822 0.0138240735666
0 0.119400021469 0.369939984343 0.0313700972743 0.0209133995622
0 0.231000019016 0.255039979291 0.0422740756492 0.0281827189583
0 0.0246000235535 0.183979976166 0.0208292055993 0.0138861379821
0 0.0758000224278 0.174759975761 0.0220895220763 0.0147263490222
0 0.0918000220761 0.156139974942 0.0210310303589 0.0140206878307
0 0.111800021636 0.274519980147 0.0217386042222 0.0144924037706
0 0.0978000219442 0.284239980575 0.0212858835848 0.0141905899925
0 0.137600021069 0.228239978112 0.0251391535549 0.0167594368086
0 0.171600020322 0.241459978694 0.0313435830411 0.0208957234056
0 0.0392000232325 0.42331998669 0.0266843991044 0.0177896005762
0 0.0296000234436 0.434939987201 0.0261845860231 0.0174563918334
0 0.034400023338 0.466859988605 0.036824015669 0.0245493453985
0 0.0466000230698 0.3962399855 0.0253826294046 0.0169217540525
0 0.0174000237118 0.374139984528 0.028290785684 0.0188605250333
0 0.0642000226829 0.378859984735 0.0207551042537 0.0138367370817
0 0.0566000228499 0.364679984112 0.0245074618439 0.0163383089735
0 0.035400023316 0.449559987844 0.0263171571888 0.0175447726164
0 0.0650000226653 0.507099990374 0.0361404826962 0.0240936567199
0 0.0556000228719 0.490759989656 0.020072560618 0.0133817079613
0 0.048000023039 0.481279989239 0.0210623923436 0.0140415958219
0 0.0810000223135 0.488159989541 0.0266544221915 0.0177696159664
0 0.0288000234611 0.551639992333 0.028490137101 0.0189934259867
0 0.0498000229995 0.570839993177 0.0308567302753 0.0205711548737
0 0.148800020823 0.464179988487 0.0350164968656 0.0233443327835
0 0.140600021003 0.495379989859 0.0234156294677 0.0156104206747
0 0.142000020972 0.518759990887 0.0273152993457 0.0182102007649
0 0.13300002117 0.528359991309 0.0202428255255 0.0134952179071
0 0.14300002095 0.566439992983 0.0505796591773 0.0337197750089
0 0.209000019499 0.561839992781 0.0372602143775 0.0248401445567
0 0.202800019636 0.57773999348 0.0207517405077 0.0138344945843
0 0.248800018624 0.581779993658 0.0218206202642 0.0145470811356
0 0.179600020146 0.398819985613 0.0319357012698 0.0212904689174
0 0.185600020014 0.419059986503 0.0403851344061 0.0269234247131
0 0.201000019675 0.397359985549 0.0210557637854 0.0140371767827
0 0.226000019126 0.401639985737 0.0458898057918 0.030593205879
0 0.4182000149 0.539839991814 0.0256953588484 0.0171302403621
0 0.390400015511 0.525679991191 0.0327340962749 0.0218227322893
0 0.412200015032 0.520919990982 0.0230811346087 0.0153874240873
0 0.410800015063 0.500239990072 0.0209760232186 0.0139840164014
0 0.373400015885 0.529779991371 0.0234377906178 0.0156251947757
0 0.382200015692 0.559939992697 0.0269614134804 0.0179742768391
0 0.39320001545 0.54385999199 0.029469778655 0.0196465203991
0 0.434400014544 0.562059992791 0.036699952802 0.0244666368151
0 0.444000014333 0.596119994288 0.0295657443495 0.019710497533
0 0.42320001479 0.62025999535 0.0266069340128 0.0177379571785
0 0.420000014861 0.638939996171 0.0319133422523 0.0212755629048
0 0.378600015771 0.639839996211 0.0404920817419 0.0269947229417
0 0.350400016391 0.631559995847 0.0295477384151 0.0196984935759
0 0.32860001687 0.597439994346 0.0206569620176 0.0137713089201
0 0.322000017015 0.613059995033 0.0287563677031 0.0191709130665
0 0.275000018048 0.602639994575 0.029594830859 0.0197298885406
0 0.259200018396 0.589319993989 0.0215817942986 0.0143878638147
0 0.218800019284 0.595839994276 0.0280512671825 0.0187008460217
0 0.478600013572 0.605279994691 0.0230540267733 0.0153693521959
0 0.484800013436 0.619559995319 0.0203053516275 0.0135369019779
0 0.471600013726 0.630119995783 0.0416106262187 0.0277404193088
0 0.45140001417 0.669959997535 0.0204263475496 0.0136175659312
0 0.559800011787 0.629939995775 0.0212043622113 0.0141362424066
0 0.520800012644 0.685399998214 0.0240144751883 0.0160096511815
0 0.467200013823 0.657179996973 0.0227368453128 0.015157897875
0 0.486200013405 0.648999996613 0.0206370763428 0.0137580518026
0 0.478800013568 0.578159993499 0.022989917732 0.0153266128322
0 0.419800014865 0.399119985626 0.0425053826531 0.0283369236378
0 0.633400010169 0.405759985918 0.0202622165318 0.0135081452455
0 0.838800005653 0.48425998937 0.0223678225905 0.0149118827105
0 0.870400004958 0.496179989894 0.0258551367831 0.0172367589923
0 0.86940000498 0.560439992719 0.0447078448097 0.029805231839
0 0.832400005794 0.538899991772 0.0517760644805 0.034517378597
0 0.867200005029 0.527739991282 0.0378187940799 0.0252125310495
0 0.808400006321 0.51383999067 0.103921943153 0.0692813000048
0 0.877400004804 0.589419993994 0.0403270603208 0.0268847086537
0 0.894000004439 0.63391999595 0.0242215434344 0.016147696688
0 0.93080000363 0.646259996493 0.0363078785263 0.0242052539473
0 0.930600003635 0.676119997806 0.021251553589 0.0141677033271
0 0.965600002865 0.780860002411 0.0211935784374 0.0141290532235
0 0.752200007557 0.620599995365 0.0265711200113 0.0177140811759
0 0.724000008177 0.647219996535 0.026481486074 0.0176543252137
0 0.875600004844 0.831220004626 0.0366805617957 0.0244537094767
0 0.811800006247 0.848460005384 0.0249256546179 0.0166171041746
0 0.847800005455 0.893280007355 0.0709442720946 0.0472961845159
0 0.687400008982 0.621099995387 0.0247869495625 0.0165246341316
0 0.580200011338 0.666539997385 0.0234697462047 0.0156464985018
0 0.538400012257 0.664119997278 0.0283799249528 0.0189199512164
0 0.490800013304 0.741560000683 0.0265366910817 0.0176911285547
0 0.505000012992 0.767960001844 0.0205450679965 0.013696712901
0 0.529600012451 0.770220001944 0.0286489256987 0.0190992850588
0 0.559000011805 0.792780002936 0.0225840916712 0.0150560621072
0 0.49280001326 0.689019998373 0.0291734722064 0.0194489827537
0 0.537600012275 0.639179996182 0.0311460124308 0.0207640096567
0 0.333000016773 0.669939997534 0.0371504968978 0.0247669995654
0 0.279600017947 0.656819996957 0.0209658330469 0.0139772229531
0 0.238800018844 0.650259996669 0.0286612924119 0.0191075295348
0 0.213800019394 0.655779996912 0.0250104408037 0.0166736283022
0 0.20580001957 0.644239996404 0.0222855097473 0.0148570074781
0 0.368200015999 0.667319997419 0.0243284907703 0.0162189949166
0 0.375800015832 0.682219998074 0.0271570054166 0.0181046714718
0 0.351000016377 0.655359996893 0.0336381524777 0.0224254364642
0 0.299400017512 0.70941999927 0.0252090996848 0.016806067565
0 0.283400017864 0.713539999451 0.0250513004242 0.016700868051
0 0.24580001869 0.710799999331 0.0232861252469 0.0155240845218
0 0.224600019156 0.706299999133 0.0238891261832 0.0159260851726
0 0.242400018765 0.69575999867 0.027086267817 0.018057513069
0 0.203200019627 0.684219998162 0.0235185205216 0.0156790147152
0 0.175400020238 0.678899997928 0.023657918113 0.0157719464489
0 0.37180001592 0.714919999512 0.0241220161265 0.016081345145
0 0.360600016166 0.726340000014 0.0398130997196 0.0265420682304
0 0.395200015406 0.732240000274 0.0225769684444 0.015051313289
0 0.397400015357 0.796320003091 0.0242831791331 0.0161887871565
0 0.523600012583 0.802120003346 0.0366094284613 0.0244062872506
0 0.43820001446 0.866360006171 0.0215865431165 0.0143910296935
0 0.457800014029 0.865260006123 0.0433794619431 0.0289196432028
0 0.467200013823 0.846820005312 0.0214436828454 0.0142957895065
0 0.44320001435 0.843260005155 0.0293237525053 0.0195491696263
0 0.327600016892 0.87702000664 0.0385453632147 0.0256969105046
0 0.243600018739 0.834620004775 0.0221752975992 0.0147835327078
0 0.260800018361 0.824760004342 0.0271196084758 0.0180797401763
0 0.233600018959 0.855080005675 0.0339224879479 0.0226149934569
0 0.220600019244 0.867660006228 0.0224997012202 0.0149998018028
0 0.251000018576 0.874160006514 0.0210460682822 0.0140307131135
0 0.269200018176 0.886320007049 0.0296989091174 0.0197992740508
0 0.215600019354 0.84314000515 0.0308321947163 0.0205547978332
0 0.19440001982 0.815420003931 0.0248130680608 0.0165420464649
0 0.161000020555 0.798080003169 0.0365127702308 0.024341848426
0 0.141600020981 0.808640003633 0.0241979972124 0.0161319992056
0 0.117800021504 0.796320003091 0.0227218073895 0.0151478725921
0 0.124000021368 0.805920003513 0.028334811183 0.0188898753679
0 0.281600017903 0.812100003785 0.0244785732018 0.0163190498776
0 0.301400017468 0.857200005768 0.044477131408 0.0296514228943
0 0.489400013335 0.695619998663 0.0480092625693 0.0320061771572
0 0.40320001523 0.654359996849 0.0249768033438 0.0166512033274
0 0.167800020405 0.716719999591 0.0225674708086 0.0150449815314
0 0.156400020656 0.705659999105 0.0247609299979 0.016507287754
0 0.142800020955 0.695619998663 0.0210630848796 0.0140420575125
0 0.131600021201 0.679959997975 0.0264727799079 0.0176485211026
0 0.111400021645 0.699479998833 0.0198413525478 0.0132275692376
0 0.131600021201 0.740820000651 0.0252801340855 0.0168534238353
0 0.0864000221948 0.752200001151 0.0272354598452 0.0181569744277
0 0.0734000224806 0.741140000665 0.0202725056372 0.0135150046496
0 0.0674000226125 0.731980000262 0.0203018889478 0.0135345935246
0 0.063600022696 0.715159999523 0.0225875543509 0.0150583705604
0 0.0716000225202 0.769140001896 0.024567613537 0.0163784101049
0 0.0288000234611 0.784600002576 0.0268262700384 0.0178841812051
0 0.110400021667 0.761820001574 0.0230278093413 0.0153518739067
0 0.0978000219442 0.775920002194 0.0401437361641 0.0267624925412
0 0.138800021043 0.653779996824 0.0234906212166 0.0156604151773
0 0.152000020753 0.656479996942 0.0203633267791 0.0135755520814
0 0.0996000219046 0.661339997156 0.0225842895386 0.0150561940188
0 0.115600021553 0.585259993811 0.0316437479043 0.0210958333276
0 0.116400021535 0.642759996339 0.0225781556488 0.0150521047587
0 0.0434000231402 0.689739998405 0.0273516080157 0.0182344065465
0 0.0620000227312 0.802980003384 0.0340750437221 0.022716697313
0 0.158800020603 0.613279995043 0.033364402914 0.022242936743
0 0.192400019864 0.650379996674 0.0215483547061 0.0143655707516
0 0.0272000234963 0.982740011288 0.0328786384189 0.021919093725
0 0.20760001953 0.965160010515 0.0304568402368 0.0203045614971
0 0.250400018589 0.962880010415 0.0332987109334 0.0221991420864
0 0.207000019543 0.917100008402 0.109424635865 0.0729497620545
0 0.290000017719 0.902740007771 0.0202286780056 0.0134857862265
0 0.303800017415 0.908400008019 0.0208087263222 0.0138724851298
0 0.305000017389 0.925300008763 0.0222287218003 0.0148191488443
0 0.288000017763 0.934140009151 0.0231194219528 0.0154129489851
0 0.325600016936 0.921700008604 0.022087939137 0.0147252937292
0 0.301800017459 0.953960010023 0.0258241705332 0.0172161148243
0 0.282800017877 0.976680011022 0.0212143545156 0.0141429039432
0 0.378000015784 0.907460007978 0.0283945671413 0.0189297126761
0 0.460000013981 0.902980007781 0.0292207625177 0.01948050963
0 0.456800014051 0.921920008614 0.0285049771569 0.019003319358
0 0.504000013014 0.899500007628 0.0241767264657 0.0161178187069
0 0.502600013045 0.916340008369 0.0425093400014 0.0283395618701
0 0.470800013744 0.888640007151 0.0424481989712 0.0282988011806
0 0.505200012987 0.866000006155 0.0256515312167 0.0171010219391
0 0.522400012609 0.901280007706 0.027695402643 0.0184636029798
0 0.553000011936 0.955240010079 0.0207032629919 0.0138021762383
0 0.666000009452 0.983820011336 0.0226650194425 0.0151100139582
0 0.558600011813 0.92070000856 0.0274663711143 0.0183109152839
0 0.597000010969 0.968400010658 0.0298840140808 0.0199226773679
0 0.747000007671 0.874280006519 0.0261351191703 0.0174234139294
0 0.719600008274 0.826220004406 0.0393326776447 0.0262217868259
0 0.667600009417 0.822860004258 0.0244020974473 0.0162680660379
0 0.6138000106 0.811160003744 0.0378666779935 0.0252444536607
0 0.596600010978 0.900840007687 0.0411238723866 0.0274159167326
0 0.690400008916 0.920620008557 0.112594471796 0.0750629861479
0 0.799600006515 0.952280009949 0.0219365705673 0.0146243813428
0 0.819600006075 0.963580010446 0.024200173754 0.0161334502334
0 0.631400010213 0.0366399696877 0.0398660292522 0.0265773545877
0 0.939800003433 0.177739975892 0.0901252421567 0.060083498734
0 0.52780001249 0.245599978876 0.0539222333585 0.0359481579433
0 0.356400016259 0.3757799846 0.0207014821852 0.0138009890337
0 0.520000012662 0.581999993667 0.0225848831408 0.0150565897536
0 0.589800011127 0.6532399968 0.0283750772013 0.0189167193818
0 0.560200011778 0.648939996611 0.0380895756324 0.0253930520964
0 0.585200011229 0.636379996059 0.0215099684283 0.014339979898
0 0.367000016026 0.618119995256 0.0252821127596 0.0168547429514
0 0.932800003586 0.805920003513 0.184802226246 0.12320149229
0 0.958200003028 0.918240008452 0.113922162126 0.0759481130934
