0 0.359999995953 0.394479985422 0.110558430716 0.0737056204773
0 0.530200003437 0.0922399721325 0.23509718523 0.15673145682
0 0.066799983061 0.964320010478 0.0233252071375 0.0155501380917
0 0.142399986385 0.976160010999 0.0284848973721 0.0189899315814
0 0.136799986139 0.931420009032 0.0304881073096 0.0203254048731
0 0.100599984547 0.862120005984 0.0271489953677 0.0180993302451
0 0.268399991925 0.920360008545 0.0247161162896 0.0164774108597
0 0.368999996349 0.893080007346 0.0391839854538 0.0261226569692
0 0.0799999836414 0.761860001576 0.0285298132804 0.0190198755203
0 0.385199997061 0.954540010048 0.0205277573058 0.0136851715372
0 0.416199998424 0.978540011104 0.0314310445831 0.0209540297221
0 0.485800001485 0.983340011315 0.0334079381514 0.0222719587676
0 0.572600005301 0.946020009674 0.029949017476 0.0199660116507
0 0.632000007913 0.956740010145 0.0236374419539 0.015758294636
0 0.527200003305 0.904180007834 0.0299485228075 0.0199656818716
0 0.522400003094 0.88316000691 0.0318072895155 0.021204859677
0 0.594800006277 0.909860008084 0.0209105318637 0.0139403545758
0 0.594200006251 0.895240007441 0.0274280873883 0.0182853915922
0 0.685200010252 0.886180007042 0.0198698480761 0.013246565384
0 0.507800002452 0.871900006415 0.0270322535795 0.0180215023863
0 0.610600006972 0.87226000643 0.0276423778231 0.0184282518821
0 0.658600009083 0.849320005422 0.0291179742385 0.0194119828256
0 0.564200004932 0.83428000476 0.0371319022593 0.0247546015062
0 0.769200013946 0.874900006546 0.0240701780398 0.0160467853599
0 0.909000020093 0.917040008399 0.02563342973 0.0170889531533
0 0.81660001603 0.864160006074 0.0268475443266 0.0178983628844
0 0.715200011572 0.857160005766 0.0485747740387 0.0323831826925
0 0.912600020251 0.883640006931 0.0261261196494 0.0174174130996
0 0.942800021579 0.785520002616 0.0402126982615 0.0268084655077
0 0.835600016866 0.790620002841 0.025337222176 0.0168914814507
0 0.724400011976 0.812300003794 0.0497075651185 0.0331383767457
0 0.813800015907 0.846860005314 0.0215596359925 0.0143730906617
0 0.940400021474 0.854500005649 0.0253439496689 0.0168959664459
0 0.976200023048 0.84450000521 0.0255458733888 0.0170305822592
0 0.576400005468 0.801220003307 0.0259100484076 0.0172733656051
0 0.499400002083 0.787460002702 0.0381095652681 0.0254063768454
0 0.825800016435 0.695479998657 0.0217274275795 0.0144849517197
0 0.692600010578 0.698399998786 0.0230612519759 0.0153741679839
0 0.406599998002 0.747280000935 0.020418633414 0.013612422276
0 0.33559999488 0.74330000076 0.0203027820294 0.0135351880196
0 0.623800007553 0.759820001486 0.0821184492522 0.0547456328348
0 0.809400015714 0.719759999725 0.0642852507106 0.042856833807
0 0.514600002751 0.67301999767 0.030661735986 0.020441157324
0 0.461000000394 0.630619995805 0.0694697733086 0.0463131822057
0 0.754600013304 0.657439996985 0.0379160509142 0.0252773672761
0 0.948400021825 0.689899998412 0.0223160832062 0.0148773888041
0 0.0507999823575 0.615659995148 0.0563829199245 0.037588613283
0 0.349599995496 0.697859998762 0.0230889534171 0.0153926356114
0 0.313799993922 0.773520002089 0.0203048596375 0.0135365730916
0 0.324999994414 0.660179997105 0.0291303409533 0.0194202273022
0 0.171799987678 0.595719994271 0.0199762018237 0.0133174678825
0 0.296399993157 0.637619996113 0.0384854144657 0.0256569429771
0 0.342399995179 0.548739992205 0.020014093438 0.0133427289587
0 0.32079999423 0.538639991761 0.0276125987738 0.0184083991825
0 0.105599984767 0.50449999026 0.0212505670551 0.0141670447034
0 0.259999991556 0.545699992071 0.12952501394 0.0863500092932
0 0.450199999919 0.595539994263 0.0364426310407 0.0242950873605
0 0.156999987027 0.479119989144 0.0358390364225 0.0238926909483
0 0.11499998518 0.459599988285 0.0341465772957 0.0227643848638
0 0.0507999823575 0.443959987598 0.0340097519626 0.0226731679751
0 0.0297999814341 0.483399989332 0.052971883169 0.0353145887794
0 0.0449999821024 0.255619979316 0.0241895910383 0.0161263940256
0 0.323199994335 0.278139980307 0.0248103011899 0.0165402007932
0 0.380599996859 0.343419983177 0.0244009134616 0.0162672756411
0 0.0287999813901 0.211399977372 0.0223158853387 0.0148772568925
0 0.119599985383 0.223139977888 0.0352846118626 0.023523074575
0 0.161799987238 0.248299978995 0.0411963962272 0.0274642641514
0 0.0905999841075 0.418519986479 0.040454195469 0.026969463646
0 0.292999993007 0.458239988226 0.0204072560364 0.0136048373576
0 0.488000001581 0.463619988462 0.0377919880309 0.0251946586872
0 0.492000001757 0.436559987272 0.0341222396008 0.0227481597339
0 0.516000002813 0.420019986545 0.0391931862897 0.0261287908598
0 0.465600000596 0.358339983833 0.0255220303626 0.0170146869084
0 0.53960000385 0.35189998355 0.0237386511482 0.0158257674322
0 0.658200009065 0.517759990843 0.0208552279149 0.0139034852766
0 0.689000010419 0.452999987995 0.0446336504181 0.0297557669454
0 0.81000001574 0.458599988242 0.0257479949763 0.0171653299842
0 0.928400020946 0.46423998849 0.0206622082296 0.0137748054864
0 0.975200023004 0.48881998957 0.0220682542407 0.0147121694938
0 0.725600012029 0.377539984677 0.0374293959516 0.0249529306344
0 0.279999992436 0.434039987162 0.0398381352023 0.0265587568015
0 0.940200021465 0.512819990626 0.0411039921338 0.0274026614226
0 0.909200020102 0.534919991597 0.0228931635877 0.0152621090585
0 0.883600018976 0.543339991968 0.0327380579417 0.0218253719611
0 0.929600020999 0.56021999271 0.0200699909891 0.0133799939927
0 0.94440002165 0.576119993409 0.0215525127648 0.0143683418432
0 0.809800015731 0.568959993094 0.0235516664198 0.0157011109465
0 0.719800011774 0.624099995519 0.0262258448379 0.0174838965586
0 0.923400020726 0.655719996909 0.0206957467603 0.0137971645069
0 0.947800021799 0.63481999599 0.0363917791092 0.0242611860728
0 0.903400019847 0.587379993904 0.0337480722765 0.022498714851
0 0.973600022933 0.382959984916 0.0198082123693 0.0132054749128
0 0.808200015661 0.154539974872 0.0429468305132 0.0286312203421
0 0.952800022019 0.253359979217 0.0228858424925 0.0152572283283
0 0.92440002077 0.271599980019 0.0415704646178 0.0277136430785
0 0.961000022379 0.295479981069 0.0318299453371 0.0212199635581
0 0.816800016039 0.313659981868 0.052149447165 0.03476629811
0 0.730600012249 0.272999980081 0.0249074541017 0.0166049694011
0 0.610000006946 0.265099979733 0.0257288018348 0.0171525345566
0 0.593800006233 0.301379981328 0.0384748285578 0.0256498857052
0 0.666200009417 0.28435998058 0.0269289667771 0.0179526445181
0 0.383799997 0.237319978512 0.0204524687458 0.0136349791639
0 0.461400000412 0.226499978036 0.0389654408691 0.0259769605794
0 0.434199999216 0.14039997425 0.0323833805599 0.0215889203733
0 0.474000000966 0.0692999711238 0.0229249213114 0.0152832808743
0 0.432399999137 0.0817799716725 0.0302647149726 0.0201764766484
0 0.22619999007 0.158619975051 0.0210126314615 0.0140084209743
0 0.299599993297 0.167839975457 0.0210688258137 0.0140458838758
0 0.467600000684 0.159679975098 0.0209907671096 0.0139938447398
0 0.38879999722 0.166599975402 0.0279384864434 0.0186256576289
0 0.430399999049 0.278059980303 0.0521212510551 0.0347475007034
0 0.743400012811 0.226619978041 0.0646457651817 0.0430971767878
0 0.36059999598 0.0949999722538 0.0371318033256 0.0247545355504
0 0.0841999838261 0.126179973625 0.050357460717 0.033571640478
0 0.405599997958 0.191859976513 0.0215943617278 0.0143962411519
0 0.0111999806162 0.0561799705469 0.022968353214 0.015312235476
0 0.0845999838437 0.169319975522 0.0309417184101 0.0206278122734
0 0.169399987572 0.0204799689771 0.0319871510163 0.0213247673442
0 0.169399987572 0.0331599695347 0.0229408496401 0.0152938997601
0 0.304999993535 0.010719968548 0.0268201396865 0.0178800931243
0 0.863800018106 0.0600399707166 0.053157977494 0.0354386516627
0 0.885000019038 0.866520006178 0.0353589110854 0.0235726073902
0 0.494600001872 0.835000004792 0.0226160502414 0.0150773668276
0 0.779000014377 0.202539976982 0.0200460490292 0.0133640326861
0 0.691600010534 0.141199974285 0.0276209092062 0.0184139394708
