0 0.29079999291 0.11358000955 0.153403666418 0.1022691042
0 0.620600007412 0.340520004561 0.165826774302 0.110551175577
0 0.540600003894 0.369400003926 0.165539866499 0.11035990372
0 0.477200001107 0.46792000176 0.128538653242 0.0856924298425
0 0.687800010367 0.402100003207 0.11210279346 0.0747351907106
0 0.272999992128 0.459200001952 0.120006608773 0.0800044005718
0 0.842000017147 0.525960000484 0.185674858269 0.123783230682
0 0.649000008661 0.811859994198 0.209356624091 0.139571073522
0 0.136999986148 0.858119993181 0.337181965173 0.224787961956
0 0.395199997501 0.541220000148 0.606950489936 0.40463363327
0 0.0311999814957 0.970779990704 0.0291806012071 0.019453732855
0 0.0681999831226 0.953919991075 0.0215564715353 0.0143709800757
0 0.150199986728 0.949059991182 0.140068389586 0.0933789202321
0 0.235199990466 0.957639990993 0.058591025458 0.0390606810624
0 0.296199993148 0.954499991062 0.0198804352952 0.013253622656
0 0.312199993851 0.952119991115 0.02290384994 0.0152692322862
0 0.31899999415 0.971479990689 0.026956076394 0.0179707164107
0 0.271799992075 0.914939991932 0.0225965617892 0.0150643735326
0 0.41359999831 0.953619991082 0.0322447765466 0.0214965162799
0 0.441999999559 0.967279990781 0.063564819563 0.0423765435804
0 0.33239999474 0.953379991087 0.0200169638361 0.0133446416772
0 0.62760000772 0.985959990371 0.0212952865005 0.0141968567307
0 0.585000005847 0.961959990898 0.0645160673317 0.0430107087176
0 0.670000009584 0.932679991542 0.0602428229353 0.040161879308
0 0.839400017033 0.977119990565 0.0234006951084 0.0156004623766
0 0.820400016197 0.948199991201 0.0242776436493 0.0161850946987
0 0.798200015221 0.954939991053 0.0287453917495 0.0191635932357
0 0.744200012847 0.938199991421 0.024213633529 0.016142421288
0 0.799600015283 0.917959991866 0.0257753023827 0.0171835337884
0 0.802200015397 0.891739992442 0.0234487768988 0.0156325169015
0 0.776600014271 0.921139991796 0.0202706299077 0.0135137523805
0 0.989000023611 0.989659990289 0.0227586152312 0.0151724091535
0 0.965600022582 0.835819993671 0.0486959710559 0.0324639785628
0 0.964400022529 0.804259994365 0.0392957831478 0.0261971870374
0 0.945000021676 0.781839994858 0.0201328152284 0.0134218759337
0 0.937200021333 0.757439995395 0.0909682742628 0.0606455121752
0 0.813400015889 0.824279993925 0.0398610904541 0.02657405855
0 0.852600017613 0.761859995297 0.0662418672356 0.044161241911
0 0.831800016698 0.726679996071 0.0288864712418 0.0192576462244
0 0.989800023646 0.716959996285 0.0203058503139 0.0135372326498
0 0.899000019653 0.715499996317 0.034700410542 0.0231336055022
0 0.801600015371 0.804719994355 0.032705609839 0.0218037384546
0 0.782800014544 0.795379994561 0.0255263851299 0.0170175889642
0 0.760400013559 0.800759994442 0.0224922856428 0.0149948561062
0 0.66740000947 0.781079994875 0.0372073911407 0.0248049257911
0 0.641600008335 0.803499994382 0.0272724664475 0.0181816430991
0 0.691200010516 0.807279994299 0.0244911426285 0.0163274273421
0 0.633600007984 0.828559993831 0.0241007501485 0.0160671657059
0 0.671200009637 0.738479995811 0.051659135062 0.0344394211032
0 0.631600007896 0.733059995931 0.0562166160511 0.0374777415622
0 0.618200007306 0.720159996214 0.0571949716604 0.0381299785921
0 0.603600006664 0.692259996828 0.0282368724015 0.0188245803594
0 0.599000006462 0.712819996376 0.048781647662 0.0325210962964
0 0.563400004897 0.737559995832 0.0621403717863 0.0414269117919
0 0.50640000239 0.725319996101 0.0218585161986 0.0145723431713
0 0.491400001731 0.716379996297 0.0742726145183 0.0495150730797
0 0.39199999736 0.748399995593 0.0234250328048 0.0156166875065
0 0.501400002171 0.755659995434 0.0589203758294 0.0392802479622
0 0.43519999926 0.773599995039 0.143636929058 0.0957579463893
0 0.615400007183 0.834299993705 0.0242020582832 0.0161347044579
0 0.530800003463 0.836979993646 0.122129726518 0.0814198123082
0 0.51140000261 0.805199994345 0.113367166469 0.0755781059944
0 0.575400005424 0.890659992466 0.0257086210518 0.0171390795708
0 0.562600004862 0.889859992483 0.020713852997 0.0138092344205
0 0.576600005477 0.909659992048 0.0390061052002 0.0260040684183
0 0.414999998372 0.858499993173 0.0992127183921 0.0661418078989
0 0.308199993675 0.913479991964 0.0255742690529 0.0170495115774
0 0.305399993552 0.8617999931 0.019890229734 0.0132601522814
0 0.287999992787 0.854859993253 0.0304986952291 0.020332462145
0 0.269599991978 0.877579992753 0.0376829655582 0.0251219753819
0 0.248599991055 0.846999993426 0.0351445240348 0.0234296811445
0 0.321599994265 0.818819994045 0.030950327685 0.0206335504291
0 0.314199993939 0.812579994182 0.0268443802181 0.0178962522984
0 0.369599996375 0.771519995085 0.0205199428955 0.013679961028
0 0.337799994977 0.753359995484 0.0291487445475 0.0194324950833
0 0.325999994458 0.735559995876 0.0309470628721 0.0206313738873
0 0.313999993931 0.766819995188 0.0328509434815 0.0219006275432
0 0.301799993394 0.738139995819 0.026359703898 0.0175731347729
0 0.259199991521 0.787379994736 0.160519969278 0.107013305794
0 0.125799985655 0.741099995754 0.164338811074 0.109559200156
0 0.183399988188 0.771419995087 0.040363871646 0.0269092459892
0 0.0769999835095 0.705199996543 0.0270034656484 0.0180023092449
0 0.0389999818386 0.693659996797 0.0417963330544 0.0278642201985
0 0.260399991574 0.707379996495 0.110990778387 0.073993847378
0 0.21459998956 0.669379997331 0.0265703337991 0.0177135546977
0 0.185599988285 0.654659997654 0.0407231989363 0.0271487975002
0 0.158399987089 0.652999997691 0.0294987720676 0.019665846748
0 0.175799987854 0.68623999696 0.0432513513522 0.028834232333
0 0.142199986376 0.67029999731 0.0372413254085 0.0248275486348
0 0.117599985295 0.661519997503 0.0233452922222 0.0155635271216
0 0.0855999838877 0.680459997087 0.0265823047799 0.0177215353511
0 0.0733999833512 0.679139997116 0.0229379820752 0.0152919870415
0 0.0509999823663 0.665619997413 0.032290384994 0.0215269219095
0 0.0219999810911 0.681339997068 0.0264707075377 0.0176471371946
0 0.295199993104 0.696299996739 0.0262267369712 0.0174844901609
0 0.0403999819002 0.615059998525 0.0248749065489 0.0165832699388
0 0.110599984987 0.631159998171 0.0260268908461 0.0173512594196
0 0.113999985136 0.640859997958 0.02317393901 0.0154492916544
0 0.0369999817507 0.590959999055 0.0253813482886 0.016920897743
0 0.0333999815924 0.546340000036 0.0333109853041 0.0222073220713
0 0.0703999832193 0.562279999685 0.0252560981924 0.0168373976844
0 0.0781999835623 0.586979999142 0.0736345909239 0.0490897240448
0 0.0819999837294 0.619079998437 0.0230620449667 0.0153746956304
0 0.0651999829907 0.526320000476 0.0445856705052 0.0297237783763
0 0.122799985523 0.502880000991 0.0377727973808 0.0251818632596
0 0.117599985295 0.48656000135 0.0347672897403 0.0231781916314
0 0.0443999820761 0.448500002187 0.0365449309162 0.0243632856706
0 0.262799991679 0.633159998127 0.0457378526699 0.0304918997688
0 0.22119998985 0.633259998125 0.02810776389 0.0187385080241
0 0.236999990545 0.624279998322 0.0323659703601 0.0215773121503
0 0.250599991143 0.653339997683 0.0203241530531 0.0135494344751
0 0.244599990879 0.660739997521 0.0203910322514 0.0135940206043
0 0.225999990061 0.649439997769 0.0434937389792 0.0289958240737
0 0.328399994564 0.670519997306 0.0225439290474 0.0150292850403
0 0.304599993517 0.57477999941 0.0234291880212 0.0156194576506
0 0.22119998985 0.560399999727 0.0574246957705 0.0382831279887
0 0.23279999036 0.559719999742 0.0243436324441 0.0162290872256
0 0.179399988012 0.526840000464 0.0244457320486 0.0162971536241
0 0.370199996402 0.562739999675 0.0387255291553 0.0258170177341
0 0.390799997307 0.574179999424 0.0507476586509 0.0338317702026
0 0.390199997281 0.604879998749 0.0249805677675 0.0166537107466
0 0.420999998635 0.639039997998 0.0521929814437 0.0347953186675
0 0.375999996657 0.669139997336 0.0228180744001 0.0152120485968
0 0.378999996789 0.690979996856 0.0470611901793 0.0313741247169
0 0.350399995531 0.68349999702 0.0404757656893 0.0269838420131
0 0.334799994845 0.702319996606 0.0379238691793 0.0252825777853
0 0.331399994696 0.602919998792 0.130276918795 0.0868512734682
0 0.395999997536 0.652819997695 0.0210371684113 0.0140247780158
0 0.386599997123 0.639919997978 0.0254230983207 0.0169487310959
0 0.40859999809 0.611959998593 0.0309416215172 0.0206277463176
0 0.335199994863 0.575499999395 0.0521483623336 0.034765572596
0 0.346599995364 0.542460000121 0.0507582445596 0.0338388274745
0 0.326399994476 0.535100000283 0.092722764947 0.0618151725543
0 0.409399998125 0.531800000355 0.0208167440713 0.0138778284656
0 0.43019999904 0.548939999979 0.0198321556373 0.0132214362195
0 0.683200010164 0.623059998349 0.0326260671239 0.0217507099813
0 0.641400008326 0.541020000153 0.0349426992352 0.023295131287
0 0.561000004791 0.576839999365 0.0557689409442 0.0371792915106
0 0.665000009364 0.511840000794 0.0393684994359 0.0262456645596
0 0.680800010059 0.535260000279 0.0383351366753 0.0255567560979
0 0.599000006462 0.527980000439 0.0577274329699 0.038484952775
0 0.589800006058 0.571799999476 0.0619894978553 0.0413263291778
0 0.561400004809 0.5115800008 0.0316329703895 0.0210886455354
0 0.550400004325 0.522600000558 0.0463991256897 0.0309327484196
0 0.525000003208 0.538840000201 0.0496407881324 0.0330938565722
0 0.495200001898 0.541260000147 0.0411582105264 0.0274388052078
0 0.559800004738 0.547840000003 0.0296800186523 0.0197866777965
0 0.542600003982 0.553559999877 0.0219018491703 0.0146012318171
0 0.536000003692 0.586059999162 0.0253274294083 0.0168849518252
0 0.499600002091 0.593219999005 0.0446109975389 0.0297406630643
0 0.464600000552 0.594439998978 0.021119382337 0.014079587296
0 0.676600009874 0.575779999388 0.0489420192307 0.0326280106685
0 0.894800019469 0.637999998021 0.0648604556294 0.043240300901
0 0.884200019003 0.613039998569 0.0323327286284 0.0215551509973
0 0.897800019601 0.596479998933 0.03554886617 0.0236992425503
0 0.896400019539 0.580219999291 0.0224581535075 0.0149721013509
0 0.973000022907 0.605079998744 0.0254034105093 0.0169356058892
0 0.980200023224 0.61435999854 0.0225816227967 0.0150544142049
0 0.937200021333 0.560219999731 0.124149953188 0.0827666299996
0 0.874200018563 0.536960000242 0.0293580883102 0.0195720575826
0 0.82320001632 0.553199999885 0.0281749398895 0.0187832920208
0 0.768400013911 0.555879999826 0.0532384141188 0.0354922737383
0 0.75200001319 0.476040001581 0.0461586178035 0.0307724098394
0 0.734000012398 0.505040000944 0.0595651269171 0.0397100819923
0 0.696600010754 0.474700001611 0.112478741616 0.0749858227981
0 0.684200010208 0.470020001714 0.0248174260545 0.0165449496117
0 0.681600010094 0.494160001183 0.0292723127704 0.0195148738931
0 0.698600010842 0.52250000056 0.0241485351378 0.0160990223634
0 0.783000014553 0.458560001966 0.0567613451425 0.0378408942658
0 0.838600016997 0.44518000226 0.075872768591 0.0505818423912
0 0.83480001683 0.577479999351 0.0335563409428 0.0223708924864
0 0.97420002296 0.379640003701 0.0471248045647 0.0314165343043
0 0.950600021922 0.388500003506 0.0246196575376 0.0164131039425
0 0.929600020999 0.395440003353 0.0350906051545 0.0233937352267
0 0.912200020234 0.39876000328 0.0379275297271 0.0252850181504
0 0.961400022397 0.40424000316 0.0328480744034 0.0218987148246
0 0.940400021474 0.419560002823 0.0419563088882 0.0279708707473
0 0.920600020603 0.414400002936 0.0206722018987 0.0137814670235
0 0.9046000199 0.425720002688 0.0250390375991 0.0166926906318
0 0.898600019636 0.461060001911 0.0297127657154 0.0198085091704
0 0.885200019046 0.409540003043 0.0418950689123 0.0279300440994
0 0.874800018589 0.414880002926 0.0494418324109 0.0329612194333
0 0.878400018747 0.450800002136 0.0315262208999 0.0210174792137
0 0.881200018871 0.35100000433 0.0229876468053 0.0153250968594
0 0.797000015168 0.428260002632 0.0205053996378 0.0136702655236
0 0.779200014386 0.405540003131 0.0853917759032 0.0569278468474
0 0.723200011923 0.37558000379 0.021060318903 0.0140402116759
0 0.689600010446 0.362900004069 0.0319705322601 0.0213136867677
0 0.713400011492 0.26916000613 0.0663929390341 0.0442619564367
0 0.950400021913 0.312620005174 0.041850153001 0.0279001001605
0 0.727600012117 0.355540004231 0.0814003936903 0.0542669255476
0 0.640400008283 0.4797200015 0.02869839823 0.0191322642248
0 0.575600005433 0.437180002436 0.04738361519 0.0315890747099
0 0.548200004228 0.4206200028 0.0486366108208 0.0324244050753
0 0.401799997791 0.403420003178 0.0326468432062 0.021764560702
0 0.409199998117 0.386700003545 0.0327181744221 0.0218121148428
0 0.487800001573 0.43378000251 0.0222996616796 0.0148664401392
0 0.468800000737 0.435240002478 0.0240145788738 0.0160097181932
0 0.51480000276 0.424780002708 0.0300040266026 0.0200026830825
0 0.49660000196 0.326960004859 0.0304633758891 0.0203089159199
0 0.508400002478 0.292060005626 0.0361300028724 0.0240866669929
0 0.446199999743 0.32738000485 0.0249206139299 0.0166137415242
0 0.549800004299 0.284320005796 0.0678878276232 0.0452585487637
0 0.571400005249 0.258480006364 0.0226836234675 0.0151224146476
0 0.454800000122 0.28688000574 0.0722773191467 0.048184876253
0 0.441399999532 0.308580005263 0.0343766993928 0.0229177980837
0 0.332599994748 0.293060005604 0.11841575447 0.0789438311067
0 0.374199996578 0.23822000681 0.0884777166624 0.0589851405512
0 0.412999998284 0.288280005709 0.0939658672052 0.0626439073384
0 0.369799996384 0.333400004717 0.034752251814 0.0231681663479
0 0.243799990844 0.274780006006 0.0433794705265 0.0289196451102
0 0.212199989454 0.345320004455 0.0527348414571 0.0351565586526
0 0.241399990738 0.357520004187 0.0251633972918 0.0167755970881
0 0.260399991574 0.386860003542 0.0725399881873 0.0483599889353
0 0.329999994634 0.454460002056 0.0202995185555 0.0135330114778
0 0.22279998992 0.466060001801 0.0276397084357 0.0184264710751
0 0.201799988997 0.472060001669 0.032980051993 0.0219866998785
0 0.417799998495 0.370320003906 0.140058496214 0.0933723246509
0 0.185599988285 0.438460002407 0.0346418417766 0.0230945596612
0 0.160999987203 0.429580002603 0.0392402813279 0.0261601858265
0 0.15979998715 0.447540002208 0.0251231312656 0.0167487530724
0 0.137399986165 0.445120002261 0.0248933082218 0.0165955377199
0 0.114199985145 0.438860002399 0.0267477219685 0.0178318134696
0 0.147199986596 0.470300001707 0.0293594733824 0.019572980964
0 0.173199987739 0.381000003671 0.0385948377042 0.0257298901057
0 0.113199985101 0.371420003881 0.0314143268566 0.0209428831897
0 0.178999987995 0.315000005122 0.0206000792129 0.0137333852362
0 0.162799987282 0.322920004948 0.0601620930155 0.040108059365
0 0.121199985453 0.316760005083 0.0307576047881 0.0205050685063
0 0.0213999810647 0.442220002325 0.0271996512256 0.0181330996211
0 0.0107999805987 0.434300002499 0.0281504043256 0.0187669349793
0 0.0509999823663 0.302540005396 0.0311791613916 0.0207861062234
0 0.179999988038 0.300920005431 0.0841623264991 0.0561082139654
0 0.23619999051 0.299680005459 0.0402100297032 0.0268066847007
0 0.187599988373 0.245580006648 0.0605906739135 0.0403937799448
0 0.155799986974 0.256160006415 0.0386792281718 0.0257861504138
0 0.135199986069 0.263180006261 0.0198652984352 0.0132435314167
0 0.103799984688 0.265880006202 0.043178338263 0.0287855569434
0 0.0297999814341 0.390540003461 0.0477657961708 0.0318438620136
0 0.0103999805811 0.190820007852 0.0210880203461 0.0140586793034
0 0.0497999823135 0.0804200102791 0.0632222120724 0.0421481386017
0 0.0899999840811 0.0774400103446 0.0509289052357 0.0339526012511
0 0.0905999841075 0.12270000935 0.0971990213476 0.0647993432912
0 0.0821999837381 0.231360006961 0.0340544722496 0.0227029800023
0 0.0771999835183 0.244240006677 0.022070827973 0.0147138843449
0 0.0931999842218 0.162440008476 0.0226605719095 0.0151070469433
0 0.14159998635 0.167740008359 0.0752071424873 0.0501380916846
0 0.140799986315 0.204960007541 0.0544414482183 0.0362942964183
0 0.0927999842043 0.19864000768 0.0963035722 0.0642023772322
0 0.172399987704 0.131020009167 0.0217008158405 0.0144672096061
0 0.202399989023 0.133920009103 0.0243125672543 0.0162083771005
0 0.236599990527 0.191900007828 0.0457801963043 0.0305201288566
0 0.221999989885 0.226580007066 0.0200024205785 0.0133349461728
0 0.193399988628 0.218680007239 0.0217797649533 0.0145198423445
0 0.187599988373 0.0932200099977 0.0286513057768 0.019100869258
0 0.163799987326 0.103020009782 0.0380017300211 0.0253344850098
0 0.156399987001 0.128340009226 0.0346652890695 0.0231101911888
0 0.180199988047 0.162280008479 0.0210110499078 0.0140073656813
0 0.124799985611 0.0709400104875 0.0349022353416 0.0232681553597
0 0.15659998701 0.0604200107188 0.0477263216144 0.0318175456444
0 0.195599988724 0.0604000107192 0.0411618710742 0.0274412455729
0 0.0967999843801 0.016520011684 0.0362948264587 0.0241965493766
0 0.0739999833776 0.0307200113718 0.0287705209157 0.0191803460121
0 0.212199989454 0.0407400111515 0.0266426543523 0.0177617683967
0 0.319399994168 0.0605800107153 0.0354886155313 0.0236590754604
0 0.35059999554 0.0728400104457 0.0498943552703 0.0332629013197
0 0.234199990422 0.0553800108296 0.0199129844908 0.0132753221183
0 0.227999990149 0.165840008401 0.0283471835052 0.0188981210904
0 0.249999991116 0.231580006956 0.0783289961887 0.0522193273483
0 0.352399995619 0.181700008052 0.0802277322444 0.053485151302
0 0.396399997554 0.143240008898 0.049871798381 0.0332478633944
0 0.387599997167 0.203900007564 0.0447840326244 0.0298560197804
0 0.313999993931 0.216960007277 0.0501955095301 0.033463670813
0 0.287799992778 0.180400008081 0.0224343104798 0.0149562060001
0 0.304999993535 0.181540008056 0.0565792081542 0.037719469615
0 0.297599993209 0.247700006601 0.0651560696005 0.0434373768687
0 0.281599992506 0.217040007275 0.0427536157803 0.0285024086403
0 0.428199998952 0.20726000749 0.0204346620243 0.0136231071176
0 0.408799998099 0.211780007391 0.0220916040554 0.0147277350655
0 0.467600000684 0.171500008277 0.0245372457444 0.0163581627507
0 0.517000002857 0.209240007447 0.0239701576311 0.0159801040334
0 0.586800005926 0.141540008935 0.0305627053493 0.0203751355557
0 0.632400007931 0.205280007534 0.104661987981 0.0697746540519
0 0.61420000713 0.250440006541 0.0264010581951 0.0176007043025
0 0.607000006814 0.253400006476 0.0229502498571 0.0153001655623
0 0.638600008203 0.259880006334 0.0313111389811 0.0208740912773
0 0.490400001687 0.222800007149 0.0259373558247 0.0172915694093
0 0.473800000957 0.186880007939 0.0293226700366 0.0195484454017
0 0.534400003622 0.130820009171 0.0284571978078 0.0189714639539
0 0.535400003666 0.116420009488 0.0244807545873 0.0163205019818
0 0.552400004413 0.140760008953 0.0252743019978 0.0168495335539
0 0.591200006119 0.188120007911 0.0456248703556 0.0304165782309
0 0.496800001968 0.203400007575 0.0238226474467 0.015881763917
0 0.478800001177 0.249440006563 0.0306865703734 0.0204577122329
0 0.516000002813 0.234780006885 0.0403895944146 0.0269263945004
0 0.504200002294 0.221080007187 0.0223232079063 0.0148821376226
0 0.470600000816 0.20548000753 0.0230287043013 0.0153524685216
0 0.539000003824 0.186620007944 0.0318988053093 0.0212658688036
0 0.680800010059 0.203320007577 0.0344805798044 0.0229870516868
0 0.684800010235 0.243580006692 0.0311401815038 0.0207601196333
0 0.688200010384 0.157460008585 0.0215247138095 0.0143498082599
0 0.59100000611 0.247620006603 0.0280266382353 0.0186844242579
0 0.918800020524 0.249420006564 0.0339094354083 0.0226062887812
0 0.91940002055 0.233800006907 0.0286837560387 0.0191225027645
0 0.782800014544 0.0801000102861 0.0511996868418 0.0341331223099
0 0.772600014095 0.0671400105711 0.0226198112147 0.0150798731485
0 0.805800015555 0.110020009628 0.0273885157072 0.0182590092672
0 0.920600020603 0.0830400102215 0.024867288652 0.0165781913412
0 0.697600010798 0.0265600114632 0.0371863182573 0.0247908772031
0 0.137599986174 0.760459995328 0.0241530860892 0.0161020563307
0 0.173199987739 0.852359993308 0.0246966279759 0.0164644175647
0 0.0587999827092 0.76309999527 0.0328326407423 0.0218884257179
0 0.405799997967 0.562859999673 0.0519602893218 0.0346401905965
