0 0.350800016382 0.71647997431 0.131476967539 0.0876513116928
0 0.577800011391 0.233039984938 0.101062765724 0.0673751771491
0 0.265400018259 0.30435998337 0.356492791987 0.237661861324
0 0.122200021408 0.386679981561 0.119101349476 0.0794008996504
0 0.54600001209 0.982839968454 0.0366210061202 0.0244140040802
0 0.115400021557 0.978279968554 0.0198317572863 0.0132211715242
0 0.0292000234523 0.979719968522 0.0273054077761 0.018203605184
0 0.140800020999 0.936759969467 0.0231410899606 0.0154273933071
0 0.22580001913 0.897659970327 0.0228264807557 0.0152176538371
0 0.19580001979 0.913939969969 0.0361967783622 0.0241311855748
0 0.0986000219266 0.887759970544 0.0271320759122 0.0180880506082
0 0.145800020889 0.881399970684 0.0212725289376 0.0141816859584
0 0.133800021153 0.885759970588 0.0202921947831 0.0135281298554
0 0.0336000233556 0.627439976267 0.0340022307573 0.0226681538382
0 0.170400020348 0.604019976782 0.0206156090884 0.0137437393922
0 0.0760000224234 0.675059975221 0.0222847197475 0.0148564798317
0 0.203800019614 0.69829997471 0.0212929092823 0.0141952728549
0 0.473200013691 0.765179973239 0.025380157736 0.0169201051573
0 0.495800013194 0.75557997345 0.0242158068766 0.0161438712511
0 0.1908000199 0.724779974127 0.0247817077106 0.0165211384738
0 0.192200019869 0.710279974446 0.0260759585341 0.0173839723561
0 0.106600021751 0.72691997408 0.0276610744716 0.0184407163144
0 0.148400020832 0.715399974334 0.030720401655 0.02048026777
0 0.152200020748 0.728179974053 0.0206351979634 0.0137567986423
0 0.20760001953 0.767759973182 0.0260289650208 0.0173526433472
0 0.33540001672 0.790419972684 0.0218237875822 0.0145491917215
0 0.344800016514 0.772699973074 0.0257235566511 0.0171490377674
0 0.0394000232281 0.809479972265 0.0426480478697 0.0284320319131
0 0.167200020418 0.828519971847 0.0263978888337 0.0175985925558
0 0.0736000224762 0.773139973064 0.0207372975544 0.0138248650363
0 0.0804000223267 0.758919973377 0.0236722650616 0.0157815100411
0 0.298200017538 0.827639971866 0.0327797068752 0.0218531379168
0 0.257800018427 0.841319971565 0.0199292069929 0.0132861379952
0 0.618200010503 0.848279971412 0.0210665489487 0.0140443659658
0 0.521400012631 0.745939973662 0.021824875853 0.0145499172354
0 0.547800012051 0.735439973893 0.028737374327 0.0191582495513
0 0.597200010965 0.735319973896 0.033469472717 0.0223129818113
0 0.644800009918 0.738539973825 0.05737710108 0.03825140072
0 0.636600010098 0.77425997304 0.0237418154613 0.0158278769742
0 0.621400010433 0.792499972639 0.0252126629611 0.0168084419741
0 0.555400011884 0.802059972428 0.0225949758691 0.0150633172461
0 0.58240001129 0.814939972145 0.0536841034696 0.0357894023131
0 0.843200005556 0.846319971455 0.0273383527022 0.0182255684682
0 0.875600004844 0.7987999725 0.0285064630426 0.0190043086951
0 0.675000009254 0.803919972387 0.060279123661 0.0401860824407
0 0.787200006788 0.791819972654 0.0694840151812 0.0463226767875
0 0.605200010789 0.714919974344 0.0214627784662 0.0143085189775
0 0.582600011286 0.686559974968 0.022145322147 0.014763548098
0 0.934600003547 0.767799973182 0.0447487073816 0.0298324715877
0 0.955600003085 0.768999973155 0.0216690552563 0.0144460368375
0 0.0748000224498 0.858499971188 0.0625191807735 0.041679453849
0 0.510600012869 0.819199972052 0.0470179499391 0.0313452999594
0 0.953600003129 0.685039975001 0.0205118276242 0.0136745517495
0 0.860400005178 0.650579975759 0.0238577657721 0.0159051771814
0 0.84620000549 0.658959975574 0.0229058255929 0.0152705503953
0 0.818400006102 0.710319974445 0.0262658123279 0.0175105415519
0 0.747000007671 0.700499974661 0.0294861046612 0.0196574031075
0 0.830400005838 0.766299973215 0.0430463549951 0.0286975699968
0 0.959400003002 0.566619977605 0.0278984164472 0.0185989442981
0 0.729600008054 0.656039975639 0.0243172139317 0.0162114759545
0 0.739000007847 0.641099975967 0.0205429917436 0.0136953278291
0 0.689600008933 0.679899975114 0.0223568424237 0.0149045616158
0 0.639400010037 0.629279976227 0.0207575789654 0.013838385977
0 0.696600008779 0.639539976001 0.0221566995239 0.0147711330159
0 0.666800009435 0.616619976505 0.0209083539429 0.0139389026286
0 0.705800008577 0.603159976801 0.0226814439336 0.0151209626224
0 0.740800007808 0.61005997665 0.0240622617553 0.0160415078368
0 0.453200014131 0.660819975534 0.023985687062 0.0159904580413
0 0.495000013212 0.611539976617 0.0300560617774 0.0200373745183
0 0.420000014861 0.632399976158 0.0348647348606 0.0232431565737
0 0.455400014082 0.646359975851 0.0309600191061 0.0206400127374
0 0.409200015098 0.67737997517 0.0502661415793 0.0335107610529
0 0.41000001508 0.644539975891 0.0649269305282 0.0432846203521
0 0.354800016294 0.583959977223 0.0227764202973 0.0151842801982
0 0.577800011391 0.618879976456 0.0383172246165 0.025544816411
0 0.544000012134 0.563459977674 0.0271224793421 0.0180816528948
0 0.800200006502 0.515579978727 0.043887687284 0.0292584581893
0 0.416200014944 0.551099977946 0.0267198191333 0.0178132127556
0 0.455200014087 0.521059978606 0.0239019891414 0.0159346594276
0 0.791600006691 0.651259975744 0.0347032750422 0.0231355166948
0 0.659400009597 0.685119974999 0.0264016483148 0.0176010988765
0 0.69020000892 0.712859974389 0.0584493446532 0.0389662297688
0 0.286000017807 0.42901998063 0.0343116954092 0.0228744636061
0 0.394200015428 0.469339979743 0.0250713856201 0.01671425708
0 0.424400014764 0.444739980284 0.0217273272128 0.0144848848085
0 0.437600014474 0.474659979626 0.0308013294317 0.0205342196211
0 0.486800013392 0.497339979128 0.0381849502433 0.0254566334955
0 0.535400012323 0.482499979454 0.0313461573849 0.0208974382566
0 0.568600011593 0.475179979615 0.0326421890152 0.0217614593435
0 0.382200015692 0.501459979037 0.0236703853211 0.0157802568807
0 0.348400016435 0.500039979068 0.0288818175468 0.0192545450312
0 0.466200013845 0.427739980658 0.0264170819739 0.0176113879826
0 0.569400011576 0.440739980372 0.0306468939069 0.0204312626046
0 0.619400010477 0.4530999801 0.0221857860353 0.0147905240235
0 0.537200012284 0.380999981685 0.0251223364819 0.0167482243212
0 0.636600010098 0.418299980865 0.0354162903063 0.0236108602042
0 0.496600013176 0.379199981725 0.0215300533906 0.014353368927
0 0.198800019724 0.480579979496 0.18158590345 0.121057268967
0 0.100800021878 0.533239978338 0.0220712207965 0.0147141471977
0 0.179000020159 0.545519978068 0.027654050178 0.018436033452
0 0.278000017982 0.579019977332 0.0452355601795 0.0301570401197
0 0.193800019834 0.585299977194 0.0564470252512 0.0376313501675
0 0.0278000234831 0.51725997869 0.03612396315 0.0240826421
0 0.183200020067 0.618619976461 0.0255775304919 0.0170516869946
0 0.0998000219002 0.568899977554 0.0613974703441 0.0409316468961
0 0.0770000224014 0.59549997697 0.0375633497293 0.0250422331529
0 0.148200020836 0.328739982834 0.036708760323 0.024472506882
0 0.195000019807 0.304539983366 0.032883290472 0.021922193648
0 0.0410000231929 0.171359986294 0.0257494772837 0.0171663181892
0 0.0388000232413 0.197899985711 0.0421567430547 0.0281044953698
0 0.264600018277 0.273359984052 0.0212102996326 0.0141401997551
0 0.284200017846 0.20795998549 0.0259264696949 0.0172843131299
0 0.343400016545 0.203679985584 0.0236656365029 0.0157770910019
0 0.445800014293 0.203699985583 0.0235712537414 0.015714169161
0 0.373400015885 0.185259985989 0.0344709786859 0.0229806524573
0 0.424800014755 0.179639986112 0.023993601759 0.015995734506
0 0.442800014359 0.162399986491 0.0234238425102 0.0156158950068
0 0.365400016061 0.157839986592 0.0327988010817 0.0218658673878
0 0.379800015744 0.106879987712 0.0276213031192 0.0184142020795
0 0.42140001483 0.11743998748 0.0210645702745 0.0140430468497
0 0.457200014043 0.114579987543 0.0253154550882 0.0168769700588
0 0.433000014575 0.128879987228 0.0362732541217 0.0241821694145
0 0.453000014135 0.142779986923 0.021680828368 0.0144538855787
0 0.508200012921 0.133139987135 0.0256680548386 0.017112036559
0 0.529000012464 0.14927998678 0.028888643973 0.019259095982
0 0.502600013045 0.176239986187 0.0215564686917 0.0143709791278
0 0.494200013229 0.185339985987 0.0204537535351 0.0136358356901
0 0.483400013467 0.198199985704 0.0242016593558 0.0161344395705
0 0.335600016716 0.171659986288 0.0218391223076 0.0145594148717
0 0.268800018185 0.167599986377 0.0213610746101 0.0142407164067
0 0.12120002143 0.155019986654 0.050769219506 0.0338461463373
0 0.17760002019 0.143099986916 0.0218018242981 0.0145345495321
0 0.199200019715 0.135899987074 0.0267056716125 0.017803781075
0 0.315200017165 0.0973999879205 0.0266199950177 0.0177466633451
0 0.421000014839 0.103539987786 0.0204865995276 0.0136577330184
0 0.265000018268 0.0718399884825 0.0306662849144 0.020444189943
0 0.188200019957 0.0625599886865 0.0203105964535 0.0135403976357
0 0.241000018796 0.0566599888162 0.0271071446167 0.0180714297445
0 0.258000018422 0.128379987239 0.0262004171441 0.0174669447627
0 0.311600017244 0.139239987001 0.0198381879776 0.0132254586517
0 0.170200020352 0.179639986112 0.03569488764 0.02379659176
0 0.202200019649 0.161279986516 0.0290689011967 0.0193792674645
0 0.288600017749 0.226719985077 0.0235210943493 0.0156807295662
0 0.63700001009 0.292679983627 0.020633615024 0.0137557433493
0 0.61060001067 0.355299982251 0.0257886550338 0.0171924366892
0 0.728800008071 0.412459980994 0.0381271729553 0.0254181153035
0 0.703000008639 0.302259983417 0.0266504666011 0.017766977734
0 0.805600006383 0.356259982229 0.024660217112 0.0164401447413
0 0.886200004611 0.354979982258 0.0363792121275 0.024252808085
0 0.904600004206 0.340639982573 0.0210219298445 0.0140146198963
0 0.888000004571 0.3757799818 0.0368531046091 0.0245687364061
0 0.835600005723 0.46947997974 0.0252015823854 0.0168010549236
0 0.910200004083 0.457759979998 0.0203423541752 0.0135615694501
0 0.836800005697 0.313339983173 0.0254624705845 0.0169749803897
0 0.888600004558 0.32347998295 0.0214705942295 0.0143137294863
0 0.961000002966 0.35031998236 0.0542294260915 0.0361529507276
0 0.968000002813 0.327539982861 0.0242233258388 0.0161488838925
0 0.928800003674 0.321879982985 0.0235105084421 0.0156736722947
0 0.538000012266 0.292379983634 0.0259399246798 0.0172932831199
0 0.710400008476 0.533559978331 0.022749708195 0.01516647213
0 0.782000006902 0.537119978253 0.0568905450832 0.0379270300555
0 0.896400004387 0.553759977887 0.0421654492214 0.0281102994809
0 0.940800003411 0.545039978079 0.0332257989837 0.0221505326558
0 0.968000002813 0.527279978469 0.0356864782745 0.0237909855163
0 0.911200004061 0.507879978896 0.0527901384459 0.0351934256306
0 0.927600003701 0.488319979326 0.0240773986132 0.0160515990755
0 0.85440000531 0.278839983932 0.0271786736907 0.0181191157938
0 0.949400003222 0.22021998522 0.052961986304 0.0353079908693
0 0.764000007298 0.166639986398 0.0220633060995 0.014708870733
0 0.951000003186 0.159819986548 0.0546391105938 0.0364260737292
0 0.935200003534 0.1301599872 0.0232550615971 0.0155033743981
0 0.519800012666 0.0968199879333 0.0206686375581 0.0137790917054
0 0.604000010815 0.150139986761 0.0248547207903 0.0165698138602
0 0.763800007302 0.291599983651 0.0222754199786 0.0148502799857
0 0.756800007456 0.237259984846 0.100298997465 0.0668659983101
0 0.763400007311 0.184119986014 0.0266998345235 0.0177998896823
0 0.69340000885 0.196059985751 0.0694568084103 0.0463045389402
0 0.270400018149 0.0450999890704 0.0263264586935 0.0175509724623
0 0.125400021337 0.0332599893307 0.0715943701969 0.0477295801313
0 0.414000014992 0.0712599884952 0.0849273697938 0.0566182465292
0 0.457600014034 0.0403199891754 0.0480455744081 0.0320303829388
0 0.720200008261 0.0609999887208 0.0949107706956 0.0632738471304
0 0.00780002392283 0.0671199885862 0.0209892817195 0.0139928544797
0 0.0406000232017 0.0170799896864 0.0241981966759 0.0161321311172
0 0.0276000234875 0.0559799888312 0.0207055398328 0.0138036932219
0 0.184800020031 0.412839980985 0.0762607766019 0.0508405177346
0 0.800800006489 0.225419985106 0.0268926563286 0.0179284375524
0 0.810400006277 0.0778399883506 0.0243663839867 0.0162442559911
