0 0.393399997422 0.592639999018 0.192620995122 0.128413988278
0 0.697000010771 0.2705200061 0.172539427563 0.115026277455
0 0.843400017209 0.885879992571 0.135022769597 0.0900151737942
0 0.811400015801 0.763359995264 0.139421363023 0.0929475692183
0 0.0747999834128 0.973339990648 0.0401420622339 0.0267613730576
0 0.00699998043157 0.9846399904 0.02003140816 0.0133542712259
0 0.137199986157 0.988339990318 0.0210022448062 0.014001495614
0 0.309399993728 0.956239991024 0.028715315897 0.0191435426687
0 0.257799991459 0.959399990954 0.0275617486602 0.0183744978949
0 0.238199990598 0.94779999121 0.0269814034277 0.0179876010987
0 0.195999988742 0.960639990927 0.0283828985801 0.0189219311387
0 0.197599988812 0.970179990717 0.0225744006348 0.0150495994306
0 0.336199994907 0.937519991436 0.0200291326843 0.0133527542422
0 0.376599996683 0.988339990318 0.0236175578342 0.0157450375176
0 0.805800015555 0.987599990335 0.0290625732728 0.0193750475706
0 0.858400017868 0.951739991123 0.0316851084627 0.0211234042486
0 0.918200020498 0.990639990268 0.0231067630105 0.0154045076577
0 0.936600021307 0.968219990761 0.034804488821 0.023202991017
0 0.950400021913 0.895079992369 0.0594813300518 0.0396542174191
0 0.871800018457 0.952179991113 0.0774521465815 0.0516347609821
0 0.879800018809 0.967819990769 0.0205423019174 0.0136948670417
0 0.82000001618 0.953939991075 0.0753525750635 0.050235046729
0 0.737400012548 0.949479991173 0.0631282250333 0.0420854805798
0 0.745200012891 0.913119991972 0.0447853187628 0.029856877206
0 0.75360001326 0.838079993622 0.0216832056374 0.0144554694715
0 0.821800016259 0.767619995171 0.0225925055065 0.0150616693443
0 0.66900000954 0.862179993092 0.0655698104397 0.0437132040766
0 0.662200009241 0.972739990661 0.0236243842612 0.0157495884687
0 0.561400004809 0.950379991153 0.0371637613679 0.0247758392778
0 0.459600000333 0.955619991038 0.0292465900018 0.0194977253819
0 0.565600004994 0.889379992494 0.0205771265887 0.0137180834877
0 0.515200002777 0.877459992756 0.0305669594995 0.0203779716556
0 0.440599999497 0.894799992375 0.020937146415 0.0139580966894
0 0.450799999946 0.91231999199 0.0212935056935 0.014195669526
0 0.45680000021 0.926439991679 0.0272810736816 0.0181873812548
0 0.442399999576 0.936359991461 0.0454479768548 0.0302986492382
0 0.403799997879 0.9300599916 0.0391933867422 0.0261289227714
0 0.434599999233 0.837979993624 0.0232231090715 0.0154820716932
0 0.429199998996 0.857959993185 0.0347899455634 0.0231932955125
0 0.54800000422 0.861099993116 0.0219375642451 0.0146250418655
0 0.370599996419 0.883579992621 0.0206722018987 0.0137814670235
0 0.356399995795 0.855659993235 0.0335302224393 0.0223534801519
0 0.292199992972 0.827479993855 0.024882425512 0.0165882825806
0 0.298799993262 0.792959994614 0.0253213944511 0.0168809285207
0 0.369199996358 0.812379994187 0.107181829964 0.0714545485964
0 0.33059999466 0.831399993769 0.0202556909152 0.0135037930528
0 0.29919999328 0.921559991786 0.0553563873097 0.0369042557724
0 0.266599991846 0.933319991528 0.0513810323602 0.0342540193142
0 0.310199993763 0.887439992537 0.152568665776 0.101712437142
0 0.334599994836 0.846559993435 0.0285965954267 0.0190643956937
0 0.385599997079 0.915739991914 0.0249997609102 0.0166665061742
0 0.217999989709 0.891099992456 0.0266845033181 0.0177896677054
0 0.17979998803 0.878339992737 0.0243086099053 0.016205738868
0 0.224399989991 0.849279993376 0.028406345873 0.0189375626663
0 0.194399988672 0.857879993186 0.053996048587 0.0359973633504
0 0.142799986403 0.866039993007 0.0417295527899 0.027819700025
0 0.0629999828939 0.885059992589 0.0261795455842 0.0174530292383
0 0.0775999835359 0.913799991957 0.0200864153112 0.0133909426576
0 0.0509999823663 0.961399990911 0.0383430513733 0.0255620325629
0 0.11839998533 0.904939992152 0.023019800266 0.0153465324985
0 0.114399985154 0.892839992418 0.0325121944061 0.0216747948411
0 0.13659998613 0.887199992542 0.0305650797587 0.0203767184952
0 0.157199987036 0.892659992422 0.0366878901493 0.0244585918197
0 0.191199988531 0.90865999207 0.0757042844569 0.0504695196425
0 0.160999987203 0.929039991622 0.0247549988738 0.016503331494
0 0.145199986508 0.960999990919 0.0209757305678 0.0139838194563
0 0.140199986288 0.949839991165 0.0259807877301 0.017320524011
0 0.0969999843889 0.906079992127 0.032547513746 0.0216983410662
0 0.086199983914 0.889459992492 0.0453731829585 0.0302487866439
0 0.0487999822695 0.811059994216 0.0240654308086 0.0160436194809
0 0.0959999843449 0.82403999393 0.133949338678 0.0892995532285
0 0.0429999820145 0.82361999394 0.0517118667376 0.0344745755513
0 0.0369999817507 0.796479994536 0.0277441824496 0.0184961204132
0 0.0293999814165 0.788419994714 0.0258594949829 0.0172396621849
0 0.120199985409 0.75217999551 0.024481941792 0.0163212934515
0 0.0655999830082 0.905799992133 0.0275493819445 0.0183662534183
0 0.072599983316 0.62345999834 0.0404302561757 0.0269535023394
0 0.0245999812055 0.588799999102 0.025927165651 0.0172847759606
0 0.113599985119 0.661799997497 0.028331057308 0.0188873702929
0 0.0999999845208 0.754619995457 0.0209666286651 0.0139777515215
0 0.155799986974 0.766159995203 0.022175301987 0.0147835336829
0 0.157799987062 0.7799399949 0.0225660902018 0.0150440591423
0 0.107799984864 0.620879998397 0.0590391952335 0.039359460893
0 0.0671999830786 0.699339996672 0.0420766122982 0.0280510730153
0 0.0517999824015 0.661719997499 0.0888475309275 0.0592316833783
0 0.228399990167 0.697439996714 0.0455886606121 0.0303924384035
0 0.201599988988 0.748019995602 0.023251008382 0.0155006712323
0 0.174999987819 0.780459994889 0.0255876251058 0.0170584156121
0 0.263799991723 0.785499994778 0.0304020369794 0.0202680233162
0 0.0851999838701 0.596919998924 0.0460380175924 0.0306920097039
0 0.280399992453 0.632939998132 0.035947173348 0.0239647806514
0 0.274999992216 0.683219997026 0.0255357838338 0.0170238547664
0 0.26759999189 0.698119996699 0.0252260223399 0.0168173471174
0 0.300199993324 0.68713999694 0.0243478865942 0.0162319233256
0 0.317599994089 0.694279996783 0.0301543069313 0.0201028699617
0 0.315399993992 0.705539996536 0.0211088953621 0.0140725959799
0 0.293199993016 0.717279996278 0.109117962968 0.0727453038472
0 0.224399989991 0.638059998019 0.0294248685748 0.019616577756
0 0.233799990404 0.620779998399 0.0277233074336 0.0184822037367
0 0.249799991108 0.589039999097 0.0447240787869 0.029816050558
0 0.0367999817419 0.556639999809 0.0229975401778 0.0153316924407
0 0.155199986948 0.562419999682 0.0928916448161 0.0619277591262
0 0.246799990976 0.536200000259 0.11042092013 0.0736139418979
0 0.338399995003 0.743759995695 0.0403477454488 0.0268984951918
0 0.338199994995 0.78677999475 0.0420061714858 0.0280041124768
0 0.406399997993 0.696039996745 0.037056418276 0.0247042772212
0 0.438799999418 0.694799996772 0.0213247687507 0.0142165115628
0 0.516800002848 0.704059996568 0.02383442056 0.0158896126587
0 0.473400000939 0.743739995696 0.0228322219229 0.015221480278
0 0.459600000333 0.706739996509 0.0249441601566 0.0166294390076
0 0.507200002426 0.778619994929 0.0261019815436 0.0174013198813
0 0.542800003991 0.733759995915 0.0274268030589 0.0182845341666
0 0.459800000341 0.755579995436 0.035031739588 0.0233544915183
0 0.563200004888 0.595299998959 0.0211870530051 0.0141247010718
0 0.5248000032 0.605359998738 0.0211563835502 0.0141042547699
0 0.678200009945 0.613759998553 0.0455370172075 0.0303580094694
0 0.707400011229 0.611559998602 0.0300162943846 0.0200108616032
0 0.698400010833 0.601059998833 0.0212196022007 0.0141464005341
0 0.624800007597 0.658379997572 0.0223628803301 0.0149085859034
0 0.62420000757 0.647499997812 0.0207775663161 0.0138517099638
0 0.63080000786 0.633819998112 0.0205943410569 0.013729559799
0 0.590600006093 0.481160001469 0.0394557589816 0.0263038375862
0 0.503000002241 0.679899997099 0.0323976291522 0.0215984180103
0 0.510800002584 0.752059995513 0.0346800301946 0.0231200186048
0 0.518800002936 0.73581999587 0.0346761717793 0.0231174463281
0 0.479400001203 0.694299996783 0.0415193186236 0.0276795439235
0 0.538200003789 0.63165999816 0.0767890927547 0.0511927251266
0 0.565200004976 0.609279998652 0.0202374871098 0.0134916571833
0 0.69060001049 0.631619998161 0.0985218641884 0.0656812384602
0 0.717400011668 0.659139997556 0.0201549763829 0.0134366500357
0 0.743000012794 0.732679995939 0.0422489548476 0.0281659680407
0 0.636400008107 0.698619996688 0.029292989919 0.019528658658
0 0.753200013242 0.645179997863 0.0238919010544 0.0159279329857
0 0.775400014219 0.625619998293 0.0914584908715 0.0609723232262
0 0.846200017332 0.647399997814 0.0386444035005 0.0257629339678
0 0.857800017842 0.688859996902 0.0295475463941 0.0196983629635
0 0.726000012046 0.600219998851 0.0366321904619 0.0244214586972
0 0.708600011281 0.553259999884 0.0210343982669 0.0140229312531
0 0.748200013023 0.598179998896 0.0350060168194 0.023337343007
0 0.849600017481 0.559239999752 0.0553180010243 0.0368786649172
0 0.880000018818 0.561239999708 0.0683847717253 0.0455898448099
0 0.905600019943 0.606019998724 0.0283621224978 0.0189080804181
0 0.938000021368 0.637079998041 0.0325063573163 0.0216709034482
0 0.928600020955 0.644979997867 0.0223573400415 0.0149048923779
0 0.983200023356 0.601899998814 0.0218522833739 0.0145681879551
0 0.95600002216 0.624019998328 0.0518531440973 0.0345687604515
0 0.96760002267 0.780219994894 0.0923775851795 0.0615850527244
0 0.956400022177 0.734139995907 0.0268484365009 0.0178989564867
0 0.992800023778 0.4387800024 0.0199315840312 0.013287721811
0 0.937600021351 0.494500001175 0.0428021922394 0.0285347929443
0 0.884400019011 0.497080001119 0.117747951825 0.0784986293723
0 0.856800017798 0.45018000215 0.0297898350874 0.0198598887484
0 0.844200017244 0.47564000159 0.0220433243974 0.014695548629
0 0.889400019231 0.37238000386 0.0221372125027 0.0147581406951
0 0.844000017235 0.415740002907 0.0298390051488 0.0198926687872
0 0.875800018633 0.44018000237 0.0264164918563 0.0176109934093
0 0.730000012222 0.445100002262 0.0317343774579 0.0211562502432
0 0.83320001676 0.428460002627 0.0415859999545 0.0277239981411
0 0.785800014676 0.331820004752 0.0205718831012 0.0137145878296
0 0.71880001173 0.388080003515 0.0225357175482 0.0150238107079
0 0.843000017191 0.364740004028 0.0392284092809 0.026152271129
0 0.764000013717 0.388500003506 0.022191131383 0.0147940866129
0 0.702800011026 0.37922000371 0.027037103115 0.0180247342212
0 0.74360001282 0.375460003793 0.0280104131044 0.0186736075046
0 0.650400008722 0.445120002261 0.0213223943413 0.0142149286233
0 0.627800007728 0.427340002652 0.0373830974369 0.0249220633142
0 0.563200004888 0.375720003787 0.028997672749 0.0193317805576
0 0.556800004607 0.403960003166 0.0492088434878 0.0328058934948
0 0.414799998363 0.502760000994 0.0241403236386 0.0160935480309
0 0.573200005328 0.309820005236 0.0398852302831 0.0265901517683
0 0.579800005618 0.291760005633 0.0298056644834 0.0198704416784
0 0.504000002285 0.369180003931 0.128626704257 0.0857511305156
0 0.429199998996 0.364020004044 0.113603618072 0.0757357403863
0 0.452200000007 0.317140005075 0.0212292977058 0.0141528642037
0 0.385799997088 0.334680004689 0.045029783998 0.0300198540187
0 0.365599996199 0.382620003635 0.0242882295579 0.0161921519706
0 0.316199994027 0.426740002665 0.0306563955872 0.0204375957101
0 0.338799995021 0.401280003225 0.0340093584709 0.0226729041518
0 0.281599992506 0.351800004313 0.0398076662425 0.0265384424113
0 0.266399991838 0.344400004475 0.0309813928747 0.0206542605542
0 0.238199990598 0.319380005026 0.0213662219816 0.0142441470482
0 0.217599989692 0.350040004351 0.0302075332755 0.0201383541888
0 0.207799989261 0.335860004663 0.0235369268481 0.0156912835305
0 0.237599990571 0.398180003293 0.0329972664612 0.0219981761899
0 0.332599994748 0.307860005279 0.0257813373399 0.017187557093
0 0.251799991196 0.33054000478 0.0749369544836 0.0499579663607
0 0.227599990131 0.380260003687 0.0535501542871 0.0357001005035
0 0.265799991811 0.432680002535 0.0610167814683 0.0406778516292
0 0.34219999517 0.463960001847 0.0225718283579 0.0150478845794
0 0.334799994845 0.428940002617 0.0264114462363 0.0176076296629
0 0.323399994344 0.444360002278 0.0468705448907 0.0312470278662
0 0.23119999029 0.47608000158 0.0618922460033 0.0412614946141
0 0.32399999437 0.486340001355 0.0244987605253 0.0163325059397
0 0.310999993799 0.514140000744 0.0201298472166 0.0134198972593
0 0.15479998693 0.497780001103 0.0269292653544 0.0179528423855
0 0.122999985532 0.505400000936 0.0210421150975 0.0140280758064
0 0.111199985013 0.518880000639 0.0229858659982 0.0153239096548
0 0.0907999841163 0.498980001077 0.0235336620351 0.0156891069886
0 0.0439999820585 0.501200001028 0.0206729933685 0.01378199467
0 0.0307999814781 0.510180000831 0.0202131494133 0.0134754320534
0 0.0211999810559 0.484980001385 0.0302333549778 0.0201555686558
0 0.0353999816803 0.439360002388 0.0202015741675 0.0134677152234
0 0.0243999811967 0.431940002551 0.0273835690209 0.0182557114766
0 0.0785999835799 0.382060003647 0.0286540759211 0.0191027160208
0 0.0957999843362 0.458220001973 0.0257327608808 0.0171551727891
0 0.0161999808361 0.455560002032 0.0289259457982 0.0192839625936
0 0.125399985638 0.470740001698 0.0872956565127 0.0581971005033
0 0.150799986755 0.378340003729 0.0815990526106 0.0543993648191
0 0.0817999837206 0.321760004973 0.0547264762808 0.0364843151142
0 0.0203999810208 0.274720006007 0.0259758410438 0.0173172262204
0 0.176999987907 0.444440002276 0.0330545490881 0.0220363646053
0 0.0459999821464 0.543060000108 0.0250267698172 0.016684512111
0 0.03379998161 0.258340006367 0.0446959816089 0.0297973191073
0 0.0437999820497 0.289400005685 0.028221240873 0.0188141593411
0 0.0345999816452 0.167280008369 0.0231637488363 0.0154424982057
0 0.018199980924 0.1613200085 0.0257295950016 0.0171530622031
0 0.0167999808625 0.105100009737 0.0398312124691 0.0265541398947
0 0.014399980757 0.0773800103459 0.0345897037034 0.023059800948
0 0.0485999822607 0.134160009098 0.0725368223081 0.0483578783493
0 0.0751999834304 0.181940008047 0.0258707734276 0.0172471811475
0 0.0809999836854 0.199700007657 0.0205596153193 0.0137064093088
0 0.105399984758 0.194340007775 0.0272682122973 0.0181788069992
0 0.0937999842482 0.184320007995 0.0234891418588 0.015659426873
0 0.10019998453 0.131260009161 0.0210720920163 0.0140480604176
0 0.138399986209 0.138020009013 0.0248895487402 0.0165930313991
0 0.139199986244 0.155600008626 0.0337220549326 0.0224813684723
0 0.107999984873 0.146280008831 0.109242619462 0.072828408171
0 0.0903999840987 0.101440009817 0.0251358937162 0.0167572613722
0 0.0679999831138 0.0905000100575 0.0488753378999 0.0325835564509
0 0.0835999837997 0.290120005669 0.0653096147422 0.0435397402898
0 0.164399987353 0.161420008498 0.0201671452311 0.0134447626006
0 0.149599986702 0.162040008485 0.0238829970191 0.0159219969626
0 0.246799990976 0.236020006858 0.0525451855057 0.03503012136
0 0.250399991134 0.196180007734 0.0231981777727 0.0154654508284
0 0.297999993227 0.210200007426 0.0241158870085 0.0160772569452
0 0.233199990378 0.282620005834 0.0347320693341 0.0231547113622
0 0.233999990413 0.147300008809 0.0489550784825 0.0326367168357
0 0.221399989859 0.202040007605 0.0826647666994 0.0551098408315
0 0.286599992726 0.225320007093 0.0200799846191 0.0133866555298
0 0.259999991556 0.177440008146 0.0302229669367 0.0201486432955
0 0.167399987484 0.135560009067 0.0631997541167 0.0421331666322
0 0.146199986552 0.111080009605 0.0355266060819 0.0236844024924
0 0.128799985787 0.105520009727 0.0204388172407 0.0136258772618
0 0.147599986614 0.355220004238 0.0232345853836 0.0154897225674
0 0.355199995742 0.280900005871 0.0750207513489 0.0500138309339
0 0.457600000245 0.248980006573 0.0271258466666 0.018083896585
0 0.489800001661 0.234160006899 0.0350808107157 0.0233872056013
0 0.474800001001 0.212040007385 0.0247219550096 0.0164813022527
0 0.465200000579 0.231020006968 0.0356499764373 0.0237666493906
0 0.395199997501 0.22866000702 0.0278493489996 0.0185662314418
0 0.343599995232 0.222060007165 0.127515678522 0.0850104467411
0 0.422799998715 0.17544000819 0.219603190019 0.146402117023
0 0.522000003076 0.202360007598 0.0412883083751 0.0275255371013
0 0.350399995531 0.203320007577 0.0238843820913 0.015922920344
0 0.327199994511 0.153320008676 0.0238839863564 0.0159226565207
0 0.401199997765 0.297580005505 0.0245042018802 0.0163361335093
0 0.581800005706 0.335920004662 0.109899539398 0.073266354766
0 0.763000013673 0.341980004529 0.0292672671504 0.0195115101467
0 0.645200008494 0.227100007054 0.0409207695857 0.0272805112578
0 0.643000008397 0.210840007412 0.0233755659421 0.0155837096003
0 0.670400009602 0.204800007545 0.0596846388573 0.0397897566138
0 0.762600013656 0.213140007361 0.0332227364211 0.0221484894866
0 0.789000014817 0.220760007194 0.0209925493011 0.0139950319444
0 0.887400019143 0.271280006083 0.0670515408433 0.0447010242806
0 0.928600020955 0.305620005328 0.0849317340807 0.0566211523193
0 0.963400022485 0.321860004971 0.052820221262 0.0352134785188
0 0.855000017719 0.301840005411 0.0431053251737 0.0287368815538
0 0.847200017376 0.281240005864 0.0523998518632 0.0349332322714
0 0.793200015001 0.260260006325 0.0277174703438 0.0184783123438
0 0.83320001676 0.261520006298 0.0544007864572 0.0362671885794
0 0.860000017938 0.244380006674 0.0468980484663 0.0312653635821
0 0.845000017279 0.23228000694 0.0258316946061 0.0172211286016
0 0.92780002092 0.214040007341 0.0799430009831 0.0532953304736
0 0.954600022098 0.170340008302 0.0263678164634 0.0175785431495
0 0.816400016021 0.206620007505 0.0798809695373 0.0532539761791
0 0.823800016347 0.240220006766 0.0419139652538 0.0279426416596
0 0.778000014333 0.200140007647 0.0214436870885 0.0142957904494
0 0.768800013928 0.171740008271 0.025726923791 0.0171512813961
0 0.794400015054 0.170400008301 0.0258275393896 0.0172183584574
0 0.819600016162 0.169200008327 0.0252500632351 0.0168333743798
0 0.851200017551 0.1659000084 0.0256843822891 0.0171229203967
0 0.718000011695 0.137760009018 0.0605514961582 0.040367661443
0 0.750000013102 0.126660009263 0.040886439583 0.0272576245909
0 0.736200012495 0.110020009628 0.0335862189278 0.0223908111417
0 0.720200011791 0.0804600102782 0.104550192871 0.0697001239837
0 0.694000010639 0.0535400108701 0.021840708128 0.014560471125
0 0.824800016391 0.10402000976 0.085827282162 0.0572181843341
0 0.817200016056 0.138980008992 0.0567122740148 0.0378081801828
0 0.787400014746 0.116340009489 0.0230162386519 0.0153441580892
0 0.776600014271 0.105700009723 0.0433788769241 0.0289192493754
0 0.868200018299 0.117700009459 0.0345882196975 0.0230588116108
0 0.85640001778 0.140540008957 0.0583377551212 0.0388918341823
0 0.884800019029 0.151920008707 0.0469713583568 0.0313142368391
0 0.94440002165 0.0727000104488 0.0729111875246 0.0486074551438
0 0.926200020849 0.0784800103218 0.0584490555622 0.0389660344714
0 0.902600019812 0.176480008167 0.0923741224991 0.061582744271
0 0.816200016013 0.0532200108771 0.0265155245153 0.0176770151776
0 0.879800018809 0.316280005094 0.0481176044979 0.0320784008829
0 0.917000020445 0.253720006469 0.0382258149089 0.0254838749251
0 0.968400022705 0.280220005886 0.0530721065266 0.0353814020174
0 0.964800022547 0.218440007245 0.0278976286575 0.0185984178784
0 0.932800021139 0.233580006912 0.0226240653649 0.0150827092484
0 0.907400020023 0.0518400109074 0.0491099097625 0.0327399376823
0 0.915400020374 0.0190000116294 0.020466815485 0.0136445427567
0 0.804800015511 0.06446001063 0.0367663445934 0.024510894779
0 0.77520001421 0.0574800107834 0.0254611878049 0.0169741240837
0 0.884800019029 0.0196000116162 0.0206335188121 0.0137556783008
0 0.744000012838 0.022020011563 0.0564995665054 0.0376663751859
0 0.511600002619 0.0169800116738 0.0226797650522 0.0151198423709
0 0.360399995971 0.102260009799 0.0960879956126 0.0640586595167
0 0.296199993148 0.10858000966 0.0274298700044 0.0182865787968
0 0.2427999908 0.0763200103692 0.0203642212119 0.0135761465791
0 0.220599989824 0.0442400110745 0.0251509316424 0.0167672866557
0 0.194799988689 0.0453800110495 0.0586202109069 0.039080138027
0 0.105199984749 0.0260200114751 0.0771189377948 0.0514126218055
0 0.0971999843977 0.0791200103077 0.0427771620069 0.0285181061237
0 0.047399982208 0.0468400110174 0.0993828843996 0.0662552518965
0 0.229799990228 0.925759991694 0.0388310914402 0.025887392586
0 0.0837999838085 0.68079999708 0.225951767171 0.150634501512
0 0.974800022986 0.721199996191 0.0423798441662 0.0282532275807
0 0.389599997255 0.281340005862 0.0448719847062 0.0299146544977
0 0.376799996692 0.304660005349 0.0217711577192 0.0145141041888
0 0.457400000236 0.335740004666 0.036030376611 0.0240202494897
