0 0.574000005363 0.706893974521 0.440554846714 0.293703211771
0 0.660000009144 0.822055971989 0.125803135737 0.0838687516266
0 0.36379999612 0.686713974964 0.182381354554 0.121587561684
0 0.328799994581 0.776355972993 0.164459510219 0.109639666248
0 0.185399988276 0.507393978907 0.343163498204 0.22877565038
0 0.0873999839668 0.909605970064 0.0980538087341 0.0653692015112
0 0.0525999824366 0.973959968649 0.0204739387132 0.0136492915752
0 0.114799985172 0.960487968945 0.0238367949694 0.0158911955982
0 0.0103999805811 0.932203969567 0.0220997166208 0.0147331434422
0 0.0371999817595 0.877425970771 0.0335784031635 0.0223856006325
0 0.0823999837469 0.943873969311 0.0211056305492 0.0140704194381
0 0.0293999814165 0.951931969133 0.0230948909635 0.0153965929602
0 0.0801999836502 0.88475597061 0.0249668159796 0.0166445428886
0 0.111199985013 0.881225970688 0.0221673872889 0.0147782572179
0 0.119399985374 0.928631969646 0.0200693987105 0.0133795982579
0 0.169399987572 0.941485969363 0.141746305567 0.0944975308122
0 0.180999988082 0.887867970542 0.0220108741355 0.0146739151225
0 0.247599991011 0.911101970031 0.0197869429248 0.0131912944132
0 0.247399991002 0.941223969369 0.0580315552415 0.0386877009426
0 0.29259999299 0.892621970437 0.0229526242665 0.0153017485018
0 0.289999992875 0.90933197007 0.0671010077059 0.0447340021868
0 0.220599989824 0.858605971185 0.0363823828056 0.0242549202706
0 0.466400000632 0.973639968656 0.0315228571532 0.0210152367161
0 0.446599999761 0.912575969999 0.0220138421473 0.0146758937969
0 0.45500000013 0.932135969569 0.0275503712818 0.0183669129764
0 0.383599996991 0.838601971625 0.108644070424 0.0724293755053
0 0.447999999823 0.833647971734 0.0225952756508 0.015063516107
0 0.432599999145 0.811933972211 0.0522626307863 0.0348417515595
0 0.477600001124 0.863733971072 0.0550700731087 0.036713379651
0 0.453800000078 0.872907970871 0.0206139299345 0.0137426190499
0 0.429599999014 0.845961971463 0.0440566718761 0.0293711126469
0 0.40039999773 0.914473969957 0.127740258079 0.0851601664355
0 0.326599994485 0.868111970976 0.0198619346886 0.013241288919
0 0.301999993403 0.866267971017 0.064474515167 0.0429830072764
0 0.283399992585 0.83156997178 0.040882482234 0.0272549863584
0 0.518200002909 0.949487969187 0.0553551011713 0.0369033983469
0 0.603200006647 0.991715968259 0.0200887897207 0.0133925255971
0 0.688600010402 0.928737969643 0.0379666085486 0.0253110706963
0 0.648200008625 0.900501970264 0.0201871298436 0.0134580856748
0 0.667800009487 0.953989969088 0.0855777713068 0.057051843775
0 0.830000016619 0.934525969516 0.0295604077784 0.0197069372192
0 0.842800017182 0.900609970262 0.0492515828572 0.0328343864058
0 0.907000020005 0.883711970633 0.110653414384 0.0737689380573
0 0.811400015801 0.88204997067 0.0212644191782 0.0141762785171
0 0.866000018202 0.847233971435 0.0255867347023 0.0170578220098
0 0.841000017103 0.851175971349 0.0286464580242 0.0190976374232
0 0.789200014825 0.855617971251 0.0359773481343 0.0239848971742
0 0.964400022529 0.979909968518 0.0475439867587 0.0316959890819
0 0.964400022529 0.840589971581 0.0247651890475 0.0165101249427
0 0.970000022775 0.624969976322 0.0201578454609 0.0134385627543
0 0.973800022942 0.635775976084 0.0211538112734 0.0141025399188
0 0.940800021491 0.681553975078 0.0200497108992 0.0133664730512
0 0.962800022459 0.752795973511 0.0268261764127 0.0178841164289
0 0.962200022432 0.737665973844 0.0244124903169 0.0162749924711
0 0.968200022696 0.712691974393 0.072734590825 0.0484897240185
0 0.832800016742 0.888101970537 0.0409810202244 0.0273206783476
0 0.763000013673 0.80699997232 0.05196236693 0.0346415756685
0 0.744400012855 0.786335972774 0.0637424055999 0.0424949342638
0 0.728400012152 0.818505972067 0.0350083912288 0.0233389259465
0 0.760600013568 0.744173973701 0.0564208152601 0.0376138743592
0 0.733800012389 0.734831973906 0.0366790850477 0.0244527217523
0 0.709200011308 0.783417972838 0.0333745007557 0.022249665703
0 0.822200016276 0.735521973891 0.0411480203526 0.0274320117591
0 0.777200014298 0.713345974379 0.0287578573989 0.0191719036681
0 0.702600011017 0.870241970929 0.0824736267422 0.0549824142017
0 0.636000008089 0.790893972674 0.0407725668652 0.0271817094507
0 0.621200007438 0.878441970749 0.0402888798823 0.0268592514833
0 0.599000006462 0.858031971198 0.0218172608351 0.0145448395974
0 0.749200013066 0.845813971466 0.0734694705364 0.0489796437938
0 0.616600007236 0.773265973061 0.0273073900525 0.0182049255009
0 0.613200007087 0.701171974646 0.0773028555901 0.051535233661
0 0.559400004721 0.702155974625 0.0829367355102 0.0552911533601
0 0.564800004958 0.75741997341 0.0339401048632 0.0226267350831
0 0.513800002716 0.85202797133 0.0563090201505 0.0375393442911
0 0.51480000276 0.871639970899 0.0395724018437 0.0263815994891
0 0.658400009074 0.687305974951 0.0505315873949 0.033687722708
0 0.518200002909 0.667377975389 0.0353426882865 0.023561790637
0 0.539200003833 0.741541973759 0.0370869887971 0.0247246575673
0 0.575600005433 0.663147975482 0.0377213518436 0.0251475662371
0 0.660200009153 0.621951976388 0.0357543515175 0.0238362327728
0 0.629800007816 0.60228597682 0.070507493735 0.0470049927231
0 0.504600002311 0.611727976613 0.0206943630531 0.0137962411255
0 0.503800002276 0.637437976048 0.0259259784463 0.0172839844909
0 0.516200002821 0.68918997491 0.034239082581 0.0228260535485
0 0.480600001256 0.812395972201 0.0920983942067 0.0613989254215
0 0.417999998503 0.752991973507 0.0278192731471 0.0185461808748
0 0.461800000429 0.692979974827 0.0321604850127 0.0214403219277
0 0.4816000013 0.77787797296 0.0584259050705 0.0389506008113
0 0.23619999051 0.724123974142 0.0764151232731 0.0509434121554
0 0.188199988399 0.835587971691 0.0199725425934 0.0133150275174
0 0.110399984978 0.794979972584 0.0376965194786 0.0251310113282
0 0.102199984618 0.811591972219 0.0224606268507 0.0149737502462
0 0.154599986922 0.780261972908 0.0421972125093 0.0281314731508
0 0.194199988663 0.794351972598 0.0319920998123 0.0213280651348
0 0.235799990492 0.778521972946 0.0953915021866 0.0635943305967
0 0.195599988724 0.854357971279 0.0304098527437 0.0202732338254
0 0.15159998679 0.649087975792 0.0388008177202 0.0258672101074
0 0.137999986192 0.663889975466 0.0199926261397 0.0133284165474
0 0.184599988241 0.682531975056 0.0796222578457 0.0530815017294
0 0.259999991556 0.683897975026 0.0882565008526 0.0588376633544
0 0.15159998679 0.722943974168 0.0219376631788 0.0146251078213
0 0.142599986394 0.70692797452 0.032514370948 0.021676245869
0 0.181799988118 0.732097973967 0.0952439920022 0.0634959904802
0 0.117999985312 0.714507974353 0.0336900004056 0.0224599987891
0 0.141399986341 0.682207975063 0.0297165251969 0.0198110154913
0 0.179599988021 0.620323976424 0.0298028943391 0.0198685949156
0 0.0601999827708 0.732551973957 0.0319397638716 0.02129317451
0 0.0255999812494 0.769775973138 0.0210834693947 0.0140556453361
0 0.081399983703 0.683923975026 0.0256736974468 0.017115797169
0 0.053199982463 0.686555974968 0.0278683442749 0.0185788949578
0 0.0747999834128 0.700067974671 0.0724044489837 0.0482696294721
0 0.025999981267 0.658597975582 0.0542830553241 0.0361887011625
0 0.0699999832017 0.66415197546 0.0445926947997 0.029728461239
0 0.011399980625 0.63277597615 0.0293754017121 0.0195835998498
0 0.0923999841867 0.666693975404 0.0299056864797 0.0199371230048
0 0.0953999843186 0.650709975756 0.0223713886305 0.0149142581033
0 0.0845999838437 0.636459976069 0.0391357083803 0.0260904705327
0 0.0653999829994 0.624793976326 0.0376573417234 0.0251048928264
0 0.047399982208 0.714223974359 0.0235114019469 0.0156742669308
0 0.0461999821552 0.761531973319 0.0260941657793 0.0173961093721
0 0.0155999808097 0.491411979258 0.0251558783287 0.0167705844463
0 0.0299999814429 0.483329979436 0.0229040478074 0.0152693641978
0 0.0445999820849 0.523717978548 0.0680439450417 0.0453626270358
0 0.0445999820849 0.465455979829 0.0256152276152 0.0170768172838
0 0.0119999806514 0.481013979487 0.0201248015967 0.0134165335129
0 0.0303999814605 0.620113976429 0.0389862195214 0.0259908113
0 0.0287999813901 0.445515980267 0.0294642441975 0.0196428281694
0 0.0741999833864 0.445787980261 0.0440252109514 0.0293501386985
0 0.0459999821464 0.473615979649 0.0779488928162 0.0519659251167
0 0.0627999828851 0.403351981194 0.0333075226237 0.0222050136179
0 0.0973999844065 0.395977981356 0.0400961569854 0.0267307695605
0 0.0653999829994 0.593319977018 0.0205929559847 0.0137286364177
0 0.201399988979 0.647859975819 0.0296575606967 0.0197717058271
0 0.184999988258 0.651013975749 0.0208860966127 0.0139240634901
0 0.230599990263 0.592583977034 0.0388327733135 0.0258885138348
0 0.25939999153 0.58866997712 0.0401756007668 0.026783732078
0 0.216399989639 0.466347979809 0.023577291808 0.015718193502
0 0.184199988223 0.526037978497 0.210355854716 0.140237227228
0 0.217399989683 0.550197977966 0.0497197372452 0.0331464893106
0 0.166599987449 0.514877978742 0.0204113136651 0.0136075415459
0 0.131799985919 0.468761979756 0.0228736751538 0.0152491157634
0 0.35719999583 0.606559976727 0.0204307046752 0.0136204688851
0 0.245799990932 0.63685997606 0.024861154761 0.0165741020809
0 0.345799995329 0.571599977495 0.0219578456588 0.014638562807
0 0.422999998723 0.638731976019 0.030540840996 0.0203605593211
0 0.388199997193 0.667623975384 0.0291451829334 0.0194301206741
0 0.382199996929 0.634873976104 0.0423060396071 0.0282040245445
0 0.437999999383 0.650103975769 0.0304829647667 0.0203219751708
0 0.435399999269 0.599147976889 0.0815946995267 0.0543964627634
0 0.469600000772 0.631585976176 0.0286637714262 0.0191091796904
0 0.349599995496 0.616049976518 0.0198381905945 0.013225459524
0 0.394799997483 0.60139797684 0.110749380098 0.0738329151955
0 0.405399997949 0.555955977839 0.0344098421908 0.0229398932809
0 0.368599996331 0.541557978156 0.0255867347023 0.0170578220098
0 0.360399995971 0.533963978323 0.0206813038014 0.0137875349582
0 0.354599995716 0.511001978827 0.0226489966636 0.0150993301132
0 0.371599996463 0.503199978999 0.0283094897559 0.0188729919258
0 0.456200000183 0.550953977949 0.0244595827701 0.0163063874379
0 0.515600002795 0.550335977963 0.0506124162485 0.0337416086069
0 0.503000002241 0.567683977581 0.0264499314554 0.0176332864739
0 0.543400004017 0.555761977843 0.0305534055791 0.0203689357093
0 0.543000004 0.568735977558 0.0517449106018 0.0344966047926
0 0.569800005178 0.542485978135 0.0551378427105 0.0367585593826
0 0.586200005899 0.558981977773 0.0213920436839 0.0142613615153
0 0.535600003674 0.526635978484 0.0481365997732 0.0320910643989
0 0.499400002083 0.510841978831 0.0255860421662 0.0170573603191
0 0.518000002901 0.515359978732 0.0450282999921 0.0300188646815
0 0.475400001027 0.500523979058 0.0436979381882 0.0291319568707
0 0.433799999198 0.488687979318 0.169339910887 0.112893266479
0 0.485200001458 0.468101979771 0.0523776907088 0.0349184581694
0 0.528400003358 0.491241979262 0.0482900459811 0.0321933618641
0 0.546800004167 0.505977978938 0.0225326506027 0.0150217660777
0 0.41519999838 0.411829981008 0.0250930554131 0.0167287025054
0 0.434399999225 0.415335980931 0.0445118659461 0.0296745753402
0 0.405999997976 0.407575981101 0.0647912020217 0.0431941318322
0 0.385199997061 0.376853981777 0.0209545587506 0.0139697049124
0 0.362799996076 0.377031981773 0.0200425876709 0.0133617242327
0 0.573400005336 0.606167976735 0.020656966105 0.0137713098284
0 0.74200001275 0.619227976448 0.0198299790953 0.0132199851916
0 0.736800012521 0.511493978817 0.0206705200253 0.0137803457747
0 0.68720001034 0.515803978722 0.098548279493 0.0656988486621
0 0.834000016795 0.596177976955 0.0315448204402 0.0210298789064
0 0.988200023575 0.563151977681 0.0253917363297 0.0169278231033
0 0.978000023127 0.545571978067 0.0274119630001 0.0182746407948
0 0.812600015854 0.574669977428 0.0259777207846 0.0173184793808
0 0.854600017701 0.584885977203 0.0233687395151 0.0155791586492
0 0.827800016523 0.567005977596 0.0391015762451 0.0260677157774
0 0.770600014007 0.594545976991 0.0257547241678 0.0171698149794
0 0.887000019126 0.523421978554 0.172063556344 0.114709029997
0 0.870400018396 0.491609979254 0.0425261671459 0.0283507762274
0 0.790600014887 0.477977979553 0.046138633191 0.0307590867653
0 0.77020001399 0.482469979455 0.0205224162386 0.0136816099233
0 0.952800022019 0.471249979701 0.0233508325108 0.0155672206471
0 0.922000020665 0.45946997996 0.0258154694752 0.0172103118483
0 0.913200020278 0.465071979837 0.0286396315972 0.0190930864722
0 0.919600020559 0.443511980311 0.0210696186731 0.0140464115223
0 0.836400016901 0.456269980031 0.0591943233148 0.039462879607
0 0.8182000161 0.406331981129 0.0208985622621 0.0139323739225
0 0.906800019996 0.410097981046 0.0994046498191 0.0662697621752
0 0.986600023505 0.42674798068 0.0240051801699 0.016003452391
0 0.955000022116 0.249389984579 0.0199627481546 0.013308497892
0 0.932000021104 0.221853985184 0.0228308368507 0.0152205568966
0 0.901800019776 0.382865981644 0.0467111626592 0.0311407730522
0 0.95420002208 0.282693983847 0.049416208576 0.0329441368778
0 0.885600019064 0.358989982169 0.0215408400067 0.0143605590573
0 0.788600014799 0.366401982006 0.0359480637516 0.0239653742537
0 0.72880001217 0.370429981918 0.0358855376372 0.0239236901802
0 0.697400010789 0.386459981565 0.0238497552874 0.0158998358096
0 0.735800012477 0.390915981467 0.0221032782349 0.0147355178514
0 0.761400013603 0.450079980167 0.0224002772783 0.0149335172006
0 0.878600018756 0.341089982563 0.0359382693128 0.0239588446283
0 0.821000016224 0.314721983143 0.0216412577379 0.014427504207
0 0.758200013462 0.306803983317 0.0199586918719 0.0133057937037
0 0.741400012724 0.307747983296 0.0231431706214 0.0154287793967
0 0.893000019389 0.30120198344 0.109925262166 0.0732835032773
0 0.763800013708 0.345825982459 0.131273181409 0.0875154485002
0 0.738200012583 0.295157983573 0.0256882407044 0.0171254926734
0 0.841200017112 0.297295983526 0.0298326733904 0.0198884476152
0 0.851800017578 0.190903985865 0.0210378609473 0.0140252397065
0 0.827000016487 0.199471985676 0.132002322964 0.0880015428384
0 0.772200014078 0.191871985844 0.0301566813407 0.0201044529012
0 0.807000015608 0.248387984601 0.120125329243 0.0800835475468
0 0.65240000881 0.357521982202 0.0351951781021 0.0234634505205
0 0.63580000808 0.346081982453 0.0235014096407 0.0156676053938
0 0.617000007254 0.341165982561 0.0308661350848 0.0205774220326
0 0.557400004633 0.421963980785 0.0295622875192 0.0197081903796
0 0.631200007878 0.457803979997 0.0215862505866 0.0143908327752
0 0.65740000903 0.418117980869 0.0216234496673 0.0144156321607
0 0.635000008045 0.413943980961 0.0427915073971 0.0285276697165
0 0.536200003701 0.329999982807 0.0225395759635 0.0150263829846
0 0.574600005389 0.283687983825 0.0225159308031 0.0150106195454
0 0.601200006559 0.264587984245 0.0218981886224 0.0145987914521
0 0.669600009566 0.281075983882 0.0223725758352 0.014915049573
0 0.546600004158 0.387373981545 0.2392445025 0.15949632448
0 0.634600008027 0.246073984652 0.0427568805933 0.0285045851821
0 0.665400009382 0.228809985031 0.0221850964258 0.0147900633083
0 0.603400006656 0.207663985496 0.040809370211 0.0272062450129
0 0.561600004818 0.223175985155 0.0401485918598 0.0267657261412
0 0.491000001713 0.283993983818 0.0254653430214 0.0169768942279
0 0.549400004281 0.16382798646 0.075303405002 0.0502022666902
0 0.648000008617 0.259325984361 0.0536147580098 0.035743169649
0 0.625600007632 0.267899984172 0.024258648374 0.0161724311827
0 0.637600008159 0.319335983041 0.0509660053827 0.0339773346808
0 0.499400002083 0.321177983001 0.0289444464048 0.0192962963305
0 0.462400000456 0.284549983806 0.0452977954598 0.0301985283148
0 0.424599998794 0.244173984694 0.0295097537111 0.0196731678432
0 0.389799997263 0.34667398244 0.140334521308 0.0935563413678
0 0.398199997633 0.257959984391 0.0246473589807 0.01643157157
0 0.3223999943 0.282377983854 0.0243202840849 0.0162135216539
0 0.282999992567 0.307167983309 0.0200099395416 0.0133399588146
0 0.211799989437 0.285015983796 0.0413770519267 0.0275846994651
0 0.146199986552 0.256295984427 0.0453090739045 0.0302060472774
0 0.187599988373 0.427393980666 0.0214637706347 0.0143091794794
0 0.0911999841339 0.341293982558 0.0298475134492 0.0198983409871
0 0.170799987634 0.324907982919 0.0205664417463 0.0137109602599
0 0.28259999255 0.242283984735 0.024774389884 0.0165162588333
0 0.198799988865 0.228011985049 0.0269518222438 0.0179678803108
0 0.203399989067 0.223169985155 0.132332761606 0.0882218352521
0 0.219799989789 0.199905985667 0.0200519863748 0.0133679900349
0 0.223799989964 0.296367983546 0.110296263636 0.0735308375742
0 0.173999987775 0.350993982345 0.13242872732 0.0882858123903
0 0.24939999109 0.325219982912 0.0236794903462 0.0157863258563
0 0.144199986464 0.43357998053 0.109301979697 0.0728679816585
0 0.0465999821728 0.376555981783 0.0356436446789 0.0237624282186
0 0.0307999814781 0.393239981416 0.0329952877867 0.0219968570736
0 0.0369999817507 0.362991982081 0.0217349479757 0.0144899643614
0 0.0275999813374 0.32258998297 0.0786318323218 0.0524212180904
0 0.0695999831841 0.359603982156 0.02948422881 0.0196561512435
0 0.0167999808625 0.414383980952 0.020712764726 0.0138085089066
0 0.0171999808801 0.190993985863 0.025796078465 0.0171973845091
0 0.0363999817243 0.224721985121 0.0208257470403 0.0138838304445
0 0.0673999830874 0.1938379858 0.0363405338398 0.0242270209619
0 0.102199984618 0.175689986199 0.0778621279391 0.0519080818691
0 0.0193999809768 0.108103987685 0.0212348379944 0.0141565577292
0 0.0311999814957 0.140351986976 0.0244251538337 0.0162834348151
0 0.0947999842922 0.130901987184 0.0754812878401 0.0503208552411
0 0.109799984952 0.10877598767 0.078721466277 0.0524809740565
0 0.0709999832457 0.0504079889537 0.0828063408603 0.0552042235992
0 0.124799985611 0.0354939892815 0.0298166461269 0.0198777627736
0 0.208799989305 0.0468719890314 0.0349188562074 0.0232792359362
0 0.181999988126 0.0759639883918 0.0224117535904 0.0149411680748
0 0.176599987889 0.0891779881013 0.0210437969708 0.0140291970553
0 0.175199987827 0.110687987628 0.0275030809611 0.0183353860981
0 0.118599985339 0.0683799885585 0.0615190679915 0.0410127092893
0 0.136999986148 0.158433986579 0.0203598681279 0.0135732445234
0 0.134399986033 0.143171986914 0.040324990692 0.0268833253549
0 0.231599990307 0.129351987218 0.0937732432421 0.0625154913715
0 0.223999989973 0.0804419882934 0.0537904643059 0.035860307172
0 0.294599993077 0.1529279867 0.108904266121 0.0726028392922
0 0.202599989032 0.035701989277 0.0909684721302 0.0606456440869
0 0.242199990773 0.0638799886575 0.0210902958217 0.0140601962871
0 0.405799997967 0.078727988331 0.0622851118264 0.0415234051456
0 0.390199997281 0.145291986868 0.0236664310945 0.015777619689
0 0.389199997237 0.15883998657 0.0210353876042 0.0140235908112
0 0.375199996622 0.184027986016 0.0575727995573 0.03838186384
0 0.438599999409 0.165535986423 0.0206481610034 0.013765439761
0 0.454400000104 0.214025985356 0.0654244767972 0.0436163149881
0 0.428799998978 0.0185299896545 0.0327081821159 0.0218054533057
0 0.417199998468 0.0251399895092 0.0262738294244 0.0175158851277
0 0.334399994828 0.0217259895842 0.0344377415013 0.02295849282
0 0.378399996762 0.0717879884836 0.0258957047264 0.0172638020123
0 0.511600002619 0.0396319891906 0.0235549327861 0.0157032874883
0 0.505400002346 0.0255959894992 0.032576699195 0.0217177980309
0 0.547400004193 0.096105987949 0.0212305838442 0.0141537216293
0 0.57440000538 0.0319939893585 0.0247067192159 0.0164711450575
0 0.604000006682 0.0853959881844 0.0423005982522 0.0282003969748
0 0.716600011633 0.154373986668 0.0226620559154 0.0151080362804
0 0.716200011615 0.137163987046 0.0531947843459 0.0354631872249
0 0.673400009734 0.151287986736 0.11088887665 0.0739259128911
0 0.81000001574 0.154321986669 0.0357179439066 0.0238119610338
0 0.798600015239 0.127563987257 0.0445506479664 0.0297004300187
0 0.907000020005 0.166005986412 0.030406884732 0.020271255151
0 0.858400017868 0.108627987674 0.131089164679 0.0873927706889
0 0.961400022397 0.0638979886571 0.0329914293714 0.0219942847969
0 0.966600022626 0.1529359867 0.0239502719523 0.0159668469151
0 0.980600023241 0.100929987843 0.0342112822042 0.0228075199652
0 0.948800021843 0.0889959881053 0.0205248895817 0.0136832588187
0 0.273799992163 0.762351973301 0.08765676461 0.058437839219
0 0.448199999831 0.535573978287 0.139263069063 0.0928420399183
