0 0.656200008977 0.0927568100079 0.2420967618 0.161397830555
0 0.16979998759 0.377810003741 0.209364538789 0.139576349987
0 0.323199994335 0.694287996783 0.367098534363 0.2447323401
0 0.44839999984 0.847595993413 0.300299472386 0.200199635053
0 0.835800016874 0.725191996104 0.185831173555 0.123887440866
0 0.803000015432 0.824383993923 0.183153037612 0.122102017021
0 0.0353999816803 0.117420009466 0.0400513400078 0.0267008915775
0 0.112999985092 0.118488009442 0.0941569082287 0.0627712680124
0 0.171199987652 0.167460808365 0.0311971673296 0.0207981101813
0 0.103799984688 0.0613084106993 0.100023974939 0.0666826455615
0 0.0633999829115 0.0473492110062 0.0237421153943 0.0158280758856
0 0.0343999816364 0.0856582101639 0.0815597759217 0.0543731803616
0 0.247199990993 0.128394809224 0.0259214274949 0.0172809505235
0 0.290599992902 0.137029809035 0.0295214278907 0.019680950629
0 0.296999993183 0.108646209659 0.050907535551 0.0339383547956
0 0.30079999335 0.0385104112005 0.034534399751 0.0230229316488
0 0.322999994326 0.078788010315 0.0673305339486 0.0448870196718
0 0.37879999678 0.0513310109186 0.019862132556 0.0132414208307
0 0.485800001485 0.171280408282 0.0971471800755 0.0647647824454
0 0.446199999743 0.12860180922 0.0541003247335 0.0360668807768
0 0.413399998301 0.090339410061 0.0249539545954 0.016635968633
0 0.713400011492 0.208816007456 0.0391345211756 0.026089679063
0 0.801000015344 0.195715407744 0.0257840085505 0.0171893378999
0 0.815600015986 0.208886007455 0.057315769739 0.0382105106391
0 0.844000017235 0.154879408642 0.0226336619362 0.0150891069623
0 0.835000016839 0.185492607969 0.031703015467 0.0211353422506
0 0.862400018044 0.193534407792 0.0230020911292 0.015334726408
0 0.864800018149 0.206498007507 0.0278108637805 0.0185405746308
0 0.933200021157 0.0274632114434 0.0305466780858 0.0203644507141
0 0.958800022283 0.056408610807 0.0250040150604 0.0166693422741
0 0.921000020621 0.121607409374 0.0228176786652 0.0152117847735
0 0.899200019662 0.174651808207 0.0428412710609 0.0285608454902
0 0.972800022898 0.0710482104851 0.0211771596325 0.0141181054905
0 0.989200023619 0.0756624103837 0.0307448423376 0.0204965602065
0 0.928400020946 0.184141007999 0.0329468102613 0.0219645387255
0 0.968600022714 0.163557608451 0.0263501073266 0.0175667370591
0 0.971600022846 0.180062608088 0.0370745231477 0.0247163471349
0 0.949800021887 0.179372208104 0.0257469084035 0.0171646044702
0 0.769000013937 0.196455007728 0.0215163044428 0.0143442020158
0 0.958400022265 0.10856520966 0.0403550665445 0.0269033759219
0 0.936800021315 0.357906004178 0.0298031911403 0.0198687927831
0 0.955400022133 0.379334003707 0.0978870064732 0.0652580000113
0 0.917600020471 0.408378003069 0.0830641621484 0.0553761044466
0 0.811800015819 0.406856003102 0.0359596389974 0.0239730910838
0 0.795200015089 0.491806001235 0.0495985434317 0.0330656934403
0 0.943400021606 0.255284006435 0.122184140066 0.0814560880051
0 0.883200018959 0.263968006244 0.0291995964823 0.019466396371
0 0.897000019565 0.32282200495 0.167166336943 0.111444217278
0 0.800800015335 0.260696006316 0.0222719602366 0.0148479725117
0 0.779000014377 0.277608005944 0.0241742579064 0.0161161708746
0 0.768400013911 0.237612006823 0.0749822661297 0.0499881741228
0 0.734000012398 0.229746006996 0.0330614744489 0.0220409815122
0 0.754400013295 0.37195800387 0.0302767868832 0.0201845232575
0 0.703400011053 0.427248002654 0.0297559008196 0.0198372659047
0 0.649000008661 0.435884002464 0.023521097452 0.0156807306004
0 0.639000008221 0.433892002508 0.0270654970942 0.0180436635393
0 0.621400007447 0.431210002567 0.0229857670645 0.015323843699
0 0.593200006207 0.35330400428 0.0501622677984 0.03344150966
0 0.691600010534 0.349140004371 0.0218601980719 0.0145734644201
0 0.639800008256 0.330000004792 0.0545867818607 0.0363911855069
0 0.634000008001 0.206728007502 0.052778075495 0.0351853813427
0 0.538800003815 0.411346003004 0.0246614075697 0.0164409372954
0 0.379599996815 0.374814003807 0.0210388502846 0.0140258992646
0 0.540800003903 0.458840001959 0.0292393678399 0.0194929106076
0 0.561400004809 0.484974001385 0.0216504585743 0.0144336380976
0 0.431199999084 0.52247200056 0.0275198007607 0.0183465326304
0 0.44179999955 0.516954000682 0.0222776983926 0.0148517979489
0 0.573800005354 0.527368000453 0.0225486778662 0.0150324509193
0 0.621200007438 0.454348002058 0.0337682569823 0.0225121698367
0 0.689600010446 0.455136002041 0.030947458607 0.0206316377105
0 0.694400010657 0.481754001456 0.0248583846167 0.0165722553181
0 0.697800010806 0.523774000532 0.0300454798335 0.0200303185679
0 0.600400006524 0.47611400158 0.0231744336786 0.0154496214334
0 0.581600005697 0.404526003154 0.104248445009 0.0694989587556
0 0.495600001916 0.259868006334 0.0236372456455 0.0157581627243
0 0.132199985937 0.2886780057 0.0340753472656 0.0227168966788
0 0.0853999838789 0.603481998779 0.0232086647476 0.0154724421446
0 0.0945999842834 0.470124001711 0.0342796454083 0.0228530954316
0 0.213999989533 0.58253199924 0.0200987820269 0.0133991871342
0 0.198399988848 0.569281999531 0.0216081149399 0.0144054090098
0 0.226799990096 0.516994000681 0.0225291879223 0.0150194576242
0 0.210199989366 0.533662000314 0.0209314082589 0.0139542712522
0 0.250399991134 0.449928002155 0.0229839862574 0.0153226564943
0 0.0497999823135 0.562099999689 0.107498417885 0.0716656071965
0 0.301199993368 0.593031999009 0.034658264775 0.0231055083261
0 0.353399995663 0.582583999239 0.0300157007822 0.0200104658683
0 0.38039999685 0.624229998323 0.0239528442292 0.0159685617662
0 0.487200001546 0.6207219984 0.0434661364698 0.028977422402
0 0.448199999831 0.629451998208 0.0490439209678 0.0326959451554
0 0.527000003296 0.636865998045 0.02947413757 0.0196494237507
0 0.562000004835 0.556961999802 0.0516199573068 0.0344133026014
0 0.548800004255 0.535624000271 0.0337850757156 0.0225233823249
0 0.521800003068 0.542664000117 0.0329179216135 0.0219452796282
0 0.478800001177 0.48930200129 0.0365728302268 0.0243818852097
0 0.650400008722 0.657161997599 0.0206225371686 0.0137483572056
0 0.740000012662 0.507970000879 0.021208323756 0.0141388815715
0 0.855800017754 0.641241997949 0.0277469525939 0.0184979671759
0 0.923600020735 0.626257998279 0.138886131569 0.0925907482727
0 0.885400019055 0.670607997304 0.0367787113091 0.0245191392555
0 0.907600020031 0.673731997235 0.0279511518029 0.0186340999729
0 0.91620002041 0.663145997468 0.020622735036 0.0137484891172
0 0.23939999065 0.528794000421 0.029202960229 0.0194686388686
0 0.758800013489 0.599697998863 0.0461992795646 0.0307995176783
0 0.984400023408 0.799609994468 0.0224094781147 0.0149396510911
0 0.946400021737 0.793339994605 0.0203021897661 0.0135347922847
0 0.991000023699 0.85997599314 0.0257252419177 0.0171501601473
0 0.952400022001 0.828745993827 0.0215771486839 0.0143847648405
0 0.930000021016 0.858497993173 0.0214888008672 0.0143258662999
0 0.888600019196 0.828765993827 0.0233887241276 0.0155924817233
0 0.864400018132 0.866577992995 0.0308958152024 0.0205972087764
0 0.841000017103 0.794733994575 0.030009665825 0.0200064425638
0 0.804600015502 0.796427994537 0.020520833299 0.0136805546303
0 0.945600021702 0.875539992798 0.0213755217517 0.0142503468946
0 0.788600014799 0.847225993421 0.0222859098918 0.0148572722813
0 0.744200012847 0.834041993711 0.0304878125193 0.0203252070056
0 0.741600012732 0.861075993116 0.0267124026286 0.0178082672445
0 0.618000007298 0.88592999257 0.0360911219183 0.0240607463586
0 0.645200008494 0.823929993933 0.0203356293652 0.0135570853493
0 0.649800008696 0.809019994261 0.0236962101458 0.0157974723886
0 0.660000009144 0.786859994748 0.0238231421153 0.015882093696
0 0.601400006568 0.811977994196 0.0199403891327 0.0132935918784
0 0.608400006875 0.756253995421 0.0305643872226 0.0203762568045
0 0.719200011747 0.794809994573 0.0339264520091 0.0226176331809
0 0.736600012512 0.797275994519 0.0210871299425 0.0140580857011
0 0.658800009092 0.734127995907 0.0251247142052 0.0167498083654
0 0.624600007588 0.715755996311 0.0236533718427 0.0157689135218
0 0.62760000772 0.774859995012 0.0300471617068 0.0200314398167
0 0.541600003938 0.738741995806 0.0229777534328 0.0153185012782
0 0.541200003921 0.752965995493 0.0310174047507 0.02067826847
0 0.460600000377 0.655371997639 0.0212860856641 0.0141907228401
0 0.462400000456 0.674713997213 0.0314208564825 0.0209472362734
0 0.445399999708 0.681057997074 0.0235218889218 0.0156812582469
0 0.442799999594 0.704559996557 0.0245766213671 0.0163844131641
0 0.264199991741 0.853573993281 0.0213759174866 0.0142506107178
0 0.209799989349 0.807615994291 0.0211198770056 0.0140799170751
0 0.210999989402 0.764131995248 0.0266041691331 0.0177361115856
0 0.274999992216 0.75400999547 0.024022790373 0.0160151925257
0 0.294999993095 0.880867992681 0.0264222300123 0.0176148188464
0 0.173799987766 0.701551996623 0.0254378394457 0.016958558512
0 0.13659998613 0.835457993679 0.0201530966421 0.0134353968753
0 0.034799981654 0.830335993792 0.0903905013071 0.0602603302302
0 0.116599985251 0.666559997393 0.030724165189 0.0204827754417
0 0.0447999820937 0.753493995481 0.0219168870965 0.0146112571006
0 0.0219999810911 0.642461997922 0.0228644743173 0.0152429818728
0 0.0289999813989 0.725863996089 0.041033356165 0.0273555689724
0 0.0193999809768 0.943171991311 0.0286235054 0.0190823356747
0 0.272199992093 0.977163990564 0.020018447842 0.0133456310144
0 0.222399989903 0.965919990811 0.028910512137 0.0192736734868
0 0.102399984626 0.981565990467 0.02240829091 0.0149388596214
0 0.1449999865 0.961167990916 0.032660594994 0.0217737285599
0 0.227599990131 0.930425991591 0.0218150842932 0.0145433885696
0 0.403399997861 0.983661990421 0.021276390159 0.0141842591705
0 0.378999996789 0.902691992201 0.0408384567262 0.0272256360218
0 0.563600004906 0.957643990993 0.0218152821606 0.0145435204812
0 0.559400004721 0.950609991148 0.0281350695982 0.0187567118284
0 0.635200008054 0.90864399207 0.0588766471229 0.0392510954931
0 0.659800009136 0.983505990425 0.0485705230923 0.0323803465925
0 0.758200013462 0.933271991529 0.0326516909587 0.0217677925368
0 0.741600012732 0.942525991325 0.0309647720089 0.0206431799777
0 0.731000012266 0.961185990915 0.0208904496967 0.0139269655459
0 0.84820001742 0.953437991086 0.0718222240104 0.0478814795155
0 0.887400019143 0.973641990641 0.0213600880906 0.0142400577878
0 0.878400018747 0.968759990749 0.0253672996996 0.0169115320177
0 0.91780002048 0.977871990548 0.0322710929176 0.0215140605261
0 0.979800023206 0.90548599214 0.0374791620841 0.0249861064081
0 0.929800021008 0.968769990748 0.027145138743 0.0180967579684
0 0.0495999823047 0.00793839187263 0.0206363878901 0.0137575910194
0 0.296599993165 0.0256696114828 0.0302414675433 0.0201609770325
0 0.897200019574 0.119110209428 0.0738217735321 0.0492145124421
0 0.703200011044 0.316290005093 0.108642091749 0.0724280563891
0 0.828600016558 0.358128004174 0.0256326399508 0.0170884255068
0 0.872600018492 0.401478003221 0.0564499017753 0.0376332653681
0 0.482400001335 0.299198005469 0.032451350165 0.0216342320165
0 0.265599991802 0.506400000914 0.0410167352992 0.0273444883959
0 0.398199997633 0.492726001214 0.0235235707952 0.0156823794958
0 0.469600000772 0.467644001766 0.0213624625 0.0142416407273
0 0.4816000013 0.635007998086 0.0243792485852 0.0162528313181
0 0.726000012046 0.760067995337 0.0207565923663 0.0138377273315
0 0.0397999818738 0.866347993 0.0237737741864 0.0158491817456
0 0.0425999819969 0.8845339926 0.028389032471 0.0189260203991
0 0.882600018932 0.898857992286 0.0374397864614 0.0249598559947
