0 0.610800010666 0.336521982663 0.200478285138 0.133652190092
0 0.467000013827 0.190083985883 0.54750806755 0.365005378366
0 0.237000018884 0.156415986623 0.17690337085 0.117935580566
0 0.0668000226257 0.937133969459 0.0265513350214 0.0177008900143
0 0.0428000231534 0.969485968747 0.0655510043849 0.04370066959
0 0.187800019965 0.932013969571 0.0478381104136 0.0318920736091
0 0.218000019302 0.965865968827 0.0413223361257 0.0275482240838
0 0.164800020471 0.931795969576 0.0297783548471 0.0198522365648
0 0.195200019803 0.912387970003 0.0285384186317 0.0190256124211
0 0.317000017125 0.970091968734 0.0343120911441 0.0228747274294
0 0.191000019895 0.8852439706 0.02455089536 0.0163672635733
0 0.191400019886 0.869943970936 0.0256718143196 0.0171145428798
0 0.171600020322 0.870741970918 0.0281433763187 0.0187622508791
0 0.218200019297 0.927685969666 0.0461270518605 0.030751367907
0 0.237200018879 0.901017970253 0.0230652078033 0.0153768052022
0 0.266400018237 0.842417971541 0.0205847417701 0.0137231611801
0 0.282800017877 0.828055971857 0.02903407653 0.01935605102
0 0.233000018972 0.836379971674 0.02279887825 0.0151992521667
0 0.221400019227 0.8488159714 0.0498275684329 0.0332183789553
0 0.314800017173 0.912679969996 0.0527881597716 0.0351921065144
0 0.33860001665 0.963539968878 0.0311151471669 0.0207434314446
0 0.4910000133 0.98436196842 0.0338904356625 0.022593623775
0 0.508600012913 0.957861969003 0.0295396277995 0.0196930851997
0 0.515400012763 0.899179970293 0.108159280902 0.0721061872682
0 0.584400011246 0.953779969093 0.092469977081 0.0616466513873
0 0.446600014276 0.919937969837 0.0360286899851 0.0240191266567
0 0.430400014632 0.938865969421 0.0476572595876 0.0317715063917
0 0.7002000087 0.966555968812 0.0227427828352 0.0151618552234
0 0.753800007522 0.904871970168 0.0288400675203 0.0192267116802
0 0.766400007245 0.91343596998 0.0247607337636 0.0165071558424
0 0.73340000797 0.849887971377 0.123372317833 0.0822482118886
0 0.699000008727 0.886465970573 0.0235757057585 0.0157171371723
0 0.61060001067 0.901957970232 0.0203121793929 0.0135414529286
0 0.768800007192 0.938389969431 0.0319069136659 0.0212712757773
0 0.874600004866 0.983893968431 0.0275063421456 0.0183375614304
0 0.874800004862 0.97075396872 0.0297597553092 0.0198398368728
0 0.867800005016 0.95574196905 0.0349356703323 0.0232904468882
0 0.95220000316 0.939047969417 0.0233259970688 0.0155506647125
0 0.939400003441 0.919281969851 0.0237408261242 0.0158272174161
0 0.977400002606 0.872341970883 0.0266211822222 0.0177474548148
0 0.952600003151 0.758867973378 0.122463117017 0.0816420780116
0 0.93900000345 0.818875972059 0.0327765409964 0.021851027331
0 0.943600003349 0.867749970984 0.0206285694047 0.0137523796031
0 0.975800002641 0.897999970319 0.0373097826248 0.0248731884166
0 0.950000003208 0.89661597035 0.0233978229439 0.0155985486293
0 0.939600003437 0.886099970581 0.0229620199415 0.0153080132943
0 0.919200003885 0.886831970565 0.0246701104832 0.0164467403222
0 0.883600004668 0.772643973075 0.0236859179139 0.0157906119426
0 0.872800004906 0.785791972786 0.021757501995 0.01450500133
0 0.861800005147 0.858895971179 0.0590793545327 0.0393862363551
0 0.82120000604 0.874593970834 0.0244815428277 0.0163210285518
0 0.801600006471 0.873555970857 0.0318362749954 0.0212241833302
0 0.833600005767 0.847277971434 0.0221002083742 0.0147334722495
0 0.838800005653 0.788697972722 0.0326344721857 0.0217563147905
0 0.912800004026 0.721907974191 0.0240454430242 0.0160302953494
0 0.986600002404 0.681843975071 0.0247554902769 0.0165036601846
0 0.898200004347 0.693775974809 0.0223477405222 0.0148984936815
0 0.826600005921 0.660031975551 0.029660129061 0.019773419374
0 0.863000005121 0.586299977172 0.020220368908 0.0134802459387
0 0.838200005666 0.588839977116 0.0232355716558 0.0154903811039
0 0.946800003279 0.598299976908 0.0321624594446 0.0214416396297
0 0.916400003947 0.808521972286 0.0393328781063 0.0262219187376
0 0.756400007465 0.748719973601 0.0936400660956 0.0624267107304
0 0.593000011057 0.841433971563 0.0268560508551 0.0179040339034
0 0.693800008841 0.808559972285 0.0239668896567 0.0159779264378
0 0.604200010811 0.737503973848 0.0337411446908 0.0224940964605
0 0.620000010463 0.71783997428 0.0200908646787 0.0133939097858
0 0.594400011026 0.720959974211 0.0210851484866 0.0140567656578
0 0.582600011286 0.743829973709 0.0245276459376 0.0163517639584
0 0.775000007056 0.655771975645 0.0208458278367 0.0138972185578
0 0.767400007223 0.660109975549 0.0216404634134 0.0144269756089
0 0.685600009021 0.655919975641 0.0243300753143 0.0162200502095
0 0.69020000892 0.633443976135 0.0243730125454 0.0162486750303
0 0.67200000932 0.639653975999 0.0202561829118 0.0135041219412
0 0.611000010661 0.671505975299 0.0211476745928 0.0140984497285
0 0.625400010345 0.682213975063 0.0284462124119 0.0189641416079
0 0.765400007267 0.68555597499 0.0223940414995 0.0149293609997
0 0.710000008485 0.739875973796 0.0505254468391 0.033683631226
0 0.726200008129 0.725737974106 0.027611409748 0.0184076064987
0 0.770400007157 0.605257976755 0.0245630642066 0.0163753761377
0 0.620000010463 0.633563976133 0.0292858628276 0.0195239085517
0 0.555600011879 0.696333974753 0.0273221275734 0.0182147517156
0 0.53100001242 0.700187974668 0.0306088044276 0.0204058696184
0 0.411600015045 0.854067971285 0.0370141686927 0.0246761124618
0 0.490800013304 0.817345972092 0.0224297565696 0.0149531710464
0 0.424200014768 0.772567973077 0.0253739249121 0.0169159499414
0 0.391400015489 0.820033972033 0.0264725837865 0.017648389191
0 0.526400012521 0.664977975442 0.0268346811733 0.0178897874488
0 0.509800012886 0.627255976271 0.0201085738132 0.0134057158754
0 0.539600012231 0.62551797631 0.147944483941 0.0986296559607
0 0.430400014632 0.629173976229 0.0228286572974 0.0152191048649
0 0.439000014443 0.674515975232 0.0246958332484 0.0164638888323
0 0.443600014342 0.726973974079 0.0204499940541 0.0136333293694
0 0.443400014346 0.738403973828 0.0266001093415 0.0177334062277
0 0.39320001545 0.695867974763 0.0248863795782 0.0165909197188
0 0.463200013911 0.596551976947 0.0220872480579 0.0147248320386
0 0.484000013453 0.607595976704 0.0218046933757 0.0145364622505
0 0.481000013519 0.597625976923 0.0210063972517 0.0140042648345
0 0.311200017252 0.63868197602 0.0257016923007 0.0171344615338
0 0.366000016048 0.603559976792 0.0289967785205 0.0193311856803
0 0.425400014742 0.593625977011 0.0202691432281 0.0135127621521
0 0.334600016738 0.633745976129 0.0202581615861 0.0135054410574
0 0.424800014755 0.751395973542 0.0291050120016 0.0194033413344
0 0.299400017512 0.788011972737 0.0261383857065 0.017425590471
0 0.268800018185 0.747357973631 0.0242584473066 0.0161722982044
0 0.245400018699 0.743651973712 0.0333477842509 0.0222318561673
0 0.418000014904 0.835579971691 0.0251026486731 0.0167350991154
0 0.269200018176 0.690153974889 0.0205172689784 0.0136781793189
0 0.22900001906 0.699529974683 0.0210572491798 0.0140381661199
0 0.304200017406 0.655361975654 0.0308685054223 0.0205790036148
0 0.241800018778 0.679679975119 0.0336347909501 0.0224231939667
0 0.140200021012 0.674883975224 0.0203532368835 0.013568824589
0 0.115200021562 0.649409975784 0.0249621628018 0.0166414418678
0 0.236200018901 0.635405976092 0.0227333841325 0.0151555894217
0 0.08480002223 0.882375970663 0.0211057266988 0.0140704844659
0 0.0784000223707 0.892069970449 0.0245421891933 0.0163614594622
0 0.0600000227752 0.880629970701 0.0375067596459 0.0250045064306
0 0.0426000231577 0.85746797121 0.0277330982141 0.0184887321427
0 0.0634000227005 0.695947974761 0.103225456673 0.0688169711154
0 0.0688000225817 0.805245972358 0.0308301191419 0.0205534127613
0 0.0996000219046 0.831495971781 0.0229881384415 0.0153254256277
0 0.120400021447 0.768203973173 0.146237877405 0.0974919182699
0 0.117000021522 0.541065978166 0.0239788606358 0.0159859070906
0 0.0992000219134 0.59049597708 0.108043528459 0.0720290189726
0 0.181600020102 0.563973977663 0.0222502908156 0.0148335272104
0 0.229800019042 0.567071977595 0.0328541050268 0.0219027366846
0 0.0546000228939 0.497165979132 0.0838073412376 0.0558715608251
0 0.134400021139 0.490621979275 0.0209605909429 0.0139737272953
0 0.178800020163 0.503123979001 0.0208106074352 0.0138737382901
0 0.227000019104 0.50635197893 0.0200795862355 0.0133863908236
0 0.111800021636 0.471887979687 0.0363683294192 0.0242455529461
0 0.0764000224146 0.468487979762 0.023763580878 0.015842387252
0 0.0410000231929 0.426923980676 0.0853116283322 0.0568744188881
0 0.151000020775 0.440785980371 0.0388443434353 0.0258962289569
0 0.0714000225246 0.39671798134 0.0338358242534 0.0225572161689
0 0.0428000231534 0.388037981531 0.0216115747694 0.014407716513
0 0.316200017143 0.590681977076 0.0287231278724 0.0191487519149
0 0.320600017046 0.564421977653 0.0219762444328 0.0146508296218
0 0.257400018435 0.500309979062 0.0877121559259 0.0584747706172
0 0.210000019477 0.469539979739 0.0513580729612 0.0342387153075
0 0.310600017266 0.5258859785 0.0363392429078 0.0242261619385
0 0.30220001745 0.504929978961 0.0309188626818 0.0206125751212
0 0.329200016857 0.525999978498 0.0229816088165 0.0153210725443
0 0.360600016166 0.583585977232 0.0208063532856 0.0138709021904
0 0.365600016057 0.536241978272 0.0237602171318 0.0158401447545
0 0.452000014157 0.54000797819 0.0325822351856 0.0217214901237
0 0.533400012367 0.570865977511 0.0206560729767 0.0137707153178
0 0.573200011492 0.568291977568 0.0206970315335 0.0137980210224
0 0.521800012622 0.48906597931 0.0440392537311 0.0293595024874
0 0.504400013005 0.473045979662 0.0206788277305 0.0137858851537
0 0.518800012688 0.460197979944 0.0217054628624 0.0144703085749
0 0.405400015181 0.48676397936 0.0224448934276 0.0149632622851
0 0.489400013335 0.545117978077 0.132618662578 0.088412441719
0 0.366600016035 0.424509980729 0.0237399357208 0.0158266238139
0 0.357800016228 0.456629980023 0.0252748922661 0.0168499281774
0 0.414000014992 0.485039979398 0.088402119635 0.0589347464233
0 0.439400014434 0.434399980511 0.0202758707205 0.013517247147
0 0.457200014043 0.433603980529 0.0308392210434 0.0205594806956
0 0.446000014289 0.44722198023 0.026488907849 0.0176592718993
0 0.435000014531 0.403567981189 0.023254764796 0.0155031765307
0 0.419400014874 0.404329981173 0.03083833064 0.0205588870934
0 0.485400013423 0.42626198069 0.0213772997389 0.0142515331592
0 0.470000013761 0.419509980839 0.0291675381078 0.0194450254052
0 0.468800013788 0.399145981287 0.0263335819208 0.0175557212805
0 0.495600013198 0.37986798171 0.0206244141888 0.0137496094592
0 0.413800014997 0.363305982075 0.0235220836864 0.0156813891243
0 0.432200014592 0.362507982092 0.0416100353609 0.0277400235739
0 0.485800013414 0.354367982271 0.0469803551285 0.0313202367523
0 0.486600013396 0.450175980165 0.068580552521 0.0457203683474
0 0.560800011765 0.447853980216 0.0202087936637 0.0134725291091
0 0.573800011479 0.455289980052 0.0262919308279 0.0175279538853
0 0.562600011725 0.374915981819 0.0315915129913 0.0210610086609
0 0.465600013858 0.394171981396 0.0896224669754 0.059748311317
0 0.591000011101 0.50450597897 0.0252693519782 0.0168462346522
0 0.632800010182 0.503433978994 0.0201373635234 0.0134249090156
0 0.612800010622 0.463793979865 0.0240887759901 0.0160591839934
0 0.545200012108 0.500019979069 0.0253688792928 0.0169125861952
0 0.508800012908 0.505643978945 0.0277520934868 0.0185013956579
0 0.560800011765 0.513437978774 0.0254051879651 0.0169367919768
0 0.60740001074 0.598979976893 0.0248821254286 0.016588083619
0 0.623000010397 0.600899976851 0.0211814109886 0.0141209406591
0 0.601800010864 0.627733976261 0.0232961190877 0.0155307460585
0 0.661800009544 0.621815976391 0.0200321969873 0.0133547979915
0 0.696600008779 0.572593977473 0.02264483846 0.0150965589734
0 0.688000008968 0.552033977925 0.0507742651253 0.0338495100836
0 0.672200009316 0.59775797692 0.0403652513935 0.0269101675957
0 0.682200009096 0.604089976781 0.12267186715 0.0817812447668
0 0.611400010653 0.539745978195 0.0292149273559 0.0194766182373
0 0.624600010362 0.521619978594 0.0207505546719 0.0138337031146
0 0.617800010512 0.525587978507 0.0238548966944 0.0159032644629
0 0.615800010556 0.576903977378 0.0812620736229 0.0541747157486
0 0.663600009505 0.530289978403 0.0198228532522 0.0132152355015
0 0.702200008656 0.496995979135 0.0213912493923 0.0142608329282
0 0.727400008102 0.510817978831 0.0240157629105 0.016010508607
0 0.710000008485 0.538695978219 0.0504891381667 0.0336594254444
0 0.676200009228 0.49998597907 0.0679108702229 0.0452739134819
0 0.791800006686 0.535219978295 0.0220706271942 0.0147137514628
0 0.803800006423 0.543071978122 0.02133841879 0.0142256125266
0 0.853000005341 0.567467977586 0.022994173398 0.015329448932
0 0.775800007038 0.450293980162 0.0231994608508 0.0154663072339
0 0.76800000721 0.461227979922 0.0204552375408 0.0136368250272
0 0.862800005125 0.491353979259 0.0248552154588 0.0165701436392
0 0.744400007728 0.438937980412 0.0236773106809 0.0157848737873
0 0.757600007438 0.584747977206 0.0237340986318 0.0158227324212
0 0.90760000414 0.490003979289 0.0206914912457 0.0137943274971
0 0.986200002412 0.475447979609 0.024053753456 0.0160358356373
0 0.935000003538 0.540781978173 0.139226445219 0.0928176301458
0 0.946600003283 0.504139978978 0.0200052870176 0.0133368580117
0 0.980800002531 0.440337980381 0.0226064521797 0.0150709681198
0 0.969400002782 0.393807981404 0.0215956464418 0.0143970976279
0 0.965000002879 0.370599981914 0.0229408481271 0.0152938987514
0 0.964800002883 0.313147983177 0.0232361652581 0.0154907768387
0 0.976600002623 0.24026198478 0.0346590516729 0.0231060344486
0 0.927000003714 0.260845984327 0.0216967566957 0.0144645044638
0 0.936400003507 0.181521986071 0.0376873136707 0.0251248757805
0 0.944800003323 0.139381986998 0.0293625364546 0.0195750243031
0 0.958000003032 0.145437986864 0.0239711438063 0.0159807625375
0 0.931600003613 0.317985983071 0.0203617451828 0.0135744967885
0 0.922800003806 0.407293981107 0.0355131464106 0.0236754309404
0 0.898400004343 0.420507980817 0.0470278433104 0.0313518955402
0 0.8594000052 0.414761980943 0.061382729221 0.0409218194807
0 0.829200005864 0.412581980991 0.0240593926776 0.0160395951184
0 0.831400005816 0.431871980567 0.0370194121794 0.0246796081196
0 0.800600006493 0.421831980788 0.0200755299533 0.0133836866355
0 0.805600006383 0.435879980479 0.0398282392035 0.026552159469
0 0.872800004906 0.530759978393 0.106956246961 0.071304164641
0 0.857200005249 0.378381981743 0.0281968005233 0.0187978670155
0 0.804600006405 0.343899982501 0.0764135302536 0.0509423535024
0 0.841800005587 0.363205982077 0.0718086606176 0.0478724404117
0 0.906400004167 0.263011984279 0.0225732104524 0.0150488069683
0 0.741800007786 0.298775983493 0.025081377925 0.0167209186167
0 0.856400005266 0.236055984872 0.0350342083097 0.0233561388731
0 0.776000007034 0.243983984698 0.0279787506216 0.0186525004144
0 0.732800007984 0.252637984508 0.0278992079169 0.0185994719446
0 0.739000007847 0.227281985065 0.0439370552064 0.0292913701376
0 0.747400007663 0.197645985717 0.0199966797846 0.0133311198564
0 0.741400007794 0.18204598606 0.0245266566005 0.0163511044003
0 0.775200007051 0.170153986321 0.0656201590498 0.0437467726999
0 0.860200005183 0.144341986888 0.0356743094278 0.0237828729519
0 0.718600008296 0.307231983307 0.0254700884804 0.0169800589869
0 0.694600008823 0.319117983046 0.0199717484891 0.0133144989928
0 0.593800011039 0.272971984061 0.0325354395397 0.0216902930265
0 0.57060001155 0.284145983815 0.0296689341614 0.0197792894409
0 0.651200009778 0.224383985129 0.0271192145296 0.0180794763531
0 0.53100001242 0.264621984244 0.0206740789123 0.0137827192749
0 0.760800007368 0.353431982292 0.0246195553563 0.0164130369042
0 0.380200015736 0.334459982709 0.0301088923797 0.0200725949198
0 0.348400016435 0.352951982302 0.0215595356368 0.0143730237579
0 0.329000016861 0.383389981633 0.0278921836233 0.0185947890822
0 0.313400017204 0.399627981276 0.024735505667 0.0164903371113
0 0.448800014227 0.285569983784 0.0240906557307 0.0160604371538
0 0.419200014878 0.294215983593 0.0237084748003 0.0158056498669
0 0.444800014315 0.296155983551 0.0335128056829 0.0223418704553
0 0.419000014882 0.265069984234 0.0262890617503 0.0175260411668
0 0.358400016215 0.253777984483 0.0240107172912 0.0160071448608
0 0.370400015951 0.268173984166 0.0222000324898 0.0148000216599
0 0.352000016355 0.242849984723 0.0255735731434 0.0170490487623
0 0.513200012811 0.236829984855 0.0317179502755 0.0211453001837
0 0.28540001782 0.39124198146 0.044232867006 0.029488578004
0 0.186600019992 0.395309981371 0.0341410347556 0.0227606898371
0 0.22760001909 0.365133982034 0.0243279977063 0.0162186651375
0 0.271400018128 0.32846598284 0.0245769149263 0.0163846099509
0 0.295000017609 0.415691980923 0.0372633827138 0.0248422551425
0 0.297600017551 0.336291982668 0.0321679007988 0.0214452671992
0 0.220600019244 0.412237980999 0.106093544991 0.0707290299939
0 0.0990000219178 0.383335981634 0.0222316912777 0.0148211275185
0 0.175800020229 0.340177982583 0.0278947558999 0.0185965039332
0 0.170000020357 0.285861983777 0.0381086723511 0.0254057815674
0 0.192800019856 0.273509984049 0.0513590622984 0.0342393748656
0 0.130200021232 0.307947983292 0.0208892597364 0.0139261731576
0 0.292000017675 0.28753798374 0.025246399357 0.0168309329047
0 0.298200017538 0.299505983477 0.0259212262082 0.0172808174721
0 0.254800018492 0.271271984098 0.0241990870793 0.0161327247195
0 0.25400001851 0.256551984422 0.0240377261946 0.0160251507964
0 0.219800019262 0.335475982686 0.0311453219491 0.0207635479661
0 0.218800019284 0.320145983023 0.0288986362779 0.0192657575186
0 0.168600020388 0.397971981312 0.0515305144217 0.0343536762811
0 0.284600017837 0.266901984194 0.0200339777941 0.0133559851961
0 0.268600018189 0.243165984716 0.0252738039953 0.0168492026635
0 0.202200019649 0.221493985192 0.116459819359 0.0776398795726
0 0.16260002052 0.235579984883 0.080483663175 0.05365577545
0 0.190200019913 0.327381982864 0.0210929642499 0.0140619761666
0 0.112000021632 0.308771983273 0.0658988553172 0.0439325702114
0 0.162200020528 0.319003983048 0.101110253905 0.067406835937
0 0.259200018396 0.286683983759 0.0236868083173 0.0157912055449
0 0.332800016778 0.352061982322 0.0197903040609 0.0131935360406
0 0.035400023316 0.349043982388 0.0411445522448 0.0274297014965
0 0.0918000220761 0.231793984966 0.0529319104555 0.0352879403037
0 0.0600000227752 0.211805985405 0.0277832576062 0.0185221717374
0 0.0118000238349 0.213897985359 0.0219224244933 0.0146149496622
0 0.0542000229027 0.219111985245 0.114425742235 0.0762838281569
0 0.0988000219222 0.199923985667 0.0339150701569 0.0226100467712
0 0.10480002179 0.182723986045 0.0271628442967 0.0181085628645
0 0.059600022784 0.181479986072 0.0365704509933 0.0243803006622
0 0.120200021452 0.19110198586 0.0285957012511 0.019063800834
0 0.125200021342 0.170807986307 0.0389713743218 0.0259809162146
0 0.0232000235843 0.163047986477 0.0364279864477 0.0242853242984
0 0.0514000229643 0.333331982733 0.0455126735075 0.0303417823383
0 0.0572000228368 0.28347198383 0.0258700774789 0.0172467183193
0 0.074200022463 0.270343984118 0.0327896991802 0.0218597994535
0 0.129400021249 0.0259339894917 0.0346096837505 0.0230731225003
0 0.0666000226301 0.0324579893483 0.0927612379298 0.0618408252866
0 0.0418000231753 0.0619139887007 0.022205473844 0.0148036492293
0 0.174600020256 0.0365879892575 0.109193138195 0.0727954254634
0 0.0508000229775 0.108293987681 0.0229805205457 0.0153203470304
0 0.0622000227268 0.155689986639 0.0256520275772 0.0171013517181
0 0.0508000229775 0.0951879879692 0.0258047812289 0.0172031874859
0 0.046000023083 0.0755639884006 0.03350073577 0.0223338238467
0 0.046000023083 0.125559987301 0.0246954375136 0.016463625009
0 0.085800022208 0.10604798773 0.087703845494 0.0584692303294
0 0.137600021069 0.128889987228 0.0303665157664 0.0202443438442
0 0.164000020489 0.15654798662 0.0815311733202 0.0543541155468
0 0.139800021021 0.0992859878791 0.148365941555 0.0989106277034
0 0.180200020133 0.101229987836 0.02762585407 0.0184172360467
0 0.190600019904 0.0154359897225 0.0245804765399 0.01638698436
0 0.395800015393 0.0829819882375 0.0268257771391 0.0178838514261
0 0.343200016549 0.0420959891364 0.0598326358177 0.0398884238785
0 0.229400019051 0.0171499896848 0.0253247548571 0.0168831699047
0 0.392000015476 0.0430479891155 0.0336099585883 0.0224066390589
0 0.472200013713 0.0414139891514 0.035121072109 0.0234140480727
0 0.509200012899 0.195935985754 0.032041661382 0.021361107588
0 0.48960001333 0.19022798588 0.022522457458 0.0150149716387
0 0.50280001304 0.175897986195 0.0264188627807 0.0176125751871
0 0.497400013159 0.149079986784 0.0220955584897 0.0147303723265
0 0.511400012851 0.158527986577 0.0246414197067 0.0164276131378
0 0.582000011299 0.118731987452 0.0241031213784 0.0160687475856
0 0.644800009918 0.146791986835 0.0256233368006 0.0170822245338
0 0.540000012222 0.0248959895145 0.0592772219572 0.0395181479715
0 0.578000011387 0.0448319890762 0.0605852245667 0.0403901497111
0 0.614200010591 0.0533679888886 0.0417316248932 0.0278210832622
0 0.636800010094 0.0269479894694 0.0217484000935 0.0144989333956
0 0.626800010314 0.0317799893632 0.0315868631068 0.0210579087379
0 0.677200009206 0.129813987208 0.0264942502694 0.017662833513
0 0.65380000972 0.057941988788 0.0277766290475 0.0185177526983
0 0.746000007693 0.017959989667 0.0210920738465 0.0140613825643
0 0.841600005592 0.033881989317 0.022766230125 0.01517748675
0 0.808200006326 0.0474399890189 0.0206673514199 0.0137782342799
0 0.801000006484 0.0829539882381 0.0204406942851 0.0136271295234
0 0.741400007794 0.081775988264 0.0233681428302 0.0155787618868
0 0.741400007794 0.109385987657 0.0246781241139 0.0164520827426
0 0.710800008467 0.110941987623 0.046723028543 0.0311486856953
0 0.657400009641 0.184397986008 0.0204433654954 0.0136289103302
0 0.676400009223 0.149593986773 0.0298311854495 0.0198874569663
0 0.896200004391 0.0609359887222 0.0262776843734 0.0175184562489
0 0.951400003178 0.0904779880727 0.0240526651852 0.0160351101234
0 0.953200003138 0.0744959884241 0.0200004392657 0.0133336261771
0 0.0860000222036 0.791431972662 0.093449124031 0.0622994160207
0 0.414800014975 0.541655978153 0.0213794762805 0.014252984187
0 0.21900001928 0.038791989209 0.0340277556551 0.0226851704367
