0 0.81800000611 0.194119985794 0.128971965945 0.0859813106303
0 0.495600013198 0.0490199889842 0.104956796637 0.0699711977581
0 0.455600014078 0.171219986298 0.247810151747 0.165206767831
0 0.606200010767 0.212899985381 0.236507964461 0.157671976307
0 0.227400019095 0.10649998772 0.196622838373 0.131081892248
0 0.196600019772 0.467819979777 0.157955586282 0.105303724188
0 0.315800017151 0.654339975676 0.108166206262 0.0721108041748
0 0.188000019961 0.600459976861 0.395968332506 0.263978888337
0 0.305600017376 0.702099974626 0.114902602728 0.0766017351522
0 0.0784000223707 0.71873997426 0.134038361349 0.089358907566
0 0.43820001446 0.796439972552 0.146592060095 0.0977280400631
0 0.753600007526 0.968799968763 0.0210600193237 0.0140400128825
0 0.739000007847 0.958239968995 0.0393708686518 0.0262472457679
0 0.692000008881 0.949919969178 0.0430151908758 0.0286767939172
0 0.653400009729 0.938339969432 0.0399383524252 0.0266255682835
0 0.584000011255 0.942359969344 0.0226616571911 0.0151077714608
0 0.157000020643 0.908099970097 0.0244207975284 0.0162805316856
0 0.0664000226345 0.935099969503 0.0200328895233 0.0133552596822
0 0.0608000227576 0.924679969733 0.0214922607125 0.0143281738083
0 0.0124000238217 0.802759972413 0.0207995268594 0.0138663512396
0 0.0582000228148 0.880399970706 0.0558068251994 0.0372045501329
0 0.104400021799 0.8988799703 0.0652653827577 0.0435102551718
0 0.0934000220409 0.868799970961 0.0412680215177 0.0275120143451
0 0.08480002223 0.828699971843 0.0276333730321 0.0184222486881
0 0.11120002165 0.842439971541 0.0486728141437 0.0324485427625
0 0.127200021298 0.828439971848 0.0230006040892 0.0153337360595
0 0.047000023061 0.815359972136 0.0896467057349 0.05976447049
0 0.168400020392 0.828199971854 0.0343095188675 0.0228730125784
0 0.258000018422 0.859859971158 0.0591123983926 0.0394082655951
0 0.214800019372 0.882599970658 0.0231474217182 0.0154316144788
0 0.196800019768 0.900739970259 0.0212579856819 0.0141719904546
0 0.305200017384 0.899819970279 0.0443180489322 0.0295453659548
0 0.321800017019 0.763199973283 0.0365478941069 0.0243652627379
0 0.168400020392 0.802179972426 0.0465844224121 0.0310562816081
0 0.175200020242 0.73737997385 0.0373628110946 0.0249085407297
0 0.154600020695 0.711519974419 0.0313285471842 0.0208856981228
0 0.204000019609 0.720259974227 0.062394524296 0.0415963495307
0 0.113200021606 0.768939973157 0.151682199589 0.101121466393
0 0.281400017908 0.744799973687 0.0419437387723 0.0279624925148
0 0.239800018822 0.769599973142 0.023704121717 0.0158027478113
0 0.186600019992 0.659799975556 0.0220812131014 0.0147208087343
0 0.147800020845 0.658479975585 0.022681641801 0.015121094534
0 0.110600021663 0.662319975501 0.0454661746627 0.0303107831085
0 0.0884000221508 0.680419975103 0.0313914690251 0.0209276460168
0 0.0264000235139 0.65279997571 0.0250318121352 0.0166878747568
0 0.343400016545 0.927459969671 0.0272514889029 0.0181676592686
0 0.335800016712 0.902159970228 0.0328421340477 0.0218947560318
0 0.304800017393 0.868719970963 0.0541047696141 0.0360698464094
0 0.416200014944 0.843159971525 0.0276020110454 0.0184013406969
0 0.354200016307 0.796379972553 0.0754819704192 0.0503213136128
0 0.504800012996 0.852959971309 0.104884575027 0.0699230500182
0 0.404800015195 0.862599971097 0.187890948931 0.12526063262
0 0.402400015247 0.733399973938 0.02513054798 0.0167536986533
0 0.483200013471 0.765459973233 0.0258962949127 0.0172641966085
0 0.490800013304 0.753799973489 0.0235307898531 0.0156871932354
0 0.512400012829 0.765779973226 0.0390695165644 0.0260463443762
0 0.382200015692 0.756239973436 0.0698820255055 0.0465880170037
0 0.437000014487 0.692859974829 0.0261740018429 0.017449334562
0 0.377200015801 0.698399974707 0.04042698603 0.02695132402
0 0.371200015933 0.6577799756 0.0270198850826 0.0180132567217
0 0.40500001519 0.695979974761 0.0799801895135 0.0533201263423
0 0.39000001552 0.655419975652 0.0218627674648 0.0145751783099
0 0.463600013902 0.71417997436 0.0336299431982 0.0224199621321
0 0.502200013053 0.73103997399 0.0275168291191 0.0183445527461
0 0.535000012332 0.740699973777 0.0307892595188 0.0205261730125
0 0.545200012108 0.726739974084 0.0203219738305 0.0135479825536
0 0.534000012354 0.774559973033 0.0229235347274 0.0152823564849
0 0.440800014403 0.939199969413 0.0331618878056 0.0221079252037
0 0.536800012293 0.887719970545 0.0234010877564 0.0156007251709
0 0.63880001005 0.884519970615 0.0211955585095 0.0141303723397
0 0.686600008999 0.827259971874 0.0200479274476 0.013365284965
0 0.581600011308 0.82335997196 0.0343962837332 0.0229308558221
0 0.574600011462 0.768559973165 0.0222736391717 0.0148490927812
0 0.536600012297 0.912819969993 0.0486310641172 0.0324207094114
0 0.794200006634 0.894719970391 0.0630650969976 0.0420433979984
0 0.599000010925 0.765819973225 0.0258689892081 0.0172459928054
0 0.555000011892 0.763259973281 0.0705058025612 0.0470038683741
0 0.624200010371 0.679479975123 0.134180825895 0.0894538839298
0 0.779000006968 0.918199969875 0.0203046604308 0.0135364402872
0 0.81440000619 0.923579969757 0.033506572859 0.0223377152394
0 0.907800004136 0.909819970059 0.0254724628895 0.0169816419263
0 0.861400005156 0.80651997233 0.0270087055731 0.0180058037154
0 0.781200006919 0.761359973323 0.0424359339906 0.0282906226604
0 0.813800006203 0.721839974192 0.0415083315047 0.0276722210031
0 0.776200007029 0.725319974116 0.0436997132307 0.0291331421538
0 0.731400008014 0.714019974364 0.0209680109714 0.0139786739809
0 0.716200008348 0.718219974272 0.0253580955181 0.0169053970121
0 0.825600005943 0.773579973055 0.0224098708935 0.014939913929
0 0.906400004167 0.771579973098 0.0232839502411 0.0155226334941
0 0.914200003995 0.793679972613 0.0330255571501 0.0220170381001
0 0.94900000323 0.820239972029 0.0235940084952 0.0157293389968
0 0.949600003217 0.561419977719 0.027469439871 0.018312959914
0 0.94400000334 0.585779977183 0.020187028247 0.0134580188313
0 0.932000003604 0.604819976765 0.0230150484112 0.0153433656075
0 0.964200002896 0.660239975546 0.0211457948522 0.0140971965682
0 0.896200004391 0.543539978112 0.0514371209973 0.0342914139982
0 0.922600003811 0.626239976294 0.0385946347456 0.0257297564971
0 0.717600008318 0.61411997656 0.0224247109503 0.0149498073002
0 0.65700000965 0.62549997631 0.0214038139738 0.0142692093158
0 0.848200005446 0.555099977858 0.0476420237959 0.0317613491973
0 0.874600004866 0.61459997655 0.0379896550953 0.0253264367302
0 0.681000009122 0.699039974693 0.0236868083173 0.0157912055449
0 0.856600005262 0.716319974313 0.066245815846 0.0441638772307
0 0.867400005024 0.575819977402 0.0242705172195 0.016180344813
0 0.865200005073 0.502999979003 0.0214280527333 0.0142853684888
0 0.830600005833 0.543559978112 0.0326188406591 0.0217458937728
0 0.77980000695 0.515459978729 0.0436649874977 0.0291099916652
0 0.761400007355 0.496539979145 0.0260936676686 0.0173957784457
0 0.720200008261 0.493939979202 0.0213434644093 0.0142289762729
0 0.718800008291 0.484219979416 0.0211252166401 0.0140834777601
0 0.721800008225 0.521299978601 0.0228258871534 0.0152172581023
0 0.851000005385 0.530299978403 0.0234615362546 0.0156410241697
0 0.691600008889 0.486959979356 0.0406151579506 0.0270767719671
0 0.870600004954 0.659119975571 0.024076112475 0.01605074165
0 0.857200005249 0.675319975215 0.056746200797 0.0378308005314
0 0.641200009997 0.633019976145 0.029259942195 0.01950662813
0 0.612800010622 0.638959976014 0.0322827628387 0.0215218418925
0 0.51920001268 0.680619975098 0.0203307789308 0.0135538526206
0 0.500400013093 0.670139975329 0.0480123326808 0.0320082217872
0 0.533200012372 0.674319975237 0.0207713307514 0.0138475538343
0 0.40320001523 0.626839976281 0.0547323061508 0.0364882041005
0 0.49600001319 0.581479977278 0.0230148505438 0.0153432336959
0 0.512600012825 0.576219977394 0.0202890289043 0.0135260192695
0 0.586200011207 0.66277997549 0.06427030748 0.0428468716534
0 0.48280001348 0.498719979097 0.0272932389295 0.0181954926196
0 0.532800012381 0.478999979531 0.0228622947595 0.0152415298397
0 0.514600012781 0.473959979642 0.0249192255706 0.0166128170471
0 0.457200014043 0.478779979536 0.0212412658845 0.014160843923
0 0.447800014249 0.490219979284 0.0200242822903 0.0133495215269
0 0.477400013599 0.483699979428 0.021627898832 0.0144185992213
0 0.52100001264 0.525179978516 0.112971416665 0.075314277777
0 0.425800014733 0.528499978443 0.124207318364 0.0828048789094
0 0.574600011462 0.476239979592 0.0216963609608 0.0144642406406
0 0.20260001964 0.537059978254 0.0439569408826 0.029304627255
0 0.150000020797 0.573039977463 0.0311834114283 0.0207889409522
0 0.100800021878 0.530079978408 0.0299535664515 0.019969044301
0 0.0274000234919 0.622639976373 0.0233055177904 0.0155370118602
0 0.0456000230918 0.519439978642 0.0315881492451 0.0210587661634
0 0.0592000227928 0.461159979923 0.0295458606234 0.0196972404156
0 0.0482000230346 0.445579980266 0.0818836741369 0.0545891160913
0 0.0910000220937 0.4167399809 0.0423398693561 0.0282265795707
0 0.0612000227488 0.306819983316 0.0236425849479 0.0157617232986
0 0.0778000223839 0.341079982563 0.0228073865492 0.0152049243662
0 0.271600018123 0.488179979329 0.0455641190378 0.0303760793586
0 0.269200018176 0.457099980012 0.0224926784106 0.0149951189404
0 0.238800018844 0.440299980382 0.0628997787644 0.041933185843
0 0.208000019521 0.40851998108 0.0263989771046 0.0175993180697
0 0.105400021777 0.294079983596 0.0247397598166 0.0164931732111
0 0.183400020062 0.288719983714 0.0304823671434 0.0203215780956
0 0.223400019183 0.284559983806 0.0606023400989 0.0404015600659
0 0.257800018427 0.262739984285 0.0405591614695 0.0270394409797
0 0.309000017301 0.278119983947 0.0617229622574 0.0411486415049
0 0.229800019042 0.316599983101 0.0590534339001 0.0393689559334
0 0.342200016571 0.349979982367 0.0392725285419 0.0261816856946
0 0.329600016848 0.365159982034 0.0702461015665 0.0468307343777
0 0.260200018374 0.34441998249 0.0215670545989 0.0143780363993
0 0.240600018805 0.343639982507 0.0300842578854 0.0200561719236
0 0.277000018004 0.284599983805 0.0392880611347 0.0261920407565
0 0.352400016347 0.321899982985 0.0225584693293 0.0150389795528
0 0.342200016571 0.258699984374 0.0826249844427 0.0550833229618
0 0.386400015599 0.27661998398 0.0233394520537 0.0155596347024
0 0.37000001596 0.286719983758 0.0226579966438 0.0151053310958
0 0.457600014034 0.324019982938 0.045199647242 0.0301330981613
0 0.415200014966 0.337199982648 0.103814112261 0.0692094081739
0 0.322200017011 0.411919981006 0.0230012966252 0.0153341977502
0 0.368000016004 0.46949997974 0.0252542151203 0.0168361434135
0 0.408000015124 0.385879981578 0.123243704007 0.082162469338
0 0.540000012222 0.426319980689 0.135006922392 0.0900046149279
0 0.556200011866 0.390419981478 0.0214047043772 0.0142698029181
0 0.618400010499 0.376579981783 0.0314402433453 0.0209601622302
0 0.65380000972 0.374019981839 0.0316663068777 0.0211108712518
0 0.638400010059 0.39123998146 0.0824182129841 0.0549454753227
0 0.646600009879 0.42945998062 0.0416230946109 0.0277487297406
0 0.616800010534 0.428479980642 0.0264380559209 0.0176253706139
0 0.541200012196 0.323279982954 0.0225341316361 0.015022754424
0 0.523800012578 0.298759983494 0.0203993399934 0.0135995599956
0 0.509000012904 0.292139983639 0.0207950748424 0.0138633832282
0 0.433000014575 0.296139983551 0.0261075183883 0.0174050122589
0 0.411800015041 0.274459984028 0.0309994936573 0.0206663291048
0 0.563600011703 0.276979983972 0.0199953936464 0.0133302624309
0 0.416600014935 0.255279984449 0.0266732213549 0.0177821475699
0 0.737600007878 0.293879983601 0.021021435176 0.0140142901173
0 0.756200007469 0.302019983422 0.0246734742294 0.0164489828196
0 0.739200007843 0.360939982127 0.0370712534446 0.0247141689631
0 0.7548000075 0.382119981661 0.0206905019085 0.013793667939
0 0.702200008656 0.407419981105 0.0929257646933 0.0619505097955
0 0.714600008384 0.368239981966 0.020179806086 0.0134532040573
0 0.803800006423 0.379859981711 0.0471690217177 0.0314460144785
0 0.784000006858 0.405699981142 0.0352289098554 0.0234859399036
0 0.76480000728 0.416559980904 0.0517549950147 0.0345033300098
0 0.812400006233 0.469139979748 0.117478836595 0.0783192243966
0 0.875000004857 0.42809998065 0.0665413308444 0.0443608872296
0 0.889200004545 0.398459981302 0.0410317678129 0.0273545118752
0 0.791000006704 0.335799982679 0.0382722097775 0.0255148065183
0 0.852400005354 0.320239983021 0.0352254471754 0.0234836314503
0 0.883800004664 0.521839978589 0.0200360554021 0.0133573702681
0 0.953600003129 0.493819979205 0.0371086503878 0.0247391002586
0 0.931600003613 0.476919979577 0.0254962069804 0.0169974713203
0 0.949400003222 0.45175998013 0.0302439368969 0.0201626245979
0 0.991400002298 0.447339980227 0.0219802017812 0.0146534678542
0 0.968400002804 0.323459982951 0.0199284155232 0.0132856103488
0 0.90900000411 0.205079985553 0.0308707808976 0.0205805205984
0 0.878600004778 0.246359984646 0.0217569083927 0.0145046055951
0 0.956000003076 0.229939985007 0.0873609412474 0.0582406274983
0 0.852400005354 0.0966199879377 0.0229166093676 0.0152777395784
0 0.835400005728 0.254039984477 0.112001866286 0.074667910857
0 0.822000006022 0.292439983633 0.0329877644721 0.0219918429814
0 0.776400007025 0.238059984828 0.0270528300087 0.0180352200058
0 0.789200006744 0.250859984547 0.0252866653779 0.0168577769186
0 0.739600007834 0.183219986034 0.0341546876079 0.0227697917386
0 0.740000007825 0.250499984555 0.0218458498 0.0145638998667
0 0.757600007438 0.223059985158 0.0583987895262 0.0389325263508
0 0.583400011268 0.137239987045 0.0256165103745 0.017077673583
0 0.732200007997 0.137039987049 0.0207629213859 0.0138419475906
0 0.749600007614 0.0591999887604 0.0360750898961 0.0240500599307
0 0.746000007693 0.070679988508 0.0607929853624 0.0405286569082
0 0.565600011659 0.0595599887524 0.0901012072089 0.0600674714726
0 0.657800009632 0.132539987148 0.0203675822718 0.0135783881812
0 0.731800008005 0.175579986202 0.0867152998414 0.0578101998942
0 0.687200008986 0.19975998567 0.0612387806697 0.0408258537798
0 0.413000015014 0.1665599864 0.0202722101732 0.0135148067821
0 0.48460001344 0.22295998516 0.0423561934186 0.028237462279
0 0.470200013757 0.241459984753 0.0390055064526 0.0260036709684
0 0.427400014698 0.208019985489 0.021959326768 0.0146395511786
0 0.428600014671 0.196039985752 0.025957040212 0.0173046934747
0 0.403800015217 0.104219987771 0.0535320423539 0.0356880282359
0 0.344800016514 0.0735399884451 0.0262732323563 0.0175154882375
0 0.344800016514 0.044979989073 0.0375218965039 0.0250145976692
0 0.327600016892 0.13515998709 0.0691080670747 0.0460720447165
0 0.143400020942 0.0901799880793 0.0219675382661 0.0146450255107
0 0.141400020986 0.115779987516 0.0590683728907 0.0393789152604
0 0.11480002157 0.0995999878722 0.0265916010423 0.0177277340282
0 0.0772000223971 0.0995799878726 0.0362968003452 0.0241978668968
0 0.0296000234436 0.0877999881316 0.0205338898421 0.0136892598947
0 0.0604000227664 0.0488399889881 0.0357801684999 0.0238534456666
0 0.0860000222036 0.0253799895039 0.0510610739571 0.0340407159714
0 0.0422000231665 0.0179199896679 0.0203537315521 0.0135691543681
0 0.0688000225817 0.0101599898385 0.020384005268 0.0135893368453
0 0.193800019834 0.146319986845 0.0292383746457 0.0194922497638
0 0.198000019741 0.169079986345 0.0519699779714 0.0346466519809
0 0.23580001891 0.193879985799 0.0888626560655 0.0592417707103
0 0.181000020115 0.20249998561 0.0901240608965 0.0600827072643
0 0.226600019112 0.253819984482 0.0332109589269 0.0221406392846
0 0.0938000220321 0.233559984927 0.0467442003574 0.0311628002383
0 0.149200020814 0.288699983715 0.0235657134535 0.0157104756357
0 0.192200019869 0.263759984263 0.0279556001329 0.0186370667553
0 0.136400021096 0.239859984788 0.0309803005171 0.0206535336781
0 0.826000005934 0.0176399896741 0.0409352085097 0.0272901390065
0 0.640800010006 0.0649599886337 0.0224554793348 0.0149703195566
0 0.679200009162 0.882439970661 0.330055725403 0.220037150269
0 0.0808000223179 0.38213998166 0.0353704839976 0.023580322665
0 0.942800003367 0.419639980836 0.0906632496282 0.0604421664188
