0 0.879999982762 0.337939982632 0.172204019518 0.114802679679
0 0.870799982964 0.293219983615 0.0977038672595 0.0651359115063
0 0.875399982863 0.191879985843 0.114347584603 0.0762317230684
0 0.862599983145 0.151859986723 0.213490046972 0.142326697981
0 0.524799990571 0.160859986525 0.0453864340907 0.0302576227271
0 0.525599990554 0.132139987157 0.128639548672 0.0857596991149
0 0.236799996903 0.38987998149 0.168432666408 0.112288444272
0 0.350599994401 0.340939982566 0.0676263368665 0.0450842245777
0 0.197199997774 0.249419984578 0.0754550604495 0.050303373633
0 0.0692000005877 0.247399984623 0.0861180370206 0.0574120246804
0 0.777199985022 0.704059974583 0.252963608817 0.168642405878
0 0.0716000005349 0.952679969117 0.137800810425 0.0918672069503
0 0.263399996318 0.944379969299 0.0947902694341 0.0631935129561
0 0.179799998156 0.538059978232 0.0815418581611 0.0543612387741
0 0.726399986139 0.0335799893236 0.0253820374765 0.0169213583177
0 0.722199986231 0.103859987778 0.019894085525 0.0132627236834
0 0.7417999858 0.134319987109 0.0297226551671 0.0198151034448
0 0.681599987124 0.147979986809 0.0247182912011 0.0164788608007
0 0.677999987203 0.0380799892247 0.028586797217 0.0190578648113
0 0.749399985633 0.100959987842 0.0268127178891 0.0178751452594
0 0.869599982991 0.119319987439 0.0290717702743 0.0193811801829
0 0.842399983589 0.0423999891297 0.0750046152577 0.0500030768385
0 0.955999981091 0.0776999883536 0.023288797993 0.0155258653287
0 0.949199981241 0.108379987679 0.0494492459174 0.0329661639449
0 0.631599988223 0.0510599889393 0.0203516539441 0.0135677692961
0 0.638599988069 0.0620399886979 0.0368153119311 0.0245435412874
0 0.434999992545 0.0388599892075 0.0478818391144 0.0319212260763
0 0.477799991604 0.04465998908 0.0239109921092 0.0159406614062
0 0.389599993544 0.0611199887181 0.0325334608655 0.0216889739103
0 0.363999994106 0.0415199891491 0.0288045503176 0.0192030335451
0 0.403199993245 0.0990199878849 0.0823194771393 0.0548796514262
0 0.45799999204 0.11879998745 0.0215952507069 0.0143968338046
0 0.466399991855 0.13245998715 0.0316912381732 0.0211274921155
0 0.349599994423 0.136139987069 0.0201073866086 0.0134049244057
0 0.357199994256 0.119639987432 0.0291868301817 0.0194578867878
0 0.322799995012 0.0816199882675 0.0463118600349 0.0308745733566
0 0.291399995703 0.0958199879553 0.0384711654728 0.0256474436485
0 0.317399995131 0.0548799888553 0.023639814804 0.015759876536
0 0.294999995623 0.147239986825 0.0682492235188 0.0454994823458
0 0.480399991547 0.189139985904 0.0522940848127 0.0348627232085
0 0.395999993403 0.206439985523 0.0211129488598 0.0140752992399
0 0.144999998921 0.0389399892058 0.0216827081085 0.014455138739
0 0.155599998688 0.0171199896855 0.0245388254471 0.0163592169647
0 0.0240000015814 0.129679987211 0.0318423099518 0.0212282066345
0 0.597599988971 0.246859984635 0.0202955585293 0.0135303723529
0 0.602999988852 0.259919984347 0.0251367808039 0.0167578538692
0 0.644999987929 0.227239985066 0.0294442557009 0.0196295038006
0 0.619399988491 0.18655998596 0.0434351644842 0.0289567763228
0 0.714799986394 0.218479985259 0.0380530716049 0.0253687144032
0 0.808599984332 0.21111998542 0.0205573371319 0.0137048914212
0 0.773399985106 0.240559984773 0.0249484110158 0.0166322740105
0 0.777199985022 0.236239984868 0.0546926337322 0.0364617558214
0 0.718199986319 0.275839983997 0.0238218528345 0.015881235223
0 0.772999985114 0.266919984194 0.0316943051183 0.0211295367455
0 0.7963999846 0.284299983811 0.0214609976594 0.014307331773
0 0.799799984525 0.300179983462 0.0397486964989 0.0264991309992
0 0.742599985783 0.329239982823 0.0217906447886 0.0145270965257
0 0.730599986047 0.189459985897 0.0222837304104 0.0148558202736
0 0.739799985844 0.205479985544 0.0331066827942 0.0220711218628
0 0.931599981628 0.17203998628 0.0425152788278 0.0283435192186
0 0.959999981003 0.283739983824 0.0230298884681 0.0153532589787
0 0.948799981249 0.304979983357 0.0338079249465 0.022538616631
0 0.893799982459 0.422379980776 0.0493820699267 0.0329213799512
0 0.834799983756 0.402559981211 0.0237548747113 0.0158365831409
0 0.834199983769 0.435879980479 0.0231865994683 0.0154577329788
0 0.842599983584 0.429599980617 0.0285321858078 0.0190214572052
0 0.79819998456 0.384619981606 0.0218940305179 0.0145960203453
0 0.846799983492 0.480379979501 0.0242745735017 0.0161830490011
0 0.938799981469 0.512499978794 0.0207060345014 0.0138040230009
0 0.968199980823 0.506679978922 0.0273318230772 0.0182212153848
0 0.928799981689 0.501659979033 0.0335126078155 0.0223417385437
0 0.722399986227 0.387939981533 0.0235423650975 0.015694910065
0 0.661399987568 0.398039981311 0.0230760905117 0.0153840603411
0 0.742799985778 0.381659981671 0.0705496301957 0.0470330867971
0 0.820199984077 0.355599982244 0.125511264691 0.0836741764609
0 0.813399984226 0.270379984118 0.0572522467351 0.0381681644901
0 0.66359998752 0.481919979467 0.0233514230328 0.0155676153552
0 0.414599992994 0.473659979648 0.045010881719 0.0300072544793
0 0.553599989938 0.470159979725 0.0421085623368 0.0280723748912
0 0.520599990664 0.437099980452 0.0315640094193 0.0210426729462
0 0.533799990373 0.408159981088 0.0425607883355 0.0283738588903
0 0.426399992735 0.396179981352 0.0427093867713 0.0284729245142
0 0.456799992066 0.389819981492 0.0240422771454 0.0160281847636
0 0.445799992308 0.380659981693 0.0218482242091 0.0145654828061
0 0.363599994115 0.503919978983 0.0227231939601 0.0151487959734
0 0.230799997035 0.48087997949 0.0721426608301 0.0480951072201
0 0.195599997809 0.482499979454 0.028041177794 0.0186941185293
0 0.222199997224 0.496379979149 0.0202350110974 0.0134900073983
0 0.218199997312 0.508539978882 0.0339325814239 0.0226217209493
0 0.168799998398 0.514639978747 0.0796270950945 0.053084730063
0 0.108399999726 0.479579979518 0.021054775837 0.0140365172247
0 0.15779999864 0.409999981048 0.0296889187713 0.0197926125142
0 0.160399998583 0.372999981861 0.0220378801355 0.0146919200903
0 0.0330000013835 0.615999976519 0.0412198407998 0.0274798938666
0 0.100999999889 0.759399973366 0.0416625691621 0.0277750461081
0 0.0742000004777 0.732639973955 0.0495596559402 0.0330397706268
0 0.246599996687 0.602019976826 0.0418920953745 0.027928063583
0 0.172599998314 0.667739975381 0.0258649329259 0.0172432886173
0 0.193399997857 0.675799975204 0.02132535954 0.01421690636
0 0.398199993355 0.688539974924 0.0204683957246 0.0136455971497
0 0.225199997158 0.533759978327 0.0310436180929 0.0206957453953
0 0.422599992818 0.630899976191 0.0344842358034 0.0229894905356
0 0.503999991028 0.64371997591 0.0261208744395 0.017413916293
0 0.468999991798 0.615239976536 0.0390912819811 0.026060854654
0 0.409599993104 0.707179974514 0.0305975259844 0.0203983506563
0 0.483799991473 0.713639974372 0.0636459368221 0.0424306245481
0 0.558599989828 0.585079977199 0.0239560069483 0.0159706712989
0 0.684199987067 0.673019975265 0.0330727485309 0.0220484990206
0 0.605999988786 0.663819975468 0.0226885671609 0.0151257114406
0 0.667599987432 0.584779977205 0.0709107382453 0.0472738254969
0 0.724599986179 0.596939976938 0.0226504776816 0.0151003184544
0 0.782399984908 0.662419975498 0.037619148343 0.0250794322287
0 0.833999983773 0.564139977659 0.0267637457016 0.0178424971344
0 0.923399981808 0.623019976365 0.0214781131916 0.0143187421278
0 0.723599986201 0.629519976222 0.0211350110776 0.0140900073851
0 0.837999983685 0.519919978631 0.0224737820716 0.0149825213811
0 0.915399981984 0.53135997838 0.0216572821445 0.0144381880963
0 0.871399982951 0.578419977345 0.0492600846596 0.0328400564397
0 0.941399981412 0.704619974571 0.0219867314062 0.0146578209375
0 0.98379998048 0.782499972858 0.021659161885 0.0144394412567
0 0.866199983065 0.81607997212 0.0312755187144 0.0208503458096
0 0.84779998347 0.816599972109 0.0249061663206 0.0166041108804
0 0.851799983382 0.775819973005 0.0251896114062 0.0167930742708
0 0.880799982744 0.780259972908 0.0212405733486 0.0141603822324
0 0.82279998402 0.838099971636 0.0210803007347 0.0140535338232
0 0.927999981707 0.873779970852 0.0260861487065 0.0173907658043
0 0.795199984626 0.871939970892 0.0529924578874 0.0353283052583
0 0.828599983892 0.891519970462 0.0502544674012 0.0335029782675
0 0.863599983123 0.902119970229 0.0463708245274 0.0309138830183
0 0.860199983197 0.871699970897 0.0207344284768 0.0138229523178
0 0.854999983312 0.933959969529 0.0406486964791 0.0270991309861
0 0.920999981861 0.834519971715 0.0524875002201 0.0349916668134
0 0.895399982423 0.846679971447 0.0238607337834 0.0159071558556
0 0.931199981636 0.81061997224 0.0254770138402 0.0169846758935
0 0.952799981161 0.782619972856 0.0542969978169 0.0361979985446
0 0.767799985229 0.845159971481 0.0325069466306 0.0216712977537
0 0.803799984437 0.841759971556 0.0554994381554 0.036999625437
0 0.679999987159 0.90659997013 0.0252879515161 0.0168586343441
0 0.727999986104 0.846979971441 0.0440288656914 0.0293525771276
0 0.790999984719 0.781859972872 0.0274928871608 0.0183285914405
0 0.888399982577 0.733199973942 0.0241323068235 0.016088204549
0 0.841199983615 0.79743997253 0.0212972623657 0.0141981749105
0 0.66719998744 0.897099970339 0.0284879624384 0.018991974959
0 0.690599986926 0.882639970657 0.0205299324936 0.0136866216624
0 0.701199986693 0.777359972971 0.0223910734882 0.0149273823254
0 0.612399988645 0.797319972533 0.0207626245848 0.0138417497232
0 0.630799988241 0.786019972781 0.0249679009571 0.0166452673047
0 0.751799985581 0.862639971097 0.0219570512926 0.0146380341951
0 0.74999998562 0.82883997184 0.0458233253639 0.0305488835759
0 0.487199991398 0.753259973501 0.0213761125343 0.0142507416896
0 0.499599991125 0.766619973208 0.0449866429595 0.0299910953063
0 0.564199989705 0.783919972827 0.0691211263247 0.0460807508831
0 0.580999989336 0.773639973053 0.0782463762065 0.0521642508043
0 0.711199986473 0.803839972389 0.0257914251777 0.0171942834518
0 0.675999987247 0.78013997291 0.0356629320509 0.023775288034
0 0.686199987023 0.751859973532 0.0237695169007 0.0158463446005
0 0.606799988768 0.744099973703 0.0627674054575 0.0418449369716
0 0.389399993548 0.921919969793 0.0237076833306 0.0158051222204
0 0.0468000010801 0.879259970731 0.0435179720014 0.0290119813342
0 0.107399999748 0.819959972035 0.0301894244215 0.0201262829476
0 0.178399998187 0.817219972095 0.0584041319467 0.0389360879645
0 0.143599998952 0.959879968959 0.0299700883814 0.019980058921
0 0.717399986337 0.978059968559 0.0595039780256 0.0396693186838
0 0.769599985189 0.925619969712 0.0254872040126 0.0169914693417
0 0.0446000011285 0.437679980439 0.0222183352266 0.0148122234844
0 0.148199998851 0.649679975778 0.0206504337551 0.0137669558367
