0 0.290200017714 0.240659978659 0.173718683195 0.115812463102
0 0.552800011941 0.149179974636 0.108802342856 0.0725349000212
0 0.61560001056 0.163639975272 0.330790781067 0.220527201923
0 0.0566000228499 0.186719976287 0.109440465258 0.0729603149838
0 0.530000012442 0.763300001639 0.185125739463 0.123417167782
0 0.436600014496 0.729720000163 0.119438705557 0.0796258089562
0 0.0728000224938 0.0325999695101 0.0318641722006 0.0212427828681
0 0.310800017261 0.0320799694872 0.0226511687237 0.0151007801451
0 0.558400011818 0.0750399713762 0.0488021172868 0.0325347470037
0 0.429800014645 0.0758799714131 0.0563484835573 0.0375656581826
0 0.413400015006 0.0947799722441 0.0407441648241 0.0271627783409
0 0.346200016483 0.0933599721817 0.0335800783924 0.0223867204048
0 0.357600016232 0.125899973613 0.0780571108667 0.0520380773433
0 0.79620000659 0.0260199692207 0.0326290286794 0.021752687221
0 0.684400009048 0.0554399705143 0.0213723516436 0.0142482353688
0 0.721400008234 0.0315999694661 0.050655739197 0.0337704950254
0 0.757000007451 0.0767799714527 0.0516976100519 0.0344650756411
0 0.762200007337 0.117259973233 0.0200002400791 0.0133334942655
0 0.806400006365 0.112899973041 0.038218486251 0.0254789925145
0 0.642200009975 0.0754999713964 0.0320090111457 0.0213393421713
0 0.782600006889 0.0763599714342 0.0259225106367 0.0172816748976
0 0.860200005183 0.102859972599 0.0294523663228 0.0196349121769
0 0.822000006022 0.0320599694863 0.0211999101946 0.0141332743952
0 0.86440000509 0.0316799694696 0.0275668877593 0.018377926385
0 0.864600005086 0.0489199702277 0.0378955666355 0.0252637127567
0 0.878600004778 0.0775799714879 0.0322433850946 0.0214955914808
0 0.964400002892 0.00899996847235 0.0238762648015 0.0159175109175
0 0.948600003239 0.0124799686254 0.0348994582918 0.0232663070624
0 0.916400003947 0.0938799722046 0.0843637388709 0.0562424962902
0 0.974000002681 0.195299976664 0.0226175312637 0.0150783551703
0 0.967400002826 0.201659976944 0.055215692627 0.0368104641792
0 0.828000005891 0.253339979216 0.0200928420277 0.0133952289019
0 0.741000007803 0.201279976927 0.034941406183 0.0232942723251
0 0.875400004848 0.187539976323 0.027301745428 0.0182011648191
0 0.87080000495 0.168939975505 0.0442143634856 0.0294762442679
0 0.887200004589 0.212019977399 0.218425835469 0.14561723325
0 0.889800004532 0.124439973548 0.0202536092995 0.0135024070902
0 0.66200000954 0.265399979746 0.029382024458 0.0195880175973
0 0.677200009206 0.277259980268 0.0292404503251 0.0194936348358
0 0.677200009206 0.296739981124 0.059976976148 0.0399846534026
0 0.643600009945 0.343379983175 0.0220967442368 0.0147311637962
0 0.572800011501 0.369059984304 0.0211968432497 0.0141312297652
0 0.577000011409 0.317239982026 0.0285168492016 0.0190112340549
0 0.731800008005 0.316439981991 0.0198477832386 0.0132318563651
0 0.788600006757 0.332419982693 0.0326861134276 0.0217907437223
0 0.781600006911 0.372359984449 0.0380054819826 0.0253369896595
0 0.424000014773 0.141459974297 0.0199534444363 0.0133022971682
0 0.470600013748 0.289699980815 0.0861159537328 0.0574106396084
0 0.398000015344 0.32529998238 0.0932280999689 0.0621520707453
0 0.434000014553 0.345279983259 0.0731186370787 0.0487457612675
0 0.465200013867 0.361639983978 0.0764629920666 0.0509753314065
0 0.464800013876 0.393719985389 0.0266003054545 0.0177335381393
0 0.4910000133 0.385179985013 0.0254390216169 0.0169593488632
0 0.50100001308 0.351379983527 0.0583981920723 0.038932130616
0 0.482200013493 0.326839982448 0.0411938185165 0.027462547489
0 0.362200016131 0.328679982529 0.0267487060131 0.0178324718515
0 0.357800016228 0.294479981025 0.074005379883 0.0493369231761
0 0.269200018176 0.169579975533 0.0292846736916 0.019523117082
0 0.219800019262 0.263279979653 0.0600343576973 0.0400229077713
0 0.16940002037 0.216939977616 0.0415645231118 0.0277096839022
0 0.163400020502 0.199679976857 0.0307355364858 0.0204903590087
0 0.175800020229 0.186399976273 0.0199816405425 0.0133210945736
0 0.222200019209 0.175079975775 0.0871909673791 0.0581273154199
0 0.115000021566 0.203299977016 0.0200118153227 0.0133412110951
0 0.0884000221508 0.15085997471 0.0273423082474 0.0182282067005
0 0.0726000224982 0.263319979655 0.079587615294 0.0530584136955
0 0.157600020629 0.364039984084 0.0256499482775 0.0170999666461
0 0.172400020304 0.254919979286 0.159981738157 0.106654499139
0 0.0212000236282 0.0713599712144 0.0393498921095 0.0262332631366
0 0.189800019922 0.368479984279 0.0312787814639 0.0208525223513
0 0.174600020256 0.428679986926 0.0226907422059 0.0151271624683
0 0.176800020207 0.415279986337 0.0225571817032 0.0150381221273
0 0.214000019389 0.419739986533 0.033324730498 0.022216488464
0 0.206800019548 0.463519988458 0.0221830144282 0.0147886772609
0 0.147000020862 0.471839988824 0.0714933541613 0.0476622392511
0 0.0796000223443 0.443659987585 0.0206950514943 0.0137967019062
0 0.36680001603 0.47197998883 0.0600575081845 0.0400383414304
0 0.3318000168 0.423439986696 0.0294728455998 0.0196485650292
0 0.386600015595 0.392539985337 0.0289340526385 0.0192893696979
0 0.260400018369 0.365799984161 0.020591962573 0.0137279759541
0 0.356200016263 0.384779984996 0.0201931608053 0.0134621080914
0 0.294000017631 0.423279986688 0.0354966221395 0.0236644163204
0 0.307800017327 0.450639987892 0.0658569030795 0.0439046049488
0 0.318000017103 0.421699986619 0.0276695809458 0.0184463885139
0 0.224200019165 0.538479991754 0.021646892677 0.0144312627365
0 0.357600016232 0.550979992304 0.0359544873295 0.0239696598006
0 0.429200014658 0.424979986763 0.0889508001362 0.0593005373354
0 0.444000014333 0.388159985144 0.0332452867323 0.02216352595
0 0.498200013141 0.425279986776 0.0307818374601 0.0205212263269
0 0.598000010947 0.407079985976 0.0344803751144 0.0229869182591
0 0.652200009756 0.394819985437 0.0416180462466 0.0277453659944
0 0.536400012301 0.389959985223 0.0911896698965 0.060793117274
0 0.595400011004 0.363679984068 0.0350726912105 0.0233817956825
0 0.488000013366 0.4417399875 0.0646376440903 0.043091765569
0 0.700600008691 0.412779986227 0.0356323591837 0.0237549076892
0 0.727000008111 0.361039983952 0.045706184834 0.0304707918991
0 0.816000006154 0.337019982896 0.0229666683112 0.0153111132173
0 0.737200007887 0.391639985297 0.0283623147532 0.0189082110826
0 0.801000006484 0.357779983808 0.0293404723016 0.0195603161578
0 0.836800005697 0.344139983209 0.032789202349 0.0218594696744
0 0.843800005543 0.311019981752 0.0278096710731 0.0185397819382
0 0.709600008494 0.499419990036 0.0228182677526 0.0152121795051
0 0.723000008199 0.482659989299 0.11810310053 0.0787354055461
0 0.770200007161 0.515359990737 0.0333378886808 0.0222252605865
0 0.751800007566 0.523679991103 0.0242389557666 0.0161593049102
0 0.613600010604 0.478679989124 0.0338140566064 0.0225427058911
0 0.52780001249 0.49289998975 0.0309325134939 0.0206216770227
0 0.849200005424 0.516219990775 0.0483490998484 0.0322327353582
0 0.816600006141 0.508719990445 0.0406828259265 0.0271218857399
0 0.882800004686 0.527679991279 0.0490038431128 0.0326692308966
0 0.892200004479 0.556019992525 0.0263359545929 0.0175573042199
0 0.819800006071 0.56089999274 0.0278962380656 0.0185974932704
0 0.768200007205 0.571779993218 0.0286004481829 0.0190669667128
0 0.797400006563 0.583999993755 0.0535616200012 0.0357077490226
0 0.941200003402 0.428719986928 0.0213805631412 0.0142537097009
0 0.938000003472 0.477719989082 0.0208658110704 0.0139105416311
0 0.974200002676 0.479779989173 0.0288341295958 0.0192227543317
0 0.929600003657 0.367719984245 0.0269586433366 0.0179724300765
0 0.962000002944 0.579459993556 0.0229887305275 0.0153258213625
0 0.973600002689 0.544099992001 0.0646634657875 0.043108980035
0 0.944400003331 0.775500002176 0.0200659320597 0.0133772889221
0 0.964000002901 0.633959995952 0.0569686000247 0.0379790691881
0 0.893600004448 0.6418799963 0.0237650633163 0.0158433765891
0 0.782400006893 0.619339995309 0.0496509684818 0.0331006478377
0 0.792600006669 0.68029999799 0.0614268496052 0.0409512357711
0 0.929800003652 0.573999993316 0.0607232330902 0.0404821580635
0 0.694600008823 0.687979998327 0.0239862790822 0.0159908537762
0 0.660600009571 0.680659998006 0.0340164749683 0.0226776514746
0 0.648400009839 0.705399999093 0.0272695919737 0.0181797291815
0 0.710400008476 0.621719995414 0.0250248851248 0.0166832578502
0 0.739200007843 0.729500000153 0.0360031627127 0.0240021100582
0 0.634400010147 0.72670000003 0.0236200265037 0.0157466853744
0 0.599000010925 0.628279995702 0.059589353889 0.0397262385462
0 0.697800008753 0.587599993914 0.0341319306029 0.0227546219027
0 0.745800007698 0.613399995048 0.0514480992461 0.0342987350929
0 0.52920001246 0.636159996049 0.0450494628955 0.0300329772445
0 0.413400015006 0.610879994937 0.0555465269389 0.0370310204016
0 0.392200015472 0.586659993872 0.0243384830746 0.0162256564532
0 0.403400015225 0.55361999242 0.0428757904473 0.0285838621835
0 0.428800014667 0.650819996694 0.0769817014856 0.0513211377087
0 0.434000014553 0.589919994016 0.0247616225339 0.0165077494447
0 0.440800014403 0.561039992746 0.0363729769047 0.0242486528691
0 0.519600012671 0.711439999359 0.023511990897 0.0156746616319
0 0.561400011752 0.630219995788 0.0382035472614 0.0254690331874
0 0.385400015621 0.709479999273 0.0407413946803 0.0271609315783
0 0.235000018928 0.628759995724 0.0306749890579 0.0204499940541
0 0.155200020682 0.654519996856 0.0500222666794 0.0333481799857
0 0.287600017771 0.683819998145 0.105024064635 0.0700160477077
0 0.230200019033 0.591659994092 0.0342926978747 0.022861800091
0 0.116600021531 0.550739992293 0.0253352401596 0.0168901612204
0 0.261600018343 0.607719994798 0.0478062506051 0.0318708358388
0 0.300600017486 0.626139995608 0.0620891118312 0.0413927439509
0 0.283800017855 0.580479993601 0.103563803138 0.0690425399793
0 0.369600015969 0.539059991779 0.0347388888874 0.0231592607858
0 0.300000017499 0.524479991138 0.0295180583033 0.0196787068335
0 0.301200017472 0.54497999204 0.0287949518483 0.0191966358317
0 0.3318000168 0.727260000055 0.0812544503679 0.0541696371514
0 0.301600017464 0.729260000143 0.0329000080994 0.0219333401795
0 0.222800019196 0.665919997357 0.0404772416861 0.0269848295705
0 0.223400019183 0.687199998293 0.0509505616401 0.0339670433337
0 0.228400019073 0.721959999822 0.0359023492666 0.0239349010897
0 0.239400018831 0.771660002007 0.022864172992 0.015242783
0 0.363000016114 0.694319998606 0.0304007448257 0.0202671645539
0 0.173200020286 0.718339999662 0.115914686959 0.0772764630697
0 0.121000021434 0.73762000051 0.0281769129887 0.0187846098981
0 0.108400021711 0.622219995436 0.0452447580306 0.0301631740098
0 0.146800020867 0.630119995783 0.0391329304929 0.0260886220493
0 0.164200020484 0.612379995003 0.0313858277335 0.0209238865357
0 0.0800000223355 0.659739997086 0.07966359638 0.0531090677562
0 0.0874000221728 0.706019999121 0.0257647113761 0.0171764753836
0 0.0822000222871 0.620539995362 0.036216859517 0.0241445746038
0 0.0614000227444 0.608619994838 0.0436456925452 0.0290971302826
0 0.0560000228631 0.636839996079 0.0460475061187 0.0306983394372
0 0.100600021883 0.680579998002 0.0435947416867 0.0290631630414
0 0.0240000235667 0.703079998991 0.0307023936944 0.0204682638129
0 0.0920000220717 0.599599994441 0.0333897299426 0.0222598214299
0 0.121000021434 0.820120004138 0.0227870047016 0.0151913374697
0 0.133800021153 0.832600004686 0.0273473538663 0.0182315704467
0 0.18940001993 0.882960006901 0.0380685027531 0.0253790035093
0 0.223800019174 0.84746000534 0.0474365353469 0.0316243589837
0 0.249400018611 0.871480006396 0.0431448901269 0.0287632619817
0 0.155400020678 0.939020009366 0.0286137052994 0.0190758047911
0 0.167400020414 0.915300008323 0.0693468884822 0.0462312620373
0 0.142200020968 0.977400011053 0.0362691954474 0.0241794652264
0 0.305800017371 0.879100006731 0.0590846930562 0.0393897979688
0 0.349200016417 0.911100008138 0.080936378504 0.0539575892282
0 0.384600015639 0.872220006429 0.0592715788263 0.0395143884904
0 0.359200016197 0.802940003382 0.0555530565634 0.037035373485
0 0.338400016655 0.834980004791 0.0284018882355 0.0189345934059
0 0.419800014865 0.861180005943 0.031427676691 0.0209517858425
0 0.482000013497 0.830080004576 0.0214026253576 0.0142684178461
0 0.474200013669 0.835000004792 0.0240392086148 0.0160261401335
0 0.459400013994 0.824220004318 0.0303047791312 0.02020318742
0 0.422600014803 0.797940003162 0.025137768483 0.0167585134273
0 0.26900001818 0.933900009141 0.0877280784674 0.0584853895024
0 0.240000018818 0.965680010538 0.0610727658725 0.0407151799337
0 0.246400018677 0.990920011648 0.0210230167288 0.0140153454102
0 0.507000012948 0.866680006185 0.108320535709 0.0722136952355
0 0.573000011497 0.838900004964 0.0263648432349 0.0175765633159
0 0.595200011009 0.866080006159 0.0331878062493 0.0221252056255
0 0.401600015265 0.932180009065 0.0272400107956 0.0181600083949
0 0.357800016228 0.839460004988 0.0302256321666 0.0201504227734
0 0.580200011338 0.930400008987 0.0389408012364 0.0259605358698
0 0.615000010573 0.915960008352 0.0318876194888 0.0212584143947
0 0.625000010354 0.935340009204 0.0226036805449 0.0150691213572
0 0.63380001016 0.923620008689 0.0249609739509 0.0166406503981
0 0.607600010736 0.946480009694 0.0337466827528 0.0224977899858
0 0.605000010793 0.92956000895 0.0258267428096 0.0172178296753
0 0.635400010125 0.962160010383 0.0854059065269 0.0569372747733
0 0.540000012222 0.969560010709 0.0266520477826 0.017768033027
0 0.634400010147 0.745200000843 0.0259822665949 0.0173215122057
0 0.685000009034 0.76992000193 0.0323779349343 0.0215852913799
0 0.721400008234 0.802400003359 0.0682967071961 0.0455311411338
0 0.703200008634 0.832700004691 0.0411261478618 0.0274174337162
0 0.681000009122 0.885100006995 0.0443555418837 0.0295703632061
0 0.665400009465 0.904980007869 0.0374006013059 0.0249337358484
0 0.654400009707 0.927780008872 0.0215839708401 0.0143893148425
0 0.663600009505 0.770700001965 0.0201311293718 0.0134207537997
0 0.745000007715 0.836700004867 0.0639242331385 0.0426161582364
0 0.809800006291 0.838040004926 0.0341240159064 0.0227493454381
0 0.79480000662 0.844760005221 0.0322247855579 0.0214831917889
0 0.825400005948 0.784980002593 0.03754781466 0.025031878091
0 0.841800005587 0.838340004939 0.0431306436732 0.0287537643453
0 0.852200005358 0.902980007781 0.0218605894813 0.0145737272821
0 0.829200005864 0.920120008535 0.0199247536617 0.0132831699839
0 0.768600007196 0.960160010295 0.0623602891186 0.0415735288211
0 0.727600008098 0.930140008975 0.0306973480754 0.0204649000667
0 0.81440000619 0.936060009236 0.0581510556754 0.0387673730072
0 0.773200007095 0.79242000292 0.110947225595 0.0739648219421
0 0.842400005574 0.812360003797 0.0347331507325 0.0231554353489
0 0.775600007043 0.916560008378 0.0282234118304 0.0188156091279
0 0.888800004554 0.909440008065 0.0240262482993 0.0160174999227
0 0.947000003274 0.939660009394 0.0368066033368 0.0245377371763
0 0.870200004963 0.957460010177 0.0334622483489 0.0223081670373
0 0.897800004356 0.943620009568 0.0226929187475 0.0151286134961
0 0.948600003239 0.955820010105 0.0445217505092 0.0296811689638
0 0.976200002632 0.852900005579 0.0317428794774 0.0211619210473
0 0.988400002364 0.837980004923 0.0246308321749 0.0164205558663
0 0.686200009008 0.947700009747 0.0551977856262 0.0367985261779
0 0.677800009193 0.839540004992 0.0347421536997 0.0231614373274
0 0.670600009351 0.856380005732 0.0367336891957 0.0244891277456
0 0.553800011919 0.977640011064 0.0234082094398 0.0156054739891
0 0.510600012869 0.968040010642 0.0323404390599 0.0215602941286
0 0.37680001581 0.991060011654 0.0208495859427 0.0138997248785
0 0.126000021324 0.952440009956 0.0633950367466 0.0422633606186
0 0.455400014082 0.796440003097 0.0475189471238 0.0316793001719
0 0.691000008902 0.823380004281 0.0301622156612 0.0201081451004
0 0.649200009821 0.766580001784 0.0759143057347 0.0506095404945
0 0.292000017675 0.962620010404 0.0319885318687 0.021325689319
