0 0.721000011827 0.527879978456 0.269374768536 0.17958316718
0 0.925800020832 0.621019976409 0.16814677016 0.11209783938
0 0.159199987124 0.177579986158 0.150129949448 0.100086626364
0 0.165199987388 0.311859983206 0.12381061051 0.0825404015627
0 0.246799990976 0.282439983852 0.0531786581487 0.0354524364275
0 0.389199997237 0.802859972411 0.334657176504 0.223104769621
0 0.129399985814 0.0628799886795 0.0799224227682 0.0532816116646
0 0.053199982463 0.144979986874 0.0235675963029 0.0157117298323
0 0.0801999836502 0.162379986492 0.034355032907 0.0229033537607
0 0.041599981953 0.180279986098 0.0233548887935 0.0155699248354
0 0.0755999834479 0.26525998423 0.0211548006106 0.0141031994769
0 0.0235999811615 0.286139983771 0.0227191406749 0.0151460927843
0 0.215999989621 0.154559986664 0.0645081526336 0.0430054322526
0 0.189399988452 0.219079985245 0.0306101935375 0.0204067943457
0 0.181199988091 0.245859984657 0.030872170042 0.0205814453372
0 0.481800001309 0.0766799883761 0.0405024777951 0.0270016500825
0 0.573600005345 0.181499986072 0.0252600555414 0.0168400359169
0 0.933600021175 0.227219985066 0.0385701042728 0.0257134011526
0 0.985000023435 0.333139982738 0.0241191518214 0.0160794334871
0 0.982800023338 0.387819981536 0.0228770389004 0.015251358261
0 0.977200023092 0.35851998218 0.0205686182883 0.0137124112878
0 0.798200015221 0.495179979175 0.0541284219114 0.0360856122276
0 0.407199998029 0.490599979276 0.0213792812333 0.0142528532155
0 0.256999991424 0.469719979735 0.0795704165736 0.0530469408837
0 0.108599984899 0.481899979467 0.0201825788922 0.0134550517074
0 0.160799987194 0.356659982221 0.0371216156009 0.0247477421017
0 0.0951999843098 0.337039982652 0.0383193072792 0.0255462031679
0 0.0543999825158 0.344139982496 0.0475275637603 0.0316850404171
0 0.0387999818298 0.399659981275 0.033484218257 0.022322810699
0 0.199399988892 0.452719980109 0.0627182436757 0.0418121596927
0 0.147599986614 0.462319979898 0.0244089287028 0.0162726180619
0 0.102599984635 0.546139978055 0.0341809095505 0.0227872715307
0 0.143399986429 0.538819978216 0.0575843748032 0.0383895806701
0 0.0633999829115 0.537759978239 0.0662604667759 0.0441736416038
0 0.0407999819178 0.627359976269 0.0508201770716 0.0338801158131
0 0.0231999811439 0.724259974139 0.023262187893 0.0155081242391
0 0.0683999831314 0.737679973844 0.0202932857308 0.0135288562616
0 0.0505999823487 0.761839973313 0.0636893771232 0.0424595819483
0 0.189599988461 0.643419975916 0.0547838578415 0.0365225694854
0 0.180399988056 0.567379977588 0.0218174587026 0.0145449715091
0 0.138999986236 0.5077199789 0.0250138094992 0.0166758718996
0 0.102999984653 0.518319978666 0.0633927738147 0.0422618464224
0 0.253199991257 0.559739977756 0.0361148660124 0.0240765757536
0 0.23439999043 0.575639977406 0.0223723779677 0.0149149176614
0 0.166799987458 0.590059977089 0.0601434934752 0.0400956596722
0 0.245599990923 0.688799974918 0.0297353226047 0.0198235470957
0 0.271199992049 0.654259975678 0.0436942776404 0.0291295165056
0 0.328599994572 0.690819974874 0.022039861717 0.0146932401756
0 0.291199992928 0.693699974811 0.0277354762818 0.0184903163017
0 0.260799991591 0.51999997863 0.0218869101777 0.0145912724894
0 0.178799987986 0.616599976506 0.0388984653071 0.0259323084943
0 0.462000000438 0.595999976959 0.041756165962 0.0278374421386
0 0.507400002434 0.644999975881 0.0287789302824 0.0191859522562
0 0.505200002338 0.707339974511 0.0239210865034 0.0159473899504
0 0.620800007421 0.669799975336 0.023651492102 0.0157676603613
0 0.622400007491 0.657419975608 0.0251970347584 0.0167980220643
0 0.567400005073 0.550519977959 0.0222798749346 0.0148532489767
0 0.504400002303 0.603539976793 0.0288944848735 0.0192629886452
0 0.6590000091 0.567519977585 0.0279839977997 0.0186559973027
0 0.880200018827 0.657439975608 0.0217343543733 0.0144895686266
0 0.900400019715 0.673619975252 0.0239087197877 0.0159391454739
0 0.905600019943 0.550979977948 0.0232784130239 0.0155189409924
0 0.983400023364 0.712919974388 0.0229869542692 0.0153246351687
0 0.919600020559 0.914379969959 0.021299441717 0.0141996268748
0 0.965400022573 0.945239969281 0.0254170633634 0.0169447077913
0 0.966000022599 0.96301996889 0.027240214053 0.0181601415042
0 0.95100002194 0.954079969086 0.0200402132615 0.0133601412932
0 0.932800021139 0.958939968979 0.0292611332594 0.0195074208863
0 0.879400018791 0.973699968655 0.0221862836305 0.0147908547781
0 0.856800017798 0.983239968445 0.0199735319307 0.0133156870755
0 0.728200012143 0.893799970411 0.0295674320729 0.0197116200819
0 0.662600009259 0.820299972027 0.0321393131955 0.0214262073838
0 0.854200017683 0.778479972947 0.0247256155574 0.0164837426177
0 0.640600008291 0.91023997005 0.0656040415086 0.0437360247878
0 0.51140000261 0.734159973921 0.0261351243416 0.0174234150785
0 0.52640000327 0.74241997374 0.0371010373861 0.0247340232927
0 0.530800003463 0.911559970021 0.0515461527477 0.0343640995653
0 0.589600006049 0.742519973737 0.0220441158672 0.0146960762755
0 0.582600005741 0.719579974242 0.0494473726995 0.0329649129588
0 0.506800002408 0.796419972552 0.0207310674652 0.0138207107319
0 0.57280000531 0.790239972688 0.0214011455866 0.01426742945
0 0.41019999816 0.850479971364 0.0478675989741 0.0319117305447
0 0.325599994441 0.740439973783 0.0432314656735 0.0288209752147
0 0.300999993359 0.776419972992 0.0249671127808 0.0166447407561
0 0.290199992884 0.896939970342 0.0272770173988 0.0181846770665
0 0.410399998169 0.920019969835 0.0228269784354 0.0152179846199
0 0.391799997351 0.920199969831 0.0316775894996 0.0211183916068
0 0.369599996375 0.940639969382 0.0276414892428 0.0184276582798
0 0.179999988038 0.75741997341 0.0814177070922 0.0542784678148
0 0.0277999813462 0.783399972839 0.0200834472995 0.0133889639832
0 0.234999990457 0.835579971691 0.0368239240215 0.0245492810619
0 0.163399987309 0.968359968772 0.0427864617771 0.0285243059701
0 0.0127999806866 0.985619968393 0.0260760609076 0.0173840394585
0 0.12999998584 0.939419969408 0.0226610665781 0.0151073767223
0 0.0403999819002 0.791559972659 0.0208914390339 0.013927625104
0 0.318599994133 0.983519968439 0.0245235928904 0.0163490608486
0 0.442199999568 0.940339969388 0.0413791295349 0.0275860845371
0 0.514200002733 0.978539968548 0.0297181081365 0.0198120707843
0 0.66080000918 0.946399969255 0.0252011899748 0.0168007922085
0 0.635000008045 0.955819969048 0.0225496672034 0.0150331104774
0 0.703600011061 0.98435996842 0.0274736976447 0.0183157972218
0 0.721400011844 0.984239968423 0.0327693231581 0.0218462139979
0 0.954400022089 0.401079981244 0.0200206243839 0.0133470820423
0 0.346399995355 0.683859975027 0.0232079722115 0.0154719804539
