0 0.816599984156 0.12719997367 0.100462231464 0.0669748253935
0 0.150399998802 0.325659982396 0.12498789711 0.0833252702358
0 0.950799981205 0.701299998913 0.0198864663176 0.0132576450861
0 0.857399983259 0.405279985897 0.0224390548586 0.0149593708924
0 0.973399980709 0.34893998342 0.0246791118233 0.0164527423007
0 0.951599981188 0.276639980241 0.025771142067 0.0171807625111
0 0.977199980625 0.543419991971 0.0230979533386 0.0153986365747
0 0.828599983892 0.564159992883 0.0216279963392 0.0144186651771
0 0.834199983769 0.533719991545 0.0488787909088 0.0325858627551
0 0.615599988575 0.477759989084 0.0640215839049 0.0426810587517
0 0.723599986201 0.474759988952 0.03382296064 0.0225486419138
0 0.735799985932 0.46151998837 0.0227603915348 0.0151735953573
0 0.549199990035 0.495779989876 0.030653124709 0.0204354178205
0 0.546599990092 0.537279991701 0.0231338662738 0.0154225785331
0 0.94739998128 0.559899992696 0.0799779087631 0.0533186093587
0 0.599599988927 0.665379997334 0.0315641062712 0.021042738902
0 0.622399988425 0.615079995122 0.0659860115655 0.0439906772784
0 0.411399993064 0.53907999178 0.0596832419758 0.0397888306081
0 0.0622000007416 0.863000006023 0.0250171682957 0.0166781132972
0 0.0500000010098 0.381899984869 0.0206201586791 0.0137467733594
0 0.142199998983 0.450359987879 0.0386606209818 0.0257737490211
0 0.116799999541 0.487419989509 0.0253883675596 0.0169255794894
0 0.0864000002095 0.500519990085 0.0298529488972 0.0199019672441
0 0.165599998468 0.509479990479 0.0199191144404 0.0132794105028
0 0.168799998398 0.491839989703 0.0284253355238 0.0189502249324
0 0.330599994841 0.486179989454 0.0228286557917 0.0152191048649
0 0.267999996217 0.515699990752 0.0205625792624 0.0137083870791
0 0.367199994036 0.48811998954 0.0231581050317 0.0154387377061
0 0.54939999003 0.423519986699 0.0233151128227 0.0155434095736
0 0.325399994955 0.40443998586 0.0286165743769 0.0190777175096
0 0.384999993645 0.392899985353 0.0205526858918 0.0137017914983
0 0.339599994643 0.38873998517 0.0328150240462 0.0218766841403
0 0.251399996582 0.388659985166 0.0224198617197 0.0149465754656
0 0.287799995782 0.32597998241 0.0343595770597 0.0229063862173
0 0.161199998565 0.454259988051 0.108604475444 0.0724029884049
0 0.649999987819 0.348079983382 0.0201886098548 0.0134590741242
0 0.698999986741 0.26001997951 0.0209928419485 0.0139952288887
0 0.473599991697 0.299499981246 0.0198173116573 0.0132115419762
0 0.377199993816 0.345819983283 0.0394867174245 0.0263244800192
0 0.349599994423 0.309659981693 0.0344968970433 0.022997932879
0 0.385599993632 0.31779998205 0.0338102971256 0.0225401995704
0 0.611199988672 0.342239983125 0.0238341190428 0.0158894137432
0 0.691199986913 0.293059980963 0.0212774742199 0.0141849837488
0 0.533599990378 0.237619978525 0.0263842342412 0.0175894906543
0 0.47619999164 0.236419978472 0.0551324893805 0.0367549953445
0 0.575199989463 0.217079977622 0.04309878702 0.0287325265751
0 0.520599990664 0.294859981042 0.0326659309517 0.0217772887374
0 0.796199984604 0.366059984172 0.060375678982 0.0402504553094
0 0.656399987678 0.151419974735 0.0201060002105 0.0134040010244
0 0.68039998715 0.135479974034 0.0232181577911 0.0154787728816
0 0.756399985479 0.146719974528 0.0438907513342 0.0292605028194
0 0.847199983483 0.146019974497 0.0446617417028 0.0297744964324
0 0.858799983228 0.171299975609 0.0202241270551 0.0134827522594
0 0.892399982489 0.156639974964 0.0245282379221 0.0163521596933
0 0.920599981869 0.192979976562 0.0289363281138 0.0192908866815
0 0.668999987401 0.166859975414 0.0280817387638 0.0187211604107
0 0.726599986135 0.0926999721527 0.0271798591026 0.0181199072635
0 0.686199987023 0.12151997342 0.0267701746272 0.0178467842619
0 0.66859998741 0.201219976924 0.0648570790496 0.0432380555515
0 0.846999983488 0.233799978357 0.0241947324002 0.016129822664
0 0.849799983426 0.204559977071 0.0633892985917 0.0422595351817
0 0.866599983057 0.180019975992 0.0339326781196 0.0226217869051
0 0.866799983052 0.0512199703288 0.0444484406333 0.02963229571
0 0.895399982423 0.0865399718818 0.0477140443914 0.0318093650256
0 0.743799985756 0.190059976434 0.0497878927305 0.0331919306762
0 0.847399983479 0.0207799689903 0.0219338004235 0.0146225345801
0 0.584599989256 0.0200399689578 0.0308482219766 0.0205654826742
0 0.60219998887 0.121219973407 0.0380623688634 0.0253749142492
0 0.646999987885 0.114759973123 0.024435141305 0.0162900952778
0 0.647399987876 0.0657999709699 0.0759946399037 0.0506630966107
0 0.44299999237 0.0263999692374 0.0212220713447 0.0141480484963
0 0.109399999704 0.154759974881 0.0364566748197 0.0243044514828
0 0.0586000008207 0.121599973423 0.0403107362594 0.0268738259454
0 0.206599997567 0.178259975915 0.0265378782862 0.0176919200244
0 0.125199999356 0.190739976464 0.0245952160409 0.0163968117754
0 0.409599993104 0.222919977879 0.0234167177384 0.0156111461886
0 0.317799995122 0.220819977786 0.0252024711265 0.0168016485259
0 0.301399995483 0.246959978936 0.0259864218106 0.0173242823497
0 0.350599994401 0.234399978383 0.0342557956024 0.0228371985745
0 0.165799998464 0.244419978824 0.0337325352329 0.0224883583052
0 0.281799995914 0.1847399762 0.0241656458907 0.0161104316564
0 0.0268000015198 0.169479975529 0.0307550264259 0.0205033523029
0 0.0818000003107 0.16609997538 0.0257398790159 0.0171599204758
0 0.0934000000556 0.240499978652 0.0207907203878 0.0138604811727
0 0.100399999902 0.265459979749 0.0467236190635 0.0311490814302
0 0.0672000006316 0.235019978411 0.0287069997839 0.0191380011182
0 0.0196000016781 0.296979981135 0.0262829261266 0.0175219519067
0 0.0624000007372 0.223599977908 0.0221474972279 0.0147649991258
0 0.0406000012164 0.214099977491 0.0409715144798 0.0273143447881
0 0.0180000017133 0.208659977252 0.0404380639386 0.0269587110705
0 0.471799991736 0.916580008379 0.0226360318667 0.0150906889064
0 0.46479999189 0.599719994447 0.0201509161129 0.0134339449613
0 0.18599999802 0.696319998694 0.0479240806486 0.0319493892063
0 0.41659999295 0.754700001261 0.048984946775 0.0326566333372
0 0.285199995839 0.798160003172 0.0306587639302 0.0204391773015
0 0.0844000002535 0.843800005179 0.0287809032621 0.0191872701069
0 0.112999999625 0.81402000387 0.0417157927479 0.0278105303328
0 0.149199998829 0.800080003257 0.0484757349917 0.0323171587926
0 0.209999997492 0.755320001288 0.0274281827039 0.018285456342
0 0.0300000014495 0.576719993435 0.0329456165377 0.0219637458071
0 0.0628000007284 0.74126000067 0.087798123531 0.0585320862145
0 0.195599997809 0.566279992976 0.0323800125422 0.0215866764519
0 0.273799996089 0.542699991939 0.0296876306749 0.0197917550887
0 0.180799998134 0.0422399699339 0.0214517954093 0.0143011978828
0 0.216799997343 0.0662599709901 0.0307744174322 0.0205162796413
0 0.31379999521 0.129799973784 0.0222293154025 0.0148195445791
0 0.438399992471 0.160099975116 0.0465027000987 0.0310018021105
0 0.218599997303 0.156619974963 0.040934117539 0.0272894134926
