0 0.534599990356 0.502399979016 0.334972730901 0.223315153934
0 0.337799994682 0.405379981149 0.30032119819 0.200214132127
0 0.14959999882 0.411539981014 0.193063203406 0.128708802271
0 0.0452000011153 0.321399982996 0.115718805854 0.0771458705695
0 0.225399997154 0.200299985658 0.155962071981 0.103974714654
0 0.312799995232 0.155239986649 0.395404410346 0.263602940231
0 0.593199989067 0.254919984457 0.103572714003 0.069048476002
0 0.723199986209 0.0765399883791 0.119069690688 0.0793797937918
0 0.865199983087 0.44627998025 0.152362863529 0.101575242353
0 0.761799985361 0.401139981243 0.12571803615 0.0838120241
0 0.649599987827 0.633639976131 0.735264466632 0.490176311088
0 0.918999981905 0.635999976079 0.099044517994 0.0660296786626
0 0.0832000002799 0.860699971139 0.168770030367 0.112513353578
0 0.216399997351 0.831619971778 0.164846319339 0.109897546226
0 0.893199982472 0.962599968899 0.0409667683639 0.0273111789093
0 0.905799982195 0.985659968392 0.0277398257065 0.0184932171377
0 0.965999980871 0.961259968928 0.0475132121026 0.0316754747351
0 0.858399983237 0.941739969357 0.0236837413722 0.0157891609148
0 0.848799983448 0.934279969521 0.0226435523218 0.0150957015479
0 0.648399987854 0.955399969057 0.0257252385242 0.0171501590162
0 0.664599987498 0.92569996971 0.0227968995758 0.0151979330505
0 0.627999988302 0.944919969288 0.0300538852357 0.0200359234905
0 0.115999999559 0.95209996913 0.04837156099 0.0322477073266
0 0.0714000005393 0.91389996997 0.0624423092791 0.041628206186
0 0.0340000013615 0.883999970627 0.0465506860163 0.0310337906775
0 0.144199998939 0.918919969859 0.0664151903613 0.0442767935742
0 0.195199997818 0.930679969601 0.0307212920585 0.0204808613723
0 0.241199996806 0.904939970167 0.0203686705426 0.0135791136951
0 0.104399999814 0.800999972452 0.0244288111591 0.0162858741061
0 0.136999999097 0.80743997231 0.0394768266576 0.0263178844384
0 0.140799999014 0.749879973576 0.0333348239346 0.0222232159564
0 0.292999995667 0.771019973111 0.0263524782598 0.0175683188399
0 0.290199995729 0.792339972642 0.0242551824941 0.0161701216627
0 0.303599995434 0.809619972262 0.0240669116397 0.0160446077598
0 0.3187999951 0.902919970211 0.0467911938707 0.0311941292471
0 0.322399995021 0.923139969766 0.0303140808989 0.0202093872659
0 0.421199992849 0.892379970443 0.0255768379559 0.0170512253039
0 0.461599991961 0.859679971162 0.0961051974034 0.0640701316023
0 0.41339999302 0.823139971965 0.0682169711286 0.0454779807524
0 0.401999993271 0.794679972591 0.0334434531506 0.0222956354338
0 0.358599994225 0.774099973043 0.0261623276649 0.0174415517766
0 0.374999993865 0.910619970042 0.127365282459 0.0849101883058
0 0.294599995632 0.723659974152 0.0214779153242 0.0143186102161
0 0.286399995812 0.744759973688 0.0711887419767 0.0474591613178
0 0.17279999831 0.729999974013 0.0378453108092 0.0252302072061
0 0.304599995412 0.683359975038 0.069511914488 0.0463412763254
0 0.243999996745 0.751139973548 0.0206467732077 0.0137645154718
0 0.446199992299 0.725039974122 0.0378060341254 0.0252040227503
0 0.559999989797 0.852139971327 0.0475811795629 0.0317207863753
0 0.496599991191 0.823579971955 0.0828520373123 0.0552346915415
0 0.569599989586 0.790199972689 0.0240217978669 0.0160145319113
0 0.630999988236 0.871419970903 0.127384079864 0.0849227199094
0 0.461199991969 0.783619972834 0.100704625685 0.0671364171235
0 0.672399987326 0.830019971814 0.021456347775 0.01430423185
0 0.71499998639 0.832719971754 0.0220447065616 0.0146964710411
0 0.762599985343 0.853299971302 0.032676321146 0.0217842140973
0 0.746199985704 0.810699972238 0.021294393288 0.014196262192
0 0.696399986799 0.779019972935 0.0287761563422 0.0191841042281
0 0.792799984679 0.762339973302 0.0626100019213 0.0417400012809
0 0.796799984591 0.792399972641 0.0559567097734 0.0373044731823
0 0.843599983562 0.804379972377 0.0552979101836 0.0368652734557
0 0.825799983954 0.849479971386 0.101219080989 0.0674793873259
0 0.79319998467 0.897179970337 0.0858448810411 0.0572299206941
0 0.696199986803 0.873759970852 0.0449699231621 0.0299799487748
0 0.883999982674 0.746599973648 0.0330894683283 0.0220596455522
0 0.917599981935 0.75603997344 0.0295078700779 0.0196719133852
0 0.65859998763 0.738539973825 0.0316447393285 0.0210964928856
0 0.771199985154 0.829619971822 0.0242689342801 0.0161792895201
0 0.913199982032 0.883199970644 0.0834258528432 0.0556172352288
0 0.884799982656 0.84929997139 0.0313255791728 0.0208837194485
0 0.866599983057 0.878799970741 0.189603491489 0.12640232766
0 0.974999980673 0.839659971602 0.0408223251441 0.0272148834294
0 0.953999981135 0.798499972507 0.0218741448417 0.0145827632278
0 0.987999980388 0.787119972757 0.0273405292439 0.0182270194959
0 0.919999981883 0.796559972549 0.0735480142124 0.0490320094749
0 0.945799981315 0.710879974433 0.0472202693807 0.0314801795871
0 0.970399980775 0.736399973872 0.0239466082457 0.0159644054971
0 0.93919998146 0.727319974072 0.0634625137196 0.0423083424798
0 0.966199980867 0.941479969363 0.0249422771256 0.0166281847504
0 0.98379998048 0.550739977954 0.0204533578003 0.0136355718669
0 0.936599981518 0.564879977643 0.0210499280851 0.0140332853901
0 0.95239998117 0.577439977367 0.0353022197361 0.0235348131574
0 0.974199980691 0.627219976272 0.0284167301656 0.0189444867771
0 0.959599981012 0.67555997521 0.0582109144067 0.0388072762711
0 0.810599984288 0.62959997622 0.0673340866806 0.0448893911204
0 0.88419998267 0.682559975056 0.0526239298093 0.0350826198729
0 0.869199982999 0.705379974554 0.0462227207602 0.0308151471735
0 0.809399984314 0.541599978155 0.0362739466577 0.0241826311051
0 0.791999984697 0.542079978144 0.0369502575146 0.0246335050097
0 0.767599985233 0.558599977781 0.0252936896715 0.016862459781
0 0.692799986878 0.555699977845 0.0242358904202 0.0161572602802
0 0.770399985172 0.632199976163 0.0883217854607 0.0588811903071
0 0.754399985523 0.700919974652 0.0229516319017 0.0153010879345
0 0.596599988993 0.67645997519 0.0802393958395 0.0534929305597
0 0.568599989608 0.60273997681 0.0851599629513 0.0567733086342
0 0.448599992246 0.69325997482 0.0399107499195 0.026607166613
0 0.400199993311 0.648379975807 0.0381480479686 0.0254320319791
0 0.457599992049 0.627159976274 0.0258969874487 0.0172646582991
0 0.296999995579 0.558799977777 0.0214629763337 0.0143086508891
0 0.316799995144 0.581099977286 0.0231738370194 0.0154492246796
0 0.18599999802 0.635559976089 0.0976988216401 0.0651325477601
0 0.156999998657 0.668139975373 0.0274301631872 0.0182867754581
0 0.331599994819 0.546579978045 0.0361434530913 0.0240956353942
0 0.314999995184 0.52361997855 0.0701380659528 0.0467587106352
0 0.262199996345 0.538239978229 0.0665525103539 0.0443683402359
0 0.214799997387 0.501499979036 0.0996420776159 0.0664280517439
0 0.170599998358 0.518019978673 0.0767505974112 0.0511670649408
0 0.140199999027 0.538399978225 0.0730133764315 0.0486755842877
0 0.178599998182 0.559279977766 0.0354921724636 0.0236614483091
0 0.116799999541 0.471259979701 0.0726911493307 0.0484607662205
0 0.0854000002315 0.505139978956 0.0922829923649 0.0615219949099
0 0.265999996261 0.621299976402 0.0728902039598 0.0485934693065
0 0.488399991371 0.702139974625 0.0382712204403 0.0255141469602
0 0.0486000010406 0.446439980247 0.0204821475106 0.013654765007
0 0.0390000012516 0.42307998076 0.0433236661905 0.028882444127
0 0.0588000008163 0.435139980495 0.0367950305201 0.0245300203467
0 0.0590000008119 0.367739981977 0.0502453654997 0.0334969103331
0 0.105799999783 0.333579982728 0.035299152791 0.0235327685274
0 0.593799989054 0.519479978641 0.027653357642 0.0184355717613
0 0.608199988738 0.487519979344 0.0257296905413 0.0171531270275
0 0.585399989239 0.368879981952 0.0492892701047 0.0328595134031
0 0.639799988043 0.39991998127 0.0631467173102 0.0420978115401
0 0.672199987331 0.350479982356 0.0217401885954 0.0144934590636
0 0.63039998825 0.355519982246 0.0263154770514 0.0175436513676
0 0.5143999908 0.309039983268 0.0289850054087 0.0193233369391
0 0.508999990919 0.270979984104 0.0204766072227 0.0136510714818
0 0.730599986047 0.339559982597 0.0309172797424 0.0206115198283
0 0.71179998646 0.325439982907 0.0539826854132 0.0359884569421
0 0.700999986697 0.363319982074 0.0259167741911 0.0172778494607
0 0.831999983817 0.386919981555 0.0357757164829 0.0238504776553
0 0.871999982938 0.446659980242 0.0207846868026 0.0138564578684
0 0.74319998577 0.377219981769 0.0314667575802 0.0209778383868
0 0.774199985088 0.368739981955 0.0435796077041 0.0290530718027
0 0.951999981179 0.463059979881 0.1228677559 0.081911837267
0 0.880399982753 0.338719982615 0.0402892703025 0.026859513535
0 0.861799983162 0.356099982233 0.0275690661192 0.0183793774128
0 0.910799982085 0.349959982368 0.0466122227853 0.0310748151902
0 0.889599982551 0.315959983115 0.0351505543553 0.0234337029035
0 0.827999983905 0.269859984129 0.0851728243339 0.0567818828893
0 0.787399984798 0.32029998302 0.106340879271 0.0708939195143
0 0.874999982872 0.283979983819 0.0837128595424 0.0558085730283
0 0.842999983575 0.313199983176 0.0353585130184 0.0235723420123
0 0.718199986319 0.281419983875 0.0707400775917 0.0471600517278
0 0.941999981399 0.320999983005 0.0260284703522 0.0173523135682
0 0.945199981329 0.0290399894234 0.0262930190988 0.0175286793992
0 0.954599981122 0.149939986765 0.0384935244917 0.0256623496612
0 0.946399981302 0.135139987091 0.0225251286682 0.0150167524455
0 0.929399981676 0.13651998706 0.0348849173379 0.0232566115586
0 0.933799981579 0.0781799883431 0.0335155758269 0.0223437172179
0 0.920199981878 0.0912199880564 0.0218706821618 0.0145804547745
0 0.871399982951 0.0762199883862 0.0271381108687 0.0180920739125
0 0.859999983202 0.104479987765 0.0339278326057 0.0226185550705
0 0.904799982217 0.139899986986 0.0286839501224 0.0191226334149
0 0.979999980563 0.174819986218 0.0213307019604 0.0142204679736
0 0.807399984358 0.1983799857 0.0216882483964 0.0144588322643
0 0.832199983813 0.222299985175 0.0244896553921 0.0163264369281
0 0.757599985453 0.208199985485 0.0236257662169 0.0157505108112
0 0.773799985097 0.174899986217 0.0771982724591 0.0514655149727
0 0.75319998555 0.201459985633 0.0688874448964 0.0459249632643
0 0.740599985827 0.23889998481 0.0309377590208 0.0206251726806
0 0.675999987247 0.102559987807 0.0334014063229 0.0222676042153
0 0.794399984644 0.244979984676 0.0270588649652 0.0180392433101
0 0.699199986737 0.305959983335 0.0203529400824 0.0135686267216
0 0.550399990008 0.28297998384 0.0798915449073 0.0532610299382
0 0.474399991679 0.252259984516 0.0279371984624 0.0186247989749
0 0.554799989912 0.140019986984 0.0248430466122 0.0165620310748
0 0.387599993588 0.185719985979 0.0469982621304 0.0313321747536
0 0.514799990791 0.216539985301 0.133017365439 0.0886782436258
0 0.684999987049 0.0503399889551 0.113328567367 0.0755523782444
0 0.794199984648 0.0465199890391 0.0302754967511 0.0201836645007
0 0.626799988329 0.0768999883712 0.0304658452135 0.0203105634756
0 0.612799988636 0.0166599896956 0.0430715830918 0.0287143887278
0 0.330399994845 0.16111998652 0.0489975145873 0.0326650097249
0 0.15139999878 0.179539986115 0.0274847745964 0.0183231830642
0 0.0846000002491 0.200459985655 0.021163405053 0.014108936702
0 0.109999999691 0.0426399891244 0.0901725384155 0.0601150256103
0 0.257999996437 0.0203999896134 0.0388771894278 0.0259181262852
0 0.360999994172 0.022599989565 0.02082406242 0.01388270828
0 0.120599999458 0.113979987556 0.0755070995821 0.0503380663881
0 0.0696000005789 0.111479987611 0.0444097604835 0.029606506989
0 0.154799998706 0.256219984429 0.0228896993978 0.0152597995986
0 0.0158000017617 0.094739987979 0.0426286568621 0.0284191045747
0 0.0370000012956 0.249399984579 0.0485565670318 0.0323710446879
0 0.298599995544 0.0227599895615 0.0565100460259 0.0376733640173
0 0.367999994018 0.0093599898561 0.0222885781623 0.0148590521082
0 0.480599991543 0.00987998984467 0.0249647350783 0.0166431567188
0 0.580999989336 0.00909998986182 0.0248172249133 0.0165448166089
0 0.600999988896 0.061399988712 0.0206376713062 0.0137584475375
0 0.865199983087 0.0463599890427 0.0388025934088 0.0258683956058
0 0.929399981676 0.0202599896165 0.0241262718671 0.0160841812447
0 0.920399981874 0.045479989062 0.0232028245971 0.0154685497314
