0 0.638400008195 0.413460002957 0.155102358481 0.103401565501
0 0.734400012416 0.608299998674 0.119005399473 0.0793369277492
0 0.409799998143 0.3614600041 0.197521182535 0.131680779672
0 0.903000019829 0.924719991717 0.0234426430079 0.0156284276411
0 0.980200023224 0.905119992148 0.0376737647218 0.0251158414913
0 0.870400018396 0.901779992221 0.0587852323607 0.0391901523223
0 0.930000021016 0.933199991531 0.0655043163135 0.0436695413288
0 0.724200011967 0.901679992223 0.032279205483 0.0215194689027
0 0.791000014904 0.889799992485 0.0249410932111 0.0166273943774
0 0.781400014482 0.875619992796 0.0225904278983 0.0150602842722
0 0.521600003059 0.833059993732 0.0242370808219 0.0161580528156
0 0.375199996622 0.820799994002 0.0376285520093 0.025085699685
0 0.59100000611 0.875559992798 0.0264549770754 0.0176366502204
0 0.50820000247 0.90319999219 0.0220850744295 0.0147233819819
0 0.499000002065 0.889299992496 0.0255833709556 0.0170555795122
0 0.560800004782 0.907359992099 0.0294533614877 0.01963557303
0 0.553000004439 0.893099992412 0.0347921221053 0.0231947465404
0 0.514400002742 0.919979991821 0.0270751925992 0.018050127209
0 0.44679999977 0.91001999204 0.039514327747 0.0263428834272
0 0.507600002443 0.931279991573 0.0367451727762 0.0244967802351
0 0.331399994696 0.898099992302 0.0527759978868 0.0351839962706
0 0.298199993236 0.975779990594 0.025744929729 0.017163285354
0 0.12839998577 0.872759992859 0.0472640043161 0.0315093341325
0 0.22779999014 0.867559992974 0.0235665080319 0.0157110043184
0 0.24939999109 0.878099992742 0.0497139990891 0.0331426638735
0 0.247599991011 0.903859992176 0.041167708164 0.0274451369658
0 0.11839998533 0.926719991673 0.0237126331442 0.0158084210535
0 0.174399987792 0.975419990602 0.0203832164871 0.0135888100951
0 0.110799984996 0.98279999044 0.049556298731 0.0330375303083
0 0.0419999819705 0.947659991213 0.0312256602425 0.0208171054553
0 0.0877999839844 0.962599990884 0.0352791728349 0.0235194470054
0 0.128799985787 0.947279991221 0.0217940114097 0.0145293399815
0 0.433799999198 0.808479994273 0.0314586491655 0.0209724313938
0 0.610400006963 0.819459994031 0.0198166230424 0.0132110811569
0 0.887600019152 0.84177999354 0.021281435779 0.0141876229169
0 0.74360001282 0.737279995838 0.0354214395319 0.0236142914637
0 0.656200008977 0.720319996211 0.0550979724193 0.0367319791901
0 0.407199998029 0.694179996785 0.0303935286791 0.0202623511163
0 0.231399990299 0.710739996421 0.0213278356961 0.014218556193
0 0.371399996454 0.733859995913 0.0225564936305 0.0150376614285
0 0.228799990184 0.636459998054 0.0234715316557 0.0156476867384
0 0.219199989762 0.625539998294 0.0232736642051 0.0155157751134
0 0.407199998029 0.629159998215 0.0218923515326 0.0145949000591
0 0.323799994361 0.607139998699 0.0215738838709 0.0143825882987
0 0.368199996314 0.614299998542 0.0259303315302 0.0172868865466
0 0.439799999462 0.616319998497 0.0301673661831 0.0201115761289
0 0.341999995162 0.71307999637 0.09603348313 0.064022317864
0 0.395199997501 0.674219997224 0.0254008382325 0.0169338910381
0 0.607000006814 0.768659995148 0.0230305840421 0.015353721682
0 0.608600006884 0.78721999474 0.0240367400282 0.0160244922952
0 0.552200004404 0.80951999425 0.0242477656643 0.0161651760433
0 0.537600003762 0.821659993983 0.024840279745 0.0165601854044
0 0.339799995065 0.775399995 0.0240707732297 0.0160471810947
0 0.124199985585 0.826539993875 0.0251147218989 0.0167431468283
0 0.684400010217 0.853599993281 0.0591809672618 0.0394539755723
0 0.0459999821464 0.808779994266 0.028671389323 0.019114258288
0 0.785800014676 0.798079994501 0.167382012464 0.111588000949
0 0.842400017165 0.696199996741 0.0225313644643 0.0150209086521
0 0.85800001785 0.735279995882 0.0449630037334 0.0299753338452
0 0.929800021008 0.744979995669 0.022509500111 0.0150063324176
0 0.968800022722 0.8527199933 0.0359643878162 0.0239762569628
0 0.915800020392 0.459820001938 0.0225720262254 0.0150480164911
0 0.956200022168 0.480080001492 0.0334060606141 0.0222707056072
0 0.840200017068 0.526420000474 0.0212471057763 0.01416473625
0 0.874800018589 0.51430000074 0.020839202027 0.013892800435
0 0.83660001691 0.448000002198 0.0278240219659 0.0185493467538
0 0.876800018677 0.471140001689 0.0430506148236 0.0287004079895
0 0.713200011484 0.558159999776 0.0219216359153 0.0146144229796
0 0.859400017912 0.562019999691 0.0884216212401 0.0589477436055
0 0.929600020999 0.665439997417 0.0542289385763 0.0361526233331
0 0.95100002194 0.666099997403 0.026365442054 0.01757696021
0 0.886800019117 0.600039998855 0.0203403781841 0.0135602512283
0 0.888200019178 0.641279997948 0.0344881977012 0.0229921302844
0 0.55960000473 0.612639998578 0.0278158104667 0.0185438724214
0 0.560200004756 0.587959999121 0.0388353455903 0.025890228686
0 0.671600009654 0.531660000358 0.0250907799374 0.0167271855217
0 0.555000004527 0.55477999985 0.10495384247 0.0699692236988
0 0.61760000728 0.50658000091 0.022774543561 0.0151830280393
0 0.476400001071 0.517640000667 0.0499113718711 0.0332742457194
0 0.513200002689 0.497900001101 0.0203362229676 0.0135574810842
0 0.381999996921 0.594879998969 0.0517821096825 0.0345214041781
0 0.438799999418 0.583299999223 0.0332680480673 0.0221786972487
0 0.489200001634 0.590379999067 0.0597585423501 0.0398390256058
0 0.385599997079 0.659039997558 0.0346049394971 0.0230699581431
0 0.32899999459 0.519540000625 0.0227314084568 0.015154271305
0 0.0461999821552 0.641799997937 0.0199615609499 0.0133077064222
0 0.0781999835623 0.551819999915 0.021985151367 0.0146567666113
0 0.0691999831665 0.533040000328 0.0275221751701 0.0183481155699
0 0.0789999835975 0.516920000683 0.0214930550174 0.0143287023999
0 0.174599987801 0.502100001008 0.0215631990286 0.0143754650709
0 0.233199990378 0.50610000092 0.0264122377061 0.0176081573094
0 0.210199989366 0.493700001193 0.0225237465674 0.0150158300546
0 0.257199991433 0.481800001455 0.0264801062416 0.0176534029967
0 0.796200015133 0.463420001859 0.0412086667262 0.0274724426722
0 0.69560001071 0.468880001739 0.0267324861748 0.0178216562744
0 0.673800009751 0.493100001206 0.0347477997964 0.0231651983364
0 0.721200011835 0.485920001364 0.0290017290317 0.0193344847459
0 0.427799998934 0.435240002478 0.0269058180615 0.017937210858
0 0.306199993588 0.460520001922 0.039936774754 0.0266245147466
0 0.178999987995 0.453380002079 0.0206805123316 0.0137870073117
0 0.16979998759 0.437700002424 0.0393327843611 0.0262218545112
0 0.236999990545 0.442920002309 0.0349547691497 0.0233031778961
0 0.187599988373 0.41698000288 0.0200911641301 0.0133941085366
0 0.068799983149 0.496280001136 0.0383743144305 0.0255828745997
0 0.117399985286 0.484920001386 0.0319131506995 0.0212754323964
0 0.0235999811615 0.482980001429 0.0344434796574 0.0229623182571
0 0.308799993702 0.478740001522 0.0207733121659 0.0138488738639
0 0.344399995267 0.446780002225 0.0239814360758 0.015987622996
0 0.321999994282 0.493520001197 0.0268777208836 0.0179184794072
0 0.1631999873 0.399780003258 0.0248866796622 0.0165911186805
0 0.413399998301 0.382820003631 0.0590035790924 0.0393357168005
0 0.286599992726 0.425520002692 0.0610367660808 0.0406911747034
0 0.253799991284 0.399500003264 0.0412725779128 0.0275150501271
0 0.291599992946 0.354060004263 0.0202528218372 0.0135018803343
0 0.833600016778 0.388400003508 0.0345905941069 0.0230603945503
0 0.451199999963 0.380340003685 0.0207413565726 0.0138275701364
0 0.140599986306 0.375360003795 0.0211658811879 0.0141105865279
0 0.14819998664 0.359520004143 0.0239706522997 0.0159804338125
0 0.0909999841251 0.370080003911 0.0227016294055 0.0151344186054
0 0.0551999825509 0.400560003241 0.0225173158753 0.0150115429267
0 0.0685999831402 0.386860003542 0.0400720171564 0.0267146763423
0 0.149599986702 0.385760003566 0.0260377735559 0.017358514559
0 0.117399985286 0.397080003317 0.0237700147048 0.0158466754247
0 0.144199986464 0.339480004584 0.0399430075787 0.0266286699628
0 0.386199997105 0.492320001223 0.0207661889377 0.0138441250454
0 0.0471999821992 0.37104000389 0.0218076642638 0.0145384418836
0 0.164199987344 0.323960004925 0.0248125783019 0.0165417177769
0 0.175399987836 0.312140005185 0.0385543738105 0.0257029141784
0 0.250599991143 0.291540005638 0.0491672913232 0.0327781920536
0 0.156799987018 0.292060005626 0.0275863831578 0.0183909208922
0 0.111399985022 0.266980006178 0.0551835500916 0.036789030968
0 0.443999999647 0.278460005925 0.121557889585 0.0810385877119
0 0.2427999908 0.241220006744 0.0352672018541 0.023511466352
0 0.492600001784 0.242880006707 0.028675346672 0.0191168965205
0 0.661400009206 0.231140006965 0.0240522726231 0.0160348473578
0 0.246399990958 0.225160007097 0.0465540559035 0.031036035222
0 0.322599994309 0.232100006944 0.0227225044215 0.0151483352819
0 0.642600008379 0.261480006298 0.0858915890834 0.0572610556122
0 0.774000014157 0.266060006198 0.0344365542966 0.0229577013502
0 0.70880001129 0.301620005416 0.0362471404031 0.0241647586749
0 0.802600015415 0.315260005116 0.0417268815793 0.0278179192181
0 0.922400020682 0.309700005238 0.0373915068035 0.0249276695582
0 0.733600012381 0.32008000501 0.0218764232029 0.0145842811733
0 0.618400007315 0.322880004949 0.0307915390559 0.02052769135
0 0.607000006814 0.353080004285 0.0279214716853 0.0186143132292
0 0.757000013409 0.354060004263 0.0199904495977 0.0133269655195
0 0.96260002245 0.400460003243 0.0278355972118 0.0185570635839
0 0.973800022942 0.121980009365 0.0443450636853 0.0295633738403
0 0.96760002267 0.20590000752 0.0765931050449 0.0510620666621
0 0.626400007667 0.172380008257 0.0390012574476 0.0260008365835
0 0.522200003085 0.216480007288 0.0271614628077 0.0181076406775
0 0.546800004167 0.208740007458 0.0227170630666 0.0151447077122
0 0.783800014588 0.244400006674 0.021033309996 0.0140222057391
0 0.812600015854 0.236560006846 0.0200703880478 0.013380257816
0 0.634800008036 0.214220007337 0.0256963532699 0.0171309010501
0 0.810800015775 0.165740008403 0.0269212517227 0.0179474999647
0 0.456200000183 0.210160007427 0.0298275288367 0.0198850179129
0 0.0353999816803 0.139400008982 0.0318773366909 0.0212515563923
0 0.133599985998 0.0539400108613 0.0202320457549 0.0134880296136
0 0.110199984969 0.0694600105201 0.0275311781391 0.0183541175488
0 0.2427999908 0.586979999142 0.114480170878 0.0763201088851
0 0.716000011607 0.916219991904 0.0380338834818 0.0253559206488
0 0.809400015714 0.79131999465 0.0228787207737 0.0152524795098
0 0.912400020243 0.787759994728 0.0553796367351 0.0369197553884
0 0.754200013286 0.839099993599 0.0338120846226 0.0225413882617
0 0.605200006735 0.575959999385 0.0249146779064 0.0166097841754
0 0.462000000438 0.0840800101986 0.019980259424 0.0133201720708
0 0.523600003147 0.0879200101142 0.0233088846113 0.0155392553826
0 0.882400018923 0.0549800108384 0.0213239772809 0.0142159839163
