0 0.50320000225 0.357019983775 0.333778623009 0.222519082006
0 0.148399986649 0.422839986669 0.146827532014 0.0978850213426
0 0.0551999825509 0.784180002557 0.0945900338393 0.0630600225595
0 0.193399988628 0.812260003792 0.230652093246 0.153768062164
0 0.247599991011 0.797580003147 0.359271863659 0.239514575773
0 0.769400013955 0.617459995227 0.23301463045 0.155343086967
0 0.0849999838613 0.985300011401 0.0255694196139 0.0170462797426
0 0.76680001384 0.974480010925 0.0203886564972 0.0135924376648
0 0.656200008977 0.982160011263 0.0198232502945 0.0132155001964
0 0.698600010842 0.95754001018 0.0255288567892 0.0170192378595
0 0.674200009769 0.939160009372 0.0425118189518 0.0283412126345
0 0.768000013893 0.93616000924 0.0203532382259 0.013568825484
0 0.889800019249 0.975980010991 0.0375897675097 0.0250598450065
0 0.965600022582 0.968620010667 0.0377045306235 0.025136353749
0 0.831800016698 0.778080002289 0.0244120929718 0.0162747286479
0 0.986000023479 0.811780003771 0.028375872414 0.018917248276
0 0.962800022459 0.788540002749 0.0283976378321 0.0189317585548
0 0.835000016839 0.746760000912 0.0260141266797 0.0173427511198
0 0.82000001618 0.760060001497 0.0200578221417 0.0133718814278
0 0.811000015784 0.748220000976 0.0209017267627 0.0139344845085
0 0.836800016918 0.72988000017 0.0229002868154 0.015266857877
0 0.970200022784 0.773160002073 0.0438026071805 0.0292017381203
0 0.769800013972 0.71351999945 0.0219669461127 0.0146446307418
0 0.739600012644 0.719479999713 0.0207982420929 0.0138654947286
0 0.783200014562 0.730880000214 0.0275505673321 0.0183670448881
0 0.656000008968 0.811480003758 0.0221271198033 0.0147514132022
0 0.614400007139 0.776220002207 0.0589675633271 0.0393117088848
0 0.60760000684 0.802320003355 0.0328275929571 0.0218850619714
0 0.64240000837 0.844900005227 0.0287701232833 0.0191800821889
0 0.681800010103 0.886480007056 0.0245154787079 0.016343652472
0 0.666600009435 0.897520007541 0.0278665616298 0.0185777077532
0 0.661000009188 0.881980006858 0.020448907132 0.0136326047546
0 0.617800007289 0.879200006736 0.0289806542368 0.0193204361579
0 0.633800007992 0.926680008823 0.0515668264952 0.0343778843301
0 0.575600005433 0.893700007373 0.0323406411934 0.0215604274623
0 0.593200006207 0.907880007997 0.0504198878936 0.0336132585957
0 0.542600003982 0.933960009143 0.0269946587664 0.0179964391776
0 0.576600005477 0.943540009565 0.043983952687 0.0293226351247
0 0.505600002355 0.937640009305 0.0281968023831 0.0187978682554
0 0.547800004211 0.814220003878 0.0205515013983 0.0137010009322
0 0.660600009171 0.739300000584 0.130226454006 0.0868176360039
0 0.782200014518 0.700859998894 0.0268717830877 0.0179145220585
0 0.615600007192 0.68553999822 0.0279936914584 0.0186624609723
0 0.544800004079 0.777380002258 0.0201030348512 0.0134020232341
0 0.479200001194 0.775080002157 0.022647511164 0.015098340776
0 0.506200002382 0.814240003879 0.0481305616414 0.0320870410943
0 0.485200001458 0.800420003272 0.0370734324315 0.024715621621
0 0.532800003551 0.889240007177 0.0243359140084 0.0162239426723
0 0.523600003147 0.9056800079 0.0445957588038 0.0297305058692
0 0.442999999603 0.912140008184 0.026170936624 0.0174472910827
0 0.41859999853 0.910880008128 0.0263356612657 0.0175571075105
0 0.425999998855 0.890480007232 0.023508333451 0.0156722223006
0 0.438999999427 0.869380006304 0.0233682433052 0.0155788288701
0 0.290999992919 0.886200007043 0.0473011013433 0.0315340675622
0 0.236999990545 0.863140006029 0.0407518870288 0.0271679246858
0 0.246799990976 0.887340007093 0.0412193488499 0.0274795658999
0 0.213399989507 0.898520007585 0.0563516568694 0.0375677712462
0 0.464400000544 0.821100004181 0.0199150607855 0.0132767071904
0 0.353399995663 0.79856000319 0.026629296543 0.017752864362
0 0.378999996789 0.771420001996 0.038979885192 0.025986590128
0 0.370999996437 0.750420001073 0.0222915476439 0.0148610317626
0 0.332599994748 0.753400001204 0.0279687601613 0.0186458401075
0 0.310199993763 0.745540000858 0.0351147426675 0.023409828445
0 0.40359999787 0.80266000337 0.0217873814131 0.0145249209421
0 0.445999999735 0.776160002205 0.0458654741504 0.0305769827669
0 0.434599999233 0.735620000422 0.0367260761449 0.0244840507633
0 0.342599995188 0.714179999479 0.0219582399454 0.0146388266303
0 0.288599992814 0.706759999153 0.0198607461739 0.0132404974493
0 0.256199991389 0.708459999228 0.0224249102968 0.0149499401979
0 0.268399991925 0.699959998854 0.019953249201 0.013302166134
0 0.253199991257 0.686999998284 0.0201232173298 0.0134154782199
0 0.196799988777 0.710699999326 0.0513239442156 0.0342159628104
0 0.414799998363 0.708859999246 0.0245065746733 0.0163377164488
0 0.411399998213 0.700359998872 0.021438442187 0.0142922947914
0 0.321999994282 0.67643999782 0.0271339574424 0.0180893049616
0 0.484200001414 0.857260005771 0.0705135240415 0.0470090160277
0 0.15979998715 0.824020004309 0.0353786978291 0.0235857985527
0 0.21459998956 0.83472000478 0.0261476872001 0.0174317914667
0 0.0955999843274 0.749380001027 0.043904113176 0.029269408784
0 0.141199986332 0.902780007772 0.0254764219183 0.0169842812789
0 0.126999985708 0.890620007238 0.0462716959996 0.0308477973331
0 0.108799984908 0.907380007975 0.0483907573218 0.0322605048812
0 0.0655999830082 0.936100009237 0.0391853705259 0.0261235803506
0 0.0495999823047 0.918780008476 0.0259847433653 0.0173231622435
0 0.0791999836062 0.903240007793 0.0198433338394 0.0132288892263
0 0.0847999838525 0.890200007219 0.0206348035895 0.0137565357264
0 0.0151999807921 0.914040008267 0.0234270099341 0.0156180066228
0 0.0377999817859 0.867880006238 0.0348358485143 0.0232238990095
0 0.721400011844 0.941520009476 0.0782619139612 0.0521746093074
0 0.0129999806954 0.653519996812 0.0301201728095 0.0200801152063
0 0.0255999812494 0.717719999635 0.0226303956307 0.0150869304204
0 0.103199984662 0.626019995603 0.0403708932778 0.0269139288519
0 0.121399985462 0.589999994019 0.0199598777601 0.0133065851734
0 0.178599987977 0.690679998446 0.0230009024074 0.0153339349383
0 0.156199986992 0.681939998062 0.0513470947058 0.0342313964705
0 0.125199985629 0.678599997915 0.0620754671683 0.0413836447789
0 0.0611999828148 0.607159994774 0.11152798116 0.0743519874399
0 0.0431999820233 0.531959991467 0.0254088501884 0.0169392334589
0 0.0287999813901 0.504779990272 0.0301215578816 0.0200810385877
0 0.158599987098 0.497039989932 0.0582154691971 0.0388103127981
0 0.11679998526 0.490479989643 0.0235308903388 0.0156872602259
0 0.224199989982 0.617219995216 0.0656016627724 0.0437344418483
0 0.257999991468 0.672559997649 0.0236082565069 0.0157388376713
0 0.194999988698 0.658079997013 0.0752872738392 0.0501915158928
0 0.34719999539 0.670659997566 0.0407072679216 0.0271381786144
0 0.396799997571 0.666939997402 0.0205802911105 0.0137201940737
0 0.324799994405 0.634919995994 0.0248033758295 0.0165355838864
0 0.324199994379 0.615779995153 0.0217993523931 0.0145329015954
0 0.27599999226 0.638099996134 0.0591943194105 0.039462879607
0 0.502400002215 0.583039993713 0.0247025623701 0.0164683749134
0 0.401599997782 0.620359995354 0.0262513697373 0.0175009131582
0 0.439599999453 0.663259997241 0.0292158196863 0.0194772131242
0 0.467200000667 0.663579997255 0.0251870407909 0.0167913605273
0 0.471400000851 0.682179998072 0.0671961775177 0.0447974516785
0 0.44019999948 0.609399994872 0.0439234052511 0.0292822701674
0 0.472800000913 0.610699994929 0.073290296726 0.0488601978173
0 0.299799993306 0.506119990331 0.0981573858704 0.0654382572469
0 0.40359999787 0.504699990269 0.102742666934 0.0684951112892
0 0.46660000064 0.497799989965 0.035972893744 0.0239819291627
0 0.587200005943 0.655679996907 0.0226067504719 0.0150711669813
0 0.631400007887 0.65163999673 0.0205574374215 0.013704958281
0 0.587000005934 0.628919995731 0.0245969011585 0.0163979341057
0 0.626400007667 0.502959990192 0.0213289225604 0.0142192817069
0 0.609200006911 0.524039991119 0.0691233074255 0.0460822049503
0 0.66080000918 0.535319991615 0.0889543734838 0.0593029156558
0 0.560200004756 0.519339990912 0.0625143371447 0.0416762247632
0 0.557200004624 0.478199989103 0.0584884273272 0.0389922848848
0 0.525200003217 0.466599988593 0.0920388300336 0.0613592200224
0 0.611600007016 0.480339989197 0.0688303646842 0.0458869097895
0 0.935000021236 0.633299995923 0.0235919324433 0.0157279549622
0 0.845000017279 0.542119991914 0.0221915256542 0.0147943504362
0 0.846600017349 0.521999991029 0.0255925701041 0.0170617134027
0 0.863200018079 0.508719990445 0.0237604165664 0.0158402777109
0 0.973800022942 0.505899990321 0.0306537223548 0.0204358149032
0 0.948000021808 0.537879991727 0.105167532381 0.0701116882538
0 0.980000023215 0.369359984318 0.059135058113 0.0394233720753
0 0.946600021746 0.303499981422 0.0865394014088 0.0576929342725
0 0.88620001909 0.329039982545 0.073856296531 0.0492375310207
0 0.845400017296 0.317379982032 0.0400379813142 0.0266919875428
0 0.675000009804 0.335579982832 0.0364067181008 0.0242711454005
0 0.70880001129 0.357759983808 0.0439533821679 0.0293022547786
0 0.74360001282 0.395739985478 0.066994154864 0.0446627699093
0 0.692600010578 0.407699986003 0.0396118737875 0.0264079158583
0 0.678800009971 0.38691998509 0.0326265596406 0.0217510397604
0 0.678800009971 0.373019984479 0.0217223819599 0.0144815879732
0 0.911800020216 0.407579985998 0.0344495123425 0.0229663415617
0 0.892400019363 0.418519986479 0.0350300554042 0.0233533702695
0 0.927400020902 0.430099986988 0.033282490196 0.0221883267973
0 0.978200023136 0.42717998686 0.0205553598134 0.0137035732089
0 0.799400015274 0.460119988308 0.0616694431865 0.0411129621243
0 0.794400015054 0.381879984868 0.0239197987873 0.0159465325249
0 0.824800016391 0.334099982767 0.0329596694717 0.0219731129811
0 0.843000017191 0.377219984663 0.0423470943101 0.0282313962067
0 0.957000022204 0.395599985471 0.0623043008598 0.0415362005732
0 0.84820001742 0.399359985637 0.0612320572159 0.0408213714773
0 0.84980001749 0.487759989524 0.0225195898657 0.0150130599104
0 0.641200008318 0.335919982847 0.0244489952489 0.016299330166
0 0.376999996701 0.411079986152 0.0407973965394 0.0271982643596
0 0.344399995267 0.36373998407 0.0301770596978 0.0201180397985
0 0.349799995505 0.393039985359 0.0217447409803 0.0144964939869
0 0.280399992453 0.434959987202 0.0576217679508 0.0384145119672
0 0.363399996103 0.448719987807 0.0881152176812 0.0587434784541
0 0.339999995074 0.46425998849 0.0271036837245 0.018069122483
0 0.36879999634 0.473519988898 0.0208111034764 0.0138740689842
0 0.219999989797 0.459139988265 0.028494790744 0.0189965271626
0 0.188399988408 0.490239989633 0.0282494351214 0.0188329567476
0 0.212599989472 0.337199982903 0.0251670561797 0.0167780374531
0 0.0595999827444 0.33415998277 0.0213883817253 0.0142589211502
0 0.343199995214 0.335179982815 0.0212647145769 0.0141764763846
0 0.372599996507 0.288879980779 0.0363657595412 0.0242438396941
0 0.300599993341 0.321699982222 0.0755663658598 0.0503775772399
0 0.212199989454 0.311139981758 0.0220668691686 0.0147112461124
0 0.238399990606 0.323579982305 0.0357738391019 0.0238492260679
0 0.144799986491 0.247999978981 0.020264197879 0.0135094652527
0 0.0391999818474 0.45037998788 0.0269772464319 0.0179848309546
0 0.100599984547 0.126479973638 0.0301124559794 0.020074970653
0 0.173999987775 0.190239976442 0.0227803791483 0.0151869194322
0 0.16979998759 0.179439975967 0.0233651763599 0.0155767842399
0 0.234999990457 0.19405997661 0.04866153891 0.03244102594
0 0.218799989745 0.176839975852 0.0301380798126 0.0200920532084
0 0.262799991679 0.175979975815 0.0385661443802 0.0257107629201
0 0.515000002769 0.229039978148 0.0640841184603 0.0427227456402
0 0.49160000174 0.245819978885 0.0426017497022 0.0284011664681
0 0.518400002918 0.187359976315 0.0597754560745 0.0398503040497
0 0.463000000482 0.221259977806 0.0606186681596 0.0404124454397
0 0.420799998627 0.227779978092 0.0976715223776 0.0651143482517
0 0.32739999452 0.189399976405 0.0539074004136 0.0359382669424
0 0.355999995777 0.204959977089 0.0828380931225 0.055225395415
0 0.404199997897 0.255999979333 0.0447779947138 0.0298519964758
0 0.33899999503 0.238519978564 0.0351268125812 0.0234178750541
0 0.331599994704 0.266499979795 0.0490687500965 0.0327125000643
0 0.285799992691 0.149519974651 0.0220664734337 0.0147109822891
0 0.327799994537 0.129579973774 0.0273609113932 0.0182406075955
0 0.26759999189 0.0685399710904 0.0622465235681 0.0414976823787
0 0.388199997193 0.102159972569 0.0252757843366 0.0168505228911
0 0.315599994001 0.0923999721395 0.0466317158022 0.0310878105348
0 0.356199995786 0.114859973127 0.0858020484029 0.0572013656019
0 0.269599991978 0.125199973582 0.0266186117014 0.0177457411343
0 0.361999996041 0.15403997485 0.0226996492338 0.0151330994892
0 0.223599989956 0.0460199701001 0.026095648064 0.0173970987093
0 0.613800007113 0.24251997874 0.0510895702359 0.0340597134906
0 0.664800009355 0.259619979492 0.0250553600112 0.0167035733408
0 0.568200005108 0.210579977336 0.0331081689835 0.0220721126557
0 0.563600004906 0.174999975771 0.0232203373956 0.0154802249304
0 0.635000008045 0.117619973248 0.0256541068772 0.0171027379181
0 0.658200009065 0.126019973618 0.0205289445105 0.013685963007
0 0.702000010991 0.237099978502 0.0425490180301 0.0283660120201
0 0.592400006172 0.171339975611 0.02087877414 0.01391918276
0 0.539800003859 0.151099974721 0.0216631206623 0.0144420804416
0 0.608400006875 0.133079973928 0.0612009920282 0.0408006613521
0 0.566800005046 0.142939974362 0.0457398283276 0.030493218885
0 0.559400004721 0.16335997526 0.03671796358 0.0244786423867
0 0.713000011475 0.263339979656 0.0313239982994 0.0208826655329
0 0.786200014693 0.262799979632 0.0266313741511 0.0177542494341
0 0.796400015142 0.251359979129 0.0444639790904 0.0296426527269
0 0.759400013515 0.242879978756 0.0198585696321 0.0132390464214
0 0.819600016162 0.175759975805 0.0203720356325 0.0135813570883
0 0.804600015502 0.137059974103 0.0690994643992 0.0460663095995
0 0.790000014861 0.160559975137 0.0262102133103 0.0174734755402
0 0.778800014368 0.110419972932 0.0226103120858 0.0150735413905
0 0.886400019099 0.142019974321 0.0497548554361 0.033169903624
0 0.883800018985 0.194919976647 0.107035400991 0.0713569339939
0 0.820800016215 0.214019977487 0.0238183917256 0.015878927817
0 0.859600017921 0.227419978076 0.0286475444057 0.0190983629372
0 0.855800017754 0.261999979597 0.0790329044315 0.0526886029543
0 0.965200022564 0.236219978463 0.0388998478136 0.0259332318757
0 0.924200020761 0.260579979534 0.0264326163101 0.0176217442067
0 0.76860001392 0.0893999720076 0.0209506989535 0.0139671326357
0 0.498400002039 0.020839968993 0.0560447644738 0.0373631763158
0 0.489400001643 0.0414199698979 0.0614958145101 0.0409972096734
0 0.416399998433 0.0520599703657 0.024510532022 0.0163403546813
0 0.418199998512 0.0203199689701 0.0374248450005 0.024949896667
0 0.328199994555 0.033599969554 0.0313534805476 0.0209023203651
0 0.0829999837733 0.0899399720313 0.0336274720733 0.0224183147155
0 0.13999998628 0.0216999690308 0.0321964947652 0.0214643298434
0 0.884800019029 0.868540006267 0.335682107758 0.223788071839
0 0.475200001019 0.867280006211 0.0202927897238 0.0135285264825
0 0.38879999722 0.827280004453 0.0638048285723 0.0425365523815
0 0.251399991178 0.789280002782 0.0239600648108 0.0159733765405
0 0.23779999058 0.152619974787 0.0212791588998 0.0141861059332
0 0.438999999427 0.0306799694256 0.0472446101899 0.0314964067933
