0 0.129399985814 0.0762599714298 0.101480272682 0.0676535151216
0 0.198999988874 0.0978799723805 0.17639585254 0.117597235027
0 0.380199996841 0.108739972858 0.190170394203 0.126780262802
0 0.694000010639 0.256139979339 0.393288244181 0.262192162787
0 0.557000004615 0.403119985802 0.122274161692 0.0815161077945
0 0.0749999834216 0.792060002904 0.105506875036 0.0703379166907
0 0.211799989437 0.554299992449 0.154323739885 0.102882493256
0 0.562200004844 0.519919990938 0.138966258721 0.0926441724808
0 0.372399996498 0.461839988384 0.109125870468 0.0727505803122
0 0.635400008063 0.519039990899 0.169714858512 0.113143239008
0 0.180599988065 0.737660000512 0.173313077864 0.115542051909
0 0.361799996032 0.812840003818 0.122851934609 0.0819012897395
0 0.498000002021 0.807800003596 0.0930990037638 0.0620660025092
0 0.387999997184 0.856820005751 0.122652088497 0.0817680589983
0 0.281799992515 0.923840008698 0.173374416769 0.115582944513
0 0.89460001946 0.731880000258 0.181948012837 0.121298675225
0 0.913200020278 0.54429999201 0.105390133248 0.0702600888319
0 0.366399996235 0.981840011249 0.0268734649609 0.0179156433073
0 0.327999994546 0.981080011215 0.023208960018 0.015472640012
0 0.656600008995 0.990720011639 0.024166143747 0.016110762498
0 0.656400008986 0.980640011196 0.0281230967626 0.0187487311751
0 0.705600011149 0.989900011603 0.0212346387264 0.0141564258176
0 0.469800000781 0.986540011455 0.0374378053177 0.0249585368785
0 0.424999998811 0.974540010928 0.0446477979399 0.0297651986266
0 0.402399997818 0.988360011535 0.0275772794362 0.0183848529575
0 0.39859999765 0.955640010097 0.0206681442527 0.0137787628352
0 0.513800002716 0.966560010577 0.0211307583217 0.0140871722145
0 0.503400002259 0.951800009928 0.0303757186051 0.02025047907
0 0.605000006726 0.971060010775 0.0249124997213 0.0166083331476
0 0.542600003982 0.953060009983 0.0888414901107 0.0592276600738
0 0.959600022318 0.948320009775 0.0229012761526 0.0152675174351
0 0.938200021377 0.948140009767 0.0228275705322 0.0152183803548
0 0.938000021368 0.972600010842 0.0669956388698 0.0446637592465
0 0.883800018985 0.940460009429 0.0879244734715 0.0586163156476
0 0.832200016716 0.972500010838 0.0696992006024 0.0464661337349
0 0.741400012724 0.956460010133 0.102723869527 0.0684825796848
0 0.742600012776 0.925520008772 0.0478889655002 0.0319259770002
0 0.718400011712 0.911500008156 0.0386672546407 0.0257781697605
0 0.759200013506 0.896620007501 0.0449319355802 0.0299546237201
0 0.794000015036 0.896540007498 0.0659316067245 0.043954404483
0 0.827600016514 0.903040007784 0.0355023649776 0.0236682433184
0 0.971000022819 0.75922000146 0.0294242730317 0.0196161820212
0 0.981400023276 0.771380001995 0.0202602405303 0.0135068270202
0 0.933800021183 0.882320006873 0.03825806478 0.02550537652
0 0.953400022045 0.879400006744 0.0367056957989 0.0244704638659
0 0.931800021096 0.90864000803 0.0637500192921 0.0425000128614
0 0.859200017903 0.783800002541 0.0205542715425 0.013702847695
0 0.896400019539 0.86384000606 0.0206770482874 0.0137846988583
0 0.863400018088 0.825580004378 0.0221040682469 0.0147360454979
0 0.813600015898 0.778120002291 0.0198584706984 0.0132389804656
0 0.759400013515 0.806560003541 0.037883402787 0.025255601858
0 0.784200014605 0.799680003239 0.0289876785308 0.0193251190206
0 0.795800015116 0.838680004954 0.032801969124 0.021867979416
0 0.79840001523 0.859640005875 0.0304965166757 0.0203310111171
0 0.777800014324 0.845520005255 0.0328865574535 0.0219243716357
0 0.753400013251 0.868300006256 0.0224689358016 0.0149792905344
0 0.776600014271 0.869860006325 0.0240485115554 0.0160323410369
0 0.71540001158 0.873540006487 0.0386684418454 0.0257789612303
0 0.685000010244 0.880480006792 0.0474045860132 0.0316030573421
0 0.719600011765 0.819800004124 0.0778884391728 0.0519256261152
0 0.645200008494 0.81654000398 0.0446602635884 0.029773509059
0 0.653800008872 0.916980008397 0.0497947257247 0.0331964838165
0 0.623400007535 0.890100007215 0.028691767778 0.0191278451854
0 0.643200008406 0.94754000974 0.0253842156924 0.0169228104616
0 0.905200019926 0.812600003807 0.0204282299848 0.0136188199898
0 0.781600014491 0.748420000985 0.0254590095838 0.0169726730559
0 0.765800013796 0.736660000468 0.0206322313128 0.0137548208752
0 0.74360001282 0.738140000533 0.0221010013016 0.0147340008677
0 0.644400008458 0.793960002987 0.0587774127197 0.0391849418131
0 0.681000010068 0.75808000141 0.093834180228 0.062556120152
0 0.61600000721 0.722459999844 0.0355230421248 0.0236820280832
0 0.577200005504 0.818900004084 0.0308799837696 0.0205866558464
0 0.56280000487 0.797080003125 0.03789359296 0.0252623953067
0 0.613400007095 0.831560004641 0.0516387513087 0.0344258342058
0 0.611600007016 0.931900009053 0.0217595810381 0.0145063873588
0 0.582400005732 0.929980008968 0.0252785544808 0.0168523696538
0 0.543600004026 0.870000006331 0.0241324073489 0.0160882715659
0 0.508000002461 0.893220007352 0.021814489252 0.0145429928347
0 0.582400005732 0.857800005795 0.0264888106624 0.0176592071082
0 0.501000002153 0.845980005275 0.0519581093529 0.0346387395686
0 0.484200001414 0.868320006257 0.0236911629632 0.0157941086422
0 0.435399999269 0.788640002754 0.0875176580199 0.0583451053466
0 0.444199999655 0.756320001332 0.0213858094486 0.0142572062991
0 0.494200001854 0.75626000133 0.0689332557517 0.0459555038345
0 0.374599996595 0.764300001683 0.0204521719447 0.0136347812965
0 0.331999994722 0.740740000647 0.019877960641 0.0132519737607
0 0.30079999335 0.748860001004 0.0204298129243 0.0136198752828
0 0.313199993895 0.793720002977 0.0206465767021 0.013764384468
0 0.389999997272 0.902240007749 0.0202280870717 0.0134853913811
0 0.319399994168 0.934900009185 0.0345552724879 0.0230368483252
0 0.440599999497 0.89704000752 0.0559322768355 0.037288184557
0 0.432799999154 0.920880008568 0.0668496127009 0.0445664084672
0 0.48320000137 0.922400008635 0.0687289576225 0.0458193050816
0 0.442399999576 0.739320000585 0.0440875362905 0.0293916908604
0 0.413999998328 0.723619999895 0.0286738607749 0.0191159071833
0 0.534400003622 0.717899999643 0.113298894726 0.0755325964838
0 0.480200001238 0.699819998848 0.0416929445616 0.0277952963744
0 0.567400005073 0.713139999434 0.0223883048209 0.0149255365472
0 0.559200004712 0.692299998517 0.0497373441679 0.0331582294452
0 0.537200003745 0.671299997594 0.0424618574238 0.0283079049492
0 0.35059999554 0.72579999999 0.0240643409504 0.0160428939669
0 0.268799991943 0.738120000532 0.0274188865524 0.0182792577016
0 0.296399993157 0.708419999226 0.0499638034501 0.0333092023001
0 0.320399994212 0.71895999969 0.0415890641569 0.0277260427713
0 0.459200000315 0.711519999363 0.0284285051524 0.0189523367683
0 0.33059999466 0.678499997911 0.0231687929282 0.0154458619521
0 0.450599999937 0.64595999648 0.0833089186901 0.0555392791267
0 0.395799997527 0.647039996527 0.0219352873226 0.0146235248818
0 0.352999995645 0.644199996402 0.0304521943697 0.0203014629131
0 0.326999994502 0.657259996977 0.03602918703 0.02401945802
0 0.315399993992 0.887360007094 0.0428456213189 0.0285637475459
0 0.252599991231 0.919080008489 0.0313142038612 0.0208761359075
0 0.278599992374 0.950320009863 0.0201364744481 0.0134243162987
0 0.232599990351 0.895480007451 0.0484456655357 0.0322971103571
0 0.23779999058 0.867080006203 0.0311500728218 0.0207667152145
0 0.194799988689 0.879220006736 0.0397755101583 0.0265170067722
0 0.22279998992 0.833120004709 0.0478266372574 0.0318844248383
0 0.222199989894 0.799500003231 0.0222430701217 0.0148287134145
0 0.180599988065 0.801600003323 0.0276552392066 0.0184368261377
0 0.156999987027 0.771660002007 0.0246948455401 0.01646323036
0 0.0247999812143 0.778200002294 0.0240323853592 0.0160215902395
0 0.136199986113 0.876380006612 0.0449971329008 0.0299980886006
0 0.152599986834 0.907000007958 0.0198737064911 0.0132491376607
0 0.0737999833688 0.85816000581 0.0596872071974 0.0397914714649
0 0.103799984688 0.88476000698 0.026006310916 0.0173375406106
0 0.0763999834831 0.942040009499 0.0231971869054 0.0154647912703
0 0.0427999820057 0.935280009201 0.0560974961459 0.0373983307639
0 0.026999981311 0.958720010232 0.0234381894444 0.0156254596296
0 0.0425999819969 0.854140005634 0.0321056736113 0.0214037824076
0 0.0875999839756 0.545399992058 0.0207789500178 0.0138526333452
0 0.0911999841339 0.575019993361 0.0285481160184 0.0190320773456
0 0.0915999841515 0.558659992641 0.0595248569649 0.0396832379766
0 0.054199982507 0.590539994043 0.0215066075193 0.0143377383462
0 0.0633999829115 0.643099996354 0.0264944498843 0.0176629665896
0 0.0431999820233 0.623039995472 0.0200238878762 0.0133492585841
0 0.127199985717 0.620239995349 0.0529869210943 0.0353246140629
0 0.151999986807 0.677419997863 0.0289047720745 0.0192698480497
0 0.0299999814429 0.740160000622 0.0616817109676 0.0411211406451
0 0.233199990378 0.674879997751 0.0286145005437 0.0190763336958
0 0.270599992022 0.678579997914 0.0262388051551 0.01749253677
0 0.278399992365 0.655019996878 0.0486115773821 0.0324077182547
0 0.398399997642 0.574359993332 0.0590324638467 0.0393549758978
0 0.437999999383 0.538879991771 0.0481245266846 0.0320830177897
0 0.458000000262 0.501359990122 0.0235372220968 0.0156914813979
0 0.474200000975 0.556879992563 0.049412940504 0.032941960336
0 0.445799999726 0.564139992882 0.0301825010523 0.0201216673682
0 0.512000002637 0.596059994286 0.0730478101813 0.0486985401209
0 0.412999998284 0.618539995274 0.0308426857576 0.0205617905051
0 0.449599999893 0.609359994871 0.0478447421279 0.031896494752
0 0.426999998899 0.59297999415 0.0694999480928 0.0463332987285
0 0.456000000174 0.686779998275 0.0267232835758 0.0178155223839
0 0.484600001432 0.686479998262 0.0240789831408 0.0160526554272
0 0.618000007298 0.630759995811 0.0368908007867 0.0245938671911
0 0.639400008239 0.576779993438 0.0211235361602 0.0140823574401
0 0.653800008872 0.616779995197 0.0641372458673 0.0427581639115
0 0.673400009734 0.601139994509 0.0367298356262 0.0244865570842
0 0.721800011862 0.607779994801 0.0498828756681 0.0332552504454
0 0.715600011589 0.534119991562 0.0242714092238 0.0161809394825
0 0.801200015353 0.507819990406 0.034615028454 0.023076685636
0 0.757200013418 0.502999990194 0.0224845673292 0.0149897115528
0 0.850000017499 0.590419994038 0.0212501713202 0.0141667808801
0 0.798800015247 0.610699994929 0.020798934629 0.0138659564193
0 0.83320001676 0.678079997892 0.0587813700684 0.0391875800456
0 0.834400016813 0.697839998761 0.0380715747201 0.0253810498134
0 0.674600009786 0.680319997991 0.0650403128522 0.0433602085681
0 0.625600007632 0.689459998393 0.0288320557912 0.0192213705275
0 0.609200006911 0.687139998291 0.0277754436749 0.0185169624499
0 0.617200007262 0.668399997467 0.0705813925726 0.047054261715
0 0.737200012539 0.652239996756 0.0680163380462 0.0453442253642
0 0.943800021623 0.658179997017 0.0208386070502 0.0138924047001
0 0.822000016268 0.65027999667 0.0198016827438 0.0132011218292
0 0.873200018519 0.648039996571 0.0210216344299 0.0140144229533
0 0.952400022001 0.566259992975 0.0281617798466 0.0187745198977
0 0.970200022784 0.588499993953 0.0217528535453 0.0145019023635
0 0.821800016259 0.613799995066 0.0519195252026 0.0346130168017
0 0.958200022256 0.649879996652 0.0369722232372 0.0246481488248
0 0.968200022696 0.677019997846 0.0517095878514 0.0344730585676
0 0.980600023241 0.703839999025 0.024763109806 0.0165087398707
0 0.977800023118 0.715239999526 0.0227342760354 0.0151561840236
0 0.936800021315 0.613939995072 0.119664290191 0.0797761934605
0 0.930800021052 0.659079997057 0.094852208194 0.0632348054627
0 0.968800022722 0.368199984267 0.0379045746028 0.0252697164019
0 0.951400021957 0.395899985485 0.0298685843627 0.0199123895751
0 0.900400019715 0.410479986126 0.0210929656411 0.0140619770941
0 0.920600020603 0.450399987881 0.0199207989412 0.0132805326275
0 0.927200020893 0.406799985964 0.0958362029608 0.0638908019739
0 0.849000017455 0.372679984464 0.0428659027313 0.0285772684875
0 0.799000015256 0.419639986528 0.0266018919029 0.0177345946019
0 0.779800014412 0.400139985671 0.0332259990426 0.0221506660284
0 0.859600017921 0.43171998706 0.0243296811841 0.0162197874561
0 0.811400015801 0.360519983929 0.0237386511482 0.0158257674322
0 0.722200011879 0.324739982356 0.024576322945 0.0163842152967
0 0.721000011827 0.415699986355 0.05987696207 0.0399179747133
0 0.790800014896 0.426679986838 0.0760562856351 0.0507041904234
0 0.711000011387 0.446819987724 0.103194794029 0.0687965293524
0 0.89960001968 0.339939983024 0.0973559238147 0.0649039492098
0 0.866800018237 0.4803999892 0.0404768512906 0.0269845675271
0 0.838800017006 0.49971999005 0.0899783374729 0.0599855583153
0 0.610600006972 0.462939988432 0.0223848421407 0.0149232280938
0 0.564200004932 0.472159988838 0.0424508757811 0.028300583854
0 0.563400004897 0.45651998815 0.0324911193796 0.0216607462531
0 0.663800009311 0.365859984164 0.0220393655948 0.0146929103965
0 0.527000003296 0.43535998722 0.0199063546183 0.0132709030789
0 0.52640000327 0.455699988114 0.0417742680785 0.0278495120523
0 0.509600002531 0.473659988904 0.0252928009363 0.0168618672908
0 0.487400001555 0.469039988701 0.0283820063046 0.0189213375364
0 0.482200001326 0.452219987961 0.0285216017818 0.0190144011878
0 0.440799999506 0.443739987588 0.0287848644074 0.0191899096049
0 0.321999994282 0.412359986208 0.0245908662016 0.0163939108011
0 0.304799993526 0.432199987081 0.0465089390572 0.0310059593715
0 0.329599994616 0.500899990101 0.0628133148428 0.0418755432286
0 0.258999991512 0.51337999065 0.0303127967599 0.0202085311733
0 0.239999990677 0.417959986455 0.0612933961215 0.040862264081
0 0.177599987933 0.395599985471 0.033227977717 0.0221519851446
0 0.179399988012 0.355859983724 0.0244059590813 0.0162706393875
0 0.12659998569 0.352419983573 0.0206738824084 0.0137825882723
0 0.180199988047 0.365259984137 0.0441832051966 0.0294554701311
0 0.156199986992 0.360719983938 0.0245556457978 0.0163704305318
0 0.190399988496 0.43309998712 0.138522046324 0.0923480308826
0 0.482400001335 0.485119989408 0.0425883936501 0.0283922624334
0 0.479400001203 0.322659982264 0.0430747518116 0.0287165012077
0 0.576600005477 0.303019981401 0.0345732784247 0.0230488522831
0 0.517600002883 0.301299981325 0.0485749719061 0.0323833146041
0 0.458000000262 0.270519979972 0.0669578461892 0.0446385641261
0 0.388599997211 0.296679981122 0.0315203817311 0.0210135878208
0 0.430799999066 0.348059983381 0.0488696954543 0.0325797969695
0 0.351599995584 0.306299981545 0.0553261099407 0.0368840732938
0 0.337999994986 0.322979982278 0.0424821388362 0.0283214258908
0 0.318799994142 0.294019981005 0.0209162700194 0.0139441800129
0 0.306399993596 0.238699978572 0.0224293623141 0.0149529082094
0 0.303199993456 0.262539979621 0.0576284954437 0.0384189969625
0 0.206599989208 0.241499978696 0.0258025074553 0.0172016716369
0 0.210999989402 0.275999980212 0.0244294063726 0.0162862709151
0 0.210799989393 0.296479981113 0.0223687159445 0.0149124772964
0 0.259999991556 0.296399981109 0.0226850070434 0.0151233380289
0 0.258399991486 0.310919981748 0.029159625334 0.0194397502227
0 0.297799993218 0.30369998143 0.0278449940791 0.0185633293861
0 0.392199997369 0.270419979967 0.0216615377228 0.0144410251486
0 0.449399999884 0.303439981419 0.093648778439 0.0624325189593
0 0.3587999959 0.328219982509 0.100432564601 0.0669550430672
0 0.300999993359 0.321539982215 0.0303939224093 0.0202626149395
0 0.230799990272 0.298539981204 0.0369973524018 0.0246649016012
0 0.223599989956 0.326919982451 0.0835969147454 0.0557312764969
0 0.170599987625 0.319879982142 0.0200483245047 0.0133655496698
0 0.130599985866 0.319719982135 0.0208943067338 0.0139295378226
0 0.107199984837 0.301099981316 0.026527988415 0.01768532561
0 0.112999985092 0.265639979757 0.0202120598093 0.0134747065395
0 0.0511999823751 0.271019979994 0.0231359469335 0.0154239646224
0 0.26599999182 0.26343997966 0.0231813575104 0.0154542383403
0 0.328199994555 0.36463998411 0.0599060485833 0.0399373657222
0 0.0307999814781 0.374999984566 0.0648250330801 0.0432166887201
0 0.0233999811527 0.411819986185 0.0483745321919 0.0322496881279
0 0.048399982252 0.486279989459 0.0241169736888 0.0160779824592
0 0.0121999806602 0.244259978817 0.0211783454404 0.0141188969603
0 0.0207999810384 0.198499976805 0.0203899426356 0.0135932950904
0 0.0971999843977 0.146459974517 0.0288982424491 0.0192654949661
0 0.0539999824982 0.139839974225 0.0415795665199 0.0277197110133
0 0.0397999818738 0.22909997815 0.0300200518861 0.0200133679241
0 0.156199986992 0.130319973807 0.024592844876 0.0163952299173
0 0.199799988909 0.161419975174 0.0287258009773 0.0191505339849
0 0.1449999865 0.155679974922 0.0545041686052 0.0363361124035
0 0.1995999889 0.184399976185 0.0204537548842 0.0136358365895
0 0.0675999830962 0.119999973353 0.0244216895426 0.0162811263617
0 0.35719999583 0.189259976398 0.0237568549525 0.0158379033017
0 0.164599987361 0.201919976955 0.0218088500301 0.0145392333534
0 0.163599987317 0.182619976107 0.0353618790969 0.0235745860646
0 0.197599988812 0.216839977611 0.0213344628486 0.0142229752324
0 0.415599998398 0.229159978153 0.0206298569036 0.0137532379357
0 0.387599997167 0.232899978317 0.0546675081749 0.0364450054499
0 0.503600002267 0.221679977824 0.0208099162717 0.0138732775145
0 0.41359999831 0.162419975218 0.0423906251463 0.0282604167642
0 0.360999995997 0.109059972872 0.0230802472499 0.0153868314999
0 0.298799993262 0.109619972897 0.0245029141257 0.0163352760838
0 0.235799990492 0.162899975239 0.0319387724278 0.0212925149519
0 0.325199994423 0.206079977138 0.0198921081628 0.0132614054419
0 0.548600004246 0.163879975283 0.0309444885542 0.0206296590362
0 0.488400001599 0.107279972794 0.0292021668331 0.0194681112221
0 0.612200007043 0.164699975319 0.0514845136412 0.0343230090941
0 0.611200006999 0.133759973958 0.0334953955588 0.0223302637058
0 0.637200008142 0.128479973726 0.0285181391016 0.0190120927344
0 0.704000011079 0.146099974501 0.0246233164614 0.0164155443076
0 0.605000006726 0.256479979354 0.0217325721329 0.0144883814219
0 0.656400008986 0.265499979751 0.0237173803987 0.0158115869325
0 0.649200008669 0.295099981052 0.0210696172835 0.0140464115223
0 0.444399999664 0.122899973481 0.0232450708253 0.0154967138836
0 0.537400003754 0.0783999715239 0.0245917566051 0.0163945044034
0 0.49320000181 0.0833399717411 0.0843106225925 0.0562070817284
0 0.626600007676 0.107679972811 0.0204310001289 0.0136206667526
0 0.774800014192 0.260399979527 0.0197923829743 0.0131949219828
0 0.781600014491 0.3052799815 0.0253668033579 0.0169112022386
0 0.919800020568 0.259919979505 0.057480985269 0.038320656846
0 0.928600020955 0.298859981218 0.0362765213269 0.0241843475513
0 0.837800016962 0.151679974746 0.0568148645406 0.0378765763604
0 0.802800015423 0.147639974568 0.0427521289547 0.0285014193031
0 0.878800018765 0.221319977808 0.026439343803 0.017626229202
0 0.881200018871 0.189339976402 0.0305024526988 0.0203349684659
0 0.868800018325 0.159299975081 0.0254980884027 0.0169987256018
0 0.675800009839 0.105359972709 0.0410444340352 0.0273629560234
0 0.834000016795 0.117219973231 0.0523399935073 0.0348933290049
0 0.832600016734 0.0966799723277 0.0272362549076 0.0181575032717
0 0.779400014394 0.0802999716074 0.0353102356957 0.0235401571305
0 0.893800019425 0.118499973287 0.0282970222402 0.0188646814934
0 0.888400019187 0.0885999719724 0.0205705956061 0.013713730404
0 0.935800021271 0.143379974381 0.0582371356815 0.038824757121
0 0.959400022309 0.104799972685 0.0224686390005 0.014979092667
0 0.872200018475 0.0686599710956 0.0198916134942 0.0132610756628
0 0.70880001129 0.114119973095 0.0368482592876 0.0245655061917
0 0.665600009391 0.0623199708169 0.0247254160592 0.0164836107061
0 0.627000007693 0.0248399691688 0.0241220193084 0.0160813462056
0 0.735000012442 0.079879971589 0.0280544367618 0.0187029578412
0 0.763400013691 0.0465999701256 0.0400708273088 0.0267138848725
0 0.613400007095 0.064119970896 0.0234718269087 0.0156478846058
0 0.603200006647 0.0729399712838 0.0312098287879 0.0208065525253
0 0.54460000407 0.059979970714 0.0447756203045 0.0298504135363
0 0.318199994115 0.0500999702795 0.0246910860587 0.0164607240392
0 0.27759999233 0.01917996892 0.0216177100854 0.0144118067236
0 0.247399991002 0.0322599694951 0.0208039802486 0.0138693201657
0 0.226399990079 0.0300399693975 0.0209358588957 0.0139572392638
0 0.25939999153 0.0544599704713 0.0544229440221 0.0362819626814
0 0.291999992963 0.094639972238 0.022922942637 0.015281961758
0 0.351599995584 0.0777999714975 0.0271415753388 0.0180943835592
0 0.320999994238 0.102259972573 0.0260429163919 0.0173619442613
0 0.0977999844241 0.0290199693526 0.0238809178358 0.0159206118905
0 0.0551999825509 0.024319969146 0.0206688367888 0.0137792245259
0 0.0641999829467 0.0552599705064 0.0202289774752 0.0134859849834
0 0.026999981311 0.0929999721659 0.0252843915702 0.0168562610468
0 0.793000014992 0.596059994286 0.0206892171348 0.0137928114232
0 0.419799998583 0.502199990159 0.05676935503 0.0378462366867
0 0.0675999830962 0.494659989827 0.038599287176 0.0257328581173
