0 0.13499998606 0.158959975066 0.120417175791 0.0802781171937
0 0.501800002188 0.204939977088 0.16411521003 0.10941014002
0 0.450399999928 0.35781998381 0.180138515121 0.120092343414
0 0.400199997721 0.25161997914 0.143815000278 0.0958766668518
0 0.680400010041 0.315779981962 0.101223045014 0.0674820300091
0 0.390199997281 0.945960009671 0.114537544885 0.0763583632564
0 0.602800006629 0.911760008167 0.13335572753 0.0889038183535
0 0.602000006594 0.72215999983 0.131952847398 0.0879685649321
0 0.602400006612 0.84496000523 0.138536886382 0.0923579242545
0 0.652800008828 0.759240001461 0.154748165538 0.103165443692
0 0.303399993464 0.893540007366 0.117115757596 0.0780771717303
0 0.309399993728 0.784160002557 0.208172373669 0.138781582446
0 0.300399993333 0.688759998362 0.123020121931 0.0820134146208
0 0.420999998635 0.784580002575 0.379841173127 0.253227448751
0 0.726200012055 0.358779983852 0.66709225754 0.444728171693
0 0.820600016206 0.353679983628 0.157957575375 0.10530505025
0 0.713200011484 0.486379989463 0.137852265048 0.0919015100319
0 0.907600020031 0.857860005797 0.112334290968 0.0748895273118
0 0.714000011519 0.623559995495 0.185243495009 0.123495663339
0 0.846600017349 0.591959994105 0.135517429285 0.0903449528568
0 0.973200022916 0.914620008293 0.0421130171315 0.0280753447543
0 0.979000023171 0.985640011416 0.020206519521 0.013471013014
0 0.962400022441 0.87180000641 0.0305908005097 0.0203938670064
0 0.95260002201 0.846220005285 0.0209327919504 0.0139551946336
0 0.825000016399 0.952620009964 0.0308985833087 0.0205990555391
0 0.847800017402 0.896960007516 0.0435306383876 0.0290204255918
0 0.905200019926 0.980420011186 0.0268626811856 0.0179084541237
0 0.844400017253 0.862620006006 0.0594450174539 0.0396300116359
0 0.769600013964 0.94684000971 0.0388848098883 0.0259232065922
0 0.832600016734 0.807260003572 0.0282668474559 0.0188445649706
0 0.721600011853 0.865280006123 0.0203119828652 0.0135413219101
0 0.676800009883 0.840720005044 0.0716032789536 0.0477355193024
0 0.633000007957 0.883500006925 0.0919299040092 0.0612866026728
0 0.627000007693 0.968600010666 0.0376544701618 0.0251029801079
0 0.49320000181 0.936060009236 0.0266119831422 0.0177413220948
0 0.501400002171 0.923600008688 0.0302437410242 0.0201624940162
0 0.329199994599 0.966920010593 0.0370593838434 0.0247062558956
0 0.486400001511 0.902680007768 0.0339001334022 0.0226000889348
0 0.448599999849 0.885800007026 0.0429213056138 0.0286142037425
0 0.42359999875 0.891720007286 0.0450301767629 0.0300201178419
0 0.400599997738 0.875920006591 0.0295934496908 0.0197289664605
0 0.385799997088 0.895020007431 0.0401908339097 0.0267938892731
0 0.517000002857 0.902860007776 0.0300903937602 0.0200602625068
0 0.36879999634 0.838460004944 0.0336099608051 0.0224066405367
0 0.53460000363 0.826720004428 0.034280137816 0.0228534252107
0 0.247999991028 0.963020010421 0.0274386732962 0.0182924488641
0 0.229799990228 0.956140010119 0.0256997153215 0.0171331435477
0 0.248199991037 0.931880009052 0.023527328725 0.0156848858166
0 0.306999993623 0.939680009395 0.0264157975779 0.0176105317186
0 0.236799990536 0.918760008475 0.0254116203325 0.0169410802217
0 0.199999988918 0.920600008556 0.020124899203 0.0134165994687
0 0.146399986561 0.949300009818 0.0310745863944 0.0207163909296
0 0.167599987493 0.963300010433 0.0211617245757 0.0141078163838
0 0.127199985717 0.947880009755 0.0212606582944 0.0141737721963
0 0.118599985339 0.878000006683 0.0304295385481 0.020286359032
0 0.351399995575 0.907760007991 0.0497729603066 0.0331819735377
0 0.178999987995 0.889000007166 0.0273255920556 0.0182170613704
0 0.202399989023 0.806580003542 0.0275283072454 0.0183522048303
0 0.0903999840987 0.984900011383 0.0317481271517 0.0211654181012
0 0.0435999820409 0.972600010842 0.0438804680172 0.0292536453448
0 0.117199985277 0.95412001003 0.0370724430943 0.0247149620629
0 0.0509999823663 0.937360009293 0.0726390160554 0.0484260107036
0 0.0683999831314 0.850300005465 0.0972056434959 0.0648037623306
0 0.115799985216 0.850140005458 0.0895857684769 0.0597238456513
0 0.0271999813198 0.808260003616 0.0714988049466 0.0476658699644
0 0.0127999806866 0.973240010871 0.0295092570962 0.0196728380641
0 0.040599981909 0.682239998075 0.0744393129357 0.0496262086238
0 0.124199985585 0.78378000254 0.0461461491105 0.030764099407
0 0.109799984952 0.760200001503 0.071778688437 0.047852458958
0 0.190599988505 0.721839999816 0.0458771483292 0.0305847655528
0 0.224799990008 0.70963999928 0.0370371237567 0.0246914158378
0 0.24439999087 0.719259999703 0.0361627475503 0.0241084983669
0 0.148799986667 0.731140000225 0.0691256818347 0.0460837878898
0 0.153599986878 0.708679999238 0.0495719269901 0.0330479513267
0 0.183999988214 0.686359998256 0.0453999910036 0.0302666606691
0 0.173399987748 0.645879996476 0.0601099509777 0.0400733006518
0 0.139199986244 0.630259995789 0.0458561743808 0.0305707829206
0 0.201799988997 0.582999993711 0.0267032000309 0.0178021333539
0 0.0757999834567 0.580099993584 0.0760309586031 0.0506873057354
0 0.0701999832105 0.532859991507 0.0206027490646 0.0137351660431
0 0.137599986174 0.580039993581 0.0280174355509 0.0186782903673
0 0.152199986816 0.557199992577 0.0224179849365 0.014945323291
0 0.174599987801 0.633439995929 0.215678474912 0.143785649941
0 0.246199990949 0.696039998682 0.0262638353859 0.0175092235906
0 0.169999987599 0.57749999347 0.0522810290109 0.0348540193406
0 0.113999985136 0.69393999859 0.0287562725627 0.0191708483751
0 0.31579999401 0.695219998646 0.0461449619059 0.0307633079373
0 0.378999996789 0.691819998496 0.0382166115518 0.0254777410345
0 0.35559999576 0.630359995794 0.0389789947886 0.0259859965257
0 0.369599996375 0.659719997085 0.0242467747278 0.0161645164852
0 0.283599992594 0.634459995974 0.0235447410595 0.0156964940396
0 0.445199999699 0.742800000738 0.037754294284 0.0251695295227
0 0.494400001863 0.710499999318 0.0232826656385 0.0155217770923
0 0.501000002153 0.740880000654 0.022416401997 0.014944267998
0 0.568400005117 0.742080000706 0.0233463789533 0.0155642526356
0 0.547600004202 0.707119999169 0.0316099167466 0.0210732778311
0 0.462600000465 0.664359997289 0.0249222941595 0.016614862773
0 0.488400001599 0.673139997675 0.06132980373 0.04088653582
0 0.417999998503 0.711479999361 0.0744153709757 0.0496102473171
0 0.45179999999 0.770760001967 0.0438486113597 0.0292324075732
0 0.626200007658 0.675659997786 0.0293967694579 0.0195978463053
0 0.394999997492 0.60933999487 0.0925763369276 0.0617175579517
0 0.485800001485 0.562299992801 0.108982416576 0.0726549443841
0 0.467000000658 0.713859999465 0.0250649565819 0.0167099710546
0 0.578000005539 0.774360002126 0.0354357825848 0.0236238550566
0 0.744800012873 0.723079999871 0.0318684305537 0.0212456203692
0 0.829400016593 0.719439999711 0.0302011995252 0.0201341330168
0 0.807400015626 0.783280002518 0.0236948235108 0.0157965490072
0 0.881200018871 0.786440002657 0.0356644184089 0.0237762789393
0 0.875400018616 0.7669600018 0.0400319463573 0.0266879642382
0 0.938200021377 0.772580002047 0.0221813354812 0.0147875569875
0 0.873600018536 0.82200000422 0.0256042442829 0.0170694961886
0 0.930800021052 0.6395999962 0.0329347381746 0.0219564921164
0 0.937200021333 0.618319995264 0.0221180179012 0.0147453452675
0 0.904200019882 0.647479996547 0.0656475680179 0.0437650453453
0 0.949400021869 0.688699998359 0.0223845453395 0.0149230302264
0 0.965600022582 0.678519997912 0.0281816655241 0.0187877770161
0 0.981600023285 0.749540001034 0.0238447080947 0.0158964720632
0 0.987600023549 0.676259997812 0.0347978579663 0.0231985719775
0 0.852400017604 0.80744000358 0.0275614500412 0.0183743000275
0 0.971600022846 0.607099994771 0.0245597020802 0.0163731347202
0 0.973200022916 0.413159986243 0.0550441488422 0.0366960992281
0 0.959000022292 0.479139989145 0.102820824572 0.0685472163811
0 0.948400021825 0.557079992572 0.0199186223994 0.0132790815996
0 0.852400017604 0.5395199918 0.0512738837539 0.0341825891693
0 0.814600015942 0.518319990867 0.0279667814869 0.0186445209913
0 0.822600016294 0.486899989486 0.0313935487037 0.0209290324691
0 0.837600016953 0.497279989942 0.0433214925062 0.0288809950041
0 0.912600020251 0.540079991824 0.114495003386 0.076330002257
0 0.937200021333 0.53929999179 0.0342142479593 0.0228094986395
0 0.89120001931 0.424659986749 0.0373264059504 0.0248842706336
0 0.835800016874 0.441599987494 0.0218362546702 0.0145575031134
0 0.772400014087 0.479599989165 0.0251907013385 0.0167938008923
0 0.909400020111 0.449799987855 0.163845120978 0.109230080652
0 0.83320001676 0.364919984122 0.0203960765262 0.0135973843508
0 0.787200014737 0.403459985817 0.0470809738191 0.0313873158794
0 0.792000014948 0.418059986459 0.0415181286806 0.0276787524537
0 0.759400013515 0.409459986081 0.0372441920301 0.0248294613534
0 0.795400015098 0.363199984047 0.0561520086249 0.0374346724166
0 0.898400019627 0.328819982535 0.0295350787967 0.0196900525312
0 0.875200018607 0.324499982345 0.0231947135625 0.015463142375
0 0.863400018088 0.31027998172 0.0257122799038 0.0171415199359
0 0.810800015775 0.305019981489 0.0221503692272 0.0147669128182
0 0.79340001501 0.304339981459 0.0214425974032 0.0142950649355
0 0.73200001231 0.540299991834 0.0337415426511 0.0224943617674
0 0.742400012768 0.573039993273 0.0202111694058 0.0134741129372
0 0.630600007852 0.5372599917 0.0439524917644 0.0293016611763
0 0.609200006911 0.532679991499 0.0207039582589 0.0138026388393
0 0.598200006427 0.51427999069 0.0273200517674 0.0182133678449
0 0.563600004906 0.50221999016 0.0580286823361 0.0386857882241
0 0.641200008318 0.503719990225 0.0258318907698 0.0172212605132
0 0.777200014298 0.554119992442 0.0414801381326 0.0276534254217
0 0.706600011193 0.398279985589 0.0751710267196 0.0501140178131
0 0.666800009443 0.387519985116 0.0625988265406 0.041732551027
0 0.696800010762 0.370139984352 0.0220260095428 0.0146840063618
0 0.605400006744 0.345139983253 0.0329620438809 0.0219746959206
0 0.637200008142 0.403239985807 0.0251481598394 0.016765439893
0 0.585200005855 0.463599988461 0.0274426306449 0.0182950870966
0 0.746000012926 0.302239981366 0.0230187104768 0.0153458069845
0 0.728000012134 0.310479981729 0.0362251747268 0.0241501164846
0 0.472800000913 0.507079990373 0.0488133032346 0.0325422021564
0 0.453000000042 0.49107998967 0.0419853926343 0.0279902617562
0 0.405599997958 0.456219988137 0.0237572506874 0.0158381671249
0 0.394199997457 0.463779988469 0.0217410804327 0.0144940536218
0 0.393199997413 0.508839990451 0.0273593284537 0.0182395523025
0 0.496000001933 0.466099988571 0.0620532070816 0.0413688047211
0 0.535600003674 0.539239991787 0.0288776642356 0.0192517761571
0 0.544200004053 0.527719991281 0.0345449833811 0.0230299889207
0 0.424799998802 0.539859991815 0.103751790865 0.0691678605768
0 0.438199999392 0.513179990641 0.034524603035 0.0230164020234
0 0.306399993596 0.416739986401 0.0226365295212 0.0150910196808
0 0.336999994942 0.584659993784 0.0252068275347 0.0168045516898
0 0.261399991618 0.513419990652 0.0512380697477 0.0341587131652
0 0.230199990246 0.502619990177 0.0339185350739 0.0226123567159
0 0.178999987995 0.522859991067 0.0560911643879 0.0373941095919
0 0.271399992057 0.5395399918 0.0233211508551 0.0155474339034
0 0.227399990123 0.527539991273 0.155962082267 0.103974721511
0 0.189999988478 0.459079988263 0.0340728716752 0.0227152477835
0 0.196599988768 0.471659988816 0.0246512157701 0.0164341438467
0 0.213199989498 0.463779988469 0.0201655609614 0.0134437073076
0 0.207599989252 0.440339987439 0.048923614331 0.0326157428874
0 0.162799987282 0.460899988343 0.0323895144505 0.0215930096336
0 0.130599985866 0.478059989097 0.0218075638917 0.0145383759278
0 0.145199986508 0.411179986156 0.0283518315204 0.0189012210136
0 0.354999995733 0.600199994468 0.0563566035553 0.0375710690369
0 0.307199993632 0.579879993574 0.0606078843842 0.0404052562561
0 0.28419999262 0.605439994698 0.0221663964897 0.0147775976598
0 0.273799992163 0.570139993146 0.0229219532999 0.0152813021999
0 0.220999989841 0.41057998613 0.026474861008 0.0176499073387
0 0.191599988549 0.40465998587 0.0295073773555 0.0196715849037
0 0.2427999908 0.406819985965 0.0273186666953 0.0182124444636
0 0.178399987968 0.381659984858 0.027875663532 0.018583775688
0 0.183399988188 0.368799984293 0.0361575040632 0.0241050027088
0 0.335199994863 0.38283998491 0.0239945926787 0.0159963951191
0 0.278399992365 0.36849998428 0.0272839409601 0.0181892939734
0 0.189799988469 0.333379982736 0.0331235037099 0.0220823358066
0 0.33399999481 0.30913998167 0.0321630551682 0.0214420367788
0 0.386599997123 0.319879982142 0.0258927350068 0.0172618233379
0 0.0549999825422 0.487799989525 0.0204326820021 0.0136217880014
0 0.0425999819969 0.496439989905 0.0202611309338 0.0135074206225
0 0.018199980924 0.46129998836 0.0204986707925 0.0136657805283
0 0.0157999808185 0.470539988767 0.0239429492775 0.015961966185
0 0.0553999825597 0.509639990486 0.0227828524913 0.0151885683275
0 0.0655999830082 0.439599987406 0.0202229425183 0.0134819616789
0 0.0457999821376 0.436439987267 0.020364813471 0.013576542314
0 0.0233999811527 0.331079982634 0.0550242631647 0.0366828421098
0 0.0219999810911 0.304639981472 0.0329688703075 0.0219792468717
0 0.0119999806514 0.239199978594 0.0209745419798 0.0139830279865
0 0.0711999832545 0.239959978628 0.0287718051565 0.0191812034377
0 0.0781999835623 0.305379981504 0.0235036835662 0.0156691223774
0 0.0899999840811 0.376599984636 0.0457166778374 0.0304777852249
0 0.231399990299 0.202859976996 0.043889668853 0.0292597792353
0 0.228599990175 0.218019977663 0.0278951534746 0.018596768983
0 0.354999995733 0.296459981112 0.0239032768563 0.0159355179042
0 0.310599993781 0.28549998063 0.0280266363868 0.0186844242579
0 0.453800000078 0.381999984873 0.0272982863493 0.0181988575662
0 0.452600000025 0.277899980296 0.0335949228798 0.0223966152532
0 0.469600000772 0.230659978219 0.073670202206 0.0491134681373
0 0.472200000887 0.278279980313 0.0206472692381 0.0137648461587
0 0.36059999598 0.215799977565 0.0354624946889 0.0236416631259
0 0.404999997932 0.196679976725 0.0204609770457 0.0136406513638
0 0.412199998248 0.186139976261 0.0241440815277 0.0160960543518
0 0.362599996067 0.169699975538 0.022453700009 0.0149691333393
0 0.238199990598 0.16291997524 0.0279310664145 0.018620710943
0 0.26599999182 0.147959974582 0.0243242398296 0.0162161598864
0 0.287999992787 0.142659974349 0.0233250092701 0.0155500061801
0 0.320599994221 0.13653997408 0.0200313079051 0.0133542052701
0 0.296399993157 0.128839973742 0.026622964785 0.01774864319
0 0.239599990659 0.134839974006 0.0591290231562 0.0394193487708
0 0.209199989322 0.136119974062 0.0215483575486 0.014365571699
0 0.219399989771 0.097299972355 0.0255254930428 0.0170169953619
0 0.148399986649 0.117719973253 0.0329000124393 0.0219333416262
0 0.383999997008 0.151259974728 0.0259035187822 0.0172690125214
0 0.261999991644 0.217239977629 0.0222688918223 0.0148459278815
0 0.158999987115 0.244939978847 0.0356885582363 0.0237923721575
0 0.517600002883 0.251739979146 0.037909422355 0.0252729482367
0 0.575800005442 0.25773997941 0.0582734443563 0.0388489629042
0 0.560200004756 0.22159997782 0.0966787225098 0.0644524816732
0 0.603800006673 0.241999978717 0.0254479290073 0.0169652860048
0 0.569200005152 0.29685998113 0.086644172217 0.057762781478
0 0.501600002179 0.27639998023 0.114634499929 0.0764229999526
0 0.512400002654 0.208259977234 0.0325359363542 0.0216906242361
0 0.672600009698 0.231199978243 0.0417062016799 0.0278041344533
0 0.695800010718 0.268259979872 0.0246222281905 0.0164148187937
0 0.774000014157 0.259699979496 0.116363861333 0.0775759075553
0 0.724600011985 0.20271997699 0.0445426313968 0.0296950875979
0 0.837200016936 0.21543997755 0.024241432307 0.0161609548713
0 0.830000016619 0.228119978107 0.040657899996 0.027105266664
0 0.923800020744 0.282119980482 0.0440475670682 0.0293650447121
0 0.93600002128 0.263599979667 0.0361616592794 0.0241077728529
0 0.85980001793 0.162759975233 0.0335695958478 0.0223797305652
0 0.833600016778 0.154739974881 0.0233103670797 0.0155402447198
0 0.801800015379 0.160279975124 0.0252258228087 0.0168172152058
0 0.774200014166 0.162339975215 0.0269632967775 0.017975531185
0 0.915200020366 0.18815997635 0.0731410057444 0.0487606704962
0 0.936200021289 0.161659975185 0.0251360899257 0.0167573932838
0 0.931800021096 0.146919974537 0.031368122738 0.0209120818253
0 0.982200023312 0.203079977006 0.0306101915185 0.0204067943457
0 0.952000021984 0.223479977903 0.10601539435 0.070676929567
0 0.906800019996 0.0419999699234 0.0532657163138 0.0355104775425
0 0.910400020155 0.0101399685225 0.0208993523535 0.013932901569
0 0.911800020216 0.0797399715828 0.024980170385 0.0166534469233
0 0.90120001975 0.145139974458 0.0219148080429 0.0146098720286
0 0.814800015951 0.131779973871 0.0236883928191 0.0157922618794
0 0.7636000137 0.15153997474 0.0246669462314 0.0164446308209
0 0.817800016083 0.0495799702567 0.0389968028579 0.025997868572
0 0.772200014078 0.0567399705715 0.0555925384453 0.0370616922969
0 0.884000018994 0.064119970896 0.0566249118006 0.0377499412004
0 0.856600017789 0.0424199699418 0.0236513916083 0.0157675944055
0 0.850200017508 0.0511599703261 0.033405266941 0.0222701779607
0 0.847000017367 0.0722599712539 0.0514470177618 0.0342980118412
0 0.873200018519 0.0353799696323 0.0270345290551 0.01802301937
0 0.811000015784 0.0106399685445 0.0213930316101 0.0142620210734
0 0.853800017666 0.122939973482 0.0316031892537 0.0210687928358
0 0.856800017798 0.111359972973 0.0216913167722 0.0144608778481
0 0.893200019398 0.14993997467 0.0602244172903 0.0401496115269
0 0.840800017094 0.134539973992 0.0612561970433 0.0408374646955
0 0.725200012011 0.0112799685726 0.0202006824316 0.0134671216211
0 0.733600012381 0.0309999694397 0.029714049894 0.019809366596
0 0.693200010604 0.0449399700527 0.04269187832 0.0284612522133
0 0.574200005372 0.0358199696516 0.0259090590704 0.0172727060469
0 0.72380001195 0.126339973632 0.0225331437851 0.0150220958567
0 0.739000012618 0.143199974373 0.0211269988404 0.0140846658936
0 0.782800014544 0.141599974303 0.0427256147181 0.0284837431454
0 0.758200013462 0.12447997355 0.0649836238313 0.0433224158875
0 0.653800008872 0.132499973903 0.034523910499 0.0230159403327
0 0.608800006893 0.14563997448 0.0225439275605 0.0150292850403
0 0.622200007482 0.180559976016 0.0276862054605 0.018457470307
0 0.541600003938 0.1324399739 0.0561593297201 0.0374395531467
0 0.469400000764 0.131059973839 0.0353446646299 0.0235631097532
0 0.562000004835 0.0804199716127 0.14359239941 0.0957282662736
0 0.471200000843 0.0676599710517 0.027645246901 0.0184301646006
0 0.449199999875 0.0791599715573 0.0395274833254 0.0263516555503
0 0.374399996586 0.0516599703481 0.0212662975164 0.0141775316776
0 0.354799995725 0.0565599705636 0.0224653741878 0.0149769161252
0 0.345799995329 0.10241997258 0.0492218005594 0.0328145337063
0 0.436199999304 0.0207799689903 0.0218806759099 0.0145871172733
0 0.449399999884 0.029959969394 0.0216362106908 0.0144241404606
0 0.369199996358 0.0122799686166 0.0251700241913 0.0167800161275
0 0.3041999935 0.0521199703684 0.0252018808487 0.0168012538991
0 0.190399988496 0.0896199720173 0.0204793787174 0.0136529191449
0 0.129399985814 0.102159972569 0.0272323964926 0.0181549309951
0 0.200199988927 0.0696199711378 0.0343605709293 0.0229070472862
0 0.202799989041 0.0597399707034 0.024043367002 0.0160289113347
0 0.283199992576 0.0247999691671 0.0292599441249 0.0195066294166
0 0.263399991706 0.0258399692128 0.0224388599511 0.0149592399674
0 0.301399993376 0.0149799687353 0.0253563163837 0.0169042109225
0 0.317999994106 0.0117999685955 0.0271838200367 0.0181225466911
0 0.167399987484 0.0395399698152 0.0302965716301 0.02019771442
0 0.161399987221 0.0231199690932 0.0394728719126 0.0263152479417
0 0.0659999830258 0.0647399709233 0.022005530263 0.0146703535086
0 0.113199985101 0.0876399719302 0.0232142035051 0.0154761356701
0 0.582200005723 0.970560010753 0.0575553834255 0.038370255617
0 0.0755999834479 0.860000005891 0.0451957918081 0.0301305278721
