0 0.809199984319 0.960219968951 0.103084970802 0.0687233138678
0 0.358599994225 0.368779981954 0.146388256648 0.0975921710983
0 0.312999995228 0.139299986999 0.143307460848 0.0955383072323
0 0.655599987695 0.372839981865 0.201577438681 0.134384959121
0 0.202399997659 0.940799969378 0.0263466411708 0.0175644274472
0 0.148799998838 0.978899968541 0.0234101896579 0.0156067931053
0 0.154799998706 0.973319968663 0.0612000975882 0.0408000650588
0 0.151599998776 0.953519969098 0.023660096215 0.0157733974767
0 0.90419998223 0.948299969213 0.024799120044 0.016532746696
0 0.952999981157 0.946059969263 0.0661083969197 0.0440722646131
0 0.8509999834 0.904179970183 0.0283527200538 0.0189018133692
0 0.832599983804 0.917199969897 0.0222234797796 0.0148156531864
0 0.801799984481 0.885519970593 0.0431146192566 0.0287430795044
0 0.616799988549 0.897999970319 0.0218721661675 0.0145814441117
0 0.905799982195 0.91067997004 0.0277591177804 0.0185060785203
0 0.504799991011 0.93163996958 0.0487739243976 0.0325159495984
0 0.611199988672 0.9488999692 0.0793684823707 0.0529123215805
0 0.365999994062 0.90661997013 0.0308110249355 0.0205406832903
0 0.392799993473 0.911579970021 0.0374006037727 0.0249337358484
0 0.329999994854 0.884079970625 0.041592128359 0.0277280855726
0 0.248199996652 0.858199971194 0.0247596454928 0.0165064303285
0 0.352399994361 0.768979973156 0.0323027474485 0.0215351649657
0 0.417399992932 0.778279972951 0.0255696157949 0.0170464105299
0 0.302799995452 0.767299973193 0.0256912053272 0.0171274702181
0 0.107799999739 0.812039972209 0.0229332302312 0.0152888201541
0 0.542799990175 0.851019971352 0.027693227928 0.018462151952
0 0.553599989938 0.815579972131 0.0646573361623 0.0431048907749
0 0.54259999018 0.789439972706 0.0216117726369 0.0144078484246
0 0.489199991354 0.772519973078 0.0259691101249 0.0173127400833
0 0.529599990466 0.744319973698 0.0250030224249 0.0166686816166
0 0.561999989753 0.743579973714 0.0218940305179 0.0145960203453
0 0.629199988276 0.775539973011 0.0265659772108 0.0177106514739
0 0.67039998737 0.857539971209 0.0299875007148 0.0199916671432
0 0.777199985022 0.78925997271 0.0206665599502 0.0137777066334
0 0.665199987484 0.767099973197 0.0243102885718 0.0162068590479
0 0.0206000016561 0.829919971816 0.0210788167291 0.014052544486
0 0.0518000009702 0.750899973553 0.0235366269421 0.0156910846281
0 0.0422000011813 0.765339973236 0.026377508489 0.0175850056593
0 0.116799999541 0.722719974173 0.0224188738613 0.0149459159075
0 0.0993999999237 0.710199974448 0.0239514559975 0.0159676373317
0 0.22919999707 0.714699974349 0.019977981313 0.0133186542087
0 0.053400000935 0.721239974205 0.0223543690809 0.0149029127206
0 0.278199995993 0.703919974586 0.0208773876909 0.0139182584606
0 0.197399997769 0.632499976156 0.0204759146867 0.0136506097911
0 0.196399997791 0.676199975195 0.0263046932768 0.0175364621845
0 0.138599999062 0.60459997677 0.0224878306587 0.0149918871058
0 0.26559999627 0.65049997576 0.0487272276855 0.032484818457
0 0.350999994392 0.697259974732 0.0223008459426 0.0148672306284
0 0.318999995096 0.673359975258 0.0221100028117 0.0147400018745
0 0.3187999951 0.540179978186 0.023576892963 0.015717928642
0 0.190799997914 0.489359979303 0.0205167743098 0.0136778495399
0 0.00960000189799 0.496719979141 0.0277528849565 0.0185019233043
0 0.17959999816 0.470939979708 0.0286394299519 0.0190929533012
0 0.216399997351 0.449579980178 0.0246964268507 0.0164642845671
0 0.28559999583 0.441959980345 0.0306925023482 0.0204616682321
0 0.237999996877 0.529399978423 0.0258152682024 0.0172101788016
0 0.223999997184 0.507279978909 0.0374093099393 0.0249395399596
0 0.270999996151 0.507739978899 0.0674873350008 0.0449915566672
0 0.439599992444 0.493839979205 0.0258474216588 0.0172316144392
0 0.238399996868 0.556459977828 0.0276490045587 0.0184326697058
0 0.176199998235 0.58275997725 0.0461062757809 0.0307375171873
0 0.422399992822 0.534939978301 0.0536012959525 0.0357341973017
0 0.442599992378 0.57545997741 0.0517272935753 0.0344848623835
0 0.497599991169 0.595439976971 0.0349157846561 0.0232771897708
0 0.401399993284 0.597079976935 0.0211407492329 0.0140938328219
0 0.340799994616 0.639379976005 0.0520143992082 0.0346762661388
0 0.682799987098 0.65369997569 0.0501678014693 0.0334452009795
0 0.71359998642 0.629679976218 0.032426018854 0.0216173459027
0 0.661999987555 0.602639976813 0.0223606019048 0.0149070679365
0 0.650999987797 0.617639976483 0.0436859614447 0.0291239742965
0 0.584399989261 0.623379976357 0.0383431452491 0.0255620968328
0 0.497599991169 0.657659975603 0.035506122117 0.023670748078
0 0.486399991415 0.514419978752 0.0511942387338 0.0341294924892
0 0.840799983624 0.603079976803 0.0206150154861 0.0137433436574
0 0.784999984851 0.61275997659 0.0529209288134 0.035280619209
0 0.786199984824 0.581019977288 0.0398963055975 0.026597537065
0 0.713799986416 0.584739977206 0.0413232265291 0.0275488176861
0 0.673799987295 0.546919978038 0.0505011091458 0.0336674060972
0 0.537999990281 0.566699977603 0.107610198799 0.0717401325329
0 0.967199980845 0.650359975764 0.025986621392 0.0173244142613
0 0.897399982379 0.678759975139 0.0202339228266 0.0134892818844
0 0.838599983672 0.733519973935 0.0377814985648 0.0251876657098
0 0.802599984464 0.70599997454 0.0416057812113 0.0277371874742
0 0.869999982982 0.687019974958 0.0370048689237 0.0246699126158
0 0.765199985286 0.67191997529 0.0638010648829 0.0425340432553
0 0.768799985207 0.635179976097 0.0556925567617 0.0371283711745
0 0.697599986772 0.743939973706 0.02201294884 0.0146752992267
0 0.698399986755 0.780719972898 0.0231127949189 0.0154085299459
0 0.789799984745 0.744599973692 0.0276886769773 0.0184591179848
0 0.869999982982 0.704419974575 0.0212345383921 0.0141563589281
0 0.434999992545 0.659999975552 0.0596060776167 0.0397373850778
0 0.938399981478 0.670259975326 0.0212584803505 0.0141723202337
0 0.978599980594 0.870339970927 0.0241890947743 0.0161260631829
0 0.864599983101 0.552859977907 0.0323210501853 0.0215473667902
0 0.839999983641 0.490239979284 0.0216225564115 0.0144150376077
0 0.904799982217 0.505079978958 0.0211461905871 0.0140974603914
0 0.918799981909 0.535619978286 0.0559772879855 0.0373181919904
0 0.914399982006 0.459359979963 0.0308090462612 0.0205393641741
0 0.819199984099 0.438499980421 0.027806704896 0.018537803264
0 0.868799983008 0.385519981586 0.0297581723698 0.0198387815799
0 0.907799982151 0.395059981376 0.0273701104239 0.0182467402826
0 0.958599981034 0.40445998117 0.02161345451 0.0144089696733
0 0.962599980946 0.440779980371 0.0370347469048 0.0246898312699
0 0.965799980876 0.457119980012 0.0270552044178 0.0180368029452
0 0.930399981654 0.48631997937 0.0222399027759 0.0148266018506
0 0.701599986684 0.443459980312 0.0257098048651 0.0171398699101
0 0.412199993047 0.312079983201 0.0260290639545 0.017352709303
0 0.568999989599 0.301479983434 0.0241570402516 0.0161046935011
0 0.465599991873 0.253739984483 0.0249584033207 0.0166389355471
0 0.341799994594 0.221679985188 0.0231963939058 0.0154642626038
0 0.344999994524 0.250399984557 0.0231692860686 0.0154461907124
0 0.433999992567 0.275359984008 0.0282854451295 0.0188569634197
0 0.308399995329 0.284479983808 0.0516256886528 0.0344171257686
0 0.302999995448 0.198439985699 0.0314521153907 0.0209680769272
0 0.659199987616 0.299179983484 0.0246142129358 0.0164094752905
0 0.700399986711 0.307419983303 0.0246167852123 0.0164111901416
0 0.487399991393 0.430299980602 0.0323589417971 0.0215726278647
0 0.377399993812 0.447579980222 0.0335367476413 0.0223578317608
0 0.540999990215 0.502319979018 0.0395221382979 0.0263480921986
0 0.60219998887 0.455939980038 0.0434406058384 0.0289604038923
0 0.635999988126 0.474339979633 0.0296729904436 0.0197819936291
0 0.496399991196 0.485899979379 0.0334761012757 0.0223174008504
0 0.520599990664 0.46447997985 0.054741506986 0.0364943379907
0 0.625599988355 0.49721997913 0.0207520386775 0.0138346924517
0 0.240799996815 0.434139980517 0.020893513886 0.0139290092574
0 0.116199999554 0.278699983935 0.0420101232932 0.0280067488621
0 0.141199999005 0.280199983902 0.0220440140256 0.0146960093504
0 0.237999996877 0.220939985204 0.0340695056817 0.0227130037878
0 0.0906000001172 0.32209998298 0.047477991701 0.0316519944674
0 0.0152000017749 0.271239984099 0.033316817999 0.0222112119993
0 0.0866000002051 0.213819985361 0.0214993839398 0.0143329226265
0 0.0360000013176 0.288639983716 0.0219967237112 0.0146644824741
0 0.184999998042 0.184599986003 0.0200585133548 0.0133723422365
0 0.358599994225 0.0561799888268 0.0208492905167 0.0138995270111
0 0.400599993302 0.0776399883549 0.0608763864818 0.0405842576545
0 0.478599991587 0.117819987472 0.0446184116826 0.0297456077884
0 0.493999991248 0.069539988533 0.0909449139069 0.0606299426046
0 0.434399992559 0.10015998786 0.0403958219106 0.0269305479404
0 0.0987999999369 0.0705799885102 0.0364293715196 0.0242862476798
0 0.124999999361 0.0215599895879 0.0276458386799 0.0184305591199
0 0.0788000003766 0.0370399892476 0.0314230288793 0.0209486859196
0 0.439199992453 0.177159986167 0.0224841701114 0.0149894467409
0 0.609599988707 0.253619984486 0.0228496312444 0.0152330874962
0 0.693799986856 0.262119984299 0.0381091670197 0.0254061113465
0 0.762799985339 0.291339983657 0.0204550396734 0.0136366931156
0 0.711399986469 0.285559983784 0.041472121766 0.0276480811774
0 0.697799986768 0.202379985613 0.0367472455371 0.0244981636914
0 0.742799985778 0.176139986189 0.0577243584099 0.0384829056066
0 0.805399984402 0.177979986149 0.0198721222409 0.0132480814939
0 0.810399984292 0.157179986606 0.0254707810164 0.0169805206776
0 0.861599983167 0.15517998665 0.036427887514 0.0242852583426
0 0.717399986337 0.14197998694 0.0361110028337 0.0240740018891
0 0.551599989982 0.148059986807 0.0212554134054 0.0141702756036
0 0.601599988883 0.142979986918 0.0306680657213 0.0204453771475
0 0.60219998887 0.156179986628 0.0303007248477 0.0202004832318
0 0.645199987924 0.151139986739 0.0255552704066 0.0170368469377
0 0.651599987783 0.165139986431 0.0210152023521 0.0140101349014
0 0.495199991222 0.169999986324 0.0545556105407 0.0363704070271
0 0.605599988795 0.180979986083 0.0248928102695 0.0165952068463
0 0.569599989586 0.174359986229 0.0225587661304 0.0150391774203
0 0.603799988834 0.201999985621 0.0401343401092 0.0267562267394
0 0.76319998533 0.213799985361 0.0201194565215 0.0134129710143
0 0.727999986104 0.223079985157 0.0627151684574 0.0418101123049
0 0.540399990228 0.249299984581 0.131274153429 0.0875161022861
0 0.534999990347 0.204019985576 0.0212915242104 0.0141943494736
0 0.523399990602 0.201259985637 0.0407357581459 0.0271571720972
0 0.865199983087 0.0956999879579 0.0243857749943 0.0162571833295
0 0.882999982696 0.074179988431 0.0214372535685 0.014291502379
0 0.834799983756 0.0630999886746 0.0200134985157 0.0133423323438
0 0.920399981874 0.0815799882683 0.0225496642289 0.0150331094859
0 0.915399981984 0.0655199886214 0.0200024179399 0.0133349452933
0 0.833399983787 0.243799984702 0.0441179060324 0.0294119373549
0 0.631199988232 0.0404799891719 0.0422145203427 0.0281430135618
0 0.491999991292 0.394959981379 0.053429547028 0.0356196980187
0 0.0288000014759 0.00991998984379 0.0271441458251 0.0180960972168
0 0.904399982226 0.101679987826 0.0201696159136 0.0134464106091
