0 0.816000006154 0.731139995973 0.185470040992 0.123646693995
0 0.322400017006 0.395180003359 0.545326579195 0.363551052797
0 0.987600002382 0.779299994914 0.0247446075685 0.0164964050457
0 0.967400002826 0.800359994451 0.0207126630601 0.01380844204
0 0.947000003274 0.77263999506 0.0456585017993 0.0304390011995
0 0.95900000301 0.750319995551 0.02159693258 0.0143979550534
0 0.653600009725 0.926659991674 0.0221309767587 0.0147539845058
0 0.0772000223971 0.936579991456 0.0249819495442 0.0166546330295
0 0.270400018149 0.94187999134 0.034942298891 0.0232948659273
0 0.44640001428 0.815779994112 0.0235709569403 0.0157139712935
0 0.0522000229467 0.578179999336 0.0482014939386 0.0321343292924
0 0.106200021759 0.587839999123 0.0420008235242 0.0280005490161
0 0.209800019482 0.605219998741 0.0404639872383 0.0269759914922
0 0.138600021047 0.645459997857 0.0258012196152 0.0172008130768
0 0.109200021694 0.637819998025 0.0323880283085 0.0215920188723
0 0.457800014029 0.662799997475 0.0268054957281 0.0178703304854
0 0.412400015028 0.655239997642 0.0238138392038 0.0158758928026
0 0.350600016386 0.695039996767 0.0787146294665 0.0524764196444
0 0.383400015665 0.732499995943 0.05649283156 0.0376618877067
0 0.200400019688 0.663559997459 0.0251048252148 0.0167365501432
0 0.758000007429 0.665799997409 0.0251455859042 0.0167637239362
0 0.872400004914 0.573019999449 0.0312384185723 0.0208256123815
0 0.649000009826 0.549199999973 0.0202845768872 0.0135230512581
0 0.329000016861 0.156740008601 0.0490378795419 0.0326919196946
0 0.458000014025 0.122100009363 0.0246630861897 0.0164420574598
0 0.78980000673 0.131680009152 0.126360115942 0.0842400772949
0 0.971600002733 0.125160009295 0.0295575348014 0.0197050232009
0 0.799800006511 0.0841200101978 0.041202230599 0.0274681537327
0 0.931200003622 0.203380007576 0.0291637786267 0.0194425190845
0 0.84620000549 0.215200007316 0.036294129135 0.02419608609
0 0.812800006225 0.180580008077 0.0263640535041 0.0175760356694
0 0.813800006203 0.197400007707 0.0496783763949 0.0331189175966
0 0.691200008898 0.197060007715 0.0227209184848 0.0151472789898
0 0.985200002434 0.104260009755 0.0409204673866 0.0272803115911
0 0.847000005473 0.035940011257 0.0211605359754 0.0141070239836
0 0.922400003815 0.0270800114518 0.0198126630799 0.0132084420532
0 0.12120002143 0.11312000956 0.0205486309652 0.0136990873101
0 0.243600018739 0.0139400117407 0.0290651417156 0.0193767611437
0 0.686400009004 0.016520011684 0.0219900951525 0.014660063435
0 0.706200008568 0.0429400111031 0.0251157079231 0.0167438052821
0 0.539600012231 0.0906200100549 0.0354403311984 0.0236268874656
0 0.510400012873 0.0725400104523 0.0299001422469 0.0199334281646
0 0.361400016149 0.0724600104541 0.0265220506426 0.0176813670951
0 0.341000016597 0.049540010958 0.0276662190246 0.0184441460164
0 0.120000021456 0.0322400113384 0.0377505323128 0.0251670215419
0 0.0234000235799 0.0780000103323 0.0368028462833 0.0245352308556
0 0.78300000688 0.876519992777 0.0279752879416 0.0186501919611
0 0.704000008617 0.829379993813 0.0321168510033 0.0214112340022
0 0.341400016589 0.886759992552 0.0340265684506 0.022684378967
0 0.332400016786 0.923939991734 0.0279784538204 0.0186523025469
0 0.695000008815 0.783759994816 0.038278541535 0.02551902769
0 0.62880001027 0.86815999296 0.0435048138176 0.0290032092118
0 0.977000002615 0.874679992817 0.0254111239879 0.0169407493253
0 0.611800010644 0.0727200104484 0.0317448602452 0.0211632401635
