0 0.869400018352 0.237360006829 0.170304514709 0.113536335651
0 0.903200019838 0.738799995804 0.173557455596 0.115704962766
0 0.777400014306 0.854459993262 0.176802481785 0.117868313416
0 0.529200003393 0.905639992136 0.120965276571 0.080643512395
0 0.472600000904 0.939019991403 0.0519396121732 0.0346264058317
0 0.17479998781 0.645419997857 0.105587018312 0.0703913408988
0 0.5248000032 0.602659998798 0.109699693272 0.0731331240248
0 0.536200003701 0.643599997897 0.0786256984309 0.05241712883
0 0.283799992603 0.0289000114118 0.0285960018243 0.0190639999588
0 0.239199990642 0.0413000111392 0.0428005103661 0.0285336716954
0 0.197799988821 0.083380010214 0.0285356522519 0.0190237669132
0 0.205399989155 0.0959200099383 0.0230010028582 0.0153340008941
0 0.196799988777 0.107460009685 0.0227669256642 0.0151779494417
0 0.175399987836 0.0924600100144 0.0396786566647 0.0264524360318
0 0.256199991389 0.104680009746 0.0351142503149 0.0234094986659
0 0.120399985418 0.131960009146 0.0423170212506 0.0282113456397
0 0.0603999827796 0.107440009685 0.0251672557071 0.0167781693648
0 0.378199996753 0.057500010783 0.0336629914986 0.0224419928522
0 0.907000020005 0.0121200117807 0.0219062022542 0.0146041338729
0 0.922200020673 0.0127000117679 0.0322728737246 0.0215152477307
0 0.95260002201 0.0910200100461 0.0309082808517 0.0206055192088
0 0.927400020902 0.0711600104827 0.135925045171 0.0906166908043
0 0.961400022397 0.0701600105047 0.0296447982461 0.0197631975272
0 0.976000023039 0.118680009438 0.0360367083694 0.0240244706617
0 0.942200021553 0.233280006918 0.036705995021 0.0244706617333
0 0.920600020603 0.157480008585 0.0371221102696 0.0247480718808
0 0.881200018871 0.125160009295 0.102171826115 0.0681145462511
0 0.727800012126 0.115560009507 0.0443935412107 0.0295956921884
0 0.776600014271 0.141460008937 0.059193531845 0.0394623519605
0 0.617000007254 0.149620008758 0.0250265719497 0.0166843801994
0 0.701600010974 0.102340009797 0.0223280556588 0.0148853694574
0 0.730800012257 0.0744600104101 0.048185275166 0.0321235146586
0 0.708000011255 0.0562000108116 0.0292984312739 0.0195322862276
0 0.572200005284 0.0886800100975 0.0222677060864 0.0148451364118
0 0.55620000458 0.124740009305 0.0199974738922 0.0133316483822
0 0.631600007896 0.179240008107 0.0258892740342 0.0172595148844
0 0.668800009531 0.193840007786 0.0330703784842 0.0220469175353
0 0.643400008414 0.211080007407 0.0243726200256 0.0162484122787
0 0.572200005284 0.205120007538 0.0202180960996 0.0134787298441
0 0.568000005099 0.180680008075 0.0460326751712 0.0306884480901
0 0.722600011897 0.237040006836 0.0208485017971 0.0138990002814
0 0.729600012205 0.25506000644 0.0208732352285 0.0139154892345
0 0.671200009637 0.218940007234 0.0335739511459 0.022382632621
0 0.576600005477 0.254260006457 0.0246071918882 0.0164047935102
0 0.524400003182 0.24184000673 0.0216817216315 0.0144544801343
0 0.741600012732 0.0402200111629 0.0377313441499 0.0251542277742
0 0.303799993482 0.209320007445 0.0498810981512 0.0332540632408
0 0.408999998108 0.199140007669 0.0295475463941 0.0196983629635
0 0.386399997114 0.213800007347 0.0294823490692 0.0196548980831
0 0.348599995452 0.23004000699 0.0409698407134 0.0273132253408
0 0.313599993913 0.180860008071 0.0227224054878 0.0151482693261
0 0.440399999488 0.240860006752 0.120470607944 0.0803137333325
0 0.348999995469 0.266960006178 0.0212243510195 0.0141495664131
0 0.338599995012 0.275300005995 0.0260904062977 0.0173936030513
0 0.360799995988 0.283020005825 0.0271738295233 0.018115885154
0 0.371799996472 0.302540005396 0.0250952319551 0.0167301535333
0 0.424399998785 0.289960005672 0.043356221101 0.0289041454943
0 0.467800000693 0.309000005254 0.0343526584976 0.0229017708212
0 0.508800002496 0.2796200059 0.108494680498 0.0723297822284
0 0.510200002558 0.341740004534 0.0611449006425 0.0407632644064
0 0.382199996929 0.140780008952 0.0736272698282 0.0490848433147
0 0.38879999722 0.0871600101309 0.0469606735144 0.0313071136114
0 0.309399993728 0.137180009031 0.111753557409 0.0745023666924
0 0.343799995241 0.201880007609 0.0317468431073 0.0211645606756
0 0.189999988478 0.23366000691 0.0290743463861 0.0193828963123
0 0.105199984749 0.165800008402 0.023682458358 0.0157883045306
0 0.0823999837469 0.163040008463 0.0278991126634 0.0185994072155
0 0.0717999832809 0.19002000787 0.040525925088 0.0270172816101
0 0.0135999807218 0.202440007596 0.0304968154883 0.0203312089846
0 0.0431999820233 0.215400007312 0.0360733138478 0.0240488743124
0 0.0909999841251 0.210120007428 0.0208878774198 0.0139252506947
0 0.0645999829643 0.214080007341 0.0270669811 0.0180446528765
0 0.131199985893 0.207980007475 0.0271906482566 0.0181270976422
0 0.109599984943 0.155640008625 0.0217202068506 0.0144801369454
0 0.0857999838964 0.272500006056 0.0415059625707 0.0276706398888
0 0.0187999809504 0.273740006029 0.0371287388291 0.0247524909202
0 0.150799986755 0.31052000522 0.0226504806695 0.0151003194504
0 0.127799985743 0.310620005218 0.0301905166748 0.020127009789
0 0.200999988962 0.296300005533 0.0201857447714 0.0134571622934
0 0.18299998817 0.256900006399 0.0208272310462 0.0138848197817
0 0.0641999829467 0.34872000438 0.0504686655456 0.0336457748113
0 0.128599985778 0.393700003392 0.0461046989232 0.0307364639216
0 0.197599988812 0.340460004562 0.028881722423 0.0192544803454
0 0.215999989621 0.395380003355 0.0256673656884 0.017111575997
0 0.214999989577 0.405320003136 0.0231066640768 0.0154044417019
0 0.25439999131 0.435520002472 0.0274344209557 0.0182896127642
0 0.320599994221 0.435680002469 0.0691023380348 0.046068222318
0 0.376799996692 0.390900003453 0.0528066673416 0.0352044425725
0 0.382399996938 0.435960002462 0.0411611785381 0.0274407838822
0 0.161799987238 0.496520001131 0.0388458325652 0.0258972200021
0 0.0129999806954 0.493560001196 0.0220401585182 0.014693438043
0 0.313399993904 0.361200004106 0.0198940881493 0.0132627245581
0 0.315599994001 0.322520004956 0.0217041795871 0.0144694521037
0 0.315399993992 0.306960005299 0.0340598146707 0.0227065416162
0 0.391199997325 0.364320004037 0.0391013783776 0.0260675838658
0 0.29259999299 0.319540005022 0.0220568783178 0.0147045845753
0 0.324199994379 0.38694000354 0.0619105487425 0.0412736964394
0 0.293399993025 0.256620006405 0.0226971773878 0.0151314505939
0 0.480200001238 0.354940004244 0.0244132817867 0.0162755201176
0 0.4634000005 0.397960003298 0.0326834486846 0.0217889643526
0 0.52800000334 0.3842000036 0.0373461951573 0.0248974617961
0 0.583800005794 0.364160004041 0.0531195947147 0.0354130608074
0 0.625800007641 0.348800004379 0.0213759174866 0.0142506107178
0 0.614400007139 0.345580004449 0.0354864389894 0.0236576244326
0 0.661200009197 0.383820003609 0.0746885318994 0.0497923513155
0 0.516800002848 0.41016000303 0.0635166388388 0.0423444230997
0 0.445399999708 0.434180002502 0.0296749730323 0.0197833140501
0 0.467200000667 0.282660005833 0.0227145897235 0.0151430588169
0 0.479600001212 0.291260005644 0.0235648261586 0.0157098830696
0 0.459200000315 0.469060001735 0.0493447784264 0.0328965167812
0 0.404799997923 0.465800001806 0.0559608723712 0.0373072457868
0 0.427399998917 0.495460001154 0.039809644917 0.0265397615275
0 0.453000000042 0.452500002099 0.138540852868 0.092360562487
0 0.486200001502 0.380340003685 0.0469812517293 0.0313208324204
0 0.392199997369 0.523160000545 0.0288710375806 0.0192473571176
0 0.376799996692 0.508900000859 0.08001542047 0.0533436101283
0 0.56280000487 0.521340000585 0.0204289238682 0.0136192816805
0 0.550000004308 0.508420000869 0.0338379063249 0.0225586027288
0 0.52300000312 0.50750000089 0.0363611120546 0.0242407397709
0 0.53140000349 0.47838000153 0.0230104015621 0.0153402666963
0 0.570800005222 0.506780000905 0.0251873392533 0.0167915583947
0 0.607400006831 0.52796000044 0.0206812048677 0.0137874690024
0 0.590400006084 0.548079999997 0.0624913886437 0.0416609230147
0 0.652200008801 0.515300000718 0.0207320568025 0.01382137029
0 0.656800009004 0.538300000212 0.0504515500112 0.0336343644557
0 0.67400000976 0.471300001685 0.0324544171105 0.0216362766466
0 0.585200005855 0.426740002665 0.0347669929391 0.023177993764
0 0.540600003894 0.448940002177 0.0218761264017 0.0145840833059
0 0.610800006981 0.415520002912 0.0690729547184 0.0460486334417
0 0.716200011615 0.343640004492 0.0482463172745 0.0321642093949
0 0.679800010015 0.33920000459 0.06053428169 0.0403561851316
0 0.904800019908 0.369560003922 0.0223851404183 0.0149234259612
0 0.882000018906 0.413380002959 0.0248291991678 0.0165527983534
0 0.768000013893 0.43696000244 0.0311637277304 0.0207758171167
0 0.7818000145 0.455340002036 0.0502352808877 0.0334901850496
0 0.719600011765 0.459580001943 0.0343762047242 0.0229174683046
0 0.725600012029 0.434360002498 0.0293126777303 0.0195417838646
0 0.693000010595 0.411340003004 0.0356534391177 0.0237689578441
0 0.870600018405 0.346800004423 0.0798840364828 0.0532560208093
0 0.828000016531 0.333080004724 0.0226060594269 0.0150707052906
0 0.811400015801 0.373160003843 0.0536706555645 0.0357804346831
0 0.821200016232 0.348500004385 0.11039915471 0.0735994316192
0 0.762400013647 0.285280005775 0.105462361818 0.0703082365751
0 0.986600023505 0.4706400017 0.0291310354107 0.0194206889929
0 0.972400022881 0.42696000266 0.0430240016515 0.0286826658759
0 0.825800016435 0.289780005676 0.0272285398734 0.0181523587184
0 0.842800017182 0.29644000553 0.0355786452214 0.0237190952498
0 0.979600023197 0.594199998984 0.0265895269418 0.0177263501254
0 0.943800021623 0.551019999933 0.0470816694604 0.0313877775701
0 0.828800016567 0.531440000363 0.0284090170835 0.0189393434732
0 0.902000019785 0.578659999325 0.0613023041994 0.0408682001041
0 0.791400014922 0.618979998439 0.0224731914338 0.0149821266344
0 0.749600013084 0.596139998941 0.0468538250911 0.0312358813339
0 0.641400008326 0.638439998011 0.0231853163884 0.0154568765728
0 0.693200010604 0.486940001342 0.0309046203039 0.0206030788437
0 0.596800006365 0.649299997772 0.0514176378386 0.0342784229649
0 0.715000011563 0.66757999737 0.0243024760143 0.0162016496076
0 0.652600008819 0.665439997417 0.0363680374154 0.0242453566778
0 0.600000006506 0.678319997134 0.0221149524145 0.0147433006373
0 0.312599993869 0.516200000698 0.0370093258227 0.0246728822545
0 0.443199999612 0.631299998168 0.0278557796917 0.0185705185697
0 0.447199999787 0.662539997481 0.0243911206322 0.0162607460156
0 0.400199997721 0.663579997458 0.0516044247119 0.0344029475389
0 0.276999992304 0.637199998038 0.0385314211863 0.0256876124299
0 0.238599990615 0.62939999821 0.0346670698766 0.0231113783934
0 0.527400003314 0.683419997022 0.0489291578464 0.0326194364129
0 0.469800000781 0.539120000194 0.104793569836 0.0698623752825
0 0.367599996287 0.586499999153 0.15555646428 0.10370430268
0 0.493000001801 0.650139997754 0.0855227641555 0.0570151723432
0 0.279599992418 0.693259996806 0.209354645417 0.139569754406
0 0.25099999116 0.786119994764 0.578937405621 0.385958244958
0 0.220599989824 0.546060000042 0.0377059181825 0.0251372771304
0 0.12339998555 0.581339999266 0.0249924398145 0.0166616254441
0 0.0217999810823 0.656759997608 0.0641055913054 0.0427370580515
0 0.0537999824894 0.6525799977 0.0319899232703 0.0213266141069
0 0.0455999821288 0.672279997267 0.0281215156779 0.0187476758821
0 0.0817999837206 0.687039996942 0.0395728965124 0.0263819292682
0 0.0325999815572 0.691139996852 0.0326568355125 0.021771222239
0 0.191199988531 0.726979996064 0.0298126887779 0.0198751245411
0 0.0513999823839 0.854359993264 0.0224472707978 0.0149648462115
0 0.110599984987 0.786479994756 0.0234612425482 0.0156408273339
0 0.133799986007 0.800639994445 0.034535092287 0.0230233933395
0 0.125999985664 0.893459992404 0.0756935006808 0.0504623304589
0 0.332999994766 0.729179996016 0.0273861412978 0.0182574263277
0 0.356799995812 0.716339996298 0.0442741282043 0.0295160835227
0 0.272799992119 0.780639994885 0.0253427641357 0.0168951749762
0 0.286799992735 0.791219994652 0.0311295955952 0.0207530623614
0 0.307599993649 0.892539992424 0.0221807433418 0.0147871612526
0 0.199799988909 0.903019992194 0.0434355659487 0.0289570420559
0 0.19459998868 0.918359991857 0.0257801501352 0.0171867656233
0 0.117399985286 0.930559991589 0.0244292101164 0.0162861390035
0 0.118599985339 0.94459999128 0.0290773143979 0.0193848749867
0 0.199799988909 0.962739990881 0.0214735650735 0.0143157091048
0 0.305999993579 0.941659991345 0.0208837222033 0.0139224805506
0 0.0773999835271 0.914219991948 0.0261979472571 0.0174652970195
0 0.0755999834479 0.867039992985 0.0225596595097 0.0150397720145
0 0.353399995663 0.844919993471 0.0218944291409 0.0145962851312
0 0.384199997017 0.875739992794 0.0328035542271 0.021869034709
0 0.48000000123 0.87365999284 0.0250437864179 0.0166958565108
0 0.499600002091 0.83859999361 0.0219445885396 0.0146297247281
0 0.393799997439 0.776499994976 0.0322833606995 0.0215222390468
0 0.368199996314 0.809099994259 0.02383946618 0.0158929764051
0 0.397399997598 0.83223999375 0.0513409642015 0.0342273072102
0 0.458200000271 0.796199994542 0.118978687367 0.0793191196799
0 0.453000000042 0.756799995409 0.0297800406486 0.0198533591229
0 0.556000004571 0.76355999526 0.0248369159983 0.0165579429068
0 0.348599995452 0.767939995164 0.0297515477357 0.0198343638489
0 0.583600005785 0.803519994382 0.0221344423584 0.0147562939323
0 0.595800006321 0.813359994165 0.0198868659873 0.0132579097838
0 0.569000005143 0.833639993719 0.037225298145 0.0248168637932
0 0.562400004853 0.861119993115 0.0204125998035 0.0136083989715
0 0.533400003578 0.8572599932 0.0222140840073 0.0148093883614
0 0.625000007605 0.881419992669 0.0529809885656 0.0353206567141
0 0.607400006831 0.87683999277 0.0885645804732 0.0590430497546
0 0.69880001085 0.893079992413 0.158145559871 0.105430366294
0 0.631800007904 0.834559993699 0.0294172506779 0.0196114991585
0 0.676600009874 0.852319993309 0.032647634676 0.0217650883485
0 0.545400004105 0.94457999128 0.0210561636865 0.0140374415318
0 0.689800010455 0.831399993769 0.0252071259984 0.0168047495572
0 0.665200009373 0.829099993819 0.0329846029443 0.0219897338459
0 0.714000011519 0.786199994762 0.0300161954508 0.0200107956474
0 0.669200009549 0.760519995327 0.0611078004955 0.0407385309767
0 0.754400013295 0.697899996704 0.0328380820972 0.0218920532875
0 0.82660001647 0.700439996648 0.0229806225108 0.0153204139967
0 0.775000014201 0.749859995561 0.0200090491381 0.0133393652122
0 0.825800016435 0.91411999195 0.0204716632375 0.0136477745915
0 0.58940000604 0.753679995477 0.0223556581681 0.0149037711291
0 0.608600006884 0.776719994971 0.106031230739 0.070687482497
0 0.875200018607 0.945219991266 0.0752282153708 0.0501521402727
0 0.951200021949 0.967439990778 0.0689065481924 0.0459376957651
0 0.75520001333 0.986379990361 0.0241153923398 0.0160769271662
0 0.954800022107 0.903119992192 0.0673871240395 0.0449247463966
0 0.757400013427 0.789139994698 0.0254771161347 0.0169847429695
0 0.687400010349 0.976839990571 0.0313940454429 0.0209293622482
0 0.657000009012 0.969839990725 0.0316711588074 0.021114104479
0 0.265799991811 0.927239991662 0.0287166020355 0.0191444000943
0 0.287199992752 0.934979991491 0.0220486668186 0.0146991102429
0 0.159399987133 0.623179998346 0.154171392126 0.102780921305
0 0.0773999835271 0.524240000522 0.0215648809019 0.0143765863197
0 0.109399984934 0.474880001607 0.0207066308351 0.0138044196462
0 0.331799994713 0.0407400111515 0.0377148222177 0.0251432131535
