0 0.947000003274 0.550939999935 0.112911067101 0.075274044734
0 0.204600019596 0.707959996482 0.227485209905 0.151656806603
0 0.413600015001 0.0199800116079 0.0223572381586 0.014904825439
0 0.967000002835 0.213820007346 0.0339031981114 0.0226021320743
0 0.895000004417 0.248320006588 0.0222991640695 0.0148661093797
0 0.891000004505 0.239080006791 0.0228726827993 0.0152484551996
0 0.881000004725 0.217540007264 0.0276851153636 0.0184567435758
0 0.871000004945 0.201700007613 0.0340308226002 0.0226872150668
0 0.848800005433 0.141220008942 0.0301641963249 0.0201094642166
0 0.805200006392 0.177760008139 0.0259793002973 0.0173195335315
0 0.629600010252 0.145580008847 0.0201878197167 0.0134585464778
0 0.628200010283 0.134900009081 0.0212447285645 0.0141631523763
0 0.586000011211 0.038260011206 0.0248485869001 0.0165657246001
0 0.591200011097 0.0226800115485 0.0198139492181 0.0132092994787
0 0.809200006304 0.0506400109338 0.0255539842684 0.0170359895122
0 0.612800010622 0.108820009655 0.0481237320408 0.0320824880272
0 0.549400012016 0.133020009123 0.0947189382276 0.0631459588184
0 0.511600012847 0.0766600103618 0.0560766174326 0.0373844116218
0 0.464800013876 0.0524800108934 0.0530722973932 0.0353815315954
0 0.241800018778 0.158000008573 0.0249069577903 0.0166046385269
0 0.294400017622 0.110460009619 0.0336700113517 0.0224466742344
0 0.312600017222 0.132060009144 0.084707638019 0.0564717586793
0 0.169000020379 0.0688800105328 0.0334197090597 0.0222798060398
0 0.0812000223091 0.0242400115142 0.0206765522551 0.0137843681701
0 0.0232000235843 0.0804800102778 0.019815037489 0.0132100249926
0 0.0136000237953 0.0310600113643 0.0224668567117 0.0149779044745
0 0.0260000235227 0.0158600116985 0.0223886001454 0.0149257334302
0 0.0370000232809 0.442380002321 0.0513257216373 0.0342171477582
0 0.0312000234084 0.290360005664 0.0275194013956 0.0183462675971
0 0.10480002179 0.268440006145 0.0242192695566 0.0161461797044
0 0.0676000226081 0.209480007442 0.0603032634868 0.0402021756579
0 0.0574000228324 0.293500005594 0.0262541381498 0.0175027587666
0 0.0380000232589 0.188820007896 0.0872663606185 0.0581775737457
0 0.150200020792 0.251960006508 0.0286002522018 0.0190668348012
0 0.229800019042 0.220260007205 0.0735803655363 0.0490535770242
0 0.146800020867 0.181060008067 0.052453862758 0.0349692418386
0 0.65380000972 0.418640002843 0.078049893854 0.0520332625693
0 0.650200009799 0.448020002197 0.0206374734388 0.0137583156258
0 0.65200000976 0.462960001869 0.0640361313832 0.0426907542555
0 0.63560001012 0.305220005337 0.0290046932174 0.019336462145
0 0.647200009865 0.319020005033 0.0326635586971 0.021775705798
0 0.592200011075 0.313420005157 0.0335184449045 0.0223456299363
0 0.7184000083 0.219180007228 0.0206279758024 0.0137519838683
0 0.800600006493 0.286720005744 0.0334468168968 0.0222978779312
0 0.801000006484 0.270360006103 0.0347876654988 0.0231917769992
0 0.822200006018 0.277180005953 0.0216531269286 0.0144354179524
0 0.824000005978 0.308940005255 0.06303264674 0.0420217644933
0 0.840600005613 0.339880004575 0.0216834006445 0.0144556004297
0 0.900200004303 0.269680006118 0.0216525333263 0.0144350222175
0 0.932000003604 0.312960005167 0.0222412878478 0.0148275252319
0 0.957800003037 0.270020006111 0.0259500159184 0.0173000106123
0 0.953800003125 0.294440005574 0.0317288329839 0.0211525553226
0 0.965600002865 0.311160005206 0.025570605132 0.017047070088
0 0.970200002764 0.320780004995 0.028612223181 0.019074815454
0 0.985800002421 0.342440004519 0.0330412876104 0.0220275250736
0 0.934200003556 0.401080003229 0.0474862031992 0.0316574687994
0 0.93080000363 0.439340002388 0.0274726057498 0.0183150704998
0 0.989200002346 0.453640002074 0.0239269204369 0.0159512802913
0 0.973600002689 0.450040002153 0.0278641853828 0.0185761235885
0 0.981400002518 0.409520003044 0.0537806627728 0.0358537751818
0 0.966000002857 0.505540000933 0.0299986802243 0.0199991201495
0 0.83440000575 0.458180001974 0.0211317462651 0.0140878308434
0 0.855400005288 0.430420002584 0.0222371326319 0.0148247550879
0 0.763200007315 0.565159999622 0.0293566004319 0.0195710669546
0 0.750200007601 0.519140000634 0.0425587107275 0.0283724738183
0 0.590400011114 0.491440001243 0.0412480369078 0.0274986912719
0 0.668200009404 0.551039999932 0.0251484549819 0.0167656366546
0 0.575400011444 0.517080000679 0.0443161691917 0.0295441127945
0 0.812800006225 0.583959999209 0.0573701757201 0.0382467838134
0 0.792000006682 0.527540000449 0.0994847730134 0.0663231820089
0 0.804400006409 0.561719999698 0.0255273710998 0.0170182473998
0 0.711800008445 0.408840003059 0.0282582383586 0.0188388255724
0 0.780000006946 0.455980002022 0.0249139820839 0.0166093213893
0 0.686000009012 0.615639998512 0.045937099133 0.0306247327553
0 0.652600009747 0.613879998551 0.0232660432392 0.0155106954928
0 0.520000012662 0.612919998572 0.026123446716 0.017415631144
0 0.456800014051 0.596019998943 0.0281283383945 0.0187522255963
0 0.446800014271 0.637059998041 0.0243451132385 0.0162300754924
0 0.472200013713 0.533240000324 0.0257867752932 0.0171911835288
0 0.528600012473 0.477980001539 0.0310110689016 0.0206740459344
0 0.483800013458 0.469580001723 0.0383161363457 0.0255440908971
0 0.528000012486 0.522440000561 0.0737934687525 0.049195645835
0 0.493000013256 0.526340000475 0.0323803114789 0.0215868743193
0 0.539600012231 0.490920001254 0.0221983506167 0.0147989004111
0 0.451800014161 0.562139999688 0.023996668704 0.015997779136
0 0.312200017231 0.4479200022 0.0456106178826 0.0304070785884
0 0.273600018079 0.414980002924 0.0228567544717 0.0152378363144
0 0.25080001858 0.575399999397 0.0378262166027 0.0252174777351
0 0.21260001942 0.499000001077 0.0325893584129 0.0217262389419
0 0.238400018853 0.604219998763 0.0234591618455 0.0156394412303
0 0.119200021474 0.638919998 0.0640782771446 0.0427188514297
0 0.0838000222519 0.664519997438 0.0864632167426 0.0576421444951
0 0.057600022828 0.645579997854 0.0270120693193 0.0180080462129
0 0.0276000234875 0.642079997931 0.0277988891327 0.0185325927551
0 0.270800018141 0.609439998648 0.0319754747285 0.0213169831523
0 0.0758000224278 0.722679996159 0.0232449703585 0.0154966469056
0 0.0332000233644 0.773059995051 0.0303166531754 0.0202111021169
0 0.0442000231226 0.728119996039 0.12755721386 0.0850381425736
0 0.12300002139 0.716659996291 0.0940135408593 0.0626756939062
0 0.319000017081 0.658599997568 0.0629308439501 0.0419538959667
0 0.464400013884 0.717759996267 0.0201833676996 0.0134555784664
0 0.377400015797 0.734759995893 0.0222464324009 0.0148309549339
0 0.34180001658 0.727119996061 0.0526309541029 0.0350873027352
0 0.301400017468 0.824419993922 0.0243764752253 0.0162509834835
0 0.330800016822 0.705519996536 0.0415667023949 0.02771113493
0 0.460800013964 0.686819996947 0.0603734074888 0.0402489383258
0 0.671600009329 0.732679995939 0.023866373005 0.0159109153367
0 0.713200008414 0.659719997543 0.0323095738747 0.0215397159165
0 0.824000005978 0.633859998112 0.0912930616403 0.0608620410935
0 0.77980000695 0.623539998338 0.0458266891101 0.0305511260734
0 0.750600007592 0.626959998263 0.0532429580468 0.0354953053645
0 0.726000008133 0.629059998217 0.0439318117196 0.0292878744798
0 0.918200003907 0.892519992425 0.0715224453881 0.0476816302587
0 0.920000003868 0.975699990596 0.0259912712764 0.0173275141843
0 0.954200003116 0.950799991144 0.0237062982586 0.0158041988391
0 0.817600006119 0.971779990682 0.0367466519348 0.0244977679565
0 0.785800006818 0.922859991758 0.0269191705635 0.017946113709
0 0.901400004277 0.938279991419 0.0373184887915 0.0248789925277
0 0.826800005917 0.883419992625 0.0480719897093 0.0320479931395
0 0.73980000783 0.957139991004 0.0348715612868 0.0232477075245
0 0.742400007772 0.97689999057 0.0446054513663 0.0297369675775
0 0.805200006392 0.927719991651 0.0512692304877 0.0341794869918
0 0.598400010938 0.918099991862 0.0340310204676 0.0226873469784
0 0.588200011163 0.965139990828 0.0208584913519 0.0139056609013
0 0.618000010507 0.897099992324 0.0263244800192 0.0175496533462
0 0.403400015225 0.925819991693 0.0310237324168 0.0206824882778
0 0.36680001603 0.917499991876 0.020237880175 0.0134919201167
0 0.566800011633 0.883579992621 0.0340358682195 0.022690578813
0 0.302800017437 0.972719990662 0.0220644933041 0.0147096622027
0 0.257000018444 0.945679991256 0.0210495323502 0.0140330215668
0 0.293000017653 0.891939992438 0.0208469161076 0.0138979440717
0 0.20580001957 0.880499992689 0.03124128765 0.0208275251
0 0.0392000232325 0.953899991075 0.0221051550598 0.0147367700399
0 0.0910000220937 0.908379992076 0.0222409910467 0.0148273273645
0 0.16760002041 0.877339992759 0.0250890947546 0.0167260631697
0 0.111400021645 0.845619993456 0.0239767830279 0.0159845220186
0 0.393800015437 0.42378000273 0.020349279535 0.0135661863567
0 0.174800020251 0.486880001343 0.0823371862738 0.0548914575159
0 0.278600017969 0.451360002124 0.0335109259424 0.0223406172949
0 0.157800020625 0.594539998976 0.153907218777 0.102604812518
