0 0.509799990901 0.357879982194 0.314686373207 0.209790915471
0 0.667599987432 0.467439979785 0.16080982388 0.107206549253
0 0.531599990422 0.500199979065 0.178203359828 0.118802239886
0 0.290799995716 0.149999986764 0.175144329446 0.116762886297
0 0.0830000002843 0.528679978439 0.206437062626 0.137624708418
0 0.62399998839 0.679039975133 0.133107395117 0.0887382634113
0 0.894599982441 0.874719970831 0.128163677516 0.0854424516776
0 0.848599983452 0.925539969714 0.0957400330716 0.0638266887144
0 0.761999985356 0.884879970608 0.236771128135 0.157847418757
0 0.513199990826 0.018459989656 0.0261808282691 0.0174538855127
0 0.603199988848 0.0387399892102 0.038411607378 0.025607738252
0 0.415399992976 0.0692799885388 0.0225011867099 0.0150007911399
0 0.426999992721 0.103939987777 0.0273911833046 0.0182607888697
0 0.363199994124 0.0752199884082 0.0524557424985 0.034970494999
0 0.409199993113 0.0500999889604 0.0324534234923 0.0216356156615
0 0.188999997954 0.0495399889727 0.0281386275005 0.0187590850003
0 0.166399998451 0.0487599889899 0.0483394075335 0.032226271689
0 0.165599998468 0.126459987282 0.0535846750888 0.0357231167259
0 0.110799999673 0.106879987712 0.0439602056951 0.0293068037967
0 0.148999998833 0.0999599878642 0.0479551489952 0.0319700993301
0 0.130199999247 0.0521799889147 0.0456362417141 0.0304241611427
0 0.115199999576 0.0702399885176 0.0661528181565 0.044101878771
0 0.0442000011373 0.0128799897787 0.0283392650689 0.0188928433793
0 0.0734000004953 0.203139985596 0.0567283927288 0.0378189284859
0 0.0920000000864 0.230879984986 0.0580837845865 0.0387225230577
0 0.049400001023 0.183299986032 0.0285293167301 0.0190195444868
0 0.0320000014055 0.204659985562 0.0479833451031 0.0319888967354
0 0.025200001555 0.190479985874 0.0441396714491 0.0294264476327
0 0.0794000003634 0.178579986136 0.0407163671383 0.0271442447588
0 0.077600000403 0.159979986545 0.0446256338436 0.0297504225624
0 0.123999999383 0.186159985969 0.0493123216596 0.0328748811064
0 0.233399996978 0.173659986244 0.025220280857 0.0168135205713
0 0.294399995637 0.15927998656 0.0228903919338 0.0152602612892
0 0.31199999525 0.208979985467 0.0382823999498 0.0255215999665
0 0.279399995966 0.205019985554 0.0410148501481 0.027343233432
0 0.372399993922 0.1528999867 0.0237991970144 0.0158661313429
0 0.317399995131 0.187159985947 0.0249595905252 0.0166397270168
0 0.337599994687 0.22069998521 0.0447571167471 0.0298380778314
0 0.283599995874 0.0568999888109 0.0490328339225 0.0326885559484
0 0.470399991767 0.12973998721 0.028665152717 0.0191101018114
0 0.60219998887 0.229979985006 0.0511068802659 0.0340712535106
0 0.426799992726 0.19473998578 0.0311217757256 0.0207478504837
0 0.434199992563 0.274219984033 0.105181376164 0.0701209174427
0 0.492199991288 0.280659983892 0.019810882273 0.0132072548487
0 0.598599988949 0.176059986191 0.130992192349 0.0873281282329
0 0.594399989041 0.132039987159 0.0243556991457 0.0162371327638
0 0.592399989085 0.121859987383 0.047326029519 0.031550686346
0 0.634999988148 0.118899987448 0.0470517852687 0.0313678568458
0 0.607399988755 0.100819987845 0.0442351424814 0.0294900949876
0 0.49119999131 0.109799987648 0.0465657239405 0.0310438159603
0 0.4779999916 0.0901399880801 0.0429373300442 0.0286248866962
0 0.574199989485 0.116279987505 0.0283943711467 0.0189295807644
0 0.68539998704 0.109419987656 0.0518820259012 0.0345880172675
0 0.802999984455 0.223479985149 0.0319965476092 0.0213310317395
0 0.778199985 0.0681799885629 0.0668290300796 0.0445526867197
0 0.810799984283 0.0849999881931 0.0212701545285 0.014180103019
0 0.869399982995 0.0691199885423 0.0218902710368 0.0145935140245
0 0.829399983874 0.0639999886548 0.0441745950495 0.029449730033
0 0.725799986152 0.251479984533 0.0356221713615 0.023748114241
0 0.636999988104 0.0918599880423 0.0241271622705 0.016084774847
0 0.654999987709 0.243019984719 0.0630465963934 0.0420310642623
0 0.657399987656 0.283659983826 0.0495678674383 0.0330452449589
0 0.691399986908 0.256219984429 0.074230953628 0.0494873024187
0 0.810799984283 0.276519983983 0.062547179014 0.0416981193427
0 0.785399984842 0.264039984257 0.0609755180614 0.0406503453743
0 0.779199984978 0.232779984944 0.0464147510956 0.0309431673971
0 0.842199983593 0.315059983135 0.0667067480113 0.0444711653409
0 0.7963999846 0.323439982951 0.0893593033009 0.0595728688673
0 0.747999985664 0.358239982186 0.0445811136731 0.0297207424487
0 0.833999983773 0.241719984748 0.0278587440286 0.0185724960191
0 0.885199982648 0.215079985333 0.0353350657286 0.0235567104857
0 0.925199981768 0.216179985309 0.0422966353238 0.0281977568825
0 0.931199981636 0.242859984723 0.036941848149 0.024627898766
0 0.9373999815 0.253499984489 0.0326714733941 0.0217809822627
0 0.932999981597 0.102079987818 0.094748024739 0.063165349826
0 0.896399982401 0.0653199886258 0.0666556982158 0.0444371321438
0 0.982599980506 0.199259985681 0.0423860713997 0.0282573809331
0 0.901599982287 0.179979986105 0.0229879405741 0.0153252937161
0 0.959199981021 0.254219984473 0.0460624481464 0.0307082987642
0 0.955999981091 0.279899983908 0.0409146302976 0.0272764201984
0 0.942999981377 0.301959983423 0.0290938324922 0.0193958883281
0 0.917999981927 0.324599982925 0.0511686149023 0.0341124099349
0 0.898599982353 0.254699984462 0.0466175652057 0.0310783768038
0 0.908199982142 0.225099985113 0.0376417052294 0.0250944701529
0 0.784399984864 0.202259985615 0.0478693734667 0.0319129156444
0 0.960999980981 0.502359979017 0.084949333078 0.0566328887186
0 0.816799984151 0.397059981332 0.0409659768942 0.0273106512628
0 0.824199983989 0.431699980571 0.0230463114643 0.0153642076429
0 0.830999983839 0.455259980053 0.0481760679746 0.0321173786497
0 0.905799982195 0.486839979359 0.0445885337015 0.0297256891343
0 0.91239998205 0.523679978549 0.0447054733493 0.0298036488996
0 0.834999983751 0.533199978339 0.0204713637359 0.013647575824
0 0.819799984086 0.48313997944 0.0620426170816 0.0413617447211
0 0.751399985589 0.480899979489 0.0517987237155 0.034532482477
0 0.73679998591 0.401799981228 0.0201624926863 0.0134416617909
0 0.916199981966 0.353079982299 0.0263229960136 0.017548664009
0 0.873399982907 0.390079981486 0.0236683077131 0.0157788718088
0 0.855399983303 0.44901998019 0.0388165430622 0.0258776953748
0 0.872399982929 0.442499980333 0.0318885119954 0.0212590079969
0 0.879999982762 0.4212599808 0.0214882044303 0.0143254696202
0 0.927599981716 0.397459981324 0.023800384219 0.0158669228126
0 0.750999985598 0.430799980591 0.161390564771 0.107593709847
0 0.640999988016 0.472979979663 0.0230799489265 0.0153866326176
0 0.684599987058 0.307679983297 0.0561942496165 0.0374628330777
0 0.53939999025 0.344959982478 0.0540657897314 0.036043859821
0 0.216999997338 0.403159981198 0.0551738473085 0.0367825648723
0 0.283599995874 0.419659980836 0.052058820445 0.0347058802967
0 0.256199996476 0.403779981185 0.0292103764052 0.0194735842701
0 0.0971999999721 0.334719982703 0.0220042426733 0.0146694951155
0 0.0292000014671 0.31709998309 0.0529318115218 0.0352878743479
0 0.0156000017661 0.292399983633 0.0309241061685 0.020616070779
0 0.0486000010406 0.289739983692 0.046622610825 0.03108174055
0 0.0800000003502 0.617519976486 0.0332410347754 0.0221606898503
0 0.115999999559 0.674039975243 0.0229751781252 0.0153167854168
0 0.149799998816 0.681499975079 0.056649938295 0.03776662553
0 0.0750000004602 0.654779975666 0.0478421666958 0.0318947777972
0 0.191199997905 0.653019975705 0.0584441011664 0.038962734111
0 0.191999997888 0.674019975243 0.0300170818948 0.0200113879298
0 0.217799997321 0.670339975324 0.0242370776248 0.0161580517499
0 0.125599999348 0.707179974514 0.026038858392 0.017359238928
0 0.195799997804 0.688599974923 0.0509658007922 0.0339772005281
0 0.0280000014935 0.76833997317 0.0539818939435 0.0359879292956
0 0.117199999532 0.782499972858 0.0233317352241 0.0155544901494
0 0.0164000017485 0.542299978139 0.0453415181853 0.0302276787902
0 0.22599999714 0.573459977454 0.023897339257 0.0159315595046
0 0.314199995201 0.528679978439 0.0204121024423 0.0136080682949
0 0.323399994999 0.551659977933 0.0402839278821 0.0268559519214
0 0.333399994779 0.590859977072 0.0488186424356 0.0325457616237
0 0.386799993605 0.584419977213 0.0398848292869 0.0265898861913
0 0.250199996608 0.693379974818 0.0680897423746 0.0453931615831
0 0.225799997145 0.675839975203 0.0317231937623 0.0211487958415
0 0.241399996802 0.729299974028 0.0520487292064 0.0346991528042
0 0.216999997338 0.730539974001 0.0272525771737 0.0181683847825
0 0.218199997312 0.53225997836 0.0404443983633 0.0269629322422
0 0.295799995606 0.610079976649 0.0221169281716 0.014744618781
0 0.473799991692 0.594239976997 0.0422860494166 0.0281906996111
0 0.591599989103 0.590879977071 0.0239867753328 0.0159911835552
0 0.559599989806 0.571599977495 0.0462980093152 0.0308653395435
0 0.448999992238 0.669239975348 0.0333203796126 0.0222135864084
0 0.360599994181 0.674479975233 0.02597217707 0.0173147847133
0 0.524599990576 0.706319974533 0.0213401006631 0.0142267337754
0 0.503999991028 0.560959977729 0.0249705721673 0.0166470481115
0 0.554199989925 0.632019976167 0.0273107501965 0.0182071667977
0 0.735199985945 0.657879975598 0.0199695719475 0.013313047965
0 0.731599986025 0.641219975964 0.0201427059439 0.0134284706293
0 0.739799985844 0.632459976157 0.0225140480925 0.015009365395
0 0.695599986816 0.651159975746 0.0642339988077 0.0428226658718
0 0.786199984824 0.645759975865 0.0308403093143 0.0205602062095
0 0.74679998569 0.67053997532 0.0237589309935 0.015839287329
0 0.820399984072 0.674499975233 0.0361922274114 0.0241281516076
0 0.86599998307 0.669259975348 0.0611466733836 0.0407644489224
0 0.850199983417 0.63231997616 0.0540832020648 0.0360554680432
0 0.827399983918 0.633899976125 0.0468259196037 0.0312172797358
0 0.804799984415 0.556099977836 0.0225430356702 0.0150286904468
0 0.86599998307 0.542419978137 0.0231227872239 0.0154151914826
0 0.980999980542 0.741299973764 0.0225340327023 0.0150226884682
0 0.8509999834 0.700579974659 0.0313365608148 0.0208910405432
0 0.785799984833 0.684219975019 0.0759909843687 0.0506606562458
0 0.956599981078 0.688859974917 0.0811957880357 0.0541305253571
0 0.918399981918 0.692559974836 0.0530585456072 0.0353723637381
0 0.890199982538 0.697059974737 0.0404955470925 0.026997031395
0 0.867199983043 0.698899974696 0.0316375171675 0.0210916781116
0 0.982999980498 0.764919973245 0.0261350219603 0.0174233479735
0 0.937799981491 0.774419973036 0.0223210284199 0.0148806856133
0 0.823999983993 0.805499972353 0.0259387374752 0.0172924916502
0 0.987399980401 0.64049997598 0.0215373744853 0.0143582496568
0 0.952199981175 0.820779972017 0.0218976910652 0.0145984607102
0 0.936599981518 0.905619970152 0.0279625254927 0.0186416836618
0 0.845599983518 0.834799971709 0.0292267004677 0.0194844669785
0 0.779799984965 0.757119973416 0.0578610848002 0.0385740565335
0 0.722799986218 0.869639970943 0.0278301521858 0.0185534347905
0 0.718999986302 0.889719970501 0.0331931508587 0.0221287672391
0 0.677199987221 0.863039971088 0.0211266017121 0.0140844011414
0 0.688399986974 0.823279971962 0.0352644270581 0.0235096180387
0 0.698199986759 0.808259972292 0.0301970423173 0.0201313615449
0 0.722999986214 0.796919972541 0.0649498831494 0.0432999220996
0 0.731599986025 0.752119973526 0.0773903027945 0.0515935351964
0 0.751799985581 0.735059973901 0.0460523569077 0.0307015712718
0 0.841799983602 0.719739974238 0.0274200719486 0.0182800479657
0 0.699999986719 0.771199973107 0.0285890726923 0.0190593817949
0 0.59079998912 0.822619971976 0.0285255572491 0.0190170381661
0 0.555399989898 0.793159972624 0.0640830259628 0.0427220173085
0 0.577799989406 0.745539973671 0.0278303500532 0.0185535667021
0 0.510999990875 0.747239973634 0.022593986532 0.015062657688
0 0.661199987572 0.838759971622 0.0250051989666 0.0166701326444
0 0.828599983892 0.875839970806 0.0309283603182 0.0206189068788
0 0.653199987748 0.905379970157 0.0298689781275 0.019912652085
0 0.636599988113 0.83291997175 0.0229568753884 0.0153045835923
0 0.58579998923 0.800479972463 0.0228514120512 0.0152342747008
0 0.577399989415 0.810499972243 0.0211514340738 0.0141009560492
0 0.60219998887 0.787159972756 0.0348855109402 0.0232570072935
0 0.388999993557 0.882179970667 0.0311041655248 0.0207361103499
0 0.420799992858 0.821559972 0.037023666329 0.0246824442194
0 0.462199991947 0.75423997348 0.0205607008781 0.0137071339187
0 0.494599991235 0.747439973629 0.0244760025398 0.0163173350266
0 0.533599990378 0.756019973441 0.0438832352669 0.029255490178
0 0.464399991899 0.926199969699 0.0220125531051 0.0146750354034
0 0.446399992295 0.927319969675 0.0201431016787 0.0134287344525
0 0.362399994142 0.92431996974 0.029540815004 0.0196938766694
0 0.286199995817 0.890859970476 0.0809451889426 0.0539634592951
0 0.326399994933 0.879719970721 0.0276837302917 0.0184558201944
0 0.461999991952 0.878719970743 0.0274049350906 0.0182699567271
0 0.516399990756 0.844119971504 0.132276351934 0.0881842346227
0 0.488999991358 0.786479972771 0.0524689006822 0.0349792671215
0 0.448799992242 0.774939973025 0.0473703518221 0.0315802345481
0 0.423799992792 0.74147997376 0.052045068659 0.0346967124393
0 0.338599994665 0.70873997448 0.0242611185168 0.0161740790112
0 0.242799996771 0.834539971714 0.0573549399284 0.038236626619
0 0.320599995061 0.788479972727 0.02592953664 0.01728635776
0 0.304199995421 0.797619972526 0.0208232709504 0.0138821806336
0 0.229599997061 0.950079969174 0.0988852347173 0.0659234898115
0 0.258999996415 0.902399970222 0.0624576440044 0.0416384293363
0 0.0332000013791 0.726899974081 0.0225408591285 0.015027239419
0 0.19779999776 0.751119973548 0.0369137509747 0.0246091673165
0 0.582799989296 0.954079969086 0.0226381109676 0.0150920739784
0 0.631199988232 0.938599969427 0.0358832574281 0.0239221716187
0 0.637799988087 0.954939969067 0.0227323947954 0.0151549298636
0 0.65859998763 0.983099968448 0.0301540061525 0.0201026707683
0 0.695799986812 0.985539968395 0.0393467288261 0.0262311525507
0 0.724399986183 0.976619968591 0.0204920408818 0.0136613605879
0 0.732199986011 0.964299968861 0.0422375718976 0.0281583812651
0 0.024200001577 0.255839984437 0.0612462996318 0.0408308664212
0 0.517799990725 0.309799983251 0.0910096165547 0.0606730777031
0 0.546199990101 0.671039975309 0.103292731597 0.0688618210649
0 0.883399982687 0.621319976402 0.0805973380104 0.0537315586736
0 0.0658000006624 0.779839972917 0.1032848169 0.0688565446003
0 0.885799982634 0.80107997245 0.144303723331 0.0962024822205
