0 0.38539999707 0.162849975237 0.22700638571 0.151337590473
0 0.28099999248 0.213125977448 0.163511714346 0.109007809564
0 0.496800001968 0.490611989649 0.143740799989 0.0958271999924
0 0.520200002997 0.420305986558 0.138785210016 0.0925234733439
0 0.650000008705 0.491255989677 0.116460816377 0.0776405442515
0 0.435399999269 0.394867985439 0.343456319378 0.228970879585
0 0.252599991231 0.592653994136 0.134095751747 0.089397167831
0 0.172399987704 0.782932002503 0.120209414981 0.0801396099875
0 0.020199981012 0.928237608892 0.026923030754 0.0179486871693
0 0.0137999807306 0.833609404731 0.0222388159718 0.0148258773145
0 0.0233999811527 0.822372204237 0.0215318356175 0.0143545570784
0 0.0853999838789 0.83812740493 0.0235612629905 0.0157075086603
0 0.133399985989 0.86291680602 0.0229293733288 0.0152862488858
0 0.105799984776 0.958319610214 0.0331786097913 0.0221190731942
0 0.122999985532 0.787752002715 0.0339676061984 0.0226450707989
0 0.0841999838261 0.799840003246 0.0277962197558 0.0185308131705
0 0.14819998664 0.854923605668 0.0198240417643 0.0132160278429
0 0.115799985216 0.896509207497 0.0287722008914 0.0191814672609
0 0.125599985646 0.92775180887 0.0470970010815 0.031398000721
0 0.102199984618 0.931902209053 0.0270207772681 0.0180138515121
0 0.135399986077 0.980701231199 0.0221627359421 0.0147751572947
0 0.0649999829819 0.92001220853 0.0434747408365 0.0289831605577
0 0.151399986781 0.92092580857 0.0230281091801 0.0153520727867
0 0.247599991011 0.90637040793 0.0234638132775 0.015642542185
0 0.286399992717 0.954937410066 0.0474579112876 0.0316386075251
0 0.269799991987 0.88317680691 0.0206995062416 0.0137996708277
0 0.310399993772 0.939553009389 0.0435911858235 0.029060790549
0 0.205999989182 0.882511206881 0.0264888106624 0.0176592071082
0 0.184199988223 0.885082606994 0.0335559429947 0.0223706286631
0 0.314599993957 0.825839404389 0.0249864032093 0.0166576021395
0 0.340199995083 0.785992002637 0.0276351556617 0.0184234371078
0 0.385999997096 0.779570002355 0.0252106859497 0.0168071239665
0 0.234599990439 0.878961206725 0.0232336934477 0.0154891289651
0 0.259799991547 0.788242002736 0.0560845358287 0.0373896905525
0 0.164199987344 0.871528006398 0.0387771700023 0.0258514466682
0 0.414599998354 0.831857804654 0.0254641541372 0.0169761027581
0 0.423999998767 0.858485205825 0.0213076518108 0.0142051012072
0 0.477600001124 0.893508607365 0.0232568439379 0.0155045626252
0 0.580000005627 0.946645209701 0.0867730828525 0.0578487219017
0 0.541400003929 0.907120007963 0.022217644156 0.0148117627707
0 0.541600003938 0.874205806516 0.0405307701673 0.0270205134449
0 0.502600002223 0.863850806061 0.0336041237157 0.0224027491438
0 0.523400003138 0.957328610171 0.0297398715946 0.0198265810631
0 0.481800001309 0.91683680839 0.117780592186 0.0785203947904
0 0.412599998266 0.884289206959 0.0706791390867 0.0471194260578
0 0.51480000276 0.80606120352 0.0564329803862 0.0376219869241
0 0.490000001669 0.761594001564 0.029335529486 0.0195570196573
0 0.479600001212 0.779100002334 0.0341840731751 0.0227893821167
0 0.504000002285 0.796232003087 0.0653405766886 0.0435603844591
0 0.397199997589 0.759872001489 0.0298087294628 0.0198724863086
0 0.575600005433 0.759170001458 0.0451686839692 0.0301124559794
0 0.537200003745 0.845502805254 0.107611195234 0.0717407968227
0 0.409999998152 0.778750002319 0.0332021560164 0.0221347706776
0 0.414399998345 0.790668002843 0.0229518312829 0.0153012208553
0 0.436199999304 0.815101803917 0.0609212074715 0.0406141383144
0 0.491200001722 0.850537205475 0.0520399275383 0.0346932850255
0 0.717000011651 0.889855807204 0.0354419164754 0.0236279443169
0 0.693400010613 0.913536008245 0.0269630989101 0.0179753992734
0 0.69060001049 0.845464805252 0.0348654296962 0.0232436197975
0 0.754600013304 0.835280004804 0.0237173803987 0.0158115869325
0 0.697000010771 0.813819803861 0.0225412563501 0.0150275042334
0 0.666600009435 0.819624404116 0.0249388160905 0.0166258773937
0 0.644800008476 0.833943204746 0.026978631504 0.017985754336
0 0.624400007579 0.78559200262 0.0306114776569 0.0204076517712
0 0.614000007122 0.761302001551 0.0243423447001 0.0162282298001
0 0.637600008159 0.754136001236 0.033445730832 0.022297153888
0 0.724400011976 0.95845321022 0.0306061352361 0.0204040901574
0 0.645400008502 0.92478720874 0.0304635717473 0.0203090478316
0 0.673400009734 0.934923809186 0.050040180281 0.0333601201873
0 0.701200010956 0.868010406244 0.0240737396537 0.0160491597691
0 0.809800015731 0.838479004945 0.0654233842112 0.0436155894741
0 0.780000014421 0.849718605439 0.0375278350018 0.0250185566678
0 0.751600013172 0.815829003949 0.0380186451805 0.0253457634537
0 0.851800017578 0.849323805422 0.0227850290331 0.0151900193554
0 0.838800017006 0.823769204298 0.0389520848171 0.0259680565447
0 0.802800015423 0.810712003724 0.100599762585 0.0670665083903
0 0.918800020524 0.80676120355 0.0338673863413 0.0225782575609
0 0.978400023145 0.795656003062 0.0277021337893 0.0184680891928
0 0.963200022476 0.839230404978 0.03117955507 0.0207863700467
0 0.963400022485 0.69440399861 0.0533494142398 0.0355662761599
0 0.959400022309 0.661349997157 0.0361215911233 0.0240810607489
0 0.909000020093 0.669245997504 0.0230555138202 0.0153703425468
0 0.908800020084 0.590667994049 0.0286884040316 0.0191256026877
0 0.799400015274 0.754870001269 0.0208679903646 0.0139119935764
0 0.894400019451 0.758580001432 0.0278613181427 0.0185742120952
0 0.821200016232 0.701611998927 0.0579874269754 0.0386582846502
0 0.892000019346 0.578367993508 0.036685612254 0.024457074836
0 0.887600019152 0.602441994566 0.0415503810729 0.0277002540486
0 0.864000018114 0.569571993121 0.0406547341169 0.027103156078
0 0.856200017771 0.593709994182 0.0323188757753 0.0215459171835
0 0.868800018325 0.742410000721 0.020912906273 0.0139419375153
0 0.737600012556 0.719923999732 0.0333303741159 0.0222202494106
0 0.709600011325 0.720683999765 0.0206215464712 0.0137476976475
0 0.731400012284 0.648751996603 0.0208592841974 0.0139061894649
0 0.646800008564 0.663689997259 0.0212856885253 0.0141904590168
0 0.611600007016 0.738008000527 0.0758164703008 0.0505443135339
0 0.6044000067 0.617355995222 0.0339028046126 0.0226018697418
0 0.600200006515 0.630763995812 0.031205574638 0.0208037164254
0 0.69060001049 0.586077993847 0.0209270537947 0.0139513691965
0 0.71040001136 0.564569992901 0.13212103472 0.0880806898134
0 0.571000005231 0.480873989221 0.0283607355551 0.0189071570367
0 0.715200011572 0.477041989052 0.0236684082079 0.0157789388053
0 0.692400010569 0.515675990751 0.0301499518589 0.0200999679059
0 0.491200001722 0.733964000349 0.0269232286214 0.017948819081
0 0.445999999735 0.721089999783 0.0244256468913 0.0162837645942
0 0.422599998706 0.715515999538 0.021494735473 0.0143298236487
0 0.465800000605 0.68440399817 0.0294569211589 0.0196379474393
0 0.387599997167 0.566513992987 0.0319958571835 0.0213305714557
0 0.318399994124 0.564439992895 0.0876199554851 0.0584133036567
0 0.309599993737 0.616353995178 0.077431761127 0.0516211740847
0 0.431199999084 0.518273990865 0.0218942298294 0.0145961532196
0 0.449399999884 0.526225991215 0.0239113894212 0.0159409262808
0 0.430399999049 0.566339992979 0.0459050476379 0.0306033650919
0 0.412399998257 0.55794399261 0.0204767075069 0.013651138338
0 0.350199995522 0.480965989225 0.0211941748354 0.0141294498903
0 0.293799993042 0.481975989269 0.0250637693773 0.0167091795849
0 0.285599992682 0.487787989525 0.0229717169604 0.0153144779736
0 0.269599991978 0.477729989083 0.0298521613654 0.0199014409103
0 0.351999995601 0.67576599779 0.0201471592898 0.0134314395265
0 0.341799995153 0.670221997547 0.0203802471312 0.0135868314208
0 0.258999991512 0.68531399821 0.0269043322812 0.0179362215208
0 0.225999990061 0.759148001457 0.0352162486629 0.0234774991086
0 0.0953999843186 0.597181994335 0.0775342564597 0.0516895043065
0 0.274599992198 0.675473997778 0.02248990975 0.0149932731667
0 0.193799988645 0.576675993433 0.100853032905 0.0672353552703
0 0.087199983958 0.661391997158 0.0318185679595 0.0212123786397
0 0.102999984653 0.671513997603 0.0259946367372 0.0173297578248
0 0.086199983914 0.687771998318 0.0305240202495 0.020349346833
0 0.166599987449 0.672515997648 0.0215830832839 0.0143887221892
0 0.15979998715 0.744808000826 0.0532836233169 0.0355224155446
0 0.147599986614 0.727760000077 0.0478458303988 0.0318972202659
0 0.12659998569 0.723089999871 0.0370258453128 0.0246838968752
0 0.129799985831 0.70691399916 0.040934716541 0.0272898110274
0 0.108199984881 0.696401998698 0.047090867191 0.0313939114607
0 0.0509999823663 0.59341799417 0.0789477224996 0.0526318149997
0 0.0341999816276 0.6532459968 0.0263249764241 0.0175499842827
0 0.0515999823927 0.3234859823 0.0535216578442 0.0356811052295
0 0.0575999826565 0.338297982952 0.0410696621334 0.0273797747556
0 0.0569999826301 0.350885983505 0.0290055855339 0.0193370570226
0 0.0425999819969 0.395147985451 0.070480282312 0.0469868548747
0 0.0563999826037 0.26866997989 0.0585302762902 0.0390201841935
0 0.041599981953 0.244585978831 0.0623142931654 0.0415428621103
0 0.0873999839668 0.244657978834 0.0293775763165 0.0195850508777
0 0.0985999844593 0.484891989398 0.0216557006334 0.0144371337556
0 0.0851999838701 0.536541991669 0.0328387724674 0.0218925149782
0 0.103999984697 0.552929992389 0.0275350347383 0.0183566898255
0 0.180999988082 0.334823982799 0.0208291094132 0.0138860729421
0 0.250599991143 0.351795983545 0.0257066406818 0.0171377604546
0 0.306799993614 0.412947986234 0.0284444334811 0.0189629556541
0 0.263599991714 0.419621986528 0.0198721235516 0.0132480823677
0 0.18299998817 0.353373983615 0.0259584269961 0.0173056179974
0 0.284599992638 0.290257980839 0.195573164585 0.130382109723
0 0.313199993895 0.339407983001 0.0538526900672 0.0359017933781
0 0.274399992189 0.441399987485 0.0360592628805 0.024039508587
0 0.149199986684 0.499175990026 0.0214174682386 0.0142783121591
0 0.275399992233 0.412091986197 0.1333735356 0.0889156903997
0 0.454600000113 0.473001988875 0.0998597383691 0.0665731589127
0 0.494000001845 0.477873989089 0.051946830909 0.034631220606
0 0.50480000232 0.367481984235 0.0282753557558 0.0188502371705
0 0.41519999838 0.475087988966 0.0229961535889 0.0153307690593
0 0.588800006014 0.394307985415 0.0240907562533 0.0160605041689
0 0.58440000582 0.37214798444 0.0318983085368 0.0212655390245
0 0.553200004448 0.372451984454 0.0262142695928 0.0174761797285
0 0.584800005838 0.412415986211 0.0265887337183 0.0177258224789
0 0.592600006181 0.345025983248 0.035349908117 0.0235666054113
0 0.571800005266 0.334055982765 0.0355044425857 0.0236696283904
0 0.647000008573 0.367441984233 0.0517745873046 0.0345163915364
0 0.618400007315 0.371255984401 0.0323364859772 0.0215576573181
0 0.656400008986 0.3371219829 0.0208936141978 0.0139290761319
0 0.724400011976 0.340033983028 0.0321852163212 0.0214568108808
0 0.747400012987 0.389457985201 0.0343578007852 0.0229052005235
0 0.606800006805 0.411167986156 0.0240953072044 0.0160635381362
0 0.615200007174 0.421157986595 0.022113170149 0.0147421134327
0 0.636600008115 0.417153986419 0.0289852051879 0.0193234701252
0 0.639000008221 0.427115986857 0.0249900637568 0.0166600425046
0 0.61260000706 0.467375988627 0.0287293625912 0.0191529083941
0 0.628000007737 0.443699987586 0.0480665515254 0.0320443676836
0 0.66240000925 0.423741986709 0.0481443134284 0.0320962089522
0 0.658000009056 0.400965985707 0.0423027720041 0.0282018480027
0 0.741600012732 0.459967988302 0.0813327176578 0.0542218117719
0 0.740600012688 0.52043599096 0.0204561292934 0.013637419529
0 0.581200005679 0.505957990324 0.0362584164563 0.0241722776376
0 0.575400005424 0.475251988974 0.0961102493618 0.0640734995745
0 0.835000016839 0.377751984687 0.0225339352549 0.0150226235032
0 0.841400017121 0.452691987982 0.0691953311727 0.0461302207818
0 0.794600015063 0.416099986373 0.117451142902 0.0783007619347
0 0.907400020023 0.46743998863 0.0224277793746 0.0149518529164
0 0.888200019178 0.507671990399 0.035133540074 0.0234223600494
0 0.977400023101 0.495373989858 0.0232317147733 0.0154878098489
0 0.966600022626 0.487259989502 0.0249314949953 0.0166209966636
0 0.896800019557 0.416559986393 0.0424414770778 0.0282943180519
0 0.9046000199 0.336779982885 0.0797669926247 0.0531779950831
0 0.925800020832 0.29890398122 0.0540728175914 0.0360485450609
0 0.856600017789 0.270585979974 0.0226954940176 0.0151303293451
0 0.965200022564 0.387629985121 0.0601576370301 0.0401050913534
0 0.944000021632 0.376125984615 0.0199434547628 0.0132956365085
0 0.971200022828 0.420861986582 0.020004595801 0.0133363972007
0 0.98080002325 0.180123975997 0.029866704622 0.0199111364147
0 0.867800018281 0.223029977883 0.0512047290845 0.0341364860563
0 0.803200015441 0.121185973405 0.0313930540351 0.0209287026901
0 0.803600015459 0.108721972857 0.0581386966314 0.0387591310876
0 0.813800015907 0.0603539707304 0.0460525578126 0.0307017052084
0 0.88460001902 0.039489969813 0.0218130052463 0.0145420034975
0 0.940400021474 0.0386799697774 0.0247579652526 0.0165053101684
0 0.851600017569 0.0289199693482 0.0329977589534 0.0219985059689
0 0.766000013805 0.164235975298 0.0390808965189 0.0260539310126
0 0.664400009338 0.23295797832 0.0276511829241 0.0184341219494
0 0.714600011545 0.188809976379 0.0792583743765 0.052838916251
0 0.600800006541 0.309113981669 0.0244110047009 0.016274003134
0 0.545600004114 0.291511980895 0.0239283070871 0.0159522047247
0 0.548800004255 0.280903980428 0.0307023977444 0.0204682651629
0 0.515800002804 0.254497979267 0.044725164108 0.029816776072
0 0.512600002663 0.235041978412 0.0199255477597 0.0132836985065
0 0.49160000174 0.27593398021 0.0215060139169 0.0143373426113
0 0.547400004193 0.250137979075 0.029003112191 0.0193354081273
0 0.656200008977 0.283503980542 0.0531255272343 0.0354170181562
0 0.57280000531 0.241073978677 0.0390024420799 0.0260016280533
0 0.729600012205 0.300389981285 0.0402168534777 0.0268112356518
0 0.556600004598 0.216681977604 0.0433142703447 0.0288761802298
0 0.567000005055 0.187741976332 0.0391759718226 0.0261173145484
0 0.588400005996 0.186779976289 0.0272250753974 0.0181500502649
0 0.470400000808 0.259695979496 0.0317446644716 0.0211631096477
0 0.43019999904 0.234593978392 0.0221969670088 0.0147979780058
0 0.387799997176 0.251437979132 0.0214513035705 0.014300869047
0 0.437799999374 0.269789979939 0.0236936363062 0.0157957575375
0 0.425399998829 0.311731981784 0.0554735211816 0.0369823474544
0 0.417599998486 0.297029981137 0.0444077847382 0.0296051898254
0 0.360399995971 0.217023977619 0.0211664733942 0.0141109822628
0 0.473200000931 0.187873976338 0.0749278476389 0.0499518984259
0 0.484200001414 0.126315973631 0.122920198875 0.0819467992502
0 0.533600003586 0.114831973126 0.0598979360184 0.0399319573456
0 0.513800002716 0.0983639724017 0.0622922309461 0.0415281539641
0 0.442199999568 0.0915439721019 0.0347038709334 0.0231359139556
0 0.403799997879 0.111533972981 0.025374520188 0.016916346792
0 0.561400004809 0.14540797447 0.0800977280465 0.0533984853643
0 0.424999998811 0.0557719705289 0.0228200515695 0.015213367713
0 0.348399995443 0.0675039710448 0.0472327381437 0.0314884920958
0 0.372599996507 0.247833978974 0.021771947753 0.0145146318353
0 0.231399990299 0.243239978772 0.0222119060003 0.0148079373335
0 0.21299998949 0.246855978931 0.0257651105096 0.0171767403397
0 0.165599987405 0.258399979439 0.022460031767 0.0149733545113
0 0.191999988566 0.265655979758 0.053377511416 0.0355850076106
0 0.196999988786 0.143321974379 0.0296533045907 0.0197688697271
0 0.163999987335 0.165731975364 0.0470438736746 0.0313625824497
0 0.222999989929 0.13265797391 0.0276836331838 0.0184557554559
0 0.129399985814 0.209507977289 0.0206462799009 0.0137641866006
0 0.0501999823311 0.202087976963 0.0240915477231 0.0160610318154
0 0.0239999811791 0.191991976519 0.0493160843934 0.0328773895956
0 0.0273999813286 0.227765978092 0.0395696290896 0.0263797527264
0 0.00979998055469 0.191769976509 0.0228488412817 0.0152325608545
0 0.0699999832017 0.194787976642 0.0264440926215 0.017629395081
0 0.0111999806162 0.127903973701 0.0228178750277 0.0152119166851
0 0.0243999811967 0.098573972411 0.0333446205714 0.0222297470476
0 0.220199989806 0.0514259703378 0.0309109500236 0.0206073000157
0 0.243399990826 0.0874899719236 0.0329488856963 0.0219659237976
0 0.251399991178 0.10946197289 0.0346963519708 0.0231309013139
0 0.240399990694 0.0359239696562 0.0231858095278 0.0154572063519
0 0.221799989876 0.0809019716339 0.104628343613 0.0697522290756
0 0.31239999386 0.0294359693709 0.0599515580939 0.039967705396
0 0.286199992708 0.119969973352 0.110702873945 0.0738019159636
0 0.299999993315 0.0765659714433 0.0207129612273 0.0138086408182
0 0.418999998547 0.0289939693515 0.0204371340194 0.013624756013
0 0.451999999998 0.0204919689777 0.0256571738225 0.0171047825483
0 0.595600006313 0.0324119695018 0.0239763888744 0.0159842592496
0 0.559400004721 0.0771819714704 0.0231157644549 0.0154105096366
0 0.967800022678 0.0200719689592 0.0242450928546 0.0161633952364
0 0.311599993825 0.723493999889 0.0879089408776 0.0586059605851
0 0.9410000215 0.720019999736 0.146216121632 0.0974774144213
0 0.357399995839 0.600175994467 0.0868986297416 0.0579324198277
0 0.373999996569 0.529273991349 0.125160058268 0.0834400388453
0 0.698400010833 0.396297985502 0.142048044061 0.0946986960404
