0 0.581600005697 0.66077999752 0.345562641042 0.230375078834
0 0.607200006823 0.924759991716 0.187424006532 0.124949329447
0 0.688000010376 0.947579991214 0.139225474247 0.0928169767096
0 0.389599997255 0.915899991911 0.124157867886 0.0827719064646
0 0.531200003481 0.905119992148 0.165142152923 0.110094761354
0 0.973400022925 0.0797800102932 0.0270808318216 0.0180538866903
0 0.925800020832 0.13498000908 0.0203711465726 0.013580763486
0 0.945200021685 0.118400009444 0.0204899659767 0.0136599764168
0 0.893800019425 0.162320008479 0.0209971002525 0.0139980659118
0 0.751000013146 0.210300007424 0.0247915054184 0.0165276691889
0 0.842600017173 0.17182000827 0.0971830930178 0.0647887244054
0 0.932800021139 0.209400007443 0.0473741175524 0.0315827429519
0 0.949000021852 0.236940006838 0.0729147491387 0.048609829553
0 0.809000015696 0.133420009114 0.0379231766432 0.0252821160946
0 0.290999992919 0.0664400105865 0.0202300670804 0.0134867104974
0 0.219399989771 0.127500009244 0.0202202726416 0.0134801808719
0 0.299799993306 0.0425400111119 0.0650749439458 0.0433832931025
0 0.388199997193 0.0834600102123 0.0617352381813 0.0411568227397
0 0.0981999844417 0.0577000107786 0.0557052276251 0.0371368159673
0 0.0741999833864 0.0547000108446 0.0493048092014 0.032869870633
0 0.0527999824454 0.0174200116642 0.0198044541942 0.013202968592
0 0.0653999829994 0.111000009607 0.04328024 0.0288534914303
0 0.0591999827268 0.0748200104022 0.0504840002731 0.0336559979622
0 0.024999981223 0.0670200105737 0.0409557921244 0.0273038596154
0 0.136799986139 0.196100007736 0.205248895817 0.136832588187
0 0.23779999058 0.226780007061 0.0351140524474 0.0234093667543
0 0.200199988927 0.231000006969 0.0663458465808 0.04423056147
0 0.060999982806 0.322560004956 0.0375837350317 0.0250558217019
0 0.0377999817859 0.30506000534 0.041296618808 0.0275310773895
0 0.145799986535 0.315740005106 0.0281813705817 0.0187875791486
0 0.230599990263 0.310640005218 0.0217240652659 0.0144827092221
0 0.157199987036 0.361600004097 0.063671074384 0.042447380123
0 0.198999988874 0.272040006066 0.062845274579 0.041896846956
0 0.131999985928 0.280620005878 0.0503914972399 0.0335943292775
0 0.205399989155 0.344960004463 0.0380349717528 0.0253566461628
0 0.288399992805 0.360540004121 0.0227704872783 0.015180323851
0 0.392199997369 0.335760004665 0.0303144806326 0.0202096524221
0 0.325399994432 0.361500004099 0.0250536797904 0.016702452092
0 0.506600002399 0.315740005106 0.0338158441042 0.0225438945826
0 0.488400001599 0.312740005171 0.0222464353354 0.0148309559121
0 0.568000005099 0.34012000457 0.106870188729 0.071246787787
0 0.699600010886 0.348000004396 0.0278777429788 0.01858516076
0 0.754600013304 0.30008000545 0.0199667055037 0.0133111361245
0 0.749400013075 0.315160005118 0.0386868460687 0.0257912290114
0 0.8432000172 0.3251000049 0.0631804620403 0.0421203052488
0 0.972400022881 0.335780004665 0.0504395790304 0.0336263838024
0 0.954400022089 0.365300004016 0.0519769101876 0.034651271173
0 0.939600021438 0.381840003652 0.0263508987964 0.0175672647056
0 0.852000017587 0.40832000307 0.025811215325 0.0172074757484
0 0.880600018844 0.3387200046 0.0375815584898 0.025054370674
0 0.952000021984 0.264500006232 0.0696048224255 0.0464032118898
0 0.87640001866 0.274980006002 0.0282426105576 0.0188284057966
0 0.986600023505 0.705499996537 0.0204208113027 0.0136138733039
0 0.976200023048 0.706279996519 0.0221715425054 0.014781027362
0 0.966800022634 0.698199996697 0.0213704761317 0.0142469831482
0 0.876200018651 0.511280000807 0.0446521539686 0.0297681006823
0 0.840000017059 0.514120000744 0.0387280024984 0.0258186666294
0 0.899800019688 0.584599999195 0.0249210096648 0.0166140053474
0 0.92440002077 0.518100000657 0.0572489894744 0.0381659904657
0 0.816000016004 0.509480000846 0.0239815350095 0.0159876889519
0 0.798200015221 0.487180001336 0.0499750851902 0.0333167212627
0 0.909600020119 0.467300001773 0.0505983676595 0.0337322428815
0 0.893600019416 0.484960001385 0.0219000683632 0.0146000446125
0 0.718000011695 0.581939999253 0.0376884069131 0.0251256029515
0 0.761200013594 0.472080001668 0.0457750517506 0.0305166991543
0 0.758400013471 0.489780001279 0.0206852611504 0.0137901731907
0 0.781400014482 0.46108000191 0.0382348178779 0.025489876904
0 0.615200007174 0.444440002276 0.121183920104 0.0807892747407
0 0.491000001713 0.527920000441 0.0850358123597 0.056690537834
0 0.419799998583 0.54116000015 0.0633316327725 0.0422210857303
0 0.373599996551 0.551099999931 0.0811544444492 0.0541029593977
0 0.338399995003 0.557859999782 0.08574516717 0.0571634410097
0 0.417199998468 0.46018000193 0.069708010301 0.0464720038022
0 0.423399998741 0.604959998747 0.0272908681204 0.0181939108802
0 0.186599988329 0.459140001953 0.0789027128617 0.0526018051051
0 0.342599995188 0.446240002236 0.0936789594019 0.0624526354821
0 0.225199990026 0.432940002529 0.0466277615288 0.0310851723023
0 0.344599995276 0.402700003194 0.116166990894 0.0774446554884
0 0.377399996718 0.359320004147 0.0249788858941 0.0166525894978
0 0.230799990272 0.57797999934 0.0767624795826 0.0511749830131
0 0.237199990554 0.546420000034 0.202704320403 0.135136204689
0 0.155199986948 0.495520001153 0.0774854872469 0.0516569880909
0 0.25939999153 0.561819999695 0.0473347419297 0.0315564925385
0 0.0999999845208 0.418300002851 0.0198044541942 0.013202968592
0 0.0523999824278 0.542560000119 0.0247764674922 0.0165176439054
0 0.060999982806 0.56707999958 0.0235304961559 0.0156869964026
0 0.135199986069 0.382780003632 0.0252487770967 0.0168325169543
0 0.113799985128 0.602179998808 0.0254075657258 0.0169383760333
0 0.0241999811879 0.766679995191 0.0312800737914 0.0208533811522
0 0.0285999813813 0.708839996463 0.0635281151509 0.0423520739739
0 0.167999987511 0.70125999663 0.0531960704843 0.0354640446505
0 0.224799990008 0.742399995725 0.0214182611211 0.0142788398056
0 0.174199987783 0.656499997614 0.0325432595958 0.0216955049663
0 0.199799988909 0.637259998037 0.0253361355761 0.0168907559367
0 0.233399990386 0.635159998083 0.0295504154722 0.0197002756821
0 0.115799985216 0.625579998294 0.0391355105129 0.0260903386211
0 0.119799985391 0.687759996927 0.0247038501378 0.016469232339
0 0.162999987291 0.734079995908 0.0448052044416 0.0298701343243
0 0.12839998577 0.723819996134 0.0383000152028 0.0255333417845
0 0.225799990052 0.745059995667 0.106099495009 0.0707329920076
0 0.239999990677 0.70763999649 0.0399537913547 0.0266358591463
0 0.395199997501 0.684199997005 0.0564275427534 0.0376183593544
0 0.601600006576 0.666199997401 0.0249169533821 0.0166113011591
0 0.747200012979 0.697219996719 0.0330355538129 0.0220237010893
0 0.895000019477 0.677219997158 0.0340980030887 0.0227320005598
0 0.969400022749 0.773499995042 0.0262386090182 0.0174924048584
0 0.921400020638 0.774539995019 0.0212207894054 0.0141471920038
0 0.946800021755 0.713299996365 0.0305662669634 0.0203775099649
0 0.966200022608 0.716399996297 0.0216028714524 0.0144019133517
0 0.961000022379 0.728239996037 0.024176929117 0.0161179516816
0 0.895200019486 0.71305999637 0.13412148336 0.0894143163423
0 0.931400021078 0.633379998122 0.0265654860466 0.0177103228629
0 0.750600013128 0.971339990692 0.0473388971462 0.0315592626826
0 0.87640001866 0.865279993024 0.0317055877438 0.0211370571018
0 0.654200008889 0.853079993292 0.043739787154 0.0291598561794
0 0.528400003358 0.989499990293 0.0314947599752 0.0209965052653
0 0.349399995487 0.875859992791 0.0495829119031 0.0330552724219
0 0.440399999488 0.978059990544 0.0427570784607 0.0285047170938
0 0.469000000746 0.959699990948 0.0473122839741 0.031541520569
0 0.138599986218 0.871119992895 0.021121163144 0.0140807745006
0 0.278599992374 0.95003999116 0.0463142405534 0.0308761583325
0 0.241399990738 0.96505999083 0.0386040385406 0.0257360239963
0 0.0263999812846 0.960619990928 0.0240483152741 0.0160322091253
0 0.24439999087 0.933159991531 0.0500430526595 0.0333620329059
0 0.896600019548 0.0684000105434 0.0767189487434 0.0511459624556
0 0.13499998606 0.0595400107382 0.0645866070778 0.0430577352119
0 0.329399994608 0.271940006068 0.0734777809693 0.048985184082
0 0.408199998073 0.354900004245 0.0533084591963 0.0355389704535
0 0.823400016329 0.697299996717 0.0269685420434 0.0179790268431
0 0.91440002033 0.834219993707 0.0240682009529 0.0160454662436
