0 0.549799990022 0.228039978104 0.186275349124 0.124183574273
0 0.367999994018 0.159819975104 0.18829359672 0.12552907276
0 0.680199987155 0.235279978422 0.377525084971 0.251683406581
0 0.271799996133 0.531859991463 0.198312613098 0.132208417452
0 0.327999994898 0.551419992323 0.60505776805 0.403371871972
0 0.781599984925 0.560539992724 0.16377287776 0.109181925708
0 0.775599985057 0.439939987421 0.116760570143 0.0778403852294
0 0.913999982015 0.978260011091 0.0204647338274 0.0136431567848
0 0.884799982656 0.973380010877 0.0279719223505 0.0186479494636
0 0.833199983791 0.933380009118 0.0353800782341 0.0235867203784
0 0.786999984807 0.944360009601 0.126968549898 0.0846457055151
0 0.976999980629 0.965300010521 0.0553943668995 0.0369295803687
0 0.71499998639 0.909940008087 0.0205739566385 0.013715971997
0 0.649599987827 0.928920008922 0.0361395922929 0.0240930631177
0 0.498599991147 0.906400007932 0.0266888511211 0.0177925685876
0 0.432199992607 0.935580009215 0.0216342291626 0.014422820393
0 0.384199993662 0.983440011319 0.0245453534532 0.0163635700481
0 0.364799994089 0.982720011287 0.0277613914247 0.0185075955038
0 0.45479999211 0.958020010201 0.0415381078124 0.0276920737014
0 0.304199995421 0.948580009786 0.0469935102127 0.0313290088748
0 0.349599994423 0.913460008242 0.0210764409299 0.0140509615466
0 0.303599995434 0.913500008244 0.0207091990143 0.0138061335868
0 0.328999994876 0.898240007573 0.0531332370554 0.0354221603733
0 0.31199999525 0.857720005791 0.0230083194013 0.0153388806125
0 0.472599991719 0.872920006459 0.094025505637 0.062683674559
0 0.133999999163 0.932940009098 0.0322127156458 0.0214751451803
0 0.205199997598 0.93366000913 0.0229360977961 0.0152907328726
0 0.0920000000864 0.969680010714 0.0227104300134 0.0151402876742
0 0.0328000013879 0.972180010824 0.0719852525461 0.0479901715293
0 0.0866000002051 0.882600006885 0.0232762318763 0.015517488941
0 0.102999999845 0.838700004955 0.0243765725513 0.0162510494394
0 0.0526000009526 0.805880003512 0.0215168937877 0.0143445968046
0 0.11639999955 0.824240004319 0.0339721526682 0.0226481032725
0 0.113599999612 0.809500003671 0.0270727138993 0.0180484771233
0 0.0554000008911 0.744180000799 0.02438775206 0.0162585024457
0 0.0530000009438 0.754460001251 0.0388374155139 0.0258916120503
0 0.022200001621 0.759860001488 0.0208735278994 0.0139156861841
0 0.0206000016561 0.718359999663 0.0216861693581 0.0144574471923
0 0.050400001001 0.767660001831 0.0207693507073 0.0138462347181
0 0.0894000001436 0.754040001232 0.0206803103722 0.0137868744908
0 0.0824000002975 0.774740002142 0.0432164191961 0.028810948031
0 0.104199999818 0.787360002697 0.049911460929 0.0332743094806
0 0.0762000004338 0.709039999253 0.0390450773622 0.0260300532916
0 0.11459999959 0.736740000471 0.0240327779239 0.016021853006
0 0.264999996283 0.755280001287 0.0406767909705 0.0271178624356
0 0.261599996358 0.711779999374 0.0463054262895 0.0308702862291
0 0.308199995333 0.705879999115 0.0245361526186 0.0163574361579
0 0.305399995395 0.759360001466 0.0332001729625 0.0221334501015
0 0.352999994348 0.781760002451 0.0417374592294 0.0278249746548
0 0.322599995017 0.815420003931 0.0282694160036 0.0188462785787
0 0.32879999488 0.768040001848 0.0412426917672 0.0274951296582
0 0.208999997514 0.737880000522 0.0890979145566 0.0593986136221
0 0.24919999663 0.683059998111 0.0500967637598 0.0333978447093
0 0.347799994463 0.723879999906 0.0903185586177 0.0602123763832
0 0.302999995448 0.667779997439 0.02144754126 0.014298361783
0 0.162399998539 0.683839998145 0.021038747188 0.0140258323837
0 0.154199998719 0.673959997711 0.0225134530053 0.0150089696601
0 0.130799999233 0.664059997276 0.0215518173858 0.0143678792048
0 0.105799999783 0.654879996872 0.0264806946043 0.0176537975672
0 0.530999990435 0.808960003647 0.035429545087 0.0236196982825
0 0.458599992027 0.780460002394 0.0814309480989 0.0542873023131
0 0.38839999357 0.780320002388 0.0616029516014 0.0410686371096
0 0.586999989204 0.85542000569 0.037985497374 0.0253236665863
0 0.633199988188 0.787020002682 0.0271226754207 0.0180817848064
0 0.684999987049 0.818700004075 0.0544947627134 0.0363298442051
0 0.732599986003 0.845920005272 0.0216779578606 0.0144519728602
0 0.715599986376 0.846940005317 0.0460489901243 0.0306993287743
0 0.710999986478 0.87180000641 0.0258095283448 0.0172063533647
0 0.734799985954 0.85064000548 0.0636392051323 0.0424261395531
0 0.578199989397 0.780400002391 0.0203414624301 0.0135609758478
0 0.550999989995 0.72465999994 0.0248600615711 0.0165733754738
0 0.507399990954 0.742960000745 0.0259020313596 0.0172680220453
0 0.518999990699 0.704579999057 0.0216075170621 0.0144050123248
0 0.70859998653 0.783680002535 0.0301435171909 0.0200956794527
0 0.698799986746 0.748880001005 0.0404814958354 0.0269876656703
0 0.82139998405 0.829020004529 0.033281694336 0.0221877976874
0 0.779599984969 0.808420003623 0.0218891813223 0.0145927885107
0 0.824999983971 0.803280003397 0.0335869048181 0.0223912713556
0 0.786599984815 0.771400001995 0.0317958090099 0.0211972074047
0 0.801599984486 0.752080001146 0.0365383940606 0.0243589309803
0 0.832399983809 0.709599999278 0.0217569069577 0.0145046055951
0 0.900599982309 0.767660001831 0.0300244010092 0.0200162686596
0 0.929599981672 0.795660003062 0.0482504629438 0.0321669774175
0 0.952199981175 0.850680005481 0.0742205606929 0.0494803770588
0 0.922599981825 0.838100004928 0.0224715051141 0.0149810043975
0 0.850199983417 0.719859999729 0.0396930931346 0.0264620638351
0 0.954399981126 0.797040003123 0.043555662873 0.0290371104972
0 0.77499998507 0.742580000728 0.0514633350368 0.0343088922874
0 0.751599985585 0.740920000655 0.0274871471925 0.0183247660036
0 0.741199985814 0.687919998325 0.102556658014 0.0683711098522
0 0.704199986627 0.676599997827 0.0270298756047 0.0180199182583
0 0.802999984455 0.71099999934 0.0691448658551 0.0460965802771
0 0.833799983778 0.677299997858 0.0220716150756 0.0147144110209
0 0.824399983984 0.655439996897 0.0198324485142 0.0132216332149
0 0.867999983026 0.694959998634 0.0337576643942 0.0225051110805
0 0.871799982942 0.642839996343 0.0540856718403 0.0360571169384
0 0.851999983378 0.678819997925 0.0309576426551 0.020638429798
0 0.972199980735 0.673899997708 0.0698611458845 0.0465741003281
0 0.93059998165 0.511799990581 0.0786529885762 0.0524353291759
0 0.875399982863 0.565399992938 0.0472803190256 0.0315202147627
0 0.876999982828 0.502419990168 0.0199727365089 0.0133151585508
0 0.904799982217 0.486799989481 0.0293393840308 0.019559590644
0 0.969799980788 0.471619988814 0.0267925336447 0.0178616902746
0 0.970199980779 0.454879988078 0.0270541143626 0.0180360774313
0 0.986399980423 0.427879986891 0.0223305245834 0.0148870173708
0 0.890799982525 0.607479994788 0.0696438874667 0.0464292613734
0 0.916199981966 0.620579995364 0.0292339207005 0.0194892817525
0 0.932599981606 0.571999993228 0.0503231240784 0.0335487515984
0 0.889999982542 0.687399998302 0.0342484745082 0.0228323178447
0 0.697199986781 0.57727999346 0.0334687779735 0.0223125201206
0 0.70679998657 0.611199994951 0.0796005756095 0.0530670539064
0 0.690599986926 0.546939992126 0.0225558955651 0.0150372647018
0 0.663999987511 0.542159991916 0.0293215759638 0.0195477185985
0 0.721199986253 0.647339996541 0.103662736844 0.0691084957874
0 0.640799988021 0.647379996542 0.122312729708 0.0815418251832
0 0.553799989934 0.666479997382 0.0474820448515 0.0316546986555
0 0.680199987155 0.472259988842 0.0428699533587 0.0285799707908
0 0.694799986834 0.485099989407 0.0562983241686 0.0375322185878
0 0.653799987735 0.483879989353 0.0272151784355 0.018143453487
0 0.627399988315 0.484199989367 0.0256464855978 0.0170976581929
0 0.626399988337 0.505039990284 0.0306627212784 0.0204418155339
0 0.523999990589 0.444119987605 0.0454296651266 0.0302864454153
0 0.62719998832 0.422879986671 0.0697833839918 0.0465222590629
0 0.604199988826 0.404639985869 0.0264590281228 0.0176393532453
0 0.632399988206 0.40033998568 0.0214260726458 0.0142840493727
0 0.615799988571 0.545259992052 0.0360667770855 0.0240445196429
0 0.701999986675 0.460939988344 0.0245510916081 0.0163673954849
0 0.722199986231 0.45811998822 0.0258095283448 0.0172063533647
0 0.691399986908 0.431999987072 0.0418405481508 0.0278937006069
0 0.597199988979 0.467539988635 0.0199200048438 0.0132800041051
0 0.583599989278 0.577159993455 0.0341287647243 0.0227525113169
0 0.567799989626 0.567299993021 0.0223856306575 0.014923754756
0 0.574399989481 0.621799995418 0.0347138586599 0.0231425739663
0 0.457199992057 0.561299992757 0.0601829561233 0.0401219733951
0 0.441999992392 0.578079993495 0.0201344931178 0.0134229962972
0 0.432599992598 0.610979994942 0.0216889395019 0.0144592939549
0 0.44799999226 0.621339995397 0.0203576875579 0.0135717926004
0 0.465599991873 0.618979995294 0.0233236211214 0.0155490817731
0 0.458599992027 0.609659994884 0.0207437268775 0.0138291521638
0 0.484999991446 0.688999998372 0.0243730109378 0.0162486750303
0 0.339599994643 0.659559997078 0.0206782327644 0.0137854894188
0 0.334799994748 0.650219996667 0.0267235768518 0.0178157190763
0 0.272799996111 0.607779994801 0.0213355483051 0.0142236998082
0 0.260399996384 0.612839995024 0.0258670088278 0.0172446736892
0 0.342799994573 0.59705999433 0.0459203763069 0.0306135862237
0 0.502599991059 0.475439988982 0.0233765506539 0.0155843681305
0 0.268399996208 0.443139987562 0.061787957631 0.0411919744709
0 0.227999997096 0.470979988786 0.0246038232733 0.0164025499307
0 0.176599998226 0.546059992087 0.022785520696 0.0151903481326
0 0.17459999827 0.570059993142 0.0404141219818 0.0269427497649
0 0.104799999805 0.490099989627 0.069178206514 0.0461188073844
0 0.133999999163 0.461339988362 0.138617004409 0.0924113423676
0 0.0220000016254 0.560379992717 0.0274423302238 0.0182948880225
0 0.0344000013528 0.61435999509 0.0597219250547 0.0398146193291
0 0.0730000005041 0.527859991287 0.0220413413616 0.0146942285436
0 0.022200001621 0.487719989522 0.0203230607609 0.0135487080675
0 0.0228000016078 0.476719989038 0.0652456906456 0.043497129966
0 0.0808000003326 0.469599988725 0.0656060072018 0.0437373410193
0 0.0386000012604 0.368299984271 0.0361802540459 0.0241201709548
0 0.0624000007372 0.408479986038 0.0373419336184 0.0248946240542
0 0.0866000002051 0.426519986831 0.0326862123613 0.0217908096781
0 0.0770000004162 0.370599984372 0.0411216958451 0.0274144657049
0 0.0412000012033 0.327199982464 0.0203263255731 0.0135508846092
0 0.117399999528 0.362659984023 0.0256248191162 0.0170832138709
0 0.138399999066 0.360499983928 0.0219846523483 0.0146564358655
0 0.103599999831 0.341819983107 0.101702860134 0.0678019112278
0 0.0674000006272 0.308939981661 0.0223233024229 0.0148822025969
0 0.064000000702 0.254079979249 0.033143187148 0.022095459556
0 0.0234000015946 0.209699977297 0.0330939181626 0.0220626135635
0 0.132599999194 0.265599979755 0.0492225855361 0.0328150591884
0 0.119199999488 0.284519980587 0.0751052258894 0.0500701538953
0 0.0782000003898 0.268479979882 0.0509914212605 0.0339942830825
0 0.176599998226 0.319439982123 0.0252725161902 0.016848345238
0 0.216999997338 0.427059986855 0.0243771661535 0.0162514451742
0 0.258399996428 0.416439986388 0.0239471013348 0.0159647352761
0 0.283599995874 0.345519983269 0.021386697031 0.014257798961
0 0.28739999579 0.316219981981 0.147912815397 0.098608550102
0 0.347399994471 0.279019980345 0.100985590767 0.0673237316187
0 0.226399997132 0.257939979418 0.0225275015915 0.0150183353849
0 0.232999996986 0.215779977565 0.0373983258306 0.0249322188649
0 0.218999997294 0.209439977286 0.0324982383205 0.0216654936426
0 0.184999998042 0.20203997696 0.0301667666117 0.0201111790676
0 0.211199997466 0.354299983655 0.103472784129 0.0689818606358
0 0.217199997334 0.334539982787 0.0263000416577 0.0175333622616
0 0.419199992893 0.3962399855 0.0330295123201 0.0220196763324
0 0.398999993337 0.382459984894 0.0290027126303 0.0193351430288
0 0.464199991903 0.35803998382 0.0306583681954 0.0204389134783
0 0.51939999069 0.388359985153 0.0265237307663 0.0176824883438
0 0.437399992493 0.320499982169 0.023649508748 0.0157663402052
0 0.447399992273 0.177539975883 0.0271866855283 0.0181244582143
0 0.454399992119 0.163519975267 0.0405401635229 0.0270267774645
0 0.466999991842 0.181759976069 0.0235539387883 0.0157026268945
0 0.427599992708 0.204479977068 0.0264448806028 0.0176299215647
0 0.415199992981 0.215059977533 0.0198065278833 0.0132043527931
0 0.474399991679 0.271579980018 0.0274569724123 0.0183046494821
0 0.510999990875 0.286879980691 0.0228093637191 0.0152062434823
0 0.487199991398 0.243219978771 0.0240953040259 0.0160635370768
0 0.478399991591 0.227339978073 0.0300009537209 0.0200006371331
0 0.587799989186 0.321699982222 0.0250743519776 0.0167162357543
0 0.578799989384 0.296599981118 0.0713140862865 0.0475427273268
0 0.59579998901 0.359599983888 0.0497842321834 0.0331894903113
0 0.570599989564 0.35895998386 0.0203614470387 0.0135742989211
0 0.565599989674 0.37237998445 0.026022235812 0.0173481583522
0 0.565999989665 0.340839983064 0.0428699533587 0.0285799707908
0 0.645799987911 0.371259984401 0.0239794526565 0.0159863028254
0 0.648799987845 0.391819985305 0.0220703289374 0.0147135535954
0 0.596399988997 0.385719985037 0.076337445194 0.0508916334859
0 0.638599988069 0.351539983534 0.0445868488876 0.0297245678856
0 0.694799986834 0.332979982718 0.0348527615827 0.023235175921
0 0.682999987093 0.365899984165 0.0207811238183 0.0138540834593
0 0.68859998697 0.400199985674 0.0204284251574 0.0136189510032
0 0.717399986337 0.405519985908 0.0300850473708 0.02005669957
0 0.670999987357 0.432999987116 0.0231844213974 0.0154562819511
0 0.747199985682 0.324299982336 0.0879247586743 0.058616509649
0 0.785999984829 0.372699984464 0.0703771840935 0.0469181258235
0 0.743399985765 0.403559985821 0.0422483528857 0.0281655704482
0 0.746999985686 0.3757799846 0.0404400426127 0.0269600301867
0 0.757399985457 0.283499980542 0.039255608288 0.0261704072514
0 0.846599983496 0.25205997916 0.0487728329099 0.0325152240845
0 0.720799986262 0.206499977157 0.0408377561097 0.0272251725354
0 0.702999986653 0.221659977823 0.0265467823197 0.0176978560471
0 0.746199985704 0.157159974987 0.0293447264509 0.0195631522576
0 0.962599980946 0.363899984077 0.0720725120745 0.0480483445521
0 0.938199981482 0.277699980287 0.0304918627687 0.0203279098532
0 0.971999980739 0.38737998511 0.0671194950318 0.0447463329725
0 0.901399982292 0.337919982935 0.0408178704348 0.027211915418
0 0.964799980898 0.158619975051 0.0330970840411 0.0220647241494
0 0.937999981487 0.176539975839 0.0216367025053 0.0144244692882
0 0.96239998095 0.187319976313 0.0579506159876 0.0386337465399
0 0.975199980669 0.168099975468 0.0206213458836 0.0137475648291
0 0.877399982819 0.15313997481 0.0823742809828 0.0549161909439
0 0.696999986785 0.164699975319 0.022598931727 0.0150659554784
0 0.725599986157 0.115039973135 0.0244840145557 0.016322677447
0 0.705599986596 0.11811997327 0.0295449682713 0.0196966468133
0 0.772599985123 0.0764599714386 0.0376987874949 0.0251325266542
0 0.772999985114 0.108479972847 0.0316479031199 0.0210986034715
0 0.818799984108 0.148299974597 0.0289918299227 0.0193278878899
0 0.748799985646 0.0760999714228 0.0236683061521 0.0157788718088
0 0.838199983681 0.0746799713603 0.0559761960228 0.0373174664765
0 0.767599985233 0.0377999697387 0.0222989647313 0.014865977468
0 0.751199985594 0.0519599703613 0.0812748307112 0.0541832240479
0 0.562999989731 0.127419973679 0.0204833333641 0.0136555564767
0 0.510999990875 0.101119972523 0.0758525711023 0.0505683840702
0 0.476399991635 0.137279974113 0.0809068962597 0.0539379343973
0 0.470799991758 0.108479972847 0.0384173429995 0.0256115636889
0 0.535599990334 0.0456999700861 0.0698937940074 0.0465958657448
0 0.470599991763 0.0289399693491 0.0304683165467 0.0203122123708
0 0.435399992537 0.136819974093 0.0293247418424 0.0195498291844
0 0.52619999054 0.149479974649 0.0542132963207 0.0361421999309
0 0.305199995399 0.139699974219 0.0456290165436 0.0304193463687
0 0.351399994383 0.0895599720146 0.0255544772514 0.0170363192913
0 0.236599996907 0.107079972785 0.0199510700274 0.0133007142289
0 0.254999996503 0.150699974703 0.0239624360591 0.0159749584264
0 0.244999996723 0.0579399706243 0.0221535321839 0.0147690224301
0 0.268799996199 0.0893799720067 0.0241354711104 0.0160903151349
0 0.232599996995 0.0404199698539 0.0282835635235 0.0188557102593
0 0.314599995192 0.0949599722521 0.0398474297155 0.0265649548958
0 0.319599995083 0.0451799700632 0.0281782980606 0.0187855332794
0 0.272599996116 0.108599972852 0.108798385507 0.0725322617889
0 0.208599997523 0.140799974268 0.0204379227932 0.0136252827608
0 0.173799998288 0.160579975137 0.0327297431918 0.0218198302337
0 0.139199999049 0.168339975479 0.031933623662 0.0212890838455
0 0.0950000000204 0.152299974773 0.0344141884653 0.0229427938234
0 0.0394000012428 0.156639974964 0.0412634678454 0.0275089803779
0 0.051400000979 0.178059975906 0.0274734943411 0.0183156641021
0 0.238399996868 0.142059974323 0.022357236684 0.014904825439
0 0.121599999436 0.0602399707254 0.0223595121592 0.0149063424226
0 0.0910000001084 0.0769799714615 0.0218077588825 0.0145385068805
0 0.12959999926 0.0875199719249 0.0451484955349 0.0300989990085
0 0.0934000000556 0.114099973094 0.0236914566392 0.0157943054679
0 0.168599998402 0.0457399700878 0.0368985127494 0.024599010122
0 0.157599998644 0.027639969292 0.0238033506604 0.0158689014869
0 0.081600000315 0.0378599697413 0.0295033171812 0.0196688794181
0 0.127599999304 0.0362399696701 0.0384433625641 0.0256289100664
0 0.0510000009878 0.136419974075 0.0562097785019 0.0374731881395
0 0.100799999893 0.127279973673 0.0391431206646 0.0260954154975
0 0.0110000018672 0.0174999688461 0.0280980628253 0.018732043119
0 0.719799986284 0.0179799688672 0.043471272422 0.0289808501928
0 0.64539998792 0.76514000172 0.0471714919493 0.0314476633737
0 0.606199988782 0.509039990459 0.0219049117815 0.0146032754842
0 0.93059998165 0.349579983448 0.0502502099373 0.0335001421677
0 0.738399985875 0.102679972592 0.0385894876474 0.0257263267951
0 0.807399984358 0.148399974602 0.0807294091917 0.0538196096775
0 0.853599983342 0.100239972484 0.0965745325646 0.0643830259562
