0 0.320600017046 0.623079995474 0.195152670537 0.130101788939
0 0.355200016285 0.868720006275 0.151889950367 0.10125997359
0 0.465000013871 0.943960009583 0.159004273145 0.106002855755
0 0.855000005297 0.0991799724376 0.183740667584 0.122493786468
0 0.660000009584 0.253679979231 0.170568634005 0.11371243017
0 0.086800022186 0.455939988125 0.149193017549 0.0994620182596
0 0.0264000235139 0.0254999691979 0.0233647775429 0.0155765193893
0 0.574400011466 0.0593999706885 0.0333127595196 0.0222085078112
0 0.523200012592 0.0925999721483 0.0234752864922 0.015650192027
0 0.74980000761 0.0895799720155 0.0199912371119 0.013327492287
0 0.940800003411 0.0610199707597 0.0213727473785 0.0142484991921
0 0.865400005068 0.192339976534 0.0246544773306 0.0164363193045
0 0.850400005398 0.135799974048 0.0220213567531 0.0146809054704
0 0.646600009879 0.122779973475 0.0436478690867 0.0290985813104
0 0.583400011268 0.136899974096 0.0250099461352 0.0166732985232
0 0.679800009149 0.0761399714245 0.116071991551 0.0773813328046
0 0.57920001136 0.163859975282 0.0336878171979 0.0224585462799
0 0.539000012244 0.172999975684 0.0430579273995 0.0287052868263
0 0.494800013216 0.147919974581 0.0229500474486 0.0153000326415
0 0.482400013489 0.154899974888 0.020599679402 0.0137331205071
0 0.595600011 0.205379977107 0.0333294793159 0.0222196543428
0 0.635200010129 0.197519976762 0.0911398073088 0.0607598755467
0 0.74980000761 0.127039973663 0.0228557636271 0.0152371767564
0 0.460400013972 0.0987399724183 0.0353173542647 0.0235449043961
0 0.475000013651 0.143499974386 0.0206940621573 0.0137960423481
0 0.467200013823 0.157399974998 0.0267496953501 0.0178331314096
0 0.380400015731 0.0138799686869 0.0324644029931 0.0216429367562
0 0.363200016109 0.047039970145 0.0247166076978 0.016477739552
0 0.357600016232 0.0837199717578 0.113004057337 0.0753360431937
0 0.385400015621 0.149699974659 0.0202497508849 0.0134998348137
0 0.430600014627 0.201879976953 0.110479269167 0.0736528509695
0 0.147600020849 0.0438599700052 0.0726659164414 0.0484439474894
0 0.087800022164 0.174839975764 0.0250556535073 0.0167037701065
0 0.218800019284 0.14813997459 0.0980335079227 0.0653556762591
0 0.141600020981 0.188139976349 0.102911830018 0.0686078912035
0 0.0588000228016 0.214139977492 0.0448164740186 0.0298776513163
0 0.0390000232369 0.201179976923 0.021883542101 0.0145890290296
0 0.0230000235887 0.190779976465 0.0302322607249 0.0201548418126
0 0.0230000235887 0.158999975068 0.0270278969306 0.0180185991422
0 0.178000020181 0.233619978349 0.0385715806467 0.0257143887938
0 0.136000021104 0.254879979284 0.0261325468939 0.0174216990783
0 0.0834000222607 0.337879982933 0.127567098818 0.0850447381545
0 0.0336000233556 0.343739983191 0.0291058015516 0.0194038689809
0 0.0488000230214 0.237159978505 0.0338800453881 0.0225866984152
0 0.207400019535 0.282279980489 0.023377539991 0.0155850276886
0 0.21900001928 0.325859982405 0.0255414180023 0.0170276131246
0 0.253400018523 0.366559984194 0.0619579257375 0.0413052865493
0 0.224200019165 0.411019986149 0.0645149662953 0.0430099803669
0 0.304400017402 0.365039984128 0.0731539564117 0.0487693074911
0 0.396800015371 0.380399984803 0.0692304435106 0.0461536320511
0 0.356600016254 0.403339985812 0.0642526930414 0.0428351315195
0 0.319800017063 0.406739985961 0.0491351281403 0.032756754254
0 0.353400016325 0.434479987181 0.110145862579 0.073430579896
0 0.268000018202 0.465599988549 0.0555370293031 0.0370246886441
0 0.269400018171 0.42011998655 0.128268538791 0.0855123648343
0 0.276600018013 0.38237998489 0.0284414617178 0.0189609757291
0 0.166600020432 0.515499990743 0.0411478143434 0.0274318780382
0 0.18260002008 0.495199989851 0.0227813654804 0.0151875779886
0 0.299200017516 0.286019980653 0.0299463423154 0.019964229527
0 0.422400014808 0.318559982084 0.149336471423 0.0995576541814
0 0.453400014126 0.432379987089 0.086894463063 0.0579296458628
0 0.429200014658 0.459099988263 0.0209931387496 0.0139954267562
0 0.514600012781 0.481119989232 0.0272891808474 0.0181927884315
0 0.498200013141 0.503239990204 0.0320575875952 0.0213717264731
0 0.561200011756 0.467459988631 0.0767018180322 0.0511345487274
0 0.432600014583 0.491799989701 0.0252946773403 0.0168631193391
0 0.364600016078 0.242299978731 0.0440054154991 0.029336945601
0 0.58740001118 0.373239984488 0.0579058979527 0.0386039345146
0 0.58560001122 0.275239980179 0.0262156512067 0.0174771019572
0 0.550400011994 0.277959980299 0.0333652933173 0.0222435303453
0 0.593000011057 0.289619980811 0.0990801275955 0.0660534227536
0 0.579000011365 0.248859979019 0.0409545968161 0.0273030663449
0 0.535000012332 0.241999978717 0.0359738783358 0.023982587139
0 0.628400010279 0.327099982459 0.0256192788287 0.0170795203456
0 0.7184000083 0.394559985426 0.0216881480323 0.0144587663085
0 0.754000007517 0.372279984446 0.110183457387 0.0734556431031
0 0.66700000943 0.366139984176 0.101383304264 0.0675888739675
0 0.751200007579 0.296099981096 0.0207912150563 0.0138608109517
0 0.759000007407 0.282279980489 0.0341308423321 0.0227538963888
0 0.782200006897 0.330959982629 0.0515199251164 0.0343466190096
0 0.813600006207 0.333599982745 0.0220189823442 0.014679322531
0 0.831600005811 0.35507998369 0.0308858167848 0.0205905458813
0 0.84940000542 0.347919983375 0.0227707795739 0.0151805207171
0 0.906000004176 0.396559985514 0.0393061634116 0.0262041106694
0 0.877400004804 0.28593998065 0.0347747028889 0.0231831367883
0 0.948400003243 0.391599985295 0.0449075919615 0.0299383966156
0 0.958200003028 0.484439989378 0.0798620573937 0.0532413751074
0 0.853600005328 0.503439990213 0.0284200920374 0.0189467292746
0 0.801000006484 0.585939993841 0.0441951703467 0.0294634488411
0 0.816400006146 0.595159994246 0.0620080851263 0.041338726144
0 0.815400006168 0.456779988161 0.0543570469951 0.0362380337202
0 0.787800006774 0.453419988014 0.0388614564044 0.0259076393117
0 0.647200009865 0.532799991504 0.0828621230857 0.0552414190339
0 0.610200010679 0.523579991099 0.0294448473611 0.0196298995355
0 0.606600010758 0.541779991899 0.0443651384531 0.0295767609195
0 0.677400009201 0.563799992867 0.0724585513942 0.0483057041155
0 0.648600009835 0.587579993913 0.134437055342 0.0896247094729
0 0.615800010556 0.628279995702 0.024989170057 0.0166594478035
0 0.561200011756 0.596199994292 0.0634915960434 0.0423277334874
0 0.52780001249 0.556839992561 0.0392869702727 0.0261913152426
0 0.530200012438 0.579739993568 0.0619656425665 0.0413104311023
0 0.57240001151 0.642879996344 0.0496635330625 0.0331090242254
0 0.529600012451 0.595759994273 0.111481467606 0.0743209833061
0 0.44460001432 0.585179993807 0.031468338444 0.0209788936797
0 0.46960001377 0.611899994982 0.0205944359156 0.0137296248493
0 0.397400015357 0.612839995024 0.038217793715 0.0254785308238
0 0.255000018488 0.573479993293 0.0360888393018 0.0240592277881
0 0.25400001851 0.54749999215 0.0231432649759 0.0154288443349
0 0.48460001344 0.559019992657 0.0283817057596 0.018921138421
0 0.49600001319 0.573699993303 0.0417027334987 0.0278018241662
0 0.485800013414 0.540759991854 0.021451894343 0.0143012638386
0 0.46780001381 0.472539988854 0.0304831566026 0.0203221057421
0 0.457000014047 0.50859999044 0.0217991516501 0.0145327687252
0 0.351000016377 0.525919991202 0.274395600801 0.182930412599
0 0.291000017697 0.50199999015 0.0829527463601 0.0553018345542
0 0.271600018123 0.544819992033 0.0308470347722 0.0205646912045
0 0.186000020005 0.619739995327 0.0217280183157 0.0144853464992
0 0.159000020599 0.572119993233 0.0542393158853 0.0361595463085
0 0.209800019482 0.587859993925 0.0389241803738 0.0259494552941
0 0.21580001935 0.627499995668 0.0233878290964 0.0155918870926
0 0.181600020102 0.609719994886 0.114112114841 0.076074748245
0 0.0476000230478 0.56817999306 0.023615871288 0.0157439152304
0 0.0506000229819 0.828640004512 0.020362337442 0.0135748925234
0 0.0912000220893 0.822800004256 0.0869548126235 0.0579698789058
0 0.131000021214 0.851380005512 0.0476660615442 0.0317773764587
0 0.104600021795 0.86770000623 0.0489895966592 0.0326597332602
0 0.168800020383 0.870960006373 0.0887663877088 0.059177595709
0 0.195400019798 0.817620004028 0.0261998218138 0.0174665490279
0 0.160800020559 0.822920004261 0.0303143757006 0.0202095851333
0 0.173400020282 0.802600003367 0.0392974572455 0.0261983065582
0 0.159200020594 0.748340000982 0.0206411326247 0.0137607559907
0 0.238200018857 0.659359997069 0.0226569068786 0.015104605582
0 0.225600019134 0.652139996752 0.0230152447607 0.0153434975191
0 0.260200018374 0.702879998983 0.128054841987 0.0853699002887
0 0.25400001851 0.768000001846 0.0967003762383 0.0644669217442
0 0.187800019965 0.676459997821 0.116382643387 0.0775884340422
0 0.217000019324 0.834940004789 0.0280207956011 0.0186805316328
0 0.243000018752 0.84474000522 0.146665261368 0.0977768473612
0 0.411000015058 0.673119997674 0.0228918744296 0.0152612506263
0 0.47140001373 0.732500000285 0.0906141725304 0.0604094523379
0 0.351400016369 0.788540002749 0.112335265487 0.0748901819305
0 0.402600015243 0.702019998945 0.176871700396 0.117914474708
0 0.335600016716 0.714659999501 0.0321601818481 0.0214401226461
0 0.343000016553 0.736200000448 0.0388442419396 0.0258961630011
0 0.435600014518 0.757840001399 0.0225594571785 0.0150396391109
0 0.49600001319 0.76810000185 0.0588107456251 0.039207166336
0 0.592200011075 0.737280000495 0.0566685340953 0.037779025222
0 0.58560001122 0.768140001852 0.0949350031936 0.0632900063034
0 0.532400012389 0.717079999607 0.120356810346 0.0802378788559
0 0.538400012257 0.82904000453 0.0507541782342 0.0338361210545
0 0.640400010015 0.742760000736 0.0249951060794 0.016663405152
0 0.657400009641 0.738640000555 0.0281296226774 0.0187530830218
0 0.655400009685 0.697279998736 0.040511571682 0.027007716236
0 0.624200010371 0.681379998037 0.0235524547827 0.0157016375574
0 0.71660000834 0.692279998517 0.136249520831 0.0908330198784
0 0.813600006207 0.69575999867 0.0598052272349 0.0398701541196
0 0.836000005715 0.728360000103 0.0198896321961 0.013259755672
0 0.703800008621 0.812360003797 0.0481684469018 0.0321123000525
0 0.778200006985 0.807760003594 0.0415516617301 0.0277011096471
0 0.879800004752 0.813320003839 0.0383954786505 0.0255969874553
0 0.835800005719 0.832180004668 0.0751543959411 0.050102933932
0 0.820600006053 0.750860001092 0.0294642383674 0.0196428268739
0 0.852800005345 0.749960001053 0.0211237312412 0.0140824884229
0 0.835000005737 0.670159997544 0.0224448919472 0.0149632622851
0 0.809200006304 0.854820005664 0.0531950706215 0.0354633827534
0 0.788600006757 0.870060006334 0.0389360524185 0.025957369991
0 0.749200007623 0.876700006626 0.0295588189901 0.0197058806265
0 0.848200005446 0.882600006885 0.0290682067435 0.0193788057738
0 0.877000004813 0.854140005634 0.0800294532237 0.0533529723348
0 0.902000004264 0.874860006545 0.0208044721729 0.01386964903
0 0.951000003186 0.872040006421 0.0321291166645 0.0214194125224
0 0.979000002571 0.79106000286 0.025634316752 0.0170895456285
0 0.943000003362 0.805140003479 0.165731765133 0.110487850709
0 0.92720000371 0.711439999359 0.0424446373578 0.0282964267715
0 0.957000003054 0.699279998824 0.0221927099314 0.0147951409301
0 0.968200002808 0.946360009689 0.0775622444707 0.0517081663909
0 0.92080000385 0.965160010515 0.0717846149909 0.0478564131503
0 0.88580000462 0.951280009905 0.0440254990414 0.0293503346301
0 0.722400008212 0.933920009142 0.0414066249175 0.0276044184324
0 0.468600013792 0.904980007869 0.0223904784091 0.0149269865906
0 0.433800014557 0.962360010392 0.0619501099747 0.0413000760405
0 0.0288000234611 0.988260011531 0.0305504315224 0.0203669556916
0 0.148400020832 0.949660009834 0.0442808469358 0.0295205665709
0 0.0274000234919 0.916880008392 0.0244811454782 0.0163207647286
0 0.0510000229731 0.887400007096 0.0312872897626 0.0208581945508
0 0.0786000223663 0.941180009461 0.0210952383339 0.0140634931502
0 0.0822000222871 0.959220010254 0.044488211983 0.0296588099448
0 0.373200015889 0.188339976358 0.0654663128094 0.0436442114182
0 0.30040001749 0.156479974957 0.0454805170513 0.0303203467007
0 0.95900000301 0.526739991238 0.0751766560249 0.0501177739888
0 0.860400005178 0.441099987472 0.0313407139637 0.0208938106872
0 0.8412000056 0.447099987736 0.0255387467922 0.0170258323178
0 0.765200007271 0.567699993039 0.0260823875051 0.0173882594836
0 0.192200019869 0.767280001814 0.0945614295208 0.0630409571718
0 0.632800010182 0.650219996667 0.0565505061844 0.0377003399428
0 0.671600009329 0.939900009405 0.0280872790514 0.0187248539359
0 0.0972000219573 0.490479989643 0.116377696702 0.0775851362518
