0 0.886399982621 0.847079971439 0.207162246737 0.138108164491
0 0.414999992985 0.322679982968 0.214806854682 0.143204569788
0 0.327199994915 0.521899978588 0.199095191841 0.132730127894
0 0.541999990193 0.324739982922 0.18942442147 0.126282947647
0 0.157599998644 0.967819968784 0.020841276886 0.0138941845907
0 0.0382000012692 0.893539970417 0.0602688345549 0.0401792230366
0 0.0652000006756 0.923139969766 0.0294006259338 0.0196004172892
0 0.157999998635 0.913399969981 0.02195724916 0.0146381661067
0 0.151999998767 0.930059969614 0.024144871405 0.0160965809366
0 0.161399998561 0.923099969767 0.0198279978053 0.0132186652035
0 0.137199999093 0.80973997226 0.0494970309004 0.0329980206002
0 0.143599998952 0.790539972682 0.0358469487557 0.0238979658371
0 0.0586000008207 0.76925997315 0.0484601066624 0.0323067377749
0 0.0468000010801 0.790939972673 0.0447016149346 0.029801076623
0 0.113799999607 0.838579971625 0.0842512568044 0.0561675045363
0 0.111199999664 0.87113997091 0.0394559516444 0.0263039677629
0 0.181599998117 0.888499970528 0.0255234137513 0.0170156091675
0 0.185599998029 0.830539971802 0.0872728902435 0.058181926829
0 0.219799997277 0.853899971289 0.0404611181607 0.0269740787738
0 0.207999997536 0.866319971016 0.0294226881516 0.0196151254344
0 0.207599997545 0.878019970758 0.031080718235 0.0207204788233
0 0.218799997299 0.934079969526 0.0218921507774 0.0145947671849
0 0.238199996872 0.948019969219 0.0561608100217 0.0374405400145
0 0.318199995113 0.912259970006 0.0806296893343 0.0537531262229
0 0.361599994159 0.908779970082 0.0259858299223 0.0173238866148
0 0.272999996107 0.924419969738 0.0240866983822 0.0160577989215
0 0.342199994586 0.933859969531 0.0888668112814 0.0592445408542
0 0.296599995588 0.881419970684 0.0549298767741 0.0366199178494
0 0.259999996393 0.893719970413 0.0655524883906 0.0437016589271
0 0.432799992594 0.925299969719 0.0210160927555 0.0140107285037
0 0.456999992062 0.903519970198 0.073638241758 0.049092161172
0 0.484599991455 0.94027996939 0.0638201590894 0.0425467727262
0 0.431199992629 0.945379969277 0.101305153319 0.067536768879
0 0.376199993838 0.875379970816 0.162144439658 0.108096293106
0 0.509599990905 0.923779969752 0.0281579195744 0.0187719463829
0 0.502199991068 0.961479968923 0.024700779934 0.0164671866227
0 0.586199989221 0.91249997 0.0406635365359 0.0271090243573
0 0.593399989063 0.931699969578 0.0326175545209 0.0217450363473
0 0.60579998879 0.867459970991 0.0214771238545 0.0143180825697
0 0.371999993931 0.793899972608 0.0545928096165 0.036395206411
0 0.478999991578 0.82747997187 0.0199835216009 0.0133223477339
0 0.470599991763 0.79469997259 0.0400301629102 0.0266867752735
0 0.420999992853 0.798259972512 0.0355537092326 0.0237024728218
0 0.471399991745 0.749479973584 0.109171372778 0.0727809151856
0 0.402599993258 0.751319973544 0.100328677579 0.0668857850525
0 0.34199999459 0.744559973693 0.113206878901 0.0754712526004
0 0.550399990008 0.808079972296 0.0551883905642 0.0367922603761
0 0.538199990277 0.840099971592 0.0672695819002 0.0448463879335
0 0.643399987964 0.916379969915 0.0538942386744 0.0359294924496
0 0.669999987379 0.878679970744 0.0246272721858 0.0164181814572
0 0.740199985836 0.86203997111 0.036102989203 0.0240686594686
0 0.739799985844 0.83611997168 0.0300152021542 0.0200101347695
0 0.789199984758 0.831919971772 0.0563106945958 0.0375404630639
0 0.805199984407 0.792959972628 0.079246002435 0.05283066829
0 0.801999984477 0.861379971124 0.0324730123673 0.0216486749115
0 0.721399986249 0.891799970455 0.0839176523268 0.0559451015512
0 0.694199986847 0.944279969302 0.020627777935 0.0137518519566
0 0.711199986473 0.975479968616 0.0207787507798 0.0138525005199
0 0.813399984226 0.847519971429 0.0211762664356 0.0141175109571
0 0.825399983962 0.912459970001 0.0306708358652 0.0204472239101
0 0.839799983646 0.931799969576 0.0255539842684 0.0170359895122
0 0.861399983171 0.907659970107 0.0451097164975 0.0300731443317
0 0.794999984631 0.984879968409 0.0303163563743 0.0202109042495
0 0.980799980546 0.87339997086 0.0238157189444 0.0158771459629
0 0.772799985119 0.772899973069 0.0232524893206 0.0155016595471
0 0.962199980955 0.642299975941 0.040778002841 0.0271853352273
0 0.761399985369 0.716679974305 0.0207165214748 0.0138110143166
0 0.773399985106 0.687719974942 0.0289848075413 0.0193232050275
0 0.756799985471 0.651539975738 0.081559765163 0.0543731767754
0 0.723399986205 0.759379973367 0.0200037040782 0.0133358027188
0 0.792999984675 0.619039976452 0.0891787492761 0.0594524995174
0 0.752599985563 0.609819976655 0.0510255567544 0.0340170378363
0 0.765999985268 0.591699977053 0.0228221276724 0.0152147517816
0 0.738599985871 0.589239977107 0.0234599533152 0.0156399688768
0 0.861799983162 0.590339977083 0.0622147617409 0.0414765078273
0 0.699599986728 0.59819997691 0.0303596893402 0.0202397928935
0 0.668399987414 0.607979976695 0.0199358355516 0.0132905570344
0 0.680599987146 0.615279976535 0.155395181809 0.103596787873
0 0.612799988636 0.576739977382 0.132280309283 0.0881868728551
0 0.610399988689 0.531019978387 0.0562711211109 0.0375140807406
0 0.547199990079 0.636739976063 0.0202837854175 0.0135225236117
0 0.518399990712 0.619199976449 0.0837036587072 0.0558024391381
0 0.579399989371 0.694459974794 0.136558203 0.0910388019998
0 0.597399988975 0.778499972946 0.114451465001 0.076300976667
0 0.631199988232 0.789299972709 0.0718240942767 0.0478827295178
0 0.680199987155 0.795139972581 0.0599907318898 0.0399938212599
0 0.534999990347 0.729959974014 0.0916462549929 0.0610975033286
0 0.504999991006 0.694339974797 0.0378392758527 0.0252261839018
0 0.490599991323 0.698819974698 0.0615082761018 0.0410055174012
0 0.515399990778 0.665619975428 0.0729624255697 0.0486416170465
0 0.380999993733 0.712939974388 0.0408190603316 0.0272127068877
0 0.311399995263 0.709299974468 0.0295123220949 0.0196748813966
0 0.273799996089 0.768619973164 0.0533886874049 0.0355924582699
0 0.325399994955 0.7851599728 0.0353478281775 0.023565218785
0 0.404999993205 0.678339975148 0.0440152128391 0.029343475226
0 0.388799993561 0.693339974819 0.0221611515409 0.0147741010273
0 0.3915999935 0.622999976365 0.0356359231475 0.0237572820983
0 0.350999994392 0.637619976044 0.033124292995 0.0220828619966
0 0.326199994937 0.640759975975 0.0348286240557 0.0232190827038
0 0.441399992405 0.69463997479 0.0764418252953 0.0509612168636
0 0.122799999409 0.690879974873 0.0209732544581 0.0139821696387
0 0.167999998416 0.694519974793 0.0365115854345 0.0243410569563
0 0.201799997672 0.628199976251 0.0327073863316 0.0218049242211
0 0.197599997765 0.742239973744 0.176163346682 0.117442231121
0 0.153199998741 0.753879973488 0.0307312843634 0.0204875229089
0 0.0478000010582 0.716499974309 0.0304497190184 0.0202998126789
0 0.150599998798 0.617379976489 0.0701224344262 0.0467482896175
0 0.0288000014759 0.639319976006 0.0307214899259 0.0204809932839
0 0.0462000010933 0.605459976751 0.0306923044808 0.0204615363205
0 0.0862000002139 0.435119980496 0.0765036588655 0.0510024392437
0 0.126999999317 0.38351998163 0.0264545778508 0.0176363852339
0 0.0592000008075 0.578339977347 0.0214437831935 0.0142958554623
0 0.103799999827 0.550079977968 0.0203340437433 0.0135560291622
0 0.136999999097 0.544319978095 0.0249206106426 0.0166137404284
0 0.241999996789 0.578099977352 0.0213300094244 0.014220006283
0 0.156199998675 0.498379979105 0.0521713080758 0.0347808720505
0 0.213399997417 0.508359978885 0.0237761454595 0.0158507636396
0 0.216599997347 0.416339980909 0.0466466517171 0.0310977678114
0 0.136599999106 0.397959981313 0.0332973280577 0.0221982187051
0 0.221599997237 0.436379980468 0.0198845878887 0.0132563919258
0 0.296199995597 0.437319980447 0.0203181154157 0.0135454102771
0 0.314799995188 0.445679980263 0.0207371986207 0.0138247990805
0 0.383799993671 0.573999977442 0.0338919196682 0.0225946131121
0 0.333999994766 0.409499981059 0.0509529394096 0.0339686262731
0 0.330599994841 0.436939980456 0.0223376492836 0.014891766189
0 0.319599995083 0.424039980739 0.0236972952908 0.0157981968605
0 0.382199993706 0.461579979914 0.0567920071058 0.0378613380705
0 0.405399993196 0.447839980216 0.0704913582392 0.0469942388261
0 0.386999993601 0.38581998158 0.0789895662528 0.0526597108352
0 0.358199994234 0.358639982177 0.0659860159176 0.0439906772784
0 0.356799994265 0.327179982869 0.0207703414143 0.0138468942762
0 0.312199995245 0.281739983868 0.063984290118 0.042656193412
0 0.321599995039 0.296219983549 0.0502617884959 0.0335078589973
0 0.488599991367 0.399519981278 0.0900619305252 0.0600412870168
0 0.252599996556 0.342039982542 0.0200001424645 0.0133334283097
0 0.411799993056 0.550419977961 0.0369314601092 0.0246209734062
0 0.417799992924 0.565999977618 0.020640144649 0.0137600964327
0 0.529599990466 0.518259978668 0.02674158455 0.0178277230334
0 0.525999990545 0.496639979143 0.0361813447031 0.0241208964687
0 0.519799990681 0.466359979809 0.0206350990297 0.0137567326865
0 0.548199990057 0.48675997936 0.0218890838323 0.0145927225548
0 0.557999989841 0.50725997891 0.0391316469357 0.0260877646238
0 0.564599989696 0.447019980234 0.0704524772903 0.0469683181935
0 0.560199989793 0.40945998106 0.0328171038185 0.0218780692123
0 0.605199988804 0.397419981325 0.0282533906067 0.0188355937378
0 0.631199988232 0.466099979815 0.117331425364 0.0782209502425
0 0.643799987955 0.515499978728 0.0498204452057 0.0332136301371
0 0.688999986961 0.413399980973 0.0222358464937 0.0148238976624
0 0.762599985343 0.488099979331 0.0290970973047 0.0193980648698
0 0.859199983219 0.528959978433 0.0275753978768 0.0183835985845
0 0.823599984002 0.54727997803 0.0224693300545 0.0149795533697
0 0.809999984301 0.471459979697 0.041482114071 0.027654742714
0 0.823599984002 0.520199978625 0.0994461888656 0.0662974592438
0 0.880199982758 0.558459977784 0.0315906225879 0.0210604150586
0 0.847199983483 0.405039981157 0.023880817327 0.0159205448847
0 0.935199981548 0.483359979435 0.0360462012521 0.0240308008348
0 0.795599984618 0.402219981219 0.044816279107 0.0298775194047
0 0.812999984235 0.355999982235 0.0201660543 0.0134440362
0 0.775999985048 0.351279982339 0.0301303609953 0.0200869073302
0 0.770999985158 0.390399981479 0.0212934039509 0.0141956026339
0 0.714199986407 0.370619981914 0.0201878197167 0.0134585464778
0 0.732399986007 0.368579981959 0.0330001311861 0.0220000874574
0 0.70359998664 0.379619981716 0.0219793113778 0.0146528742519
0 0.964999980893 0.437699980439 0.0231931290933 0.0154620860622
0 0.930799981645 0.28207998386 0.0384591944936 0.0256394629957
0 0.931799981623 0.302419983413 0.022798185714 0.015198790476
0 0.93059998165 0.200639985651 0.0227266566401 0.0151511044267
0 0.943999981355 0.224639985123 0.0715718133105 0.047714542207
0 0.942799981381 0.25705998441 0.080042220951 0.053361480634
0 0.90919998212 0.21387998536 0.0297415515062 0.0198277010041
0 0.893999982454 0.246659984639 0.0249101236691 0.0166067491127
0 0.963599980924 0.149879986767 0.0980244124871 0.0653496083247
0 0.966199980867 0.0981599879038 0.033674364435 0.02244957629
0 0.908599982133 0.15245998671 0.123772999367 0.0825153329116
0 0.84599998351 0.243279984713 0.0422600298503 0.0281733532335
0 0.806199984385 0.258759984373 0.0622900502959 0.0415267001973
0 0.752999985554 0.236719984858 0.0826389340961 0.0550926227307
0 0.714799986394 0.259439984358 0.0351162243571 0.0234108162381
0 0.736399985919 0.261939984303 0.0244806524243 0.0163204349495
0 0.797399984578 0.199059985686 0.191999666 0.127999777333
0 0.685999987027 0.323379982952 0.0443011312674 0.0295340875116
0 0.6735999873 0.312539983191 0.215012636803 0.143341757869
0 0.589199989155 0.253579984487 0.0697663719959 0.0465109146639
0 0.640799988021 0.230779984988 0.0749444635606 0.0499629757071
0 0.603199988848 0.281879983865 0.0236125090994 0.015741672733
0 0.468199991816 0.254399984469 0.0292594475264 0.019506298351
0 0.382399993702 0.188899985909 0.030609694831 0.0204064632207
0 0.391799993495 0.228139985046 0.0244247548769 0.0162831699179
0 0.439599992444 0.265479984225 0.030233252056 0.0201555013707
0 0.359799994199 0.26345998427 0.0900683612165 0.0600455741443
0 0.339999994634 0.233599984926 0.0441176092312 0.0294117394875
0 0.313399995219 0.210179985441 0.0258838292649 0.0172558861766
0 0.293999995645 0.197319985724 0.0315931948644 0.0210621299096
0 0.273199996103 0.245479984665 0.0388462231759 0.0258974821172
0 0.223399997198 0.316099983112 0.0204969875674 0.0136646583783
0 0.43659999251 0.128779987231 0.0918805300235 0.0612536866823
0 0.44299999237 0.208339985481 0.132866986196 0.0885779907974
0 0.391399993504 0.15881998657 0.0322572379409 0.0215048252939
0 0.367399994032 0.149659986772 0.0475838507731 0.0317225671821
0 0.339999994634 0.130659987189 0.0342151361061 0.0228100907374
0 0.332999994788 0.121779987385 0.0213426729396 0.0142284486264
0 0.222199997224 0.258239984384 0.0451293053726 0.0300862035817
0 0.187199997993 0.267039984191 0.0210553694393 0.0140369129595
0 0.208799997519 0.30075998345 0.0266116845859 0.0177411230572
0 0.14279999897 0.29893998349 0.0567657896721 0.0378438597814
0 0.0934000000556 0.262339984294 0.0530280740238 0.0353520493492
0 0.0592000008075 0.167639986376 0.0210909855757 0.0140606570504
0 0.0538000009262 0.175399986206 0.0218490156788 0.0145660104525
0 0.0192000016869 0.211879985404 0.0266842029969 0.0177894686646
0 0.0696000005789 0.0116799898051 0.0199357366179 0.0132904910786
0 0.0638000007064 0.0305799893896 0.0208012087325 0.0138674724883
0 0.0822000003019 0.108019987687 0.0609756169951 0.0406504113301
0 0.112599999634 0.061079988719 0.0386252052627 0.0257501368418
0 0.105599999787 0.079639988311 0.0414076169857 0.0276050779904
0 0.284399995856 0.126459987282 0.0825551372418 0.0550367581612
0 0.22599999714 0.107359987702 0.121271955122 0.0808479700814
0 0.185399998033 0.0106999898266 0.0283426288152 0.0188950858768
0 0.259599996402 0.0301999893979 0.0253386055768 0.0168924037179
0 0.153999998723 0.0497399889683 0.0297125639285 0.0198083759523
0 0.105599999787 0.0211399895971 0.022262558596 0.0148417057306
0 0.208399997527 0.0125799897853 0.0235790695047 0.0157193796698
0 0.398999993337 0.104319987768 0.0446343400102 0.0297562266735
0 0.345399994515 0.0396799891895 0.0212533357974 0.0141688905316
0 0.52119999065 0.14517998687 0.026382653042 0.0175884353614
0 0.485599991433 0.105179987749 0.0631741219485 0.042116081299
0 0.559599989806 0.0548199888567 0.0264435962088 0.0176290641392
0 0.585199989243 0.0171199896855 0.0197871381821 0.0131914254547
0 0.631999988214 0.0208799896028 0.0232618880233 0.0155079253488
0 0.579399989371 0.108299987681 0.105865008116 0.070576672077
0 0.761999985356 0.0803999882943 0.0971154095391 0.0647436063594
0 0.640199988034 0.0266399894762 0.0701830807918 0.0467887205279
0 0.733999985972 0.0270199894678 0.0255143118497 0.0170095412332
0 0.775399985062 0.0279999894463 0.0604550278014 0.0403033518676
0 0.926199981746 0.0500799889609 0.0231948109664 0.0154632073109
0 0.505999990985 0.907839970103 0.0258420792384 0.0172280528256
0 0.511799990857 0.972859968673 0.0235671974592 0.0157114649728
0 0.466999991842 0.617619976483 0.0251628003702 0.0167752002468
0 0.297199995575 0.639839975995 0.0429551381125 0.0286367587416
0 0.204599997611 0.0286799894314 0.0639647012429 0.042643134162
0 0.916399981962 0.110259987638 0.0199392982315 0.0132928654877
