0 0.63380001016 0.0603399707298 0.174165863545 0.116110583355
0 0.948000003252 0.0184999688901 0.02292739163 0.0152849287615
0 0.946400003287 0.031939969481 0.0230882578355 0.0153921729055
0 0.927800003696 0.0540399704528 0.0216689548934 0.0144459708817
0 0.938000003472 0.167619975447 0.072826386912 0.0485509278102
0 0.909600004097 0.16973997554 0.0835687076119 0.0557124754158
0 0.875600004844 0.187819976335 0.0307075382471 0.020471693515
0 0.861000005165 0.188739976376 0.0283053289387 0.0188702205371
0 0.853400005332 0.193919976603 0.0214150910045 0.014276728278
0 0.833400005772 0.177339975874 0.0708303004656 0.0472202034249
0 0.860600005174 0.11719997323 0.0645738318502 0.0430492240728
0 0.897200004369 0.100399972491 0.0244696691683 0.0163131138548
0 0.887000004593 0.111999973001 0.0246635792315 0.0164423872388
0 0.902800004246 0.0735199713093 0.0615304331951 0.0410202915022
0 0.800800006489 0.162139975206 0.0511592128254 0.0341061441331
0 0.799400006519 0.194799976642 0.0288495632539 0.0192330434378
0 0.775000007056 0.225399977988 0.0223188504062 0.0148792345855
0 0.725000008155 0.246619978921 0.0231203123561 0.0154135425874
0 0.769200007183 0.262339979612 0.0211586548393 0.0141057708232
0 0.782800006884 0.258699979452 0.0238412422696 0.0158941625614
0 0.811800006247 0.261999979597 0.0532962798025 0.0355308555451
0 0.837200005688 0.283479980541 0.0542854189922 0.0361902817151
0 0.699400008718 0.283619980548 0.0281752311157 0.0187834886494
0 0.679000009166 0.278659980329 0.0280900491951 0.0187267006985
0 0.645200009909 0.277459980277 0.0545245417589 0.0363496969034
0 0.601800010864 0.279219980354 0.0391836834839 0.0261224573789
0 0.581600011308 0.269659979934 0.0686975865716 0.0457983940684
0 0.573200011492 0.201019976916 0.150026039351 0.100017366164
0 0.687800008973 0.108259972837 0.0474049754948 0.0316033190809
0 0.747000007671 0.125279973585 0.0362550479274 0.0241700335458
0 0.821800006027 0.0626599708318 0.0359095714271 0.0239397158637
0 0.565800011655 0.0551199705003 0.034635503165 0.0230903369662
0 0.549000012024 0.0414199698979 0.0304059883121 0.0202706602117
0 0.531800012403 0.0846999718009 0.0265865536694 0.017724370282
0 0.485600013418 0.137499974123 0.0204138819027 0.0136092554994
0 0.494200013229 0.156739974969 0.03063126036 0.0204208415869
0 0.478600013572 0.158899975064 0.0319363938057 0.0212909306081
0 0.456200014065 0.187039976301 0.0430883989809 0.0287256012152
0 0.51100001286 0.183459976143 0.038155267613 0.0254368467531
0 0.43820001446 0.0272399692744 0.0257488819832 0.0171659224543
0 0.418600014891 0.0404799698565 0.0213847183568 0.0142564798449
0 0.420000014861 0.0555999705214 0.0425763181201 0.0283842139522
0 0.439800014425 0.0971999723506 0.15635680718 0.104237878328
0 0.324200016967 0.132139973887 0.0470079545338 0.0313386384228
0 0.308200017318 0.155599974918 0.0431110547995 0.0287407050953
0 0.0698000225597 0.389679985211 0.0198127607068 0.013208508009
0 0.0906000221024 0.393619985384 0.0229078027563 0.0152718695114
0 0.162000020533 0.256399979351 0.0697097773147 0.0464731879417
0 0.0952000220013 0.235039978411 0.132011200878 0.0880074730569
0 0.292400017666 0.27753998028 0.0249950071457 0.0166633391961
0 0.144600020915 0.200759976904 0.0268032184849 0.0178688135018
0 0.356200016263 0.32665998244 0.0270259182565 0.018017280026
0 0.405800015173 0.40785998601 0.091369333506 0.0609128930216
0 0.347600016452 0.413319986251 0.0234715270114 0.0156476857063
0 0.36180001614 0.344959983245 0.0660118332627 0.0440078917444
0 0.374400015863 0.365839984163 0.1020570428 0.068038033021
0 0.431600014605 0.355939983727 0.0760144266449 0.0506762877723
0 0.429400014654 0.255839979326 0.0335551470986 0.0223700995412
0 0.462000013937 0.287699980727 0.0287450892606 0.0191633941044
0 0.403400015225 0.327519982478 0.0376312157739 0.0250874788373
0 0.469000013783 0.342279983127 0.0434545526257 0.0289697036612
0 0.511200012855 0.214679977516 0.039195753396 0.0261305039875
0 0.519000012684 0.267179979825 0.0248373068187 0.0165582056379
0 0.513400012807 0.281679980462 0.0260632932999 0.0173755300126
0 0.498200013141 0.349119983428 0.0433296982891 0.0288864674313
0 0.538600012253 0.37237998445 0.0487599715282 0.0325066498295
0 0.55100001198 0.345659983275 0.0275504647642 0.0183669777209
0 0.605200010789 0.384299984974 0.023684135545 0.0157894247381
0 0.617400010521 0.356139983736 0.0220732969486 0.0147155322696
0 0.684200009052 0.373579984503 0.0247067143272 0.0164711439712
0 0.573800011479 0.442439987531 0.0319474743808 0.0212983176586
0 0.502200013053 0.410479986126 0.0324578733686 0.0216385836729
0 0.582000011299 0.307079981579 0.0574983900188 0.0383322625408
0 0.677200009206 0.315599981954 0.0248204880888 0.0165469931506
0 0.704200008612 0.326559982436 0.0309877185017 0.0206584803637
0 0.726400008124 0.316619981999 0.0402376242508 0.0268250846032
0 0.768400007201 0.301839981349 0.0326743403166 0.0217828949811
0 0.783600006867 0.313059981842 0.0262734284908 0.0175156201492
0 0.826600005921 0.312979981839 0.0679632016741 0.0453088041045
0 0.805200006392 0.365199984135 0.03105014567 0.0207000984786
0 0.774600007065 0.33643998287 0.0202936774503 0.0135291191925
0 0.748200007645 0.244859978843 0.0323590385965 0.0215726938205
0 0.843400005552 0.357199983783 0.0609109103299 0.0406072762316
0 0.931600003613 0.394099985405 0.0698623330889 0.0465748917978
0 0.938400003463 0.42057998657 0.0615895955511 0.0410597330755
0 0.976600002623 0.60001999446 0.036573911261 0.0243826091155
0 0.809600006295 0.647919996566 0.0202045381814 0.0134696930094
0 0.748200007645 0.625599995585 0.0273576429717 0.0182384298508
0 0.723000008199 0.61161999497 0.0231303046604 0.015420204124
0 0.722600008208 0.464239988489 0.0223049007537 0.0148699348165
0 0.717600008318 0.439179987388 0.0218562363983 0.0145708252265
0 0.585200011229 0.479759989172 0.0426829686549 0.0284553143134
0 0.631600010208 0.486679989476 0.0488266528458 0.0325511040442
0 0.548600012033 0.487179989498 0.0277861248512 0.0185240844559
0 0.544400012126 0.499339990033 0.0222568189727 0.0148378802938
0 0.636200010107 0.59843999439 0.0203469037839 0.0135646034173
0 0.68700000899 0.675119997762 0.0397386026392 0.0264924035068
0 0.623600010384 0.647459996546 0.0447613679445 0.0298409139312
0 0.603000010837 0.633499995932 0.0476036343758 0.0317357583437
0 0.586200011207 0.611239994953 0.045338745051 0.0302258320276
0 0.549800012007 0.592679994137 0.0202120571431 0.0134747056508
0 0.51920001268 0.592499994129 0.0207545106515 0.0138363413469
0 0.507600012935 0.614559995099 0.0345858384447 0.0230572271506
0 0.581200011316 0.65505999688 0.0222424735854 0.0148283167016
0 0.582800011281 0.679939997974 0.035594269707 0.0237295147031
0 0.425800014733 0.506439990345 0.0354985018799 0.0236656694808
0 0.365600016057 0.499579990043 0.0555707656968 0.0370471795746
0 0.257000018444 0.477359989066 0.0220822999158 0.0147215342482
0 0.37680001581 0.471959988829 0.046931577713 0.0312877205389
0 0.171800020317 0.555159992487 0.0227285348815 0.0151523575871
0 0.16940002037 0.566579992989 0.0219213347766 0.0146142241483
0 0.237200018879 0.562999992832 0.0686974876379 0.0457983281126
0 0.208000019521 0.584719993787 0.0777162842505 0.0518108595842
0 0.107800021724 0.562939992829 0.0757290029039 0.0504860052658
0 0.0860000222036 0.630919995819 0.0579973126967 0.0386648776813
0 0.0770000224014 0.661479997162 0.0200384284895 0.0133589532075
0 0.0794000223487 0.668899997489 0.0198813217649 0.0132542153841
0 0.0680000225993 0.673399997686 0.0500912234722 0.033394151184
0 0.0788000223619 0.552399992366 0.0294491015105 0.0196327356352
0 0.0644000226785 0.498859990012 0.0257010970033 0.017134065799
0 0.0434000231402 0.463759988468 0.043871657129 0.0292477733484
0 0.0554000228763 0.439559987404 0.0351857724361 0.0234571831712
0 0.140600021003 0.701119998905 0.0299708778744 0.0199805865674
0 0.167400020414 0.678219997898 0.0270337340192 0.0180224905348
0 0.159600020585 0.687279998297 0.0218310083033 0.0145540064955
0 0.157800020625 0.699879998851 0.0230054503238 0.0153369678941
0 0.150400020788 0.714999999516 0.0303960949415 0.0202640646309
0 0.187200019979 0.758400001424 0.0374312707546 0.024954182149
0 0.168600020388 0.712639999412 0.0215465738994 0.014364383547
0 0.196800019768 0.770920001974 0.0377487490163 0.0251658343373
0 0.20580001957 0.781800002453 0.0296076922407 0.0197384627957
0 0.218800019284 0.837880004919 0.0881236154228 0.0587490808234
0 0.22760001909 0.772280002034 0.0451952911777 0.0301301961057
0 0.249400018611 0.75354000121 0.0259568406326 0.0173045615631
0 0.28540001782 0.738380000544 0.0215209500696 0.0143473009927
0 0.289200017736 0.805020003474 0.0213500915598 0.014233395312
0 0.36180001614 0.823460004285 0.0235281170911 0.0156854124286
0 0.292000017675 0.705039999078 0.021346332079 0.0142308889913
0 0.284200017846 0.714919999512 0.0202974369311 0.0135316255132
0 0.205600019574 0.672199997634 0.0370268297657 0.0246845548052
0 0.223000019192 0.72237999984 0.0430238942048 0.0286825980283
0 0.228400019073 0.740560000639 0.0403772197096 0.0269181482485
0 0.35680001625 0.714819999508 0.0257924128137 0.0171949430099
0 0.34360001654 0.693879998587 0.0272774077364 0.0181849396903
0 0.284400017842 0.641659996291 0.0508577618241 0.0339051767856
0 0.255000018488 0.679479997954 0.0272613804761 0.0181742548494
0 0.268200018198 0.742520000726 0.0397487928109 0.0264991969551
0 0.447200014262 0.835200004801 0.0480938508876 0.0320625693731
0 0.492400013269 0.784980002593 0.0199580943205 0.0133053970912
0 0.223200019187 0.692939998546 0.0498839573588 0.0332559737659
0 0.525600012539 0.82040000415 0.0279051420991 0.0186034292931
0 0.533200012372 0.857280005772 0.0267290182056 0.0178193466457
0 0.56420001169 0.8556400057 0.043041306537 0.0286942062505
0 0.57060001155 0.913220008231 0.0308232906828 0.0205488618105
0 0.590800011105 0.886840007071 0.089561715769 0.0597078144507
0 0.659000009606 0.801700003328 0.0326264564031 0.02175097237
0 0.636000010112 0.714779999506 0.121500483984 0.0810003279982
0 0.487000013387 0.718819999684 0.0731735452854 0.0487823667411
0 0.432000014597 0.674779997747 0.0429057673602 0.0286038467934
0 0.415600014957 0.665999997361 0.0351658867613 0.0234439260538
0 0.343800016536 0.754100001235 0.103713193034 0.0691421332496
0 0.535600012319 0.724479999932 0.0296733842213 0.0197822574523
0 0.791600006691 0.791660002886 0.0392348322098 0.0261565565317
0 0.858800005213 0.828680004514 0.0260170912594 0.0173447286502
0 0.723000008199 0.857580005785 0.0949369818677 0.0632913254196
0 0.777000007012 0.897540007542 0.031557774514 0.0210385177303
0 0.821800006027 0.908580008027 0.0212594682854 0.0141729797917
0 0.808800006313 0.905820007906 0.0223697023309 0.0149131358709
0 0.812200006238 0.85382000562 0.0286360643169 0.0190907108038
0 0.868400005002 0.648499996592 0.0242232253074 0.0161488179367
0 0.967400002826 0.844180005196 0.0280907417311 0.0187271623892
0 0.967000002835 0.861700005966 0.0257185093355 0.0171456740212
0 0.808400006321 0.938120009326 0.0201268752224 0.0134179176999
0 0.862800005125 0.945000009629 0.0399662490961 0.0266441678214
0 0.616000010551 0.952460009957 0.020542198919 0.0136948001826
0 0.687800008973 0.896680007504 0.0256750774387 0.0171167194214
0 0.534800012337 0.985120011393 0.0232757372078 0.015517159162
0 0.385600015617 0.970160010735 0.0729139432416 0.0486092987005
0 0.421000014839 0.966480010573 0.0712291022333 0.0474860712875
0 0.372600015903 0.939600009391 0.0509326546393 0.0339551053324
0 0.435800014513 0.938560009346 0.0227612819381 0.0151741889596
0 0.433400014566 0.910340008105 0.0252506518412 0.0168337690044
0 0.319800017063 0.92684000883 0.0217085283756 0.014472353205
0 0.461800013942 0.904620007853 0.0229953590858 0.0153302404017
0 0.469400013774 0.968400010658 0.0234242367001 0.01561615883
0 0.497200013163 0.966660010581 0.0891951663893 0.0594634481815
0 0.321600017024 0.870520006354 0.0198735060021 0.0132490048753
0 0.131000021214 0.907400007975 0.0683382593525 0.0455588425732
0 0.0570000228412 0.89704000752 0.0544564753693 0.0363043193074
0 0.0130000238085 0.980860011206 0.0229504431834 0.0153002964648
0 0.122000021412 0.954340010039 0.0216296782122 0.0144197864259
0 0.0986000219266 0.974580010929 0.0366281269317 0.0244187528983
0 0.23080001902 0.422799986667 0.278521136329 0.185680769799
0 0.336600016694 0.528799991328 0.27193511954 0.18129009165
0 0.649000009826 0.249399979043 0.0292350089713 0.0194900072664
0 0.873800004884 0.425559986789 0.0610960152933 0.0407306795486
0 0.877200004809 0.550659992289 0.0229124526404 0.0152749694344
0 0.287800017767 0.540579991846 0.0233370761053 0.015558051763
0 0.136400021096 0.444599987626 0.0268767262283 0.0179178186673
0 0.0302000234304 0.609659994884 0.0253314806788 0.0168876548997
0 0.0126000238173 0.569199993105 0.0275011957787 0.0183341317284
0 0.574000011475 0.826400004414 0.0599886503253 0.0399924361879
0 0.558800011809 0.926680008823 0.0201576436049 0.0134384299563
0 0.652400009751 0.94320000955 0.161164985277 0.107443330605
