0 0.480599991543 0.045900011038 0.13222292773 0.0881486184863
0 0.366599994049 0.136740009041 0.282339995991 0.188226663994
0 0.263399996318 0.244700006667 0.159223916473 0.106149277649
0 0.0476000010625 0.127780009238 0.11289424837 0.0752628322466
0 0.398799993341 0.387260003533 0.176555124183 0.117703416122
0 0.863199983131 0.143760008887 0.144562929657 0.0963752864378
0 0.857399983259 0.252940006486 0.210979109355 0.14065273957
0 0.630999988236 0.874579992819 0.156631853212 0.104421235475
0 0.580599989344 0.929919991603 0.145583925567 0.097055950378
0 0.0160000017573 0.937239991442 0.0235522584687 0.0157015056458
0 0.764799985295 0.968019990765 0.0262168401403 0.0174778934269
0 0.743599985761 0.975919990591 0.0256044404616 0.0170696269744
0 0.786799984811 0.977639990553 0.0294879844017 0.0196586562678
0 0.784199984868 0.955999991029 0.0283557869989 0.0189038579993
0 0.831799983822 0.962619990884 0.0199090245156 0.0132726830104
0 0.925199981768 0.934959991492 0.0223832577249 0.0149221718166
0 0.896799982393 0.913119991972 0.0244630422235 0.0163086948157
0 0.880399982753 0.919319991836 0.0290395178841 0.0193596785894
0 0.884399982665 0.94049999137 0.0312437609928 0.0208291739952
0 0.869199982999 0.934019991512 0.0355624153993 0.0237082769329
0 0.973199980713 0.948479991195 0.0228334061156 0.0152222707437
0 0.971999980739 0.924659991718 0.0219741668248 0.0146494445499
0 0.924999981773 0.843319993507 0.0644361203817 0.0429574135878
0 0.898199982362 0.824199993927 0.0225483780906 0.0150322520604
0 0.861199983175 0.851239993332 0.0202827960804 0.0135218640536
0 0.93559998154 0.791059994655 0.109410792362 0.0729405282414
0 0.887999982586 0.756579995414 0.0263382318052 0.0175588212035
0 0.876399982841 0.767919995164 0.0536380992934 0.0357587328623
0 0.82779998391 0.816539994095 0.0412452667639 0.0274968445092
0 0.800399984512 0.801459994427 0.0514310860409 0.0342873906939
0 0.777199985022 0.817579994072 0.0278920846896 0.0185947231264
0 0.770799985163 0.830299993793 0.0333181041372 0.0222120694248
0 0.758599985431 0.928439991635 0.0215898093528 0.0143932062352
0 0.827599983914 0.777479994954 0.0238995157986 0.0159330105324
0 0.832999983795 0.760279995332 0.0259777173579 0.0173184782386
0 0.877999982806 0.711179996412 0.0209194345186 0.0139462896791
0 0.91239998205 0.686119996963 0.0514133769064 0.0342755846043
0 0.917599981935 0.70625999652 0.0494829823132 0.0329886548755
0 0.831199983835 0.710399996429 0.0416550502 0.0277700334666
0 0.743799985756 0.797119994522 0.0562559842529 0.0375039895019
0 0.721599986244 0.779819994903 0.0267719571997 0.0178479714665
0 0.73499998595 0.763059995271 0.0321503895317 0.0214335930211
0 0.611399988667 0.778459994933 0.0364561825557 0.0243041217038
0 0.690999986917 0.718279996256 0.0316391990406 0.0210927993604
0 0.694399986842 0.739199995796 0.0225026707156 0.015001780477
0 0.48299999149 0.850519993348 0.025963569837 0.017309046558
0 0.507999990941 0.872879992857 0.0726202138591 0.048413475906
0 0.598399988953 0.917359991879 0.0481779477151 0.0321186318101
0 0.39659999339 0.855539993238 0.0250607997129 0.0167071998086
0 0.398999993337 0.76767999517 0.0511317126276 0.0340878084184
0 0.384399993658 0.783779994816 0.0271178294577 0.0180785529718
0 0.354799994309 0.817419994076 0.025385302289 0.0169235348593
0 0.423999992787 0.750219995553 0.0405336365718 0.0270224243812
0 0.44979999222 0.687199996939 0.0251008678663 0.0167339119109
0 0.455599992093 0.671459997285 0.0261944811214 0.0174629874142
0 0.440999992414 0.712479996383 0.0519700769051 0.0346467179368
0 0.388799993561 0.709939996439 0.0307673951684 0.0205115967789
0 0.378599993785 0.723319996145 0.0266716384155 0.017781092277
0 0.353799994331 0.722559996161 0.0266114867184 0.0177409911456
0 0.276799996024 0.912439991987 0.0373233365434 0.0248822243623
0 0.24739999667 0.928039991644 0.0223775195696 0.0149183463797
0 0.367199994036 0.770999995097 0.0351146414177 0.0234097609452
0 0.328599994885 0.767619995171 0.0739966785974 0.0493311190649
0 0.288199995773 0.752559995502 0.0354910841928 0.0236607227952
0 0.204999997602 0.757739995388 0.0862163771306 0.0574775847537
0 0.201199997686 0.811159994214 0.0292851702916 0.0195234468611
0 0.162199998543 0.753579995479 0.0203764863059 0.0135843242039
0 0.237999996877 0.854299993265 0.0313441787107 0.0208961191405
0 0.26739999623 0.841379993549 0.0240718583253 0.0160479055502
0 0.237799996881 0.806699994312 0.0215035391557 0.0143356927705
0 0.365799994067 0.802779994398 0.0380142895897 0.0253428597264
0 0.333399994779 0.807739994289 0.0226017033615 0.015067802241
0 0.103799999827 0.754119995468 0.0225346263046 0.0150230842031
0 0.100599999897 0.788079994721 0.0308400125131 0.0205600083421
0 0.0404000012208 0.762959995273 0.0217178295764 0.0144785530509
0 0.0690000005921 0.688159996918 0.0199075405099 0.0132716936733
0 0.101999999867 0.583099999228 0.0396362088681 0.0264241392454
0 0.079600000359 0.617639998468 0.0302400784821 0.0201600523214
0 0.0666000006448 0.664259997443 0.0203163346089 0.0135442230726
0 0.122399999418 0.568759999543 0.0427084963678 0.0284723309119
0 0.114199999598 0.542760000114 0.0289042754995 0.0192695169997
0 0.166599998446 0.552799999894 0.0227180494071 0.0151453662714
0 0.110799999673 0.612619998579 0.0204583044859 0.0136388696573
0 0.108999999713 0.701519996624 0.0392487844509 0.0261658563006
0 0.205199997598 0.691819996837 0.0210778273919 0.014051884928
0 0.197599997765 0.667159997379 0.0206051221149 0.0137367480766
0 0.232399997 0.634179998105 0.0251657683815 0.016777178921
0 0.210799997475 0.616239998499 0.0215260960421 0.0143507306947
0 0.228799997079 0.668639997347 0.0478211927488 0.0318807951659
0 0.286999995799 0.556539999811 0.023220039063 0.015480026042
0 0.303199995443 0.70077999664 0.030482169276 0.020321446184
0 0.337199994696 0.678699997126 0.0257979548027 0.0171986365352
0 0.443999992348 0.625599998293 0.0361916338091 0.0241277558728
0 0.468599991807 0.641459997944 0.0243173128654 0.0162115419103
0 0.435799992528 0.548579999986 0.0490985259075 0.032732350605
0 0.514199990804 0.576359999376 0.0216821145063 0.0144547430042
0 0.441799992396 0.510020000834 0.0586402867178 0.0390935244785
0 0.398199993355 0.59843999889 0.0208083319598 0.0138722213065
0 0.566399989657 0.627779998245 0.0208828290451 0.0139218860301
0 0.574199989485 0.653999997669 0.0235585902263 0.0157057268175
0 0.5325999904 0.625099998304 0.0345439917655 0.0230293278437
0 0.624199988386 0.62799999824 0.0223689123366 0.0149126082244
0 0.571399989547 0.610459998626 0.0587474319282 0.0391649546188
0 0.586199989221 0.544720000071 0.0332439038531 0.0221626025687
0 0.60579998879 0.539300000191 0.0429929307905 0.0286619538604
0 0.687399986996 0.500920001034 0.0281014284247 0.0187342856165
0 0.705199986605 0.494020001186 0.0218285364004 0.0145523576003
0 0.724399986183 0.535160000282 0.0402171476263 0.0268114317509
0 0.657999987643 0.528560000427 0.0234812240633 0.0156541493755
0 0.627599988311 0.540280000169 0.0447387150766 0.0298258100511
0 0.647999987863 0.53978000018 0.0378086064019 0.0252057376013
0 0.621399988447 0.500940001034 0.0448738585276 0.029915905685
0 0.507999990941 0.463940001847 0.0548279750505 0.036551983367
0 0.609199988716 0.479340001509 0.032076387115 0.0213842580766
0 0.665999987467 0.482360001442 0.0346102773527 0.0230735182352
0 0.66539998748 0.464860001827 0.021447048006 0.014298032004
0 0.590399989129 0.578059999338 0.0350514227756 0.0233676151837
0 0.566999989643 0.55477999985 0.0475975036254 0.0317316690836
0 0.619999988478 0.59707999892 0.113383970245 0.075589313497
0 0.759399985413 0.55613999982 0.0299143887015 0.019942925801
0 0.732399986007 0.550299999949 0.0269287671336 0.0179525114224
0 0.703199986649 0.521700000577 0.0218296246712 0.0145530831141
0 0.749399985633 0.512220000786 0.0347731222431 0.0231820814954
0 0.797399984578 0.529660000402 0.0295713855211 0.0197142570141
0 0.817799984129 0.530920000375 0.0431032418797 0.0287354945864
0 0.775799985053 0.467320001773 0.0526094854873 0.0350729903249
0 0.738999985862 0.461760001895 0.0596738472095 0.0397825648064
0 0.741199985814 0.428980002616 0.0337908094143 0.0225272062762
0 0.784999984851 0.469300001729 0.157311527816 0.104874351877
0 0.695199986825 0.460240001929 0.0266845987318 0.0177897324879
0 0.855799983294 0.557379999793 0.0388951953634 0.0259301302423
0 0.836399983721 0.540300000169 0.0418015710278 0.0278677140185
0 0.877599982815 0.534260000301 0.0216872590593 0.0144581727062
0 0.880599982749 0.562839999673 0.0657579737109 0.0438386491406
0 0.896399982401 0.62255999836 0.0241027256436 0.0160684837624
0 0.745199985726 0.607059998701 0.113433437102 0.0756222914011
0 0.768999985202 0.660219997532 0.0256076063404 0.0170717375603
0 0.974399980687 0.545520000054 0.0201931621371 0.0134621080914
0 0.969399980797 0.608799998663 0.0246456738563 0.0164304492375
0 0.962999980937 0.496040001142 0.0226309877403 0.0150873251602
0 0.977199980625 0.369500003924 0.0250444756503 0.0166963171002
0 0.98379998048 0.33690000464 0.0345852471236 0.0230568314157
0 0.99059998033 0.224400007114 0.0271069467493 0.0180712978329
0 0.924399981786 0.397320003312 0.0205972074179 0.0137314716119
0 0.923999981795 0.439560002383 0.0498862361243 0.0332574907495
0 0.833999983773 0.417400002871 0.0574460578774 0.0382973719183
0 0.791799984701 0.328240004831 0.0320490814104 0.0213660542736
0 0.910599982089 0.380400003684 0.244707590531 0.163138393687
0 0.868799983008 0.33098000477 0.0209661312308 0.0139774208205
0 0.868399983017 0.263520006254 0.0228541821951 0.0152361214634
0 0.852599983364 0.239300006786 0.0320248426509 0.0213498951006
0 0.947599981276 0.32690000486 0.0248987462922 0.0165991641948
0 0.61219998865 0.327440004848 0.0249003292316 0.0166002194877
0 0.584199989265 0.356700004205 0.0223302292551 0.0148868195034
0 0.77499998507 0.309340005246 0.0306755846834 0.0204503897889
0 0.653599987739 0.276220005974 0.0351181040977 0.0234120693984
0 0.632999988192 0.293000005605 0.0330276347581 0.0220184231721
0 0.693999986851 0.275760005985 0.0350774423419 0.0233849615613
0 0.598799988944 0.387140003536 0.0455368133333 0.0303578755555
0 0.750799985603 0.348360004388 0.0369423428176 0.0246282285451
0 0.554599989916 0.449840002157 0.0940309531927 0.0626873021285
0 0.562999989731 0.497260001115 0.0958273915395 0.063884927693
0 0.460199991991 0.428060002636 0.0634343176116 0.0422895450744
0 0.521799990637 0.409800003038 0.0723858398948 0.0482572265965
0 0.556199989881 0.378600003724 0.0248889518547 0.0165926345698
0 0.447399992273 0.331280004764 0.0556999767902 0.0371333178601
0 0.419399992888 0.31010000523 0.020191480264 0.0134609868427
0 0.572399989525 0.288140005712 0.057005110322 0.0380034068813
0 0.392199993486 0.295840005543 0.0208799599675 0.0139199733116
0 0.358799994221 0.306240005314 0.0332364838246 0.0221576558831
0 0.375399993856 0.321140004987 0.0227204238162 0.0151469492108
0 0.394999993425 0.310860005213 0.0226350440225 0.0150900293484
0 0.329399994867 0.301720005414 0.064671879418 0.0431145862787
0 0.168799998398 0.329060004813 0.0228599203504 0.0152399469003
0 0.17599999824 0.408000003077 0.0274853681986 0.0183235787991
0 0.412999993029 0.457760001983 0.0223938436321 0.0149292290881
0 0.297999995557 0.360920004112 0.0411095297107 0.0274063531405
0 0.134799999145 0.324980004902 0.0573715607921 0.0382477071947
0 0.114999999581 0.303940005365 0.0211736941591 0.0141157961061
0 0.0894000001436 0.331600004757 0.0235780801676 0.0157187201117
0 0.103799999827 0.421660002777 0.0242386605642 0.0161591070428
0 0.0166000017441 0.340040004571 0.0360787504435 0.0240525002956
0 0.136799999101 0.287460005727 0.0230703523564 0.0153802349042
0 0.0210000016474 0.0689000105324 0.0241047043178 0.0160698028785
0 0.0316000014143 0.0860600101551 0.0356702531456 0.0237801687638
0 0.0396000012384 0.243920006685 0.0281997685347 0.0187998456898
0 0.0626000007328 0.251060006528 0.0439252820946 0.0292835213964
0 0.153599998732 0.182160008042 0.0436246225432 0.0290830816954
0 0.238599996863 0.193580007791 0.0666089025699 0.0444059350466
0 0.189199997949 0.175840008181 0.0305827848613 0.0203885232409
0 0.2505999966 0.160060008528 0.0216753870138 0.0144502580092
0 0.121799999431 0.18182000805 0.0226885671609 0.0151257114406
0 0.0828000002887 0.185940007959 0.0425080566669 0.0283387044446
0 0.146599998886 0.120160009405 0.0445602386598 0.0297068257732
0 0.128399999286 0.0982200098878 0.0607471790536 0.0404981193691
0 0.110599999677 0.0873600101265 0.0347928100518 0.0231952067012
0 0.246399996692 0.102780009788 0.0498712971338 0.0332475314225
0 0.265799996265 0.122020009365 0.0385190493895 0.0256793662597
0 0.158799998618 0.0957200099427 0.0275661970415 0.0183774646944
0 0.225399997154 0.0937200099867 0.0721310855858 0.0480873903905
0 0.193999997844 0.0376400112196 0.0340216217649 0.0226810811766
0 0.233399996978 0.0576600107795 0.0291493343047 0.0194328895365
0 0.192399997879 0.0820200102439 0.033708397632 0.022472265088
0 0.174199998279 0.207440007487 0.0202976361372 0.0135317574248
0 0.326599994929 0.184280007996 0.0584430128956 0.0389620085971
0 0.328399994889 0.230800006973 0.0567032635659 0.0378021757106
0 0.440399992427 0.208760007458 0.0563430459197 0.0375620306131
0 0.463399991921 0.225800007083 0.036956985007 0.0246379900047
0 0.373199993904 0.223740007128 0.0641403085822 0.0427602057214
0 0.43159999262 0.104820009743 0.0646328006017 0.0430885337345
0 0.577999989402 0.219360007224 0.0566455852117 0.0377637234745
0 0.646399987898 0.227580007044 0.022617334888 0.0150782232587
0 0.703799986636 0.228340007027 0.0241215230489 0.0160810153659
0 0.718999986302 0.247840006598 0.0278928761593 0.0185952507729
0 0.705999986587 0.240820006753 0.0407545555512 0.0271697037008
0 0.70859998653 0.199880007653 0.0272907655867 0.0181938437244
0 0.733399985985 0.205080007538 0.0314378689362 0.0209585792908
0 0.766199985264 0.153780008666 0.0218783000576 0.0145855333718
0 0.756199985484 0.0794000103015 0.0261799378657 0.0174532919104
0 0.735999985928 0.108300009666 0.0242821913976 0.0161881275984
0 0.70859998653 0.0760800103745 0.0302931069519 0.0201954046346
0 0.634599988157 0.0993400098631 0.0198753870534 0.0132502580356
0 0.583399989283 0.169220008327 0.0211994169243 0.0141329446162
0 0.646199987902 0.173580008231 0.0638634920553 0.0425756613702
0 0.813999984213 0.119440009421 0.038474529219 0.025649686146
0 0.730199986055 0.0587600107553 0.0613465194823 0.0408976796549
0 0.725599986157 0.0310200113652 0.0398167628929 0.0265445085953
0 0.846999983488 0.0364600112456 0.0215428158394 0.0143618772263
0 0.790399984732 0.0170800116716 0.0213490046972 0.0142326697981
0 0.923799981799 0.150980008728 0.0205552595239 0.0137035063493
0 0.948399981258 0.134180009097 0.0259161805888 0.0172774537259
0 0.938999981465 0.110920009609 0.0297286901236 0.0198191267491
0 0.94559998132 0.0750200103978 0.100112012749 0.0667413418327
0 0.984599980462 0.109800009633 0.0259144987157 0.0172763324772
0 0.92919998168 0.132040009144 0.0200997687128 0.0133998458085
0 0.968199980823 0.264380006235 0.0298810480404 0.0199206986936
0 0.387599993588 0.0408200111497 0.0260502357689 0.017366823846
0 0.157999998635 0.981079990478 0.0483073530107 0.0322049020071
0 0.780599984947 0.752999995492 0.0491347356462 0.0327564904308
0 0.657999987643 0.767839995166 0.0465222920408 0.0310148613606
0 0.778399984996 0.612759998575 0.138514122491 0.0923427483271
