0 0.31739999408 0.546660000029 0.251108634837 0.167405745516
0 0.869800018369 0.815479994119 0.268463588926 0.178975714146
0 0.787800014764 0.762439995285 0.45425914634 0.30283941092
0 0.631400007887 0.165640008406 0.128736520692 0.0858243414675
0 0.296399993157 0.977259990562 0.0496545399203 0.0331030244302
0 0.273599992154 0.970999990699 0.024165749606 0.0161104986747
0 0.0467999821816 0.909819992045 0.0745220264397 0.049681347683
0 0.284999992655 0.867159992982 0.054742602478 0.0364950659116
0 0.249799991108 0.814819994133 0.0426980150267 0.0284653414737
0 0.246599990967 0.960659990927 0.0393334768972 0.0262223162019
0 0.287199992752 0.938879991406 0.0590868812891 0.0393912515946
0 0.0263999812846 0.784779994794 0.0253765005361 0.0169176659082
0 0.0839999838173 0.853759993277 0.0305528119768 0.0203685399744
0 0.0741999833864 0.866199993004 0.0214170739164 0.0142780483358
0 0.18639998832 0.864719993036 0.0803970078484 0.0535980016972
0 0.303199993456 0.79265999462 0.0455751066918 0.0303834024572
0 0.396799997571 0.818219994058 0.0847459365446 0.0564972873034
0 0.450999999954 0.810099994237 0.0643108787854 0.0428739163625
0 0.624600007588 0.963359990867 0.0380083585807 0.0253389040492
0 0.626800007685 0.939799991385 0.0218520855064 0.0145680560434
0 0.618600007324 0.90867999207 0.0320344434467 0.0213562942225
0 0.606400006788 0.891299992452 0.0353535709963 0.0235690457764
0 0.692800010587 0.922219991772 0.0353513944544 0.0235675947485
0 0.714800011554 0.8982199923 0.0223296385984 0.0148864247504
0 0.682600010138 0.855319993243 0.0249860091223 0.0166573383163
0 0.580800005662 0.914159991949 0.0202941761343 0.0135294498639
0 0.557000004615 0.917439991877 0.0246884164767 0.0164589432322
0 0.565800005002 0.894499992381 0.0355451066885 0.0236967362294
0 0.51140000261 0.863839993055 0.0612154403886 0.0408102909007
0 0.553000004439 0.833919993713 0.0313436881767 0.0208957907396
0 0.562400004853 0.815659994115 0.031993287017 0.0213288566045
0 0.764400013735 0.990139990279 0.0257383011694 0.0171588663146
0 0.84980001749 0.937279991441 0.0327393462393 0.0218262293867
0 0.873600018536 0.951679991124 0.0197921864122 0.0131947900712
0 0.898600019636 0.934679991498 0.0564040954605 0.0376027278269
0 0.892600019372 0.903979992173 0.0368744791552 0.024582984482
0 0.95760002223 0.935719991475 0.0200988809606 0.01339925309
0 0.930000021016 0.97051999071 0.0304301341574 0.0202867547669
0 0.991600023725 0.598559998888 0.0206157107415 0.0137438062545
0 0.961400022397 0.598519998889 0.0217824361638 0.0145216231514
0 0.849400017472 0.685999996965 0.0241502170111 0.0161001436122
0 0.842400017165 0.602679998797 0.0206606266528 0.0137737501934
0 0.865400018176 0.591299999047 0.0204802704716 0.0136535127472
0 0.90280001982 0.589479999087 0.0419908367584 0.0279938893259
0 0.918600020515 0.633359998123 0.0207071255037 0.0138047494253
0 0.936400021298 0.66259999748 0.0604901572486 0.0403267688393
0 0.967000022643 0.724639996116 0.0391703351842 0.0261135550671
0 0.628200007746 0.681859997056 0.0350607271695 0.0233738165713
0 0.879800018809 0.620539998404 0.0278961446517 0.0185974285412
0 0.718000011695 0.605579998733 0.0211075102899 0.0140716725985
0 0.74700001297 0.596059998943 0.0322105454777 0.0214736955688
0 0.811000015784 0.598239998895 0.0296075991654 0.0197383981417
0 0.665800009399 0.761819995298 0.0435998948664 0.0290665946605
0 0.474600000992 0.700959996636 0.0325878787059 0.0217252510377
0 0.656800009004 0.61755999847 0.0240148756749 0.0160099160607
0 0.501000002153 0.571999999472 0.0318781281607 0.0212520840388
0 0.281799992515 0.577679999347 0.0208933187747 0.0139288782644
0 0.462800000473 0.744739995674 0.0255741701192 0.0170494456216
0 0.275399992233 0.696819996727 0.0223546688309 0.014903111571
0 0.241999990765 0.738799995804 0.0223057955706 0.0148705293996
0 0.233399990386 0.769119995138 0.0413019612292 0.0275346390034
0 0.157799987062 0.748139995599 0.027016228099 0.0180108175447
0 0.16639998744 0.681979997054 0.0200539650494 0.0133693091511
0 0.184599988241 0.618679998445 0.0233869433205 0.0155912945187
0 0.13999998628 0.619059998437 0.0304707959185 0.0203138626059
0 0.0635999829203 0.710099996435 0.0345679382838 0.0230452906692
0 0.0707999832369 0.739659995786 0.0239185142265 0.0159456750993
0 0.0587999827092 0.677439997153 0.0472909142894 0.0315272741135
0 0.0923999841867 0.71851999625 0.0221735211799 0.0147823464783
0 0.0215999810735 0.553299999883 0.037679799679 0.0251198647959
0 0.0141999807482 0.456220002017 0.0402724568839 0.0268483028184
0 0.0985999844593 0.508100000876 0.0365519552107 0.0243679685333
0 0.0183999809328 0.410560003021 0.0447899686479 0.0298599771292
0 0.0759999834655 0.439980002374 0.0645883878848 0.0430589224166
0 0.15979998715 0.445880002244 0.0219073894589 0.0146049253426
0 0.225399990035 0.452680002095 0.0567996324942 0.0378664191653
0 0.172599987713 0.483400001419 0.0233568674681 0.0155712439517
0 0.172999987731 0.374320003818 0.0273011572278 0.0182007702847
0 0.156999987027 0.353860004267 0.0376831634257 0.0251221072935
0 0.1813999881 0.39012000347 0.028595408222 0.019063604224
0 0.159199987124 0.442040002329 0.0728851679548 0.0485901087651
0 0.567200005064 0.517600000668 0.0389662349089 0.0259774882259
0 0.546800004167 0.530720000379 0.0356566049969 0.0237710684301
0 0.545600004114 0.412080002987 0.0219706081093 0.0146470711068
0 0.539800003859 0.408640003063 0.0258397082378 0.0172264710224
0 0.621400007447 0.470440001704 0.0249622650283 0.0166415089212
0 0.509000002505 0.445520002252 0.0395365878352 0.026357723485
0 0.572200005284 0.346280004434 0.0225425439752 0.0150283616589
0 0.540800003903 0.348580004384 0.0307791723402 0.0205194468735
0 0.524600003191 0.356820004202 0.0444106567452 0.029607102544
0 0.553800004475 0.375220003798 0.0254341788979 0.0169561181469
0 0.677000009892 0.499380001068 0.0213153700468 0.0142102457606
0 0.681400010085 0.481640001458 0.0477455147571 0.031830341072
0 0.641000008309 0.527840000442 0.0350482615201 0.023365506139
0 0.582000005715 0.498260001093 0.046565037547 0.0310433563172
0 0.49160000174 0.471580001679 0.0528915524779 0.0352610326596
0 0.510000002549 0.418660002843 0.0449807128703 0.0299871399357
0 0.520400003006 0.384700003589 0.0271574065249 0.0181049364892
0 0.607200006823 0.343600004493 0.0273330138873 0.0182220080564
0 0.761400013603 0.362160004085 0.0337966509615 0.0225310991549
0 0.880600018844 0.48700000134 0.0556878152894 0.0371252077443
0 0.832800016742 0.471620001678 0.0311581874418 0.0207721235912
0 0.900600019724 0.534500000296 0.0281608913005 0.0187739262954
0 0.972400022881 0.511040000812 0.0200413015325 0.0133608668071
0 0.839600017041 0.449640002162 0.0272191411695 0.0181460929162
0 0.713600011501 0.370000003913 0.0322052030565 0.0214701339549
0 0.720200011791 0.358540004165 0.0244579008968 0.0163052661891
0 0.941400021518 0.438400002409 0.0210996945256 0.0140664620893
0 0.758800013489 0.509100000854 0.0412092603286 0.0274728384071
0 0.79340001501 0.504620000953 0.0392754028004 0.02618360014
0 0.804600015502 0.527620000447 0.0327656626103 0.0218437736328
0 0.930600021043 0.416780002884 0.0994491699955 0.0662994422908
0 0.953600022054 0.555879999826 0.0529845501797 0.0353230311234
0 0.982200023312 0.137940009015 0.0270835030322 0.0180556674972
0 0.942400021562 0.140200008965 0.0198181070483 0.0132120704941
0 0.826800016479 0.139120008989 0.0317196363328 0.0211464228271
0 0.830400016637 0.182060008045 0.0214680247849 0.0143120155793
0 0.872200018475 0.211760007392 0.0307194163702 0.0204796095627
0 0.910800020172 0.234900006883 0.0242310458647 0.016154029511
0 0.885000019038 0.162520008474 0.0310397637726 0.0206931744836
0 0.887400019143 0.285640005767 0.0405633220362 0.0270422129072
0 0.92600002084 0.336140004657 0.0269353003117 0.0179568656901
0 0.797400015186 0.307000005298 0.0234162277032 0.0156108174392
0 0.772400014087 0.192820007808 0.0250928575457 0.0167285705938
0 0.649400008678 0.226880007059 0.0209708828153 0.0139805876214
0 0.637400008151 0.251660006514 0.0539628068553 0.0359752021974
0 0.691400010525 0.237380006828 0.0528603883544 0.0352402565787
0 0.761000013585 0.212500007375 0.0390698185193 0.0260465439616
0 0.962000022423 0.279060005912 0.0585837043623 0.0390558003322
0 0.80500001552 0.283180005821 0.0453593322369 0.0302395528301
0 0.486800001529 0.221980007167 0.0755468809 0.0503645839448
0 0.509200002514 0.259060006352 0.0227182502713 0.015145499182
0 0.492600001784 0.269300006127 0.0275141615383 0.0183427731491
0 0.438999999427 0.3159800051 0.0311479972681 0.0207653301425
0 0.516000002813 0.33372000471 0.0231872950629 0.015458195689
0 0.533200003569 0.321880004971 0.0428958824773 0.0285972530987
0 0.579000005583 0.327100004856 0.0371240889441 0.024749390997
0 0.519200002953 0.275420005992 0.0339856143768 0.0226570747568
0 0.433999999207 0.268940006134 0.0419157460609 0.0279438288642
0 0.466200000623 0.241200006744 0.0323671575648 0.02157810362
0 0.459000000306 0.222580007154 0.0200191403781 0.0133460927051
0 0.386799997132 0.244800006665 0.042010425636 0.0280069485768
0 0.384799997044 0.219260007227 0.0302633318966 0.020175553267
0 0.404199997897 0.294040005583 0.0284852949857 0.0189901954046
0 0.297999993227 0.315360005114 0.025025384745 0.0166835887296
0 0.25279999124 0.294640005569 0.0212871739351 0.014191448354
0 0.235599990483 0.310440005222 0.0206419281787 0.0137612845449
0 0.186599988329 0.31328000516 0.0264117430375 0.0176078275303
0 0.171999987687 0.292560005615 0.0293919236443 0.0195946144705
0 0.158399987089 0.249880006553 0.0498078871944 0.0332052559396
0 0.308799993702 0.207780007479 0.0200852281065 0.0133901511879
0 0.448199999831 0.193300007797 0.0238663761533 0.0159109163861
0 0.389199997237 0.14088000895 0.0200682115058 0.0133788067881
0 0.422599998706 0.176860008159 0.0197981224358 0.01319874742
0 0.19139998854 0.190260007864 0.0510773058236 0.0340515349698
0 0.0765999834919 0.217940007256 0.0261068292961 0.0174045517162
0 0.301999993403 0.255420006432 0.0200836451669 0.0133890958949
0 0.452400000016 0.138260009007 0.03940738039 0.0262715851939
0 0.101399984582 0.287580005725 0.045509117897 0.0303394099303
0 0.0765999834919 0.0505800109351 0.0267471283662 0.0178314177347
0 0.182799988162 0.0299600113885 0.0424752162774 0.0283168089839
0 0.14159998635 0.0342200112948 0.0244731366905 0.0163154233842
0 0.152199986816 0.12358000933 0.0272231974523 0.0181487971045
0 0.167999987511 0.100160009845 0.0606818908082 0.0404545912039
0 0.100799984556 0.0344600112895 0.0229153262521 0.0152768831605
0 0.27759999233 0.0897200100746 0.0289298042135 0.0192865348702
0 0.0991999844856 0.0200000116074 0.0216658922355 0.0144439272043
0 0.393199997413 0.115200009514 0.036908017688 0.0246053435025
0 0.443799999638 0.10860000966 0.0220047402446 0.0146698258621
0 0.484200001414 0.052360010896 0.0474597941585 0.0316398606855
0 0.501400002171 0.0354600112676 0.0234398728636 0.0156265808784
0 0.459600000333 0.0572800107878 0.0522302794581 0.0348201840088
0 0.559000004703 0.0473800110055 0.0650081636812 0.043338772929
0 0.550600004334 0.101660009812 0.0533842424298 0.0355894926059
0 0.393399997422 0.0601000107258 0.0515501100967 0.0343667377978
0 0.58940000604 0.0741800104163 0.0273896039782 0.0182597347811
0 0.602400006612 0.0920800100228 0.0375427764695 0.0250285159955
0 0.673200009725 0.0577800107769 0.0208785776496 0.0139190508484
0 0.717000011651 0.0212800115793 0.0348407974982 0.0232271968001
0 0.753200013242 0.0287000114162 0.033827815085 0.0225518752359
0 0.774000014157 0.0726400104502 0.0213991669121 0.0142661103338
0 0.834600016822 0.101940009806 0.03804605233 0.0253640332138
0 0.879200018783 0.0864600101463 0.0244116988471 0.0162744648246
0 0.985600023461 0.0908000100509 0.0219328154263 0.0146218759865
0 0.90280001982 0.0125800117706 0.0368707196736 0.0245804781612
0 0.810200015749 0.0549600108388 0.0514101188755 0.0342734103231
0 0.51640000283 0.673399997242 0.0228535916075 0.0152357267335
0 0.122399985506 0.696759996729 0.069673086696 0.0464487214004
0 0.9228000207 0.512080000789 0.0244461277835 0.0162974174474
0 0.356199995786 0.182900008026 0.0853785187841 0.0569190087686
