0 0.336400016698 0.593159977021 0.707182132413 0.471454754942
0 0.77480000706 0.855279971258 0.140019893591 0.0933465957272
0 0.206600019552 0.946439969254 0.0507461679511 0.033830778634
0 0.307000017345 0.967899968782 0.0631293049768 0.0420862033179
0 0.411200015054 0.932139969569 0.0217455310158 0.0144970206772
0 0.447600014254 0.930339969608 0.0304746503138 0.0203164335426
0 0.450000014201 0.909059970076 0.0331787065367 0.0221191376911
0 0.583400011268 0.861479971122 0.0267777942887 0.0178518628591
0 0.781400006915 0.963779968873 0.0331112337449 0.02207415583
0 0.64700000987 0.901359970245 0.0204034952093 0.0136023301396
0 0.648200009843 0.890099970493 0.0281314053395 0.0187542702264
0 0.875600004844 0.920579969823 0.0244457288239 0.0162971525493
0 0.865400005068 0.884579970614 0.0301539072188 0.0201026048125
0 0.904800004202 0.979419968529 0.0362766178679 0.024184411912
0 0.881400004717 0.96571996883 0.0242345053483 0.0161563368988
0 0.959400003002 0.931059969592 0.0786774303907 0.0524516202605
0 0.952400003156 0.966399968815 0.0802753087771 0.053516872518
0 0.925000003758 0.958499968989 0.0575424193131 0.0383616128754
0 0.908800004114 0.943219969325 0.027813234521 0.0185421563473
0 0.886000004615 0.908479970089 0.026528085599 0.0176853903994
0 0.972600002711 0.89021997049 0.0277767279812 0.0185178186541
0 0.90900000411 0.858679971184 0.0205207316583 0.0136804877722
0 0.886800004598 0.841339971565 0.0198792454682 0.0132528303121
0 0.901800004268 0.84383997151 0.0202524234307 0.0135016156205
0 0.906600004162 0.702279974622 0.0999883456087 0.0666588970725
0 0.90900000411 0.788139972734 0.0216541162657 0.0144360775105
0 0.871200004941 0.608179976691 0.0207989332571 0.0138659555048
0 0.847000005473 0.769019973155 0.158930083348 0.105953388898
0 0.705800008577 0.800359972466 0.0567334383482 0.0378222922321
0 0.784600006845 0.496199979153 0.0226565126381 0.0151043417587
0 0.768400007201 0.473779979646 0.020226898533 0.013484599022
0 0.980000002549 0.596079976957 0.0212295917065 0.0141530611377
0 0.884600004646 0.386659981561 0.0224401446094 0.0149600964063
0 0.850200005402 0.360019982147 0.0212694619925 0.0141796413284
0 0.923200003798 0.392379981435 0.0612243363477 0.0408162242318
0 0.929600003657 0.448319980205 0.0232115307637 0.0154743538425
0 0.799200006524 0.367859981974 0.0335444644708 0.0223629763139
0 0.776800007016 0.366979981994 0.025055259425 0.0167035062833
0 0.764000007298 0.345839982458 0.0361635366349 0.0241090244232
0 0.941000003406 0.513199978779 0.0205263708799 0.0136842472533
0 0.974000002681 0.310239983241 0.0483553358612 0.0322368905741
0 0.873600004888 0.318199983066 0.0577419686107 0.0384946457405
0 0.866600005042 0.295419983567 0.0307732322574 0.0205154881716
0 0.875600004844 0.170519986313 0.0513642068514 0.0342428045676
0 0.928800003674 0.24069998477 0.0247169061291 0.0164779374194
0 0.780000006946 0.3029999834 0.0235084308342 0.0156722872228
0 0.782600006889 0.293959983599 0.0203708470843 0.0135805647229
0 0.798200006546 0.290019983686 0.0219893036828 0.0146595357885
0 0.824600005965 0.275239984011 0.0244729355947 0.0163152903965
0 0.731200008019 0.226939985073 0.022901670377 0.0152677802513
0 0.676200009228 0.356739982219 0.0245341755626 0.0163561170417
0 0.657400009641 0.339059982608 0.0211605359754 0.0141070239836
0 0.645400009905 0.368439981962 0.0216425410214 0.0144283606809
0 0.650200009799 0.300319983459 0.0292556880454 0.0195037920303
0 0.811800006247 0.25481998446 0.0432890393912 0.0288593595942
0 0.806400006365 0.214039985356 0.0908977225262 0.0605984816841
0 0.477600013594 0.245799984658 0.0409740894586 0.0273160596391
0 0.368800015986 0.248659984595 0.022534824172 0.0150232161147
0 0.233200018967 0.260839984327 0.119769152033 0.0798461013555
0 0.0326000233776 0.195999985753 0.024007353545 0.0160049023633
0 0.0186000236854 0.0959799879517 0.0297589638395 0.0198393092264
0 0.141600020981 0.0390399892036 0.0341119482442 0.0227412988295
0 0.108200021716 0.0678999885691 0.0575330206105 0.0383553470736
0 0.24720001866 0.0147799897369 0.0256511371738 0.0171007581158
0 0.274200018066 0.0674799885783 0.0889765287682 0.0593176858455
0 0.290800017701 0.0387399892102 0.0372923702915 0.0248615801943
0 0.312000017235 0.182619986047 0.202869512963 0.135246341975
0 0.353400016325 0.0996199878717 0.0233793223397 0.0155862148931
0 0.380800015722 0.0769199883708 0.025537264471 0.0170248429807
0 0.673400009289 0.0145599897418 0.021989897285 0.0146599315234
0 0.688200008964 0.0330399893355 0.0377977236936 0.0251984824624
0 0.558000011827 0.109159987662 0.0209727597895 0.0139818398597
0 0.750600007592 0.145999986852 0.0197936678071 0.0131957785381
0 0.770800007148 0.0285399894344 0.025286269643 0.0168575130954
0 0.912800004026 0.112959987578 0.0208264368291 0.0138842912194
0 0.818400006102 0.112239987594 0.0278361871422 0.0185574580948
0 0.793400006651 0.108859987669 0.0231928322921 0.0154618881947
0 0.790000006726 0.148019986808 0.0256133444957 0.0170755629971
0 0.761800007346 0.14653998684 0.0353677138536 0.0235784759024
0 0.775400007047 0.133659987123 0.0229896224472 0.0153264149648
0 0.817000006132 0.0887999881096 0.0208652188443 0.0139101458962
0 0.794600006625 0.0353199892854 0.0218074635197 0.0145383090131
0 0.818400006102 0.0548599888558 0.0783692518771 0.0522461679181
0 0.935600003525 0.0795799883123 0.0607695380726 0.0405130253817
0 0.989800002333 0.0611199887181 0.0219876218097 0.0146584145398
0 0.982000002505 0.112699987584 0.0247720122068 0.0165146748046
0 0.943200003358 0.10471998776 0.0272243810657 0.0181495873772
0 0.194800019812 0.839259971611 0.0447119040406 0.0298079360271
0 0.34680001647 0.869879970937 0.151707922354 0.101138614903
0 0.116800021526 0.949759969181 0.0733034500758 0.0488689667172
0 0.8776000048 0.942739969335 0.0256036489919 0.0170690993279
0 0.837800005675 0.296079983552 0.0404587437516 0.0269724958344
0 0.573600011484 0.351539982333 0.0624729787298 0.0416486524866
0 0.381000015718 0.232119984959 0.0565028238649 0.0376685492433
0 0.0692000225729 0.115359987526 0.0532412761737 0.0354941841158
