0 0.289800017723 0.385179981594 0.114433656932 0.0762891046215
0 0.126800021307 0.97893996854 0.0201154002393 0.0134102668262
0 0.472600013704 0.970979968715 0.0202856651581 0.013523776772
0 0.723000008199 0.989299968312 0.0260729905227 0.0173819936818
0 0.820400006058 0.968799968763 0.0253935137871 0.0169290091914
0 0.829200005864 0.937919969441 0.0203843020692 0.0135895347128
0 0.659200009602 0.931739969577 0.0243478833825 0.016231922255
0 0.739600007834 0.895999970363 0.0237756507909 0.0158504338606
0 0.746000007693 0.872579970878 0.0229871491044 0.0153247660696
0 0.756200007469 0.860179971151 0.0202514340936 0.0135009560624
0 0.258200018418 0.924699969732 0.0268434862736 0.0178956575158
0 0.516600012737 0.881859970674 0.0220157189839 0.0146771459893
0 0.549600012011 0.885799970587 0.0251121463095 0.016741430873
0 0.32360001698 0.847859971421 0.020397064518 0.013598043012
0 0.422800014799 0.796659972547 0.0451875773291 0.0301250515527
0 0.062600022718 0.774959973024 0.0279813228981 0.0186542152654
0 0.147200020858 0.771799973094 0.0204718584045 0.013647905603
0 0.145000020906 0.580279977304 0.0315879513776 0.0210586342518
0 0.169600020366 0.594679976988 0.0207499610696 0.0138333073797
0 0.129200021254 0.71557997433 0.020941991405 0.0139613276034
0 0.307800017327 0.635619976088 0.0207381879578 0.0138254586386
0 0.106200021759 0.540559978178 0.0354554680564 0.0236369787043
0 0.290800017701 0.587039977156 0.0398634596051 0.0265756397367
0 0.167000020423 0.56135997772 0.0284926123229 0.0189950748819
0 0.46460001388 0.708579974484 0.0215012636803 0.0143341757869
0 0.386600015595 0.737879973839 0.0459584688148 0.0306389792099
0 0.560400011774 0.637219976052 0.0246300423298 0.0164200282199
0 0.190200019913 0.743839973708 0.0659197303304 0.043946486887
0 0.544400012126 0.727679974064 0.0358753427311 0.0239168951541
0 0.452600014144 0.730759973996 0.040196272613 0.0267975150754
0 0.319200017077 0.703899974586 0.0205321090352 0.0136880726902
0 0.699800008709 0.64553997587 0.0348936235046 0.0232624156697
0 0.784200006853 0.698439974706 0.0436208630621 0.0290805753747
0 0.920200003863 0.794179972602 0.0486893360737 0.0324595573824
0 0.835600005723 0.712959974387 0.0227630642462 0.0151753761641
0 0.981000002527 0.742259973743 0.0397549293227 0.0265032862152
0 0.878000004791 0.608859976676 0.0249416835233 0.0166277890155
0 0.95540000309 0.635699976086 0.0568094194392 0.0378729462928
0 0.758600007416 0.555839977842 0.0207674723367 0.0138449815578
0 0.628000010288 0.569079977551 0.0216191926653 0.0144127951102
0 0.63060001023 0.533479978333 0.021998504518 0.0146656696787
0 0.666200009448 0.429319980623 0.0224050231416 0.0149366820944
0 0.922200003819 0.449559980178 0.0323051218576 0.0215367479051
0 0.969000002791 0.438719980417 0.0264523023755 0.0176348682503
0 0.929800003652 0.401679981231 0.0325513678674 0.0217009119116
0 0.725800008137 0.357859982194 0.0451913368101 0.0301275578734
0 0.838400005662 0.446939980236 0.0215257003072 0.0143504668715
0 0.78980000673 0.429299980624 0.0447036925425 0.029802461695
0 0.874800004862 0.499639979077 0.0263781020913 0.0175854013942
0 0.568200011602 0.511559978815 0.0539921830495 0.0359947886997
0 0.522000012618 0.586079977177 0.0436192801227 0.0290795200818
0 0.489400013335 0.492999979223 0.0583151905394 0.0388767936929
0 0.618000010507 0.400099981266 0.0590829161464 0.0393886107642
0 0.559400011796 0.419099980848 0.0252378910578 0.0168252607052
0 0.359200016197 0.440499980377 0.0202486639497 0.0134991092998
0 0.409800015085 0.555659977846 0.025618390115 0.0170789267433
0 0.214000019389 0.508979978872 0.0284613492698 0.0189742328466
0 0.177000020203 0.537799978238 0.0497752324992 0.0331834883328
0 0.0700000225553 0.495239979174 0.0315108820158 0.0210072546772
0 0.0690000225773 0.512879978786 0.0326838401081 0.0217892267387
0 0.156400020656 0.434799980503 0.0351003949632 0.0234002633088
0 0.201800019658 0.385279981591 0.090441539179 0.0602943594527
0 0.392800015459 0.543679978109 0.113340439412 0.0755602929414
0 0.00940002388765 0.463099979881 0.0267604808891 0.0178403205927
0 0.0340000233468 0.438479980422 0.0298294046426 0.0198862697618
0 0.0534000229203 0.471039979706 0.0278166972009 0.0185444648006
0 0.0680000225993 0.30257998341 0.190863906983 0.127242604656
0 0.0814000223047 0.356019982235 0.0273443876587 0.0182295917725
0 0.103600021817 0.146939986831 0.0199540393546 0.0133026929031
0 0.146400020876 0.112299987593 0.0261043525095 0.017402901673
0 0.275600018035 0.166299986406 0.031858732948 0.0212391552987
0 0.345200016505 0.213119985376 0.0258025057535 0.0172016705023
0 0.41000001508 0.1938599858 0.0204354507984 0.0136236338656
0 0.16260002052 0.16429998645 0.0224480593064 0.0149653728709
0 0.324600016958 0.174919986216 0.0291417164089 0.0194278109393
0 0.322000017015 0.151259986736 0.0263921506784 0.0175947671189
0 0.295800017591 0.268619984156 0.0263869071917 0.0175912714611
0 0.694200008832 0.270239984121 0.0201337029761 0.0134224686507
0 0.674200009272 0.247019984631 0.0320093100581 0.0213395400387
0 0.503200013031 0.208939985468 0.0842882580128 0.0561921720085
0 0.530600012429 0.242679984727 0.0216207756047 0.0144138504031
0 0.712600008428 0.315879983117 0.0345638774417 0.0230425849611
0 0.531800012403 0.297819983514 0.039751070908 0.0265007139386
0 0.289000017741 0.231459984973 0.176184122762 0.117456081841
0 0.962800002927 0.318739983054 0.0204072546904 0.0136048364603
0 0.835400005728 0.30483998336 0.0614762215791 0.0409841477194
0 0.926800003718 0.270499984115 0.113794545151 0.0758630301008
0 0.619400010477 0.0613199887138 0.0326725616649 0.0217817077766
0 0.945600003305 0.161859986503 0.0316828288077 0.0211218858718
0 0.964200002896 0.0639799886553 0.0375931287767 0.0250620858511
0 0.569600011572 0.0708199885049 0.0327461683468 0.0218307788979
0 0.510600012869 0.0576799887938 0.0223455639805 0.0148970426537
0 0.484400013445 0.0420999891363 0.0232125201009 0.0154750134006
0 0.292800017657 0.0221799895743 0.0242155100755 0.0161436733837
0 0.178800020163 0.0835799882244 0.0259030224051 0.0172686816034
0 0.125800021329 0.0759599883919 0.037694436898 0.0251296245987
0 0.240000018818 0.0998999878656 0.0607026588831 0.0404684392554
0 0.0212000236282 0.0138599897572 0.0216566885422 0.0144377923615
0 0.585800011215 0.0349599892933 0.0225714296456 0.0150476197637
0 0.495600013198 0.0666799885959 0.0330920406048 0.0220613604032
0 0.761400007355 0.11381998756 0.0240135863688 0.0160090575792
0 0.0290000234567 0.034379989306 0.019826711667 0.013217807778
