0 0.791000014904 0.275979983994 0.2536571676 0.169104767247
0 0.548800004255 0.259039984367 0.217518656427 0.145012428054
0 0.484600001432 0.555099977858 0.246938578316 0.164625708019
0 0.648600008643 0.0927799880221 0.271408845928 0.180939218685
0 0.759800013533 0.118659987453 0.14270695204 0.0951379617517
0 0.209399989331 0.77697997298 0.200817654262 0.133878427344
0 0.816400016021 0.928639969645 0.184608352711 0.123072227023
0 0.215199989586 0.982759968456 0.0256665742186 0.0171110483505
0 0.190799988513 0.964979968847 0.0342976513463 0.0228650993895
0 0.173199987739 0.987199968358 0.0291068955817 0.0194045957746
0 0.213599989516 0.959559968966 0.0319749842778 0.0213166547792
0 0.247999991028 0.974639968634 0.0716131770488 0.0477421148837
0 0.0457999821376 0.970039968735 0.0359028510391 0.0239352324474
0 0.054199982507 0.984719968413 0.0437540336104 0.0291693538164
0 0.128199985761 0.97799996856 0.0393555391179 0.0262370243481
0 0.0439999820585 0.90749997011 0.0385390390831 0.0256926910275
0 0.0643999829555 0.902099970229 0.0219622976764 0.0146415308186
0 0.074599983404 0.917439969892 0.0307520644995 0.0205013749808
0 0.0839999838173 0.877659970766 0.0216967595577 0.0144645054178
0 0.0709999832457 0.889379970509 0.0242976282618 0.0161984177728
0 0.0899999840811 0.834179971722 0.0624832760782 0.041655514638
0 0.0219999810911 0.780979972892 0.024434057869 0.0162893708383
0 0.0607999827972 0.787859972741 0.0350634973138 0.0233756633341
0 0.107399984846 0.978299968554 0.0238026628342 0.0158684408428
0 0.046399982164 0.98757996835 0.0200589117356 0.0133726069417
0 0.0629999828939 0.824459971936 0.0209835463321 0.0139890299654
0 0.129799985831 0.794759972589 0.0233212513269 0.0155474998592
0 0.12999998584 0.821579971999 0.0242474688631 0.0161649781759
0 0.125799985655 0.843459971518 0.0215264946165 0.0143509954645
0 0.189399988452 0.851479971342 0.024003696164 0.0160024630539
0 0.254199991301 0.832359971762 0.024922394737 0.0166149287288
0 0.274999992216 0.803839972389 0.025617107356 0.0170780704442
0 0.31079999379 0.82655997189 0.0253722463859 0.0169148298083
0 0.287199992752 0.844379971498 0.0479510990383 0.0319673972504
0 0.156999987027 0.896359970355 0.0362460521321 0.024164033161
0 0.199399988892 0.887399970552 0.0375391159216 0.0250260756305
0 0.230399990255 0.897619970327 0.0218566364578 0.0145710900108
0 0.218599989736 0.918059969878 0.0346342238798 0.0230894810636
0 0.218599989736 0.936679969469 0.0198559986651 0.0132373315703
0 0.244999990897 0.893099970427 0.0210572519575 0.0140381670458
0 0.28259999255 0.916699969908 0.0395468769426 0.0263645828895
0 0.256799991415 0.923479969759 0.0256602424602 0.0171068271785
0 0.226799990096 0.946419969255 0.022549469336 0.0150329785658
0 0.233399990386 0.937379969453 0.0236508984996 0.0157672646265
0 0.278999992392 0.869699970941 0.0236949240074 0.015796614963
0 0.31579999401 0.874539970835 0.0202972430798 0.0135314944941
0 0.338599995012 0.868139970976 0.0259549660278 0.017303309544
0 0.30739999364 0.937719969446 0.0258057739701 0.0172038481787
0 0.369799996384 0.874519970835 0.0254734555868 0.0169823026045
0 0.357399995839 0.853079971307 0.0403034231399 0.0268689469878
0 0.337199994951 0.852359971323 0.0230523494616 0.0153682319608
0 0.3587999959 0.900419970266 0.0790241045426 0.052682732887
0 0.42859999897 0.979759968522 0.0220271982002 0.0146847978316
0 0.412999998284 0.973779968653 0.0199289128206 0.0132859410041
0 0.408999998108 0.929899969618 0.0203298912092 0.0135532599122
0 0.458200000271 0.926919969683 0.0356430510765 0.0237620324838
0 0.485800001485 0.954499969077 0.0239006072222 0.0159337370972
0 0.518200002909 0.969639968744 0.0376383464481 0.0250922293104
0 0.397599997606 0.90249997022 0.0250763356135 0.0167175559731
0 0.404399997905 0.815999972122 0.0387017850612 0.0258011883391
0 0.442799999594 0.827659971866 0.0387808331077 0.0258538870333
0 0.377599996727 0.825379971916 0.0201972210836 0.0134648131676
0 0.340199995083 0.82063997202 0.0676279287268 0.0450852828442
0 0.328399994564 0.879599970724 0.0226306939244 0.0150871282879
0 0.394599997475 0.851839971334 0.0690502988953 0.0460335295607
0 0.487600001564 0.839099971614 0.0336627936312 0.0224418609406
0 0.477400001115 0.822719971974 0.0474752278196 0.0316501497922
0 0.474800001001 0.793539972616 0.0939928761122 0.0626619132752
0 0.50980000254 0.818839972059 0.0257494806804 0.0171663193214
0 0.513000002681 0.842579971538 0.0260951551165 0.0173967689303
0 0.460200000359 0.858319971191 0.047955155321 0.0319701014387
0 0.456000000174 0.90249997022 0.0339018175115 0.0226012101836
0 0.440799999506 0.900999970253 0.0553778559281 0.0369185681837
0 0.522800003112 0.899519970286 0.11473541989 0.0764902748814
0 0.526200003261 0.863259971083 0.0298284192402 0.0198856115153
0 0.586200005899 0.838919971618 0.0222382238362 0.0148254815797
0 0.574600005389 0.844859971487 0.029478094919 0.0196520619832
0 0.587600005961 0.898659970305 0.0225499640046 0.0150333083449
0 0.620000007386 0.904859970168 0.0251488540342 0.0167659015836
0 0.608600006884 0.893939970408 0.0212268243626 0.0141512153084
0 0.550200004316 0.949219969193 0.0965202370584 0.0643468204616
0 0.677000009892 0.888519970528 0.0230395870111 0.015359723661
0 0.677800009927 0.904979970166 0.0235978700229 0.015731912311
0 0.658800009092 0.915419969936 0.0210209432803 0.0140139612626
0 0.649800008696 0.846199971458 0.0280103141706 0.0186735415488
0 0.617200007262 0.83425997172 0.0222929341863 0.014861955144
0 0.586600005917 0.863939971068 0.0199027943171 0.0132685286696
0 0.647600008599 0.818479972067 0.097816862462 0.0652112373403
0 0.539800003859 0.796379972553 0.024999464109 0.0166663083068
0 0.834400016813 0.821259972006 0.020807840036 0.0138718924424
0 0.900600019724 0.912759969995 0.0276033997585 0.018402265292
0 0.861400018 0.850959971353 0.0223372564952 0.014891503348
0 0.938400021386 0.791659972657 0.0750929729683 0.050061978677
0 0.896400019539 0.774759973029 0.0396063361115 0.0264042223328
0 0.80500001552 0.753839973489 0.0948473666975 0.0632315736279
0 0.801400015362 0.786299972775 0.0245576260919 0.0163717496481
0 0.735600012469 0.733979973925 0.0388190215257 0.0258793459769
0 0.734600012425 0.722939974168 0.0212561087453 0.0141707382289
0 0.666400009426 0.668439975366 0.0485889247652 0.0323926143736
0 0.672200009681 0.703959974585 0.0243312657284 0.0162208427491
0 0.626800007685 0.670479975321 0.0230701575322 0.015380104007
0 0.560600004774 0.671059975308 0.0239571973131 0.015971463822
0 0.759000013497 0.57093997751 0.0284071373428 0.0189380903128
0 0.709600011325 0.620679976416 0.174461709845 0.116307798892
0 0.870000018378 0.682539975056 0.0289388071825 0.0192925368492
0 0.654800008916 0.575439977411 0.0459206821942 0.0306137861103
0 0.605600006752 0.625199976317 0.0296868450793 0.0197912287476
0 0.621200007438 0.518199978669 0.0363050166324 0.0242033428253
0 0.533800003595 0.721519974199 0.0259758410438 0.0173172262204
0 0.512200002645 0.770039973132 0.0248188111266 0.0165458729931
0 0.427999998943 0.634659976109 0.0346736984362 0.0231157974328
0 0.41199999824 0.687919974938 0.0223387405011 0.0148924926852
0 0.404399997905 0.687859974939 0.0516599265318 0.0344399487497
0 0.367799996296 0.682679975053 0.0204059712439 0.013603979932
0 0.397399997598 0.728539974045 0.0307697736363 0.0205131810713
0 0.396599997562 0.778959972936 0.0360322563518 0.0240215026502
0 0.373599996551 0.781019972891 0.0201204485127 0.0134136314571
0 0.360199995962 0.746639973647 0.0331216261539 0.0220810826462
0 0.548800004255 0.757219973414 0.0918566991158 0.0612377953716
0 0.610400006963 0.754499973474 0.0393096338694 0.0262064208511
0 0.283199992576 0.644579975891 0.0406878795963 0.0271252512752
0 0.317599994089 0.665259975436 0.0252731147931 0.0168487420841
0 0.290599992902 0.680839975093 0.0227582194963 0.0151721453302
0 0.262399991662 0.666679975405 0.0330590011057 0.0220393326169
0 0.232199990334 0.672719975272 0.0213949127619 0.0142632742338
0 0.279399992409 0.738799973819 0.0238238346514 0.0158825553867
0 0.189199988443 0.711419974421 0.0205081697821 0.0136721122863
0 0.299599993297 0.72331997416 0.0213144796432 0.0142096521583
0 0.1995999889 0.800519972462 0.0229481722489 0.0152987804902
0 0.209399989331 0.644519975892 0.0600570253993 0.0400380142921
0 0.164399987353 0.666759975403 0.031029177864 0.0206861172117
0 0.333599994792 0.608479976684 0.0712548390958 0.0475032229308
0 0.231799990316 0.607679976702 0.0717733507501 0.0478488973441
0 0.234199990422 0.578239977349 0.0313050050901 0.0208700020169
0 0.204399989111 0.575199977416 0.051295058953 0.0341967037132
0 0.176799987898 0.637279976051 0.0259425003784 0.0172949991116
0 0.188599988417 0.619179976449 0.0220183930986 0.0146789277643
0 0.34399999525 0.564479977652 0.0593191776761 0.0395461158424
0 0.396199997545 0.589159977109 0.0221939015273 0.0147959333757
0 0.124599985603 0.736679973866 0.0436950691102 0.0291300441521
0 0.125799985655 0.670499975321 0.0293442375887 0.0195628237688
0 0.0695999831841 0.696119974757 0.031428573313 0.0209523808268
0 0.0435999820409 0.769719973139 0.0277602097131 0.0185068052548
0 0.0399999818826 0.741339973763 0.0740829585669 0.0493886357871
0 0.0369999817507 0.689499974903 0.0224397518346 0.0149598335697
0 0.0533999824718 0.65187997573 0.0426396441288 0.0284264275443
0 0.0857999838964 0.791679972657 0.0206652765379 0.0137768501166
0 0.0907999841163 0.80379997239 0.0261733127595 0.0174488740222
0 0.121199985453 0.619199976449 0.0346208678269 0.0230805770289
0 0.0971999843977 0.637939976037 0.0206694317544 0.0137796202607
0 0.101399984582 0.600239976865 0.0308542630377 0.0205695073351
0 0.0561999825949 0.608499976684 0.0403796021083 0.0269197329634
0 0.0879999839932 0.58227997726 0.0262385100845 0.0174923389026
0 0.0905999841075 0.662599975494 0.0686605989514 0.0457737296152
0 0.0127999806866 0.66961997534 0.033853735721 0.0225691556588
0 0.131799985919 0.619979976431 0.0813641839468 0.0542427857202
0 0.0811999836942 0.613539976573 0.0228750602259 0.0152500391448
0 0.0757999834567 0.556539977826 0.0224019591516 0.0149346384494
0 0.0571999826389 0.514719978746 0.0381928699783 0.0254619116395
0 0.186199988311 0.544379978094 0.0198582741407 0.013238848554
0 0.162599987273 0.533299978337 0.0503805155964 0.0335870081823
0 0.0195999809856 0.393479981411 0.0408705112532 0.027247005705
0 0.0351999816715 0.511059978826 0.0264341020594 0.0176227335439
0 0.025999981267 0.495019979179 0.0731121219206 0.048741411399
0 0.115599985207 0.539639978198 0.0232773247529 0.0155182154784
0 0.209799989349 0.505959978938 0.0335168663864 0.0223445761172
0 0.178599987977 0.503839978985 0.0483921455856 0.0322614282626
0 0.13499998606 0.493439979213 0.031676699096 0.0211177980045
0 0.137999986192 0.443279980316 0.0715067243604 0.0476711464294
0 0.0607999827972 0.470919979709 0.0805155304513 0.0536770167606
0 0.123999985576 0.509219978867 0.0401690711409 0.0267793789944
0 0.298199993236 0.531119978385 0.0358295411487 0.0238863591903
0 0.235399990474 0.505999978937 0.0347360266831 0.0231573495947
0 0.195799988733 0.409699981055 0.0250150956376 0.0166767293251
0 0.207399989243 0.373999981839 0.0202465890125 0.0134977251181
0 0.176799987898 0.362679982088 0.0372007625812 0.0248005067517
0 0.171999987687 0.344999982477 0.0376972120146 0.0251314730189
0 0.149199986684 0.322759982966 0.0354252979472 0.0236168637404
0 0.197599988812 0.320899983007 0.0288048509184 0.019203232679
0 0.23619999051 0.356879982216 0.0997004616577 0.0664669700546
0 0.0731999833424 0.374499981828 0.0455766896314 0.0303844577502
0 0.0169999808713 0.326499982884 0.0243263190421 0.0162175449584
0 0.101599984591 0.312939983182 0.105354524058 0.0702363447394
0 0.316199994027 0.413219980977 0.0354301456997 0.0236200955752
0 0.326199994467 0.449859980172 0.0212547236732 0.0141698148475
0 0.360999995997 0.426779980679 0.0354748637435 0.0236499076025
0 0.354999995733 0.497919979115 0.16099089381 0.107327255461
0 0.330399994652 0.439359980402 0.0198917137399 0.0132611416186
0 0.27099999204 0.43309998054 0.136009138838 0.0906727532449
0 0.358999995909 0.388299981525 0.0537772071867 0.0358514690932
0 0.328199994555 0.383919981621 0.0475833623814 0.0317222394953
0 0.30079999335 0.376119981793 0.0334524605312 0.0223016388832
0 0.401799997791 0.329479982818 0.0292458974657 0.0194972636912
0 0.435999999295 0.336479982664 0.066046868863 0.0440312430046
0 0.505200002338 0.358359982183 0.0930626022933 0.0620417307702
0 0.604600006708 0.317699983077 0.0387139539094 0.025809300904
0 0.571600005257 0.463279979877 0.163666061742 0.109110700631
0 0.60100000655 0.520359978622 0.0200181510408 0.013345433147
0 0.667600009479 0.472359979677 0.145549317967 0.097032872245
0 0.8182000161 0.497619979122 0.036089440045 0.0240596251098
0 0.78340001457 0.563699977669 0.0453073920312 0.0302049260286
0 0.832200016716 0.466879979797 0.0377058192487 0.0251372111746
0 0.794800015072 0.444619980287 0.05281804472 0.0352120274909
0 0.767800013884 0.409259981064 0.0546279382904 0.0364186231249
0 0.75860001348 0.461719979911 0.157910097605 0.10527339146
0 0.764400013735 0.433619980529 0.0218340795684 0.0145560520856
0 0.936200021289 0.451199980142 0.0288488764262 0.0192325830156
0 0.927200020893 0.386479981565 0.040245744778 0.0268304947491
0 0.841200017112 0.347999982411 0.0285764129467 0.019050940708
0 0.915200020366 0.227119985069 0.0680641275216 0.0453760820216
0 0.84820001742 0.20383998558 0.0202086973957 0.0134724640419
0 0.840200017068 0.166819986394 0.0219690251697 0.0146460158138
0 0.766600013832 0.189499985896 0.0272527786361 0.0181685178924
0 0.761800013621 0.17609998619 0.0234925056054 0.0156616693706
0 0.83660001691 0.127699987254 0.0204526679623 0.0136351110755
0 0.810200015749 0.145099986872 0.0370698732626 0.0247132472118
0 0.799400015274 0.0802599882973 0.0452192420819 0.0301461593996
0 0.856800017798 0.0898799880858 0.0232710919282 0.0155140602622
0 0.913800020304 0.158899986568 0.0967269096105 0.0644846021539
0 0.583800005794 0.201099985641 0.0433074467745 0.0288716292787
0 0.630000007825 0.223199985155 0.0236309138871 0.0157539415523
0 0.7386000126 0.197599985718 0.0231104235584 0.0154069480227
0 0.612000007034 0.132959987139 0.0238457979384 0.0158971975771
0 0.44839999984 0.282239983857 0.0444316306949 0.0296210851763
0 0.40359999787 0.269699984132 0.027096166549 0.0180641098412
0 0.426199998864 0.226259985087 0.123198210751 0.0821321350833
0 0.493000001801 0.204619985563 0.0561103612301 0.0374069050195
0 0.524200003173 0.166219986407 0.0279868668777 0.0186579100212
0 0.44839999984 0.153199986694 0.0602139342876 0.0401426202107
0 0.478400001159 0.158859986569 0.0214984963723 0.0143323299695
0 0.293399993025 0.211039985422 0.0208483039297 0.0138988683697
0 0.315599994001 0.244079984696 0.020182282091 0.0134548538399
0 0.301399993376 0.289619983695 0.0204799736704 0.0136533148798
0 0.367599996287 0.308059983289 0.0636983800922 0.0424655839273
0 0.347999995426 0.338179982627 0.0404766560928 0.0269844356155
0 0.181599988109 0.194119985794 0.0303903627999 0.0202602405303
0 0.193199988619 0.299499983477 0.0356898467286 0.0237932295831
0 0.174999987819 0.283119983837 0.0253081373319 0.0168720904418
0 0.088199984002 0.162359986492 0.0308858228961 0.0205905472393
0 0.0563999826037 0.183159986035 0.0300920776181 0.0200613837556
0 0.041599981953 0.145859986855 0.0222919448491 0.0148612955859
0 0.041599981953 0.133219987133 0.0259325080722 0.0172883375745
0 0.0287999813901 0.192519985829 0.0304608036123 0.0203072010688
0 0.0377999817859 0.0983199879003 0.0414805366033 0.027653689245
0 0.0707999832369 0.103819987779 0.0489905956899 0.0326603949724
0 0.046399982164 0.065399988624 0.0387050498741 0.0258033648809
0 0.0289999813989 0.0710999884987 0.0281321015865 0.018754733154
0 0.156399987001 0.0607399887265 0.0203820292824 0.0135880186254
0 0.183599988197 0.027059989467 0.0469817463979 0.0313211621995
0 0.201799988997 0.137599987037 0.0259802930615 0.017320194232
0 0.21959998978 0.00893998986534 0.0256540096355 0.0171026719623
0 0.292199992972 0.0794799883145 0.0200295284192 0.0133530180654
0 0.222399989903 0.0710999884987 0.0210808971178 0.0140539304849
0 0.286599992726 0.105839987735 0.0406307948368 0.0270871947713
0 0.348799995461 0.067039988588 0.0260590443068 0.0173726950587
0 0.318799994142 0.0530599888953 0.0268874163886 0.0179249430768
0 0.347399995399 0.117679987475 0.0562681605219 0.0375121045405
0 0.494000001845 0.11835998746 0.0340994870946 0.022732989897
0 0.49320000181 0.0895399880933 0.0281887906111 0.0187925258346
0 0.333599994792 0.0342999893078 0.0730174423455 0.0486782916864
0 0.330999994678 0.0719399884803 0.0313972113221 0.0209314728342
0 0.437399999356 0.0578799887894 0.0997232164146 0.0664821398915
0 0.421199998644 0.130239987199 0.0475859346582 0.0317239543464
0 0.359799995944 0.0909599880621 0.0489836703291 0.0326557780656
0 0.324399994388 0.0957199879575 0.0676658203436 0.0451105439204
0 0.414199998336 0.105479987743 0.12239882625 0.0815992121182
0 0.400799997747 0.0261799894863 0.024539916955 0.0163599435577
0 0.425799998846 0.0204799896116 0.0209469408538 0.0139646263148
0 0.520000002988 0.0168799896908 0.0327953427279 0.0218635603765
0 0.538600003806 0.0387599892097 0.0346961563918 0.0231307694023
0 0.54620000414 0.0688999885471 0.0459049517319 0.0306032991361
0 0.546400004149 0.0956599879588 0.0341078964612 0.0227385961411
0 0.506800002408 0.0769799883695 0.0294239781713 0.0196159841537
0 0.525600003235 0.0853599881852 0.0240714657658 0.0160476427854
0 0.502600002223 0.050619988949 0.0441174171834 0.0294116095157
0 0.487000001537 0.030059989401 0.0470596072397 0.0313730694239
0 0.637200008142 0.0227799895611 0.0357871975143 0.0238581301026
0 0.735600012469 0.030059989401 0.03909692636 0.0260646158542
0 0.890000019258 0.0191199896415 0.0198407628714 0.0132271743752
0 0.922600020691 0.0712399884957 0.025197529427 0.0167983518434
0 0.911800020216 0.020599989609 0.0254621771422 0.0169747836419
0 0.97920002318 0.0778599883501 0.0300467659719 0.0200311759935
0 0.959800022327 0.0753799884046 0.0584355016418 0.0389569985251
0 0.835200016848 0.82929997183 0.0210836672621 0.0140557772477
0 0.266599991846 0.563139977681 0.230582854851 0.153721893095
0 0.850000017499 0.506079978936 0.0323503388315 0.0215668911319
0 0.512400002654 0.167899986371 0.0266848001192 0.0177898655728
0 0.324999994414 0.254959984457 0.32547513746 0.216983410662
0 0.861600018009 0.0879599881281 0.14589063932 0.0972604197982
0 0.897400019583 0.190419985875 0.103577674352 0.0690517783468
