0 0.74980000761 0.414359986296 0.106935463829 0.0712903139213
0 0.776000007034 0.217419977637 0.634985214028 0.423323503939
0 0.316400017138 0.191719976507 0.118697692101 0.0791317999531
0 0.183000020071 0.969260010696 0.0326992716105 0.0217995158448
0 0.250200018594 0.958960010243 0.0258566207887 0.0172377483294
0 0.969200002786 0.877520006662 0.0222000310256 0.0148000216599
0 0.940600003415 0.865740006144 0.021034690906 0.0140231281956
0 0.838000005671 0.846700005306 0.0254565328828 0.0169710230412
0 0.850000005407 0.879600006753 0.0205861254843 0.0137240845614
0 0.986600002404 0.851540005519 0.0282081760397 0.0188054519335
0 0.566800011633 0.900600007676 0.0330956989693 0.0220638007681
0 0.629800010248 0.879800006762 0.025394600383 0.0169297347053
0 0.692400008872 0.884920006987 0.0213884778377 0.0142589861656
0 0.699000008727 0.856840005752 0.0674935633731 0.0449957118831
0 0.742000007781 0.826940004438 0.0208162452838 0.0138774977712
0 0.687400008982 0.82108000418 0.0227265562074 0.0151510384709
0 0.57240001151 0.805540003497 0.0234810246472 0.0156540174639
0 0.482000013497 0.815360003928 0.0433191123826 0.0288794101598
0 0.469000013783 0.774640002138 0.0205380437034 0.0136920300386
0 0.423000014795 0.81948000411 0.0237037244187 0.0158024839881
0 0.381600015705 0.824080004312 0.0204792770822 0.0136528522886
0 0.531200012416 0.845060005234 0.0533639504572 0.0355759693179
0 0.558400011818 0.869340006302 0.0430002490491 0.0286668345902
0 0.453600014122 0.869900006327 0.0319502445245 0.0213001644212
0 0.600800010886 0.82700000444 0.0475427901468 0.0316951955217
0 0.258200018418 0.813980003868 0.0222221921757 0.0148147957609
0 0.156400020656 0.795700003064 0.0240432648967 0.0160288443217
0 0.139000021038 0.775560002178 0.0311369105299 0.0207579417224
0 0.310200017274 0.913160008229 0.0200089462452 0.0133392983766
0 0.365800016052 0.94138000947 0.025572779987 0.0170485211158
0 0.594800011017 0.92320000867 0.0198164212539 0.0132109483739
0 0.533000012376 0.768260001857 0.167751991404 0.111834668312
0 0.736200007909 0.806960003559 0.022958654681 0.0153057707968
0 0.597800010952 0.766400001776 0.0262409782354 0.0174939866441
0 0.584800011237 0.741540000683 0.0324101873224 0.0216067929734
0 0.754000007517 0.782540002485 0.0211676578065 0.0141117728018
0 0.812400006233 0.797540003145 0.0262079343777 0.0174719574042
0 0.934600003547 0.800340003268 0.0341654691291 0.0227769809217
0 0.0108000238569 0.523479991094 0.0301887298944 0.020125821257
0 0.168200020396 0.608579994836 0.0206788263666 0.0137858851537
0 0.0434000231402 0.572159993235 0.026822708425 0.017881806796
0 0.310000017279 0.571019993185 0.0258809584803 0.0172539734582
0 0.252000018554 0.578839993529 0.0414310615428 0.027620709517
0 0.199000019719 0.563959992874 0.0226488932484 0.0150992631615
0 0.250200018594 0.553679992422 0.0270624247939 0.0180416177192
0 0.357600016232 0.545959992083 0.0381150015948 0.0254100027391
0 0.185200020023 0.538959991775 0.0293734172256 0.019582279442
0 0.0110000238525 0.473379988891 0.0204241710081 0.0136161149035
0 0.0358000233072 0.459759988293 0.0239710432915 0.0159806965817
0 0.188400019952 0.445879987682 0.0298074393926 0.0198716275724
0 0.142800020955 0.428339986911 0.0273329095453 0.0182219408987
0 0.168400020392 0.502279990162 0.0463487592526 0.0308991748731
0 0.136800021087 0.478039989096 0.0663561225585 0.0442374179567
0 0.383800015656 0.499659990047 0.0350075928321 0.0233383967607
0 0.456000014069 0.483599989341 0.0346166068272 0.0230777394069
0 0.419200014878 0.462019988392 0.0447100213512 0.0298066828667
0 0.459400013994 0.581439993643 0.0269421214078 0.0179614154565
0 0.49780001315 0.562439992807 0.0325170357246 0.0216780252462
0 0.516600012737 0.62731999566 0.0247513334285 0.0165008900407
0 0.506600012957 0.611659994972 0.039034392522 0.0260229300644
0 0.560600011769 0.677739997877 0.0271979639707 0.0181319771764
0 0.678000009188 0.651499996723 0.0278789246671 0.0185859510039
0 0.718200008304 0.643199996358 0.0288557960773 0.0192371986537
0 0.715600008362 0.629979995777 0.025423192224 0.0169487959339
0 0.714800008379 0.599539994439 0.0217471125209 0.0144980759701
0 0.710000008485 0.570159993147 0.02331263948 0.0155417606784
0 0.601200010877 0.584919993796 0.0278291610132 0.0185527752324
0 0.608000010727 0.570059993142 0.0296791223762 0.0197860828892
0 0.619800010468 0.55657999255 0.0241239948006 0.0160826642611
0 0.512400012829 0.535379991618 0.0460722395451 0.0307148283893
0 0.55100001198 0.515739990754 0.032596578424 0.0217310537159
0 0.496800013172 0.49699998993 0.0352656119366 0.0235104095084
0 0.695800008797 0.548499992194 0.0307717462221 0.0205144988345
0 0.868800004994 0.562239992799 0.0220262045047 0.014684137305
0 0.951600003173 0.57909999354 0.0199043733183 0.0132695830874
0 0.732200007997 0.731360000235 0.0301887298944 0.020125821257
0 0.866200005051 0.712459999404 0.02026083146 0.0135072218642
0 0.868400005002 0.701179998908 0.0351363055833 0.0234242052671
0 0.931800003608 0.667399997423 0.0232043070723 0.0154695390685
0 0.823200005996 0.733360000323 0.0409868492042 0.0273245679383
0 0.712600008428 0.684459998173 0.0237599187636 0.0158399468871
0 0.968800002795 0.701639998928 0.0222646347354 0.0148430908026
0 0.920000003868 0.480239989193 0.0323662607571 0.0215775085945
0 0.986800002399 0.436119987253 0.0280525533207 0.0187017034473
0 0.573000011497 0.471279988799 0.0293012945541 0.0195341976578
0 0.727200008107 0.505239990292 0.0212953812206 0.0141969217501
0 0.796600006581 0.511379990562 0.0219483436783 0.0146322300839
0 0.504200013009 0.438079987339 0.0309256870682 0.020617126072
0 0.326200016923 0.436139987254 0.0203586768949 0.0135724521585
0 0.356400016259 0.382539984897 0.0301840800102 0.020122721334
0 0.381200015714 0.287959980738 0.0313614900419 0.0209076614069
0 0.210400019469 0.351479983531 0.0423986331847 0.0282657573207
0 0.0124000238217 0.236899978493 0.0240106167738 0.016007078905
0 0.465800013854 0.0635399708705 0.0226495857844 0.0150997248522
0 0.154000020709 0.022159969051 0.0219050107152 0.01460334144
0 0.258400018413 0.26479997972 0.0205229068464 0.0136819388
0 0.647200009865 0.269039979906 0.0218928418694 0.0145952288756
0 0.48460001344 0.155499974914 0.0354593241324 0.0236395509808
0 0.759000007407 0.169419975526 0.0274087916976 0.0182725290036
0 0.616600010538 0.104379972666 0.0309293476153 0.0206195664369
0 0.717600008318 0.10127997253 0.0223358670036 0.0148905789845
0 0.892000004483 0.131679973867 0.02550184452 0.0170012308013
0 0.831400005816 0.11811997327 0.0228271717861 0.0152181155278
0 0.0658000226477 0.190119976436 0.0214245886402 0.0142830600355
0 0.958200003028 0.157819975016 0.0341069003753 0.0227379350833
0 0.773600007087 0.0349199696121 0.0445233334485 0.0296822242567
0 0.639800010028 0.0276799692937 0.043683386287 0.0291222594455
0 0.964800002883 0.0675799710481 0.0346469794748 0.02309798784
0 0.382400015687 0.0232799691003 0.0206464750448 0.0137643176044
0 0.0734000224806 0.74240000072 0.0309122320842 0.020608156082
0 0.341200016593 0.712719999415 0.0238854656361 0.0159236448077
0 0.542200012174 0.363019984039 0.0299172558059 0.0199448385194
0 0.763600007306 0.368439984277 0.0367712840038 0.0245141909527
0 0.457000014047 0.324579982349 0.0239002067583 0.0159334722231
0 0.547200012064 0.310299981721 0.0235357349864 0.0156904910258
0 0.792200006678 0.317579982041 0.0332627979982 0.0221752001281
0 0.918000003912 0.346879983329 0.0394315124167 0.0262876766783
0 0.755200007491 0.270319979963 0.0204937214032 0.0136624818366
0 0.81940000608 0.282559980501 0.0306385814542 0.0204257223167
0 0.882200004699 0.278039980302 0.029573659046 0.0197157739977
0 0.922000003824 0.295599981074 0.0242377685621 0.0161585134405
0 0.786400006805 0.411999986192 0.02272635834 0.0151509065593
