0 0.104199984706 0.0622399708133 0.10638144911 0.0709209660733
0 0.867200018255 0.248399978999 0.108291859219 0.0721945728128
0 0.4998000021 0.300619981295 0.239805440906 0.159870293937
0 0.383599996991 0.386719985081 0.126857760882 0.084571840588
0 0.722600011897 0.365199984135 0.112876447747 0.0752509651644
0 0.725000012002 0.516119990771 0.216436307197 0.144290871465
0 0.523400003138 0.650619996685 0.0953447991797 0.0635631994531
0 0.482600001344 0.699739998845 0.0991019060834 0.0660679373889
0 0.879400018791 0.621359995398 0.119418934568 0.0796126230455
0 0.292199992972 0.322459982255 0.0969895722541 0.0646597148361
0 0.728200012143 0.719099999696 0.0917600348141 0.0611733565427
0 0.681000010068 0.720859999773 0.0264286589614 0.0176191059742
0 0.379999996833 0.015359968752 0.0265991217588 0.0177327478392
0 0.29919999328 0.0212199690097 0.0303032991229 0.0202021994153
0 0.27259999211 0.0173399688391 0.0478358380933 0.0318905587288
0 0.034799981654 0.132179973889 0.0304172707669 0.0202781805113
0 0.0167999808625 0.125599973599 0.0202529194351 0.0135019462901
0 0.0761999834743 0.221719977826 0.0199376176734 0.0132917451156
0 0.185199988267 0.0613999707764 0.0244477091106 0.0162984727404
0 0.230599990263 0.116779973211 0.0208207989808 0.0138805326539
0 0.148999986675 0.141419974295 0.0357111151242 0.0238074100828
0 0.196999988786 0.244019978806 0.0208868867049 0.0139245911366
0 0.195399988716 0.253959979243 0.0257263284919 0.0171508856612
0 0.208599989296 0.188959976385 0.100175336932 0.0667835579546
0 0.319799994186 0.0519599703613 0.0215411353871 0.0143607569247
0 0.527600003323 0.0628599708406 0.0259825668235 0.0173217112156
0 0.536800003727 0.0673399710376 0.0250584269565 0.016705617971
0 0.48000000123 0.0938399722028 0.0229141375361 0.0152760916907
0 0.484800001441 0.125439973592 0.0337633080692 0.0225088720461
0 0.426599998882 0.141359974292 0.0245092458837 0.0163394972558
0 0.252599991231 0.130359973809 0.0237541837421 0.0158361224947
0 0.305399993552 0.204559977071 0.0436756752193 0.0291171168129
0 0.237999990589 0.224259977937 0.0578552515271 0.0385701676847
0 0.233999990413 0.263039979643 0.0199455323709 0.0132970215806
0 0.479000001186 0.235479978431 0.0216381893652 0.0144254595768
0 0.503600002267 0.19793997678 0.0199592841578 0.0133061894385
0 0.377599996727 0.155659974921 0.0797762923943 0.0531841949295
0 0.659400009118 0.212979977441 0.0364319461991 0.0242879641327
0 0.70380001107 0.161599975182 0.0417510186545 0.0278340124364
0 0.689600010446 0.0366399696877 0.0252506551721 0.0168337701147
0 0.768000013893 0.039079969795 0.035141652639 0.023427768426
0 0.747400012987 0.117319973235 0.0313218217576 0.0208812145051
0 0.718400011712 0.132359973897 0.0309799068255 0.020653271217
0 0.830000016619 0.172319975654 0.0278409377967 0.0185606251978
0 0.826400016461 0.046539970123 0.027081324704 0.0180542164694
0 0.945200021685 0.101199972526 0.0244273287645 0.016284885843
0 0.985400023452 0.114319973103 0.0389303193989 0.025953546266
0 0.72380001195 0.198759976816 0.0341069048744 0.022737936583
0 0.721000011827 0.243939978803 0.0216307693363 0.0144205128909
0 0.648200008625 0.259299979478 0.064715315586 0.043143543724
0 0.945800021711 0.242319978732 0.0330777963319 0.0220518642213
0 0.773400014131 0.285979980651 0.0458271868012 0.0305514578675
0 0.735200012451 0.293959981002 0.0353311107104 0.0235540738069
0 0.789600014843 0.325879982406 0.0278688371054 0.0185792247369
0 0.686200010296 0.323979982322 0.0768388513505 0.0512259009003
0 0.877800018721 0.281479980453 0.0434958137186 0.0289972091457
0 0.904200019882 0.300839981305 0.0233942628732 0.0155961752488
0 0.939200021421 0.296899981131 0.0292453019345 0.0194968679563
0 0.963200022476 0.293439980979 0.02108069786 0.0140537985733
0 0.99080002369 0.338419982957 0.0244344519923 0.0162896346615
0 0.918600020515 0.323819982315 0.0232218214014 0.0154812142676
0 0.972000022863 0.059979970714 0.0310806213512 0.0207204142342
0 0.818400016109 0.377459984674 0.0211583608292 0.0141055738861
0 0.91280002026 0.416279986381 0.0219584378128 0.0146389585419
0 0.908000020049 0.361079983953 0.0530173926797 0.0353449284531
0 0.968200022696 0.475739988995 0.0253413773922 0.0168942515948
0 0.858600017877 0.450179987871 0.0389854254803 0.0259902836535
0 0.921200020629 0.519899990937 0.0630897356531 0.0420598237687
0 0.946200021729 0.428719986928 0.0429328808589 0.0286219205726
0 0.809600015722 0.352839983591 0.0354627914901 0.0236418609934
0 0.714600011545 0.425979986807 0.0334556242038 0.0223037494692
0 0.679800010015 0.419079986504 0.0373305611666 0.0248870407777
0 0.622200007482 0.425979986807 0.026904728016 0.017936485344
0 0.499000002065 0.439259987391 0.0198871614768 0.0132581076512
0 0.362399996059 0.426299986821 0.0591970895547 0.0394647263698
0 0.252999991248 0.351119983516 0.0230554148865 0.015370276591
0 0.259599991539 0.318779982094 0.039022822426 0.0260152149507
0 0.16479998737 0.395039985447 0.0209532712302 0.0139688474868
0 0.132399985945 0.416119986374 0.0282185678012 0.0188123785341
0 0.122599985515 0.397579985558 0.0267050797716 0.0178033865144
0 0.107799984864 0.455099988088 0.021122546823 0.014081697882
0 0.310599993781 0.473099988879 0.0399143141657 0.0266095427772
0 0.321799994273 0.492859989748 0.0294620657123 0.0196413771415
0 0.37039999641 0.467679988641 0.0268947357104 0.017929823807
0 0.27599999226 0.479959989181 0.0199924269536 0.0133282846357
0 0.158799987106 0.459359988275 0.0643789409422 0.0429192939615
0 0.19299998861 0.433199987125 0.0277698044529 0.0185132029686
0 0.208999989314 0.45219998796 0.0229359029542 0.0152906019695
0 0.0821999837381 0.519119990903 0.0229456973924 0.0152971315949
0 0.0893999840547 0.574879993354 0.0743190095336 0.0495460063558
0 0.185799988294 0.407739986005 0.0621394772844 0.0414263181896
0 0.066799983061 0.376319984624 0.0253805551448 0.0169203700965
0 0.04539998212 0.388699985168 0.020215324622 0.0134768830813
0 0.0323999815484 0.480459989203 0.0395662653431 0.0263775102288
0 0.0983999844505 0.42877998693 0.0344740479048 0.0229826986032
0 0.0301999814517 0.395519985468 0.034908762665 0.0232725084433
0 0.222399989903 0.286579980678 0.0413425213298 0.0275616808865
0 0.269399991969 0.282819980512 0.0222171494874 0.0148114329916
0 0.0235999811615 0.525159991168 0.0302138630412 0.0201425753608
0 0.0253999812406 0.535319991615 0.0213135878339 0.014209058556
0 0.0509999823663 0.457539988195 0.0205976045113 0.0137317363408
0 0.048399982252 0.626919995643 0.0204117080537 0.0136078053691
0 0.0153999808009 0.634859995992 0.0198638131192 0.0132425420795
0 0.0845999838437 0.67961999796 0.0246921743297 0.0164614495531
0 0.124399985594 0.609839994892 0.0216458072616 0.0144305381744
0 0.126999985708 0.509819990494 0.0210554697617 0.0140369798411
0 0.278999992392 0.464759988512 0.0278711125809 0.0185807417206
0 0.25099999116 0.465139988529 0.032555723098 0.0217038153987
0 0.373199996534 0.518399990871 0.0306012874838 0.0204008583226
0 0.347399995399 0.551939992346 0.0207258226108 0.0138172150739
0 0.160999987203 0.484999989402 0.0349704973055 0.0233136648703
0 0.177199987915 0.602579994572 0.0298931199249 0.0199287466166
0 0.155999986983 0.6168599952 0.0410417628247 0.0273611752165
0 0.130799985875 0.634859995992 0.0326082569026 0.0217388379351
0 0.112199985057 0.64549999646 0.0201771362065 0.0134514241377
0 0.088199984002 0.64163999629 0.0494175903888 0.0329450602592
0 0.120999985444 0.681719998052 0.0216799393945 0.0144532929297
0 0.343199995214 0.676639997829 0.0286312203421 0.0190874802281
0 0.389399997246 0.684899998192 0.0495586698718 0.0330391132478
0 0.361399996015 0.70031999887 0.0229524248852 0.0153016165902
0 0.331399994696 0.700939998897 0.0221042661143 0.0147361774095
0 0.310999993799 0.717159999611 0.020003210729 0.0133354738193
0 0.0507999823575 0.69167999849 0.0248880630928 0.0165920420619
0 0.375999996657 0.660379997114 0.0246855457705 0.0164570305137
0 0.47500000101 0.644839996431 0.0525921755564 0.035061450371
0 0.494200001854 0.616979995206 0.0228224259788 0.0152149506525
0 0.451399999972 0.610659994928 0.0291172817024 0.0194115211349
0 0.419399998565 0.656139996927 0.0402679032766 0.0268452688511
0 0.409199998117 0.718719999679 0.0275793570443 0.0183862380295
0 0.391399997334 0.707879999202 0.0221743111872 0.0147828741248
0 0.339999995074 0.716819999596 0.0285361450384 0.0190240966923
0 0.365999996217 0.727460000063 0.0346804236421 0.0231202824281
0 0.244599990879 0.64231999632 0.0216671769448 0.0144447846299
0 0.271799992075 0.633119995915 0.038822283778 0.0258815225187
0 0.277799992339 0.607419994785 0.0232110376261 0.0154740250841
0 0.296199993148 0.611579994968 0.0229503472771 0.0153002315181
0 0.313799993922 0.583999993755 0.0295795989702 0.0197197326468
0 0.335799994889 0.595319994253 0.0313784118447 0.0209189412298
0 0.288199992796 0.576359993419 0.0248825228046 0.0165883485364
0 0.244999990897 0.566919993004 0.0215031448391 0.0143354298927
0 0.21119998941 0.566279992976 0.0400160180286 0.0266773453524
0 0.272199992093 0.533139991519 0.0216881508932 0.0144587672621
0 0.39199999736 0.496219989896 0.0325170400139 0.021678026676
0 0.545800004123 0.436219987257 0.0405836997069 0.0270557998046
0 0.42679999889 0.469319988713 0.0608418626291 0.0405612417527
0 0.47000000079 0.464839988516 0.0298295055438 0.0198863370292
0 0.52300000312 0.399499985643 0.131991431548 0.087994287699
0 0.55960000473 0.564819992912 0.0497658370789 0.0331772247192
0 0.574200005372 0.487339989505 0.0280457305945 0.0186971537297
0 0.566800005046 0.508439990433 0.0234412563896 0.0156275042598
0 0.626800007685 0.476479989028 0.0261667814078 0.0174445209385
0 0.571400005249 0.466879988606 0.0208695733041 0.0139130488694
0 0.559800004738 0.538959991775 0.0364182933459 0.0242788622306
0 0.66900000954 0.560299992713 0.0433082353879 0.0288721569252
0 0.847000017367 0.55339999241 0.0213840286417 0.0142560190945
0 0.850400017516 0.566779992998 0.0389376404941 0.0259584269961
0 0.808800015687 0.578799993527 0.058013941212 0.038675960808
0 0.789800014852 0.550759992294 0.0282595263608 0.0188396842405
0 0.77180001406 0.636059996045 0.0241560525077 0.0161040350051
0 0.756200013374 0.624639995542 0.0214597129366 0.014306475291
0 0.69560001071 0.675719997788 0.0356079272555 0.0237386181703
0 0.770600014007 0.608599994837 0.0315870630576 0.0210580420384
0 0.744800012873 0.598599994397 0.0487563174126 0.0325042116084
0 0.938000021368 0.628699995721 0.0214144012934 0.0142762675289
0 0.872000018466 0.67985999797 0.0225634175031 0.0150422783354
0 0.990600023681 0.651099996706 0.0238640001699 0.0159093334466
0 0.97420002296 0.554379992453 0.0324543160362 0.0216362106908
0 0.971200022828 0.521299990998 0.0247406518518 0.0164937679012
0 0.967000022643 0.632159995873 0.0500367176008 0.0333578117339
0 0.954800022107 0.713199999436 0.0260699252971 0.0173799501981
0 0.95100002194 0.73194000026 0.0379590870819 0.0253060580546
0 0.9410000215 0.683399998126 0.0756381917396 0.0504254611597
0 0.906400019979 0.72465999994 0.0547674312308 0.0365116208206
0 0.859600017921 0.73238000028 0.0210433009143 0.0140288672762
0 0.877400018704 0.757340001377 0.0211355071402 0.0140903380935
0 0.793000014992 0.723399999885 0.0203505670155 0.013567044677
0 0.816800016039 0.737980000526 0.051067705884 0.034045137256
0 0.743200012803 0.748840001004 0.029751347906 0.0198342319373
0 0.728400012152 0.704779999066 0.0293315721373 0.0195543814248
0 0.688400010393 0.703979999031 0.0218154785892 0.0145436523928
0 0.750400013119 0.65119999671 0.023194515695 0.0154630104634
0 0.824600016382 0.680799998012 0.0547222185214 0.0364814790142
0 0.989200023619 0.726900000039 0.0260743773145 0.0173829182096
0 0.9592000223 0.785400002611 0.0308892835392 0.0205928556928
0 0.940400021474 0.781160002425 0.0239854907765 0.0159903271844
0 0.896000019521 0.552919992389 0.0435290554481 0.0290193702988
0 0.864800018149 0.493619989781 0.0237347927332 0.0158231951555
0 0.955600022142 0.845800005267 0.0225984400395 0.015065626693
0 0.915000020357 0.891400007272 0.021393427345 0.0142622848967
0 0.863400018088 0.896640007502 0.0263278455019 0.0175518970013
0 0.79500001508 0.888120007128 0.0207050465298 0.0138033643532
0 0.784200014605 0.905780007904 0.0226959886862 0.0151306591241
0 0.903000019829 0.8306400046 0.045268310224 0.0301788734826
0 0.978200023136 0.79766000315 0.0343982646762 0.0229321764508
0 0.889400019231 0.858580005829 0.093889385243 0.0625929234953
0 0.739200012627 0.892880007337 0.0333590648943 0.0222393765962
0 0.709600011325 0.86224000599 0.0344777084524 0.0229851389682
0 0.665400009382 0.81040000371 0.024315632596 0.0162104217307
0 0.662000009232 0.823740004297 0.020636386529 0.0137575910194
0 0.646000008529 0.81426000388 0.0202410473889 0.0134940315926
0 0.625400007623 0.838320004938 0.0548477654105 0.0365651769403
0 0.613600007104 0.738900000566 0.0239243497383 0.0159495664922
0 0.610200006955 0.753620001214 0.0288282963099 0.0192188642066
0 0.603000006638 0.708979999251 0.0269190734053 0.0179460489368
0 0.495600001916 0.734700000382 0.031977752313 0.021318501542
0 0.522000003076 0.755180001282 0.0444737735286 0.0296491823524
0 0.495400001907 0.85156000552 0.0261885468259 0.0174590312173
0 0.338599995012 0.742200000712 0.0215174902283 0.0143449934855
0 0.31899999415 0.786080002641 0.0276021117996 0.0184014078664
0 0.360399995971 0.795580003059 0.0290323965717 0.0193549310478
0 0.532200003525 0.796640003105 0.0344115217945 0.0229410145297
0 0.613600007104 0.791680002887 0.067910182166 0.0452734547773
0 0.804800015511 0.77650000222 0.0744996625041 0.0496664416694
0 0.637400008151 0.896260007486 0.0408024421591 0.027201628106
0 0.671400009646 0.916760008387 0.0239363207183 0.0159575471455
0 0.705600011149 0.882980006902 0.0263157755882 0.0175438503922
0 0.674600009786 0.868880006282 0.0622314856428 0.0414876570952
0 0.693200010604 0.857620005787 0.0227153796951 0.0151435864634
0 0.546600004158 0.88954000719 0.0268383434907 0.0178922289938
0 0.541200003921 0.872280006431 0.0462280662297 0.0308187108198
0 0.601200006559 0.885200006999 0.0490335296926 0.0326890197951
0 0.573800005354 0.852560005564 0.0356875688991 0.0237917125994
0 0.812600015854 0.831840004653 0.084605939743 0.0564039598287
0 0.457000000218 0.759400001468 0.0261222612344 0.0174148408229
0 0.346599995364 0.905380007887 0.0344688044177 0.0229792029451
0 0.316199994027 0.846160005283 0.0222705736955 0.0148470491304
0 0.306999993623 0.832080004664 0.0265839848998 0.0177226565999
0 0.27419999218 0.843480005165 0.0375001335605 0.0250000890403
0 0.266799991855 0.861300005948 0.0352409820926 0.0234939880617
0 0.241799990756 0.888160007129 0.0210249981763 0.0140166654509
0 0.216599989648 0.898140007568 0.0332900091586 0.0221933394391
0 0.202599989032 0.820660004161 0.0280213928997 0.0186809285998
0 0.215399989595 0.752460001163 0.0239898438602 0.0159932292401
0 0.202199989015 0.745720000866 0.0216232503737 0.0144155002491
0 0.1813999881 0.757320001376 0.0209250751204 0.0139500500802
0 0.160399987177 0.747720000954 0.0205556566145 0.0137037710763
0 0.140399986297 0.790460002834 0.022645037821 0.0150966918807
0 0.213199989498 0.767960001844 0.0389184473527 0.0259456315685
0 0.259799991547 0.910260008101 0.0213944166822 0.0142629444548
0 0.280199992444 0.921220008583 0.0300643741921 0.0200429161281
0 0.339799995065 0.936760009266 0.0225139506437 0.0150093004291
0 0.0627999828851 0.884020006947 0.0197945595161 0.0131963730107
0 0.020199981012 0.952780009971 0.0522859756969 0.0348573171312
0 0.0649999829819 0.915880008348 0.0289445434295 0.0192963622863
0 0.0775999835359 0.936920009273 0.0377503369353 0.0251668912902
0 0.132599985954 0.942840009534 0.0251128405018 0.0167418936679
0 0.159999987159 0.945200009638 0.024676938537 0.016451292358
0 0.212399989463 0.967300010609 0.0211176990708 0.0140784660472
0 0.177199987915 0.967520010619 0.0204342649416 0.0136228432944
0 0.218399989727 0.938380009338 0.0505102143788 0.0336734762525
0 0.318199994115 0.961720010364 0.0270354194585 0.0180236129723
0 0.316799994054 0.982440011275 0.0299948237878 0.0199965491919
0 0.290999992919 0.991340011666 0.0237943508319 0.0158629005546
0 0.403399997861 0.945840009666 0.0221887555101 0.0147925036734
0 0.516200002821 0.822460004241 0.0245641540976 0.0163761027317
0 0.507000002417 0.96572001054 0.0223856336104 0.0149237557403
0 0.526800003287 0.981960011254 0.0241786093956 0.0161190729304
0 0.511800002628 0.988480011541 0.0326179524071 0.0217453016047
0 0.636200008098 0.980440011187 0.024585820582 0.0163905470547
0 0.617400007271 0.955300010082 0.0219452796282 0.0146301864188
0 0.570200005196 0.935600009215 0.0491819302707 0.0327879535138
0 0.857000017807 0.938740009354 0.0290443675517 0.0193629117011
0 0.802000015388 0.949660009834 0.0246543816491 0.0164362544327
0 0.774000014157 0.931740009046 0.0528773025339 0.0352515350226
0 0.919200020541 0.914580008291 0.068027319689 0.0453515464593
0 0.655400008942 0.946080009676 0.0400612307381 0.0267074871587
0 0.914200020322 0.154179974856 0.0210927677737 0.0140618451824
