0 0.274799996068 0.67051999756 0.262830250603 0.175220178625
0 0.224999997162 0.454099988044 0.145358347116 0.0969055711354
0 0.64539998792 0.612779995021 0.166775515728 0.111183684485
0 0.839199983659 0.251419979132 0.176783649398 0.117855774039
0 0.248999996635 0.124199973538 0.268687125981 0.179124762468
0 0.107199999752 0.0316399694678 0.0247056260564 0.0164704184573
0 0.12139999944 0.0548799704897 0.0344693934731 0.0229795971643
0 0.189599997941 0.0640399708925 0.0942074447218 0.0628049672902
0 0.503399991042 0.0139599686904 0.0218920503997 0.0145947012291
0 0.44659999229 0.0369599697018 0.0734642125128 0.0489761449054
0 0.901999982278 0.196959976737 0.0211983272553 0.0141322191023
0 0.765199985286 0.00833996844333 0.0229053294136 0.0152702206162
0 0.892599982485 0.089659972019 0.121406496963 0.0809376699805
0 0.821599984046 0.191679976505 0.0290190366917 0.0193460257371
0 0.652799987757 0.122319973455 0.021446848724 0.0142979000924
0 0.697399986777 0.188879976382 0.0276722521559 0.0184481693207
0 0.65719998766 0.155479974913 0.193149262997 0.128766183824
0 0.582999989292 0.0862799718704 0.0211324374073 0.0140882925341
0 0.463399991921 0.179539975971 0.0669859345291 0.0446572926315
0 0.48299999149 0.0934599721861 0.0216583689868 0.0144389136102
0 0.421199992849 0.20817997723 0.0254746377509 0.0169830929541
0 0.39839999335 0.203439977022 0.0246275673626 0.0164183793246
0 0.387399993592 0.194139976613 0.0237237090273 0.0158158070613
0 0.385399993636 0.207139977185 0.019959281525 0.0133061885609
0 0.358599994225 0.198319976797 0.0316910382156 0.0211273602039
0 0.353599994335 0.212759977432 0.0244036803866 0.0162691213308
0 0.304999995404 0.176239975826 0.0289445396113 0.0192963610136
0 0.314199995201 0.207659977208 0.0301339206214 0.0200892817393
0 0.273399996098 0.109439972889 0.0366785831216 0.0244523903605
0 0.217199997334 0.205259977102 0.02822153209 0.0188143559676
0 0.242599996775 0.211519977377 0.0214906763557 0.0143271185154
0 0.243599996753 0.222839977875 0.0212131673111 0.0141421124735
0 0.0792000003678 0.180319976005 0.0202153219553 0.0134768821924
0 0.0328000013879 0.323179982287 0.0367772200262 0.0245181483012
0 0.0596000007987 0.305779981522 0.0211590505741 0.0141060346465
0 0.0436000011505 0.355659983715 0.113072321594 0.0753815527013
0 0.10139999988 0.290619980855 0.163501799406 0.109001206793
0 0.0884000001655 0.383019984918 0.0240847181194 0.0160564798053
0 0.117399999528 0.272139980043 0.0256000856898 0.0170667249188
0 0.194999997822 0.309999981707 0.0274139362503 0.0182759587056
0 0.177599998204 0.302659981385 0.0420440547834 0.0280293717043
0 0.153199998741 0.359339983877 0.0283325357078 0.0188883583843
0 0.175199998257 0.376819984646 0.0496647202669 0.0331098156951
0 0.173999998284 0.200519976894 0.0200908633536 0.0133939097858
0 0.217199997334 0.329019982544 0.0282451772457 0.0188301194057
0 0.292399995681 0.277739980289 0.0327305346615 0.0218203578802
0 0.305799995386 0.288659980769 0.0296619079115 0.0197746065786
0 0.29059999572 0.316759982005 0.0215874335198 0.0143916232958
0 0.29559999561 0.39215998532 0.0257638209727 0.0171758817813
0 0.310999995272 0.403399985814 0.0294458366982 0.0196305590935
0 0.26739999623 0.441999987512 0.0453034257181 0.0302022858041
0 0.314399995197 0.364199984091 0.0201505203781 0.0134336811381
0 0.474399991679 0.241679978703 0.0204476182964 0.01363174643
0 0.512999990831 0.276439980232 0.104851919987 0.0699012846015
0 0.438199992475 0.283759980554 0.0224031419234 0.014935428934
0 0.431199992629 0.269979979948 0.0307851022724 0.0205234028686
0 0.402799993253 0.36373998407 0.0291609076257 0.019440606366
0 0.509599990905 0.414859986318 0.0199622495361 0.0133081672352
0 0.543199990167 0.438919987376 0.0246824755693 0.0164549847982
0 0.488599991367 0.446299987701 0.026547375922 0.0176982517819
0 0.481599991521 0.481099989231 0.0588129221666 0.0392086173638
0 0.575599989454 0.50881999045 0.0850900112046 0.0567266778778
0 0.453399992141 0.468659988684 0.0619085578183 0.041272374601
0 0.403999993227 0.453739988028 0.0224441994113 0.0149628005944
0 0.386999993601 0.470959988785 0.0251303484551 0.0167535667417
0 0.462399991943 0.433759987149 0.0259265669186 0.0172843790858
0 0.451199992189 0.425899986804 0.023353004432 0.0155686706482
0 0.481599991521 0.379959984784 0.0208727364298 0.0139151585376
0 0.527399990514 0.368859984296 0.0210342951712 0.0140228643724
0 0.547399990074 0.391679985299 0.118443432477 0.0789622935262
0 0.56759998963 0.454719988071 0.0638808012417 0.0425872036366
0 0.595999989006 0.479319989153 0.0440887176793 0.0293924803915
0 0.601999988874 0.449639987848 0.0228348886152 0.0152232600808
0 0.59899998894 0.310479981729 0.0489411191434 0.0326274149142
0 0.605399988799 0.352699983585 0.0198964586218 0.0132643066227
0 0.641599988003 0.366019984171 0.0198447162937 0.0132298117351
0 0.704399986623 0.369939984343 0.0362932363378 0.0241954924877
0 0.738999985862 0.382579984899 0.0318526958907 0.0212351319944
0 0.751599985585 0.401999985753 0.0342286877671 0.0228191266831
0 0.686199987023 0.427679986882 0.0423084056451 0.0282056056237
0 0.657599987652 0.438419987354 0.0353247742926 0.0235498510817
0 0.76319998533 0.470199988752 0.0501513751653 0.0334342523154
0 0.753799985537 0.456659988156 0.0597476478182 0.0398317678392
0 0.728599986091 0.346399983308 0.027349134673 0.0182327576513
0 0.659199987616 0.329639982571 0.0249387138671 0.0166258103413
0 0.658199987638 0.299579981249 0.0459306654123 0.0306204456278
0 0.648999987841 0.290239980839 0.0289608636728 0.0193072437219
0 0.687399986996 0.283759980554 0.0300455728222 0.0200303832026
0 0.689599986948 0.305099981492 0.0409720091483 0.0273146745671
0 0.797199984582 0.316579981997 0.0380685027531 0.0253790035093
0 0.801599984486 0.337359982911 0.0233591383217 0.0155727599083
0 0.754399985523 0.368299984271 0.0326460452768 0.02176403162
0 0.820799984064 0.397199985542 0.077153351465 0.0514355710358
0 0.797999984565 0.39237998533 0.0638371714774 0.0425581171252
0 0.779799984965 0.386139985055 0.0575671489443 0.0383781018275
0 0.765599985277 0.379539984765 0.052348395968 0.0348989329471
0 0.744399985743 0.249739979058 0.166235337695 0.110823565773
0 0.755399985501 0.210959977353 0.0758521753675 0.0505681202469
0 0.789599984749 0.191079976479 0.0447730421218 0.0298486967165
0 0.809399984314 0.15267997479 0.105758152731 0.0705054398042
0 0.934799981557 0.306919981572 0.027295017936 0.0181966798242
0 0.98059998055 0.316799982006 0.0277509044519 0.0185006041882
0 0.972399980731 0.221079977798 0.0250650522093 0.0167100359083
0 0.915599981979 0.222659977867 0.021264316037 0.0141762116263
0 0.880199982758 0.390219985235 0.0224032408571 0.0149354948898
0 0.879399982775 0.407379985989 0.0296876306749 0.0197917550887
0 0.903999982234 0.400419985683 0.0255699109095 0.0170466083973
0 0.94059998143 0.409019986061 0.0207572807952 0.0138381881095
0 0.921199981856 0.368159984265 0.0226006136 0.0150670767271
0 0.853799983338 0.368979984301 0.0211821021275 0.0141214023498
0 0.829199983879 0.35645998375 0.0485880247477 0.0323920186349
0 0.979599980572 0.490199989631 0.0289975680776 0.0193317133268
0 0.960999980981 0.457159988178 0.0373628086303 0.0249085407297
0 0.9191999819 0.467239988621 0.01986143609 0.0132409582667
0 0.932199981614 0.557159992575 0.0445337214876 0.0296891496166
0 0.951399981192 0.501399990123 0.0561201445646 0.0374134321773
0 0.872199982933 0.634299995967 0.0227348666387 0.0151565787588
0 0.858999983224 0.63207999587 0.0636887709189 0.042459183413
0 0.789799984745 0.62163999541 0.0724419305317 0.0482946235397
0 0.875199982868 0.55361999242 0.0233973267321 0.0155982188502
0 0.606599988773 0.551279992317 0.0982852942038 0.0655235337908
0 0.530999990435 0.535539991625 0.107786293698 0.0718575338714
0 0.541199990211 0.489819989614 0.0437674799369 0.0291783218824
0 0.528999990479 0.607159994774 0.0408721850393 0.0272481251567
0 0.48299999149 0.627679995676 0.0224289636206 0.0149526434
0 0.411199993069 0.602279994559 0.0260500361834 0.0173666919343
0 0.397399993372 0.525539991185 0.0329033718454 0.021935582677
0 0.333999994766 0.500559990087 0.0296396478277 0.0197597665217
0 0.297799995562 0.479219989148 0.0202993166715 0.0135328786736
0 0.217799997321 0.569879993135 0.122947884098 0.0819652614716
0 0.13459999915 0.515359990737 0.0216670751529 0.0144447177213
0 0.128199999291 0.634399995972 0.022430843361 0.0149538965603
0 0.0965999999853 0.575779993394 0.0273517069494 0.0182344725023
0 0.122199999422 0.453739988028 0.026740989184 0.0178273272985
0 0.0456000011065 0.620399995356 0.0251023502163 0.016734901248
0 0.039800001234 0.573079993275 0.024361534628 0.0162410241565
0 0.0240000015814 0.481579989252 0.0387381850071 0.0258254583747
0 0.0961999999941 0.450339987878 0.0229135409112 0.0152756949483
0 0.0166000017441 0.553099992397 0.0281271493348 0.0187514341266
0 0.0280000014935 0.803880003424 0.0813282549123 0.0542188401843
0 0.0726000005129 0.850280005464 0.020826930124 0.0138846209985
0 0.0564000008691 0.857640005788 0.022219718833 0.0148131468657
0 0.150399998802 0.82312000427 0.0668366435672 0.044557765317
0 0.181399998121 0.844000005188 0.135658886608 0.0904392637037
0 0.0736000004909 0.896680007504 0.0463995122436 0.0309330102026
0 0.075600000447 0.872460006439 0.0400895204934 0.0267263487584
0 0.0930000000644 0.83996000501 0.0495334352394 0.0330222923376
0 0.122199999422 0.855320005686 0.0702102829319 0.0468068583751
0 0.0926000000732 0.899880007645 0.0933036853201 0.0622024609827
0 0.049400001023 0.867420006218 0.134168945 0.0894459692328
0 0.0426000011725 0.865380006128 0.0250716807676 0.0167144549475
0 0.107399999748 0.896940007516 0.0389077573787 0.0259385066299
0 0.105999999779 0.91068000812 0.0280823323661 0.0187215561455
0 0.23099999703 0.931000009013 0.02602965584 0.0173531050379
0 0.23099999703 0.963820010456 0.0227163660357 0.0151442450227
0 0.0598000007943 0.686599998267 0.0316587858275 0.0211058586104
0 0.0472000010713 0.720699999766 0.114297120871 0.0761980856063
0 0.174199998279 0.789260002781 0.0350111544455 0.0233407711698
0 0.177999998196 0.694999998636 0.0302434402336 0.0201622948189
0 0.10639999977 0.659639997081 0.04277200899 0.0285146745407
0 0.161799998552 0.764300001683 0.161617112312 0.107744748648
0 0.22419999718 0.740940000656 0.0341862452073 0.0227908316414
0 0.305799995386 0.651399996719 0.0225319536083 0.0150213033963
0 0.246399996692 0.781580002443 0.0376369539288 0.0250913042741
0 0.264199996301 0.76946000191 0.0198916108703 0.0132610747881
0 0.359999994194 0.833640004732 0.0271558182121 0.0181038800021
0 0.22419999718 0.849540005431 0.14023358116 0.0934890602729
0 0.390399993526 0.691079998464 0.0280402855411 0.018693524927
0 0.583399989283 0.739720000603 0.0371666230919 0.0247777503621
0 0.663199987528 0.686419998259 0.0238304584957 0.0158869733783
0 0.762199985352 0.695579998662 0.0217075390386 0.0144716936469
0 0.728399986095 0.723139999873 0.0758596943291 0.0505731328884
0 0.751799985581 0.799660003238 0.0250822666741 0.0167215122189
0 0.905799982195 0.662519997208 0.0257188061366 0.0171458718886
0 0.953199981153 0.772260002033 0.100514666328 0.0670097819719
0 0.946999981289 0.897700007549 0.101086503147 0.067391006543
0 0.911399982072 0.90546000789 0.0360697450966 0.0240464983171
0 0.927799981711 0.969240010695 0.0824829101917 0.0549886104213
0 0.864799983096 0.908680008032 0.0264718895045 0.0176479275003
0 0.847399983479 0.889820007202 0.0213805631412 0.0142537097009
0 0.728999986082 0.942420009515 0.0477544093434 0.0318362749954
0 0.807199984363 0.900620007677 0.0938008271913 0.0625338889187
0 0.761599985365 0.979760011157 0.0412823641831 0.0275215779373
0 0.27239999612 0.986780011466 0.0222759131779 0.0148506097647
0 0.960999980981 0.0492599702426 0.11427733413 0.0761848944447
0 0.572799989516 0.212679977428 0.0782867359976 0.0521911607741
0 0.610199988694 0.210839977347 0.0305497389865 0.020366494001
0 0.237199996894 0.431179987036 0.21172208757 0.141148067689
0 0.297599995566 0.194659976636 0.286681188376 0.191120804856
0 0.436199992519 0.38009998479 0.0209015261382 0.0139343516778
0 0.602599988861 0.366699984201 0.0203421549661 0.0135614375385
0 0.181799998112 0.552479992369 0.403845408038 0.269230289783
0 0.140199999027 0.91864000847 0.0369570815032 0.0246380559605
