0 0.681399987128 0.346199983299 0.174301402722 0.116200942812
0 0.66539998748 0.504379990254 0.200947217681 0.133964820623
0 0.25919999641 0.807120003566 0.27254356183 0.18169571987
0 0.52939999047 0.894260007398 0.120430021288 0.080286686154
0 0.432999992589 0.77786000228 0.096402288983 0.0642681968942
0 0.869199982999 0.780560002398 0.260066042865 0.173377373346
0 0.789999984741 0.888720007154 0.101391218961 0.0675941504321
0 0.322399995021 0.980000011168 0.0590000058041 0.039333339797
0 0.352999994348 0.938540009345 0.0512356885799 0.0341571279728
0 0.294199995641 0.948540009784 0.0249626558239 0.0166417716469
0 0.406199993179 0.968540010664 0.0309179702392 0.0206119815189
0 0.610399988689 0.984040011345 0.0323718999783 0.0215812680756
0 0.641599988003 0.962180010384 0.0650791852189 0.0433861263409
0 0.706199986583 0.975600010974 0.0241826624881 0.0161217760554
0 0.566799989648 0.964060010467 0.0257612486964 0.0171741669303
0 0.970999980761 0.858640005831 0.0202132443475 0.0134754971205
0 0.924399981786 0.866780006189 0.0383889490259 0.0255926343719
0 0.98059998055 0.788820002761 0.0223446721034 0.0148964490514
0 0.947199981285 0.806620003544 0.0423743944268 0.0282495981477
0 0.916999981949 0.791620002885 0.0309815846119 0.0206543911036
0 0.967799980832 0.731340000234 0.05616941355 0.0374462781698
0 0.849799983426 0.73626000045 0.029290906515 0.019527272298
0 0.844799983536 0.92114000858 0.0495540134502 0.0330360111457
0 0.778799984987 0.832200004669 0.0241340860386 0.0160893917536
0 0.748799985646 0.801440003316 0.0225335365476 0.0150223586892
0 0.782799984899 0.790800002849 0.0236045928456 0.0157363962683
0 0.825799983954 0.834600004774 0.0289787706735 0.0193191817232
0 0.857399983259 0.831800004651 0.0207248305398 0.0138165546045
0 0.8327999838 0.871240006386 0.0546434600731 0.0364289757848
0 0.753599985541 0.735360000411 0.0650914529984 0.0433943048611
0 0.689599986948 0.711259999351 0.0548729862704 0.0365819932597
0 0.679799987163 0.688759998362 0.0323298531534 0.0215532368571
0 0.654199987726 0.69941999883 0.0290858169431 0.0193905459076
0 0.644999987929 0.688019998329 0.0205064838512 0.0136709901358
0 0.647399987876 0.726400000017 0.0199673940888 0.0133115969372
0 0.6917999869 0.885500007013 0.0217273257797 0.0144848848085
0 0.620399988469 0.909220008056 0.0225748908365 0.015049928217
0 0.701599986684 0.818660004074 0.0283219498013 0.0188813011129
0 0.657399987656 0.785800002629 0.0376888941243 0.0251259310734
0 0.622599988421 0.772580002047 0.0205134092106 0.0136756070424
0 0.626199988342 0.794460003009 0.037943153748 0.0252954375004
0 0.648599987849 0.824880004347 0.0220400552235 0.0146933711181
0 0.633799988175 0.857880005798 0.0393037890026 0.02620252773
0 0.609799988702 0.844380005204 0.0241921601238 0.0161281078129
0 0.581999989314 0.844600005214 0.0227303156882 0.0151535447916
0 0.604199988826 0.872600006445 0.0263861139817 0.0175907438146
0 0.606599988773 0.888660007151 0.0202783427259 0.0135188960422
0 0.717799986328 0.800140003259 0.0596359516644 0.0397573037318
0 0.742599985783 0.835560004817 0.0761869670276 0.0507913147017
0 0.531799990417 0.850980005495 0.0247064175261 0.0164709461037
0 0.552999989951 0.842640005128 0.0263912585344 0.0175941735167
0 0.58399998927 0.868400006261 0.0239615456558 0.0159743648241
0 0.567799989626 0.821640004205 0.0206653713826 0.0137769151637
0 0.492399991284 0.754280001243 0.0468956647778 0.0312637785805
0 0.399799993319 0.810140003699 0.0291728786041 0.0194485870188
0 0.400599993302 0.875740006583 0.0468208708963 0.0312139159896
0 0.483799991473 0.941580009478 0.0224649754895 0.0149766513141
0 0.605199988804 0.805260003484 0.0276760116367 0.0184506756414
0 0.597399988975 0.816380003973 0.0230687678955 0.0153791796113
0 0.587399989195 0.765180001722 0.0277664370437 0.0185109592501
0 0.620999988456 0.815540003936 0.0206208512151 0.0137472350501
0 0.563799989714 0.720139999742 0.0199819373436 0.013321292441
0 0.536999990303 0.736900000479 0.0206893133394 0.0137928764693
0 0.533199990387 0.752320001157 0.0220207631509 0.0146805097355
0 0.448199992255 0.736360000455 0.0213054724586 0.0142036492425
0 0.400399993306 0.729260000143 0.0207467938224 0.0138311967939
0 0.392999993469 0.701099998904 0.0346791329292 0.0231194234776
0 0.361599994159 0.708379999224 0.0367050973547 0.0244700665171
0 0.259799996397 0.706499999142 0.0200710766124 0.0133807186241
0 0.470199991772 0.868700006274 0.0316958859672 0.0211305920385
0 0.374999993865 0.797360003137 0.202294694753 0.13486313873
0 0.260999996371 0.878500006705 0.0346636992711 0.0231091343716
0 0.191599997897 0.883180006911 0.0320598630705 0.0213732434567
0 0.125199999356 0.881700006845 0.0234534221433 0.0156356157934
0 0.0208000016518 0.58295999371 0.0210953372676 0.014063559106
0 0.0618000007504 0.551379992321 0.0304160795501 0.0202773877041
0 0.103999999823 0.558699992643 0.0400181892916 0.0266787946207
0 0.18599999802 0.69371999858 0.0309425057982 0.0206283385593
0 0.173999998284 0.6418599963 0.0298001182983 0.0198667468425
0 0.197999997756 0.597659994356 0.0209219064815 0.0139479385743
0 0.148799998838 0.580779993614 0.03145221225 0.020968142883
0 0.137999999075 0.617619995234 0.054699654418 0.0364664386838
0 0.0688000005965 0.634779995988 0.0240333715261 0.0160222487409
0 0.127599999304 0.699539998836 0.0483621590975 0.0322414415249
0 0.283599995874 0.583519993734 0.0216443204006 0.0144295478855
0 0.353199994344 0.562899992828 0.0282658543902 0.0188439041696
0 0.234799996947 0.539919991817 0.0273411210429 0.0182274152308
0 0.142599998974 0.531879991464 0.0214474423263 0.0142982958272
0 0.376799993825 0.575399993377 0.022510880729 0.0150072548091
0 0.410599993082 0.555919992521 0.0220268970406 0.0146845989956
0 0.439199992453 0.52975999137 0.0318879162899 0.0212586122621
0 0.571999989533 0.657119996971 0.0414756806441 0.0276504555864
0 0.479999991556 0.639679996204 0.0386175848198 0.0257450582446
0 0.545399990118 0.637079996089 0.071091386515 0.0473942608026
0 0.66039998759 0.6691599975 0.0228209389627 0.0152139603119
0 0.406399993174 0.66141999716 0.0221115842927 0.0147410571674
0 0.460999991974 0.598779994405 0.026264623391 0.0175097500822
0 0.485799991429 0.597079994331 0.0237703068027 0.015846872247
0 0.599999988918 0.682259998076 0.0489400308726 0.0326266894003
0 0.475399991657 0.696959998722 0.140677793499 0.0937852018515
0 0.423599992796 0.677499997867 0.135611398429 0.0904076049157
0 0.547999990061 0.686519998263 0.0871242860614 0.0580828612052
0 0.532199990408 0.59911999442 0.0200593035014 0.013372869883
0 0.430199992651 0.59273999414 0.179449912767 0.119633283068
0 0.566399989657 0.568919993092 0.0216133541507 0.0144089037175
0 0.494999991226 0.551439992324 0.0220957548998 0.0147305042381
0 0.392799993473 0.522879991068 0.0391606319305 0.0261070896756
0 0.563999989709 0.594919994236 0.0474542444802 0.0316361650734
0 0.580599989344 0.585739993832 0.022602295473 0.0150681979759
0 0.715999986368 0.633059995913 0.0346810126696 0.023120676638
0 0.715999986368 0.601739994535 0.056883813839 0.0379225450605
0 0.625399988359 0.623039995472 0.0227315028927 0.0151543362613
0 0.61719998854 0.602639994575 0.0416896742496 0.0277931179995
0 0.734599985959 0.564479992897 0.0311740106695 0.0207826751504
0 0.88599998263 0.673339997684 0.0217860924009 0.0145240625586
0 0.877199982824 0.625299995571 0.0251020534152 0.0167347033806
0 0.87599998285 0.638159996137 0.0394673264182 0.0263115526808
0 0.823199984011 0.639739996206 0.0212379996713 0.0141586673814
0 0.687199987001 0.664199997282 0.0341385591612 0.0227590409419
0 0.671399987348 0.64437999641 0.0287816947317 0.0191877977534
0 0.679599987168 0.63117999583 0.0448703928882 0.0299135972318
0 0.683399987084 0.614419995093 0.0234554008174 0.0156369349096
0 0.73819998588 0.626499995624 0.0940995080489 0.0627330095035
0 0.812599984244 0.526219991215 0.0211115623954 0.0140743758585
0 0.790999984719 0.542399991926 0.0442435489288 0.0294957012313
0 0.859599983211 0.535759991634 0.0213674049583 0.0142449375784
0 0.933599981584 0.540019991822 0.0704460419526 0.046964031066
0 0.799799984525 0.58251999369 0.024713837554 0.0164758927894
0 0.882999982696 0.595139994245 0.0201459694276 0.0134306471709
0 0.848999983444 0.660959997139 0.0219800024641 0.0146533359425
0 0.89919998234 0.569359993112 0.050722321581 0.0338148832843
0 0.929399981676 0.63845999615 0.0616550896643 0.0411033958205
0 0.950199981219 0.436199987257 0.0267074506578 0.0178049682795
0 0.896199982406 0.430119986989 0.031618618743 0.0210790805523
0 0.864799983096 0.422659986661 0.0392578837632 0.026171924235
0 0.961399980972 0.454039988041 0.0264531910341 0.0176354618526
0 0.90419998223 0.492379989727 0.021525204219 0.0143501370924
0 0.861599983167 0.513519990656 0.0307760993052 0.02051740089
0 0.922999981817 0.539679991807 0.0232025262656 0.0154683518639
0 0.868599983013 0.484059989361 0.0626087116536 0.0417391438554
0 0.845399983523 0.401239985719 0.0221310742327 0.0147540504616
0 0.961999980959 0.321159982198 0.021222961748 0.0141486420985
0 0.732999985994 0.435159987211 0.0558192871655 0.0372128605647
0 0.809399984314 0.407319985987 0.0562549912055 0.0375033299439
0 0.80139998449 0.514439990697 0.0576090968355 0.0384060670901
0 0.788799984767 0.487879989529 0.0397330623517 0.0264887099816
0 0.659799987603 0.506659990355 0.030442000181 0.0202946681259
0 0.646199987902 0.385139985011 0.021073373985 0.0140489169166
0 0.592799989076 0.40397998584 0.0246171793235 0.0164114539648
0 0.554999989907 0.421519986611 0.0232588195441 0.0155058807188
0 0.564199989705 0.473439988894 0.0550069425079 0.036671297424
0 0.455599992093 0.517899990849 0.0247123535484 0.0164749034522
0 0.356599994269 0.459299988272 0.0406569052956 0.0271046053181
0 0.408799993121 0.366759984203 0.0300956332773 0.0200637568415
0 0.512599990839 0.355379983703 0.0301114626702 0.0200743097708
0 0.497399991174 0.341859983108 0.027257719929 0.0181718144845
0 0.496999991182 0.387279985106 0.0216091989351 0.0144061335736
0 0.458999992018 0.383759984951 0.0734228582238 0.0489485753776
0 0.527799990505 0.375719984597 0.0643771516432 0.0429181039262
0 0.23919999685 0.350419983485 0.0203536312759 0.0135690884122
0 0.251199996586 0.364259984093 0.0218333827122 0.0145555894349
0 0.21599999736 0.364339984097 0.0235656129655 0.0157104096799
0 0.337599994687 0.418459986477 0.0262215872291 0.0174810593057
0 0.328399994889 0.363239984048 0.0260157061875 0.0173438052689
0 0.411399993064 0.43399998716 0.0198662838416 0.0132441901013
0 0.393999993447 0.423959986718 0.022805703172 0.0152038031174
0 0.216999997338 0.441459987488 0.0472634013619 0.0315089363195
0 0.357799994243 0.502939990191 0.0445902126336 0.0297268103831
0 0.495599991213 0.483299989328 0.0268447706413 0.0178965149413
0 0.54759999007 0.427919986892 0.127806518386 0.0852043512102
0 0.15459999871 0.399519985644 0.051653881354 0.0344359231739
0 0.113399999616 0.410259986116 0.0387654907099 0.0258436621778
0 0.0772000004118 0.449799987855 0.0295607976642 0.0197071997426
0 0.130199999247 0.45219998796 0.021709418779 0.0144729468072
0 0.127999999295 0.47425998893 0.0237732748138 0.0158488509212
0 0.149799998816 0.484119989364 0.0316312822573 0.0210875228957
0 0.0692000005877 0.501819990142 0.0211634036572 0.014108936702
0 0.0302000014451 0.512659990619 0.0226023944067 0.0150682639317
0 0.0256000015462 0.477819989087 0.0532194083131 0.0354796078822
0 0.0182000017089 0.426819986844 0.0367430878977 0.0244953935474
0 0.148999998833 0.44217998752 0.053688749813 0.0357925022361
0 0.0938000000468 0.461319988361 0.0211668663369 0.0141112451553
0 0.0732000004997 0.469959988741 0.0218373400605 0.0145582276672
0 0.0884000001655 0.359999983906 0.0356192999345 0.0237462015226
0 0.075600000447 0.348279983391 0.0410717343237 0.0273811580217
0 0.139399999044 0.377159984661 0.0208048679077 0.0138699128533
0 0.102599999853 0.323759982313 0.0370635341705 0.02470902441
0 0.109799999695 0.349899983462 0.0248977553129 0.0165985046367
0 0.132399999198 0.338819982975 0.0246391426062 0.0164260961542
0 0.0476000010625 0.315579981953 0.0312128916159 0.020808595783
0 0.0206000016561 0.308819981656 0.0231046808306 0.0154031215697
0 0.0500000010098 0.174719975759 0.0213993605453 0.0142662413045
0 0.102199999862 0.160679975142 0.0457365574817 0.0304910403322
0 0.0920000000864 0.122779973475 0.0634532097656 0.0423021426338
0 0.0356000013264 0.13765997413 0.0606292460698 0.0404195000457
0 0.0586000008207 0.180499976013 0.0623059745141 0.0415373190824
0 0.112799999629 0.210039977312 0.0339316887825 0.022621127347
0 0.0728000005085 0.26047997953 0.0200972940444 0.0133981969133
0 0.0802000003458 0.0699799711537 0.020488082182 0.0136587223555
0 0.20419999762 0.14903997463 0.0361345466739 0.0240896993714
0 0.292399995681 0.118939973306 0.0200069675711 0.0133379792605
0 0.216199997356 0.10719997279 0.0271729337432 0.0181152903569
0 0.14639999889 0.268119979866 0.0206002730043 0.013733516242
0 0.210399997483 0.295019981049 0.0527817255991 0.0351878193869
0 0.273799996089 0.270279979961 0.0244027899833 0.0162685277285
0 0.26559999627 0.289919980825 0.0215859495143 0.0143906339587
0 0.248999996635 0.174159975735 0.0500336440555 0.0333557649037
0 0.578799989384 0.261399979571 0.024962952625 0.0166419695143
0 0.538999990259 0.229079978149 0.0589380733043 0.0392920514611
0 0.590599989125 0.225439977989 0.0341328210062 0.022755215505
0 0.51619999076 0.246299978907 0.0431169908219 0.0287446624438
0 0.472199991728 0.263999979685 0.0221853888372 0.0147902602003
0 0.47619999164 0.245179978857 0.0233872354941 0.0155914913578
0 0.305199995399 0.201079976918 0.0958355967167 0.0638904020251
0 0.413199993025 0.132419973899 0.0381567516186 0.0254378360902
0 0.348599994445 0.119339973324 0.0199450350713 0.0132966909246
0 0.417599992928 0.213119977448 0.0733030495062 0.0488687028939
0 0.408599993126 0.180119975997 0.0650479221679 0.0433652843055
0 0.367199994036 0.207439977198 0.0224553789201 0.0149702536007
0 0.443599992356 0.272799980072 0.0369525305527 0.0246350219933
0 0.374399993878 0.301479981333 0.113494768518 0.0756631840021
0 0.67039998737 0.284039980566 0.0277093522955 0.0184729027488
0 0.500399991108 0.195059976654 0.0243358118645 0.0162238756464
0 0.456399992075 0.142359974336 0.0324149361403 0.0216099588521
0 0.523199990606 0.173259975695 0.0589916953728 0.0393277995091
0 0.600199988913 0.169259975519 0.0513998195977 0.0342665486585
0 0.624399988381 0.202919976999 0.0241740552557 0.0161160379001
0 0.434599992554 0.0942799722222 0.0331981942884 0.0221321309853
0 0.405799993187 0.0890999719944 0.029141318752 0.019427547116
0 0.484199991464 0.0923399721369 0.0375243673717 0.0250162465644
0 0.52939999047 0.117159973228 0.0276625566527 0.0184417056515
0 0.546599990092 0.108179972833 0.0216558956442 0.014437264715
0 0.558399989832 0.0871599719091 0.0332984141323 0.022198944219
0 0.596599988993 0.122579973467 0.0266959743479 0.0177973174058
0 0.601399988887 0.133039973926 0.0206067036951 0.0137378033695
0 0.567799989626 0.153639974832 0.023021180783 0.0153474548676
0 0.761199985374 0.26251997962 0.0553411405658 0.0368940961439
0 0.88419998267 0.245879978888 0.0350417249606 0.0233611515145
0 0.813999984213 0.192219976529 0.0565775150861 0.0377183458785
0 0.903999982234 0.191439976494 0.0204902587235 0.0136601733833
0 0.778399984996 0.133639973953 0.0224481567595 0.0149654388267
0 0.719599986288 0.239839978623 0.0310526190126 0.0207017473738
0 0.974199980691 0.141579974302 0.0344065705699 0.0229377152262
0 0.967999980827 0.0980399723875 0.0253806507305 0.0169204349363
0 0.882999982696 0.0456799700852 0.0360694482955 0.0240463004497
0 0.685199987045 0.0842599717816 0.0232241927471 0.0154827961859
0 0.716999986346 0.0684799710877 0.03424451716 0.0228296796124
0 0.745799985712 0.0268599692577 0.0247689436281 0.0165126301745
0 0.745399985721 0.0540799704545 0.0627175387299 0.0418116952443
0 0.564199989705 0.0575599706076 0.0218287328281 0.0145524895119
0 0.54259999018 0.0660199709796 0.0311954792837 0.0207969875608
0 0.49799999116 0.0559599705372 0.0414701403566 0.0276467620612
0 0.470799991758 0.0430999699717 0.0483313907151 0.0322209292685
0 0.441399992405 0.0316799694696 0.0445623133286 0.0297082108452
0 0.394999993425 0.0319999694837 0.0340457593452 0.0226971743938
0 0.488599991367 0.0169399688215 0.0200754296955 0.0133836206797
0 0.336399994713 0.0227199690756 0.0285384167494 0.0190256124211
0 0.332599994797 0.0665999710051 0.0280881694547 0.0187254475382
0 0.381599993719 0.0491199702364 0.0235511686445 0.0157007801319
0 0.157999998635 0.0228799690827 0.0597924647869 0.0398616458203
0 0.205399997593 0.0396799698214 0.047913890477 0.0319425957581
0 0.114799999585 0.108239972836 0.0204223902014 0.0136149276989
0 0.874799982876 0.901260007706 0.0902709715052 0.0601806516394
0 0.636999988104 0.832980004703 0.0337474742225 0.0224983176322
0 0.645799987911 0.660639997125 0.0918936821463 0.0612624588048
0 0.4961999912 0.511439990565 0.0277843440445 0.0185228972513
0 0.804399984424 0.291599980898 0.131696591694 0.0877977335869
