0 0.654399987722 0.359920004134 0.358749469963 0.239166313308
0 0.230799997035 0.921139991796 0.0989693283727 0.0659795522484
0 0.795399984622 0.7799199949 0.152158070745 0.10143871383
0 0.851199983395 0.714559996337 0.10942860043 0.0729524002869
0 0.107999999735 0.44426000228 0.0819736048813 0.0546490699209
0 0.437199992497 0.214940007322 0.126257224882 0.0841714832544
0 0.475399991657 0.120820009391 0.127212924542 0.0848086163612
0 0.945799981315 0.915359991923 0.034956743213 0.0233044954753
0 0.929999981663 0.904199992168 0.0231190277428 0.0154126851619
0 0.96559998088 0.894759992376 0.0303517746432 0.0202345164288
0 0.966199980867 0.96871999075 0.0218518847565 0.014567923171
0 0.941799981403 0.954499991062 0.0395259967126 0.0263506644751
0 0.906799982173 0.939439991393 0.0271058584785 0.018070572319
0 0.963599980924 0.931259991573 0.0391634046573 0.0261089364382
0 0.874399982885 0.966399990801 0.0318427056867 0.0212284704578
0 0.635999988126 0.976479990579 0.0263636577693 0.0175757718462
0 0.671599987344 0.973419990646 0.0234854782129 0.0156569854753
0 0.860399983193 0.947399991218 0.0298749141503 0.0199166094335
0 0.319799995078 0.97735999056 0.0393917436651 0.0262611624434
0 0.249999996613 0.952939991097 0.0220746834764 0.014716455651
0 0.317199995135 0.945619991257 0.0263706820629 0.0175804547086
0 0.352599994357 0.95777999099 0.0418605355203 0.0279070236802
0 0.356399994273 0.932239991552 0.024163075208 0.0161087168053
0 0.388599993566 0.937059991446 0.0316348459572 0.0210898973048
0 0.115599999568 0.972819990659 0.0283543029932 0.0189028686621
0 0.130599999238 0.987039990347 0.0338831145678 0.0225887430452
0 0.182199998103 0.955379991043 0.0274728036172 0.0183152024114
0 0.132799999189 0.958099990983 0.0291841589714 0.019456105981
0 0.0306000014363 0.893059992413 0.0237405293231 0.0158270195487
0 0.138799999057 0.884599992599 0.021599010188 0.0143993401253
0 0.196799997782 0.88953999249 0.0212597664887 0.0141731776592
0 0.225399997154 0.873079992852 0.0421187525092 0.0280791683395
0 0.138799999057 0.930459991591 0.0500464098044 0.0333642732029
0 0.0852000002359 0.980839990483 0.0198113769416 0.0132075846277
0 0.0814000003194 0.866159993004 0.0303140808989 0.0202093872659
0 0.239399996846 0.847159993422 0.0358752437974 0.0239168291983
0 0.245599996709 0.833919993713 0.0317126078551 0.02114173857
0 0.347999994458 0.878839992726 0.0220745845427 0.0147163896951
0 0.332999994788 0.901759992222 0.0299359562507 0.0199573041671
0 0.349799994419 0.908019992084 0.0342357143182 0.0228238095455
0 0.256799996463 0.967439990778 0.0281037039001 0.0187358026001
0 0.584599989256 0.94961999117 0.0399235123684 0.0266156749123
0 0.508799990923 0.8618199931 0.0238679559444 0.0159119706296
0 0.48299999149 0.861439993108 0.0432872585844 0.0288581723896
0 0.380999993733 0.880159992697 0.0229861597673 0.0153241065115
0 0.397799993363 0.90911999206 0.0400039454764 0.0266692969843
0 0.429199992673 0.893839992396 0.0579323170731 0.0386215447154
0 0.692399986886 0.856319993221 0.0399362748173 0.0266241832115
0 0.880599982749 0.894979992371 0.0395067046387 0.0263378030925
0 0.901599982287 0.914759991936 0.0316503785501 0.0211002523667
0 0.827199983923 0.916619991895 0.0457452666649 0.0304968444433
0 0.889399982555 0.873419992845 0.0234440249875 0.0156293499917
0 0.845599983518 0.830939993779 0.0268662410275 0.0179108273516
0 0.941199981417 0.871999992876 0.0262957892427 0.0175305261618
0 0.918199981922 0.852539993304 0.0277665378088 0.0185110252059
0 0.941599981408 0.854239993266 0.0270728146186 0.0180485430791
0 0.959199981021 0.859419993153 0.0352360330826 0.0234906887218
0 0.980799980546 0.809479994251 0.0279405622086 0.0186270414724
0 0.96559998088 0.821899993977 0.02992794262 0.0199519617467
0 0.885199982648 0.85043999335 0.0198190937712 0.0132127291808
0 0.783399984886 0.880839992682 0.128175549562 0.0854503663746
0 0.971399980753 0.506020000922 0.0394983942069 0.0263322628046
0 0.928799981689 0.537380000233 0.0210772337897 0.0140514891931
0 0.9555999811 0.523720000533 0.0304775193915 0.020318346261
0 0.941399981412 0.566299999597 0.0587862139434 0.0391908092956
0 0.937199981504 0.618739998444 0.0231381219493 0.0154254146328
0 0.943799981359 0.60847999867 0.0250330982734 0.0166887321823
0 0.814799984195 0.577199999357 0.0227378361495 0.015158557433
0 0.744199985748 0.585419999177 0.0286614921697 0.0191076614465
0 0.782999984895 0.583979999208 0.0224267885583 0.0149511923722
0 0.828199983901 0.624619998315 0.0294879844017 0.0196586562678
0 0.889599982551 0.62801999824 0.0244043745322 0.0162695830214
0 0.872199982933 0.643119997908 0.0251103655027 0.0167402436685
0 0.860599983189 0.652099997711 0.0264431015402 0.0176287343601
0 0.752399985567 0.640259997971 0.0219981087832 0.0146654058554
0 0.712999986434 0.646519997833 0.0220853683173 0.0147235788782
0 0.673199987309 0.625399998298 0.0208702644637 0.0139135096424
0 0.672999987313 0.598639998886 0.0272324936302 0.0181549957534
0 0.646799987889 0.653239997686 0.0209188409164 0.0139458939442
0 0.617799988527 0.611739998598 0.0248074304758 0.0165382869839
0 0.593199989067 0.602399998803 0.0266510602033 0.0177673734689
0 0.543199990167 0.614579998535 0.0428881599893 0.0285921066595
0 0.571199989551 0.592879999013 0.0332631959269 0.0221754639513
0 0.632999988192 0.548619999986 0.125279759805 0.0835198398699
0 0.664799987493 0.497380001112 0.0262762003677 0.0175174669118
0 0.631799988219 0.493480001198 0.0295092551498 0.0196728367666
0 0.597999988962 0.488120001316 0.0224581505451 0.0149721003634
0 0.521399990646 0.490620001261 0.0213571172616 0.0142380781744
0 0.531999990413 0.548139999996 0.0260719022519 0.0173812681679
0 0.519199990694 0.561379999705 0.0236294267642 0.0157529511761
0 0.519599990685 0.584579999195 0.0561137175747 0.0374091450498
0 0.501399991086 0.623379998342 0.0457537749642 0.0305025166428
0 0.49119999131 0.602679998797 0.0270461025163 0.0180307350109
0 0.464199991903 0.594899998968 0.0249808612734 0.0166539075156
0 0.451999992172 0.579019999317 0.0308402103806 0.0205601402537
0 0.427799992704 0.591519999042 0.0242008678861 0.0161339119241
0 0.394799993429 0.58617999916 0.0202859619592 0.0135239746395
0 0.321799995034 0.602299998805 0.0203269205161 0.013551280344
0 0.425999992743 0.520780000598 0.0254183461489 0.0169455640993
0 0.407199993157 0.647859997804 0.0371654383387 0.0247769588924
0 0.586999989204 0.520600000602 0.0215185770799 0.0143457180533
0 0.389999993535 0.532000000351 0.0237771347966 0.0158514231977
0 0.385599993632 0.663559997459 0.0253298994101 0.0168865996068
0 0.505399990998 0.652799997695 0.0281242821123 0.0187495214082
0 0.509599990905 0.666619997391 0.0203045614971 0.0135363743314
0 0.471999991732 0.68077999708 0.03358255395 0.0223883693
0 0.460799991978 0.702439996604 0.0429443543378 0.0286295695585
0 0.42979999266 0.690359996869 0.028419005641 0.0189460037607
0 0.415999992963 0.707059996502 0.0403271619143 0.0268847746095
0 0.599799988922 0.671859997276 0.0371877973576 0.0247918649051
0 0.646199987902 0.684799996992 0.0221140590939 0.0147427060626
0 0.558599989828 0.670699997302 0.0202453991372 0.0134969327581
0 0.591999989094 0.699779996662 0.0502863240566 0.0335242160377
0 0.965199980889 0.662799997475 0.0284143557565 0.0189429038377
0 0.836799983712 0.670639997303 0.0204616682321 0.0136411121548
0 0.927799981711 0.733319995925 0.0275561058029 0.0183707372019
0 0.916799981953 0.760599995325 0.0447741333456 0.0298494222304
0 0.925799981755 0.720259996212 0.037824040061 0.0252160267074
0 0.669999987379 0.749439995571 0.0224084858215 0.0149389905477
0 0.698399986755 0.751899995516 0.0266120803207 0.0177413868805
0 0.700999986697 0.696139996742 0.0229933819283 0.0153289212855
0 0.73819998588 0.731659995961 0.020438319876 0.013625546584
0 0.601599988883 0.752879995495 0.0302711436678 0.0201807624452
0 0.603799988834 0.791499994646 0.0257195993026 0.0171463995351
0 0.564799989692 0.776479994976 0.0561004604573 0.0374003069715
0 0.598799988944 0.739559995788 0.0222665159445 0.014844343963
0 0.583199989287 0.73353999592 0.0208719463368 0.0139146308912
0 0.553999989929 0.719699996224 0.0238909085657 0.0159272723771
0 0.592599989081 0.72307999615 0.0340909742972 0.0227273161981
0 0.650799987801 0.760679995323 0.0263738479417 0.0175825652944
0 0.508599990927 0.800559994447 0.0287533026546 0.0191688684364
0 0.547999990061 0.807879994286 0.0239104974407 0.0159403316271
0 0.518999990699 0.762439995285 0.0198497632219 0.0132331754813
0 0.416199992959 0.771399995088 0.0309689231402 0.0206459487601
0 0.453199992145 0.728239996037 0.0315217647242 0.0210145098161
0 0.271799996133 0.764679995235 0.0215755628982 0.0143837085988
0 0.298199995553 0.778079994941 0.0225454100792 0.0150302733862
0 0.309599995302 0.795799994551 0.0258273381153 0.0172182254102
0 0.318199995113 0.756539995414 0.0281882922241 0.018792194816
0 0.222199997224 0.740859995759 0.0347720339723 0.0231813559815
0 0.274799996068 0.726039996085 0.0640429578093 0.0426953052062
0 0.31379999521 0.716139996303 0.0390243038579 0.0260162025719
0 0.259599996402 0.700219996653 0.0342661859016 0.0228441239344
0 0.321599995039 0.693879996792 0.0332905016315 0.0221936677543
0 0.346399994493 0.677999997141 0.0250548636901 0.0167032424601
0 0.376399993834 0.683839997013 0.0375675049452 0.0250450032968
0 0.155999998679 0.761939995296 0.0368139268591 0.0245426179061
0 0.112599999634 0.733239995927 0.0612931942114 0.0408621294743
0 0.0700000005701 0.772419995065 0.0202671645539 0.0135114430359
0 0.179799998156 0.725239996103 0.0615129259863 0.0410086173242
0 0.351799994375 0.705299996541 0.0218362532299 0.0145575021533
0 0.24739999667 0.818799994046 0.0225631192137 0.0150420794758
0 0.312399995241 0.81995999402 0.0328570730382 0.0219047153588
0 0.391199993508 0.809779994244 0.0217186210461 0.0144790806974
0 0.427199992717 0.802839994397 0.0233551825139 0.0155701216759
0 0.43659999251 0.841719993542 0.056018741211 0.037345827474
0 0.502199991068 0.812739994179 0.0251547867395 0.0167698578263
0 0.367599994027 0.860179993136 0.0370434530715 0.024695635381
0 0.371599993939 0.84315999351 0.0318224242756 0.0212149495171
0 0.57759998941 0.840179993576 0.110380342742 0.0735868951613
0 0.119999999471 0.754819995452 0.0301295695256 0.0200863796837
0 0.0234000015946 0.654159997665 0.0469210938349 0.0312807292232
0 0.0808000003326 0.630679998181 0.0232584253433 0.0155056168956
0 0.0648000006844 0.602419998803 0.0324906225681 0.0216604150454
0 0.0728000005085 0.578239999334 0.0310540061327 0.0207026707551
0 0.00980000189359 0.702899996594 0.0275063421456 0.0183375614304
0 0.200599997699 0.666259997399 0.0409314490287 0.0272876326858
0 0.225399997154 0.641639997941 0.050592523896 0.033728349264
0 0.186999997998 0.630659998182 0.0249151692884 0.016610112859
0 0.110999999669 0.657059997602 0.0238256123156 0.0158837415437
0 0.241799996793 0.613399998561 0.0761454198935 0.0507636132623
0 0.234999996943 0.568399999551 0.0293965696516 0.0195977131011
0 0.137799999079 0.604639998754 0.0516528954237 0.0344352636158
0 0.121199999444 0.569439999528 0.0378991307486 0.0252660871657
0 0.092200000082 0.550319999948 0.0400072102889 0.026671473526
0 0.191799997892 0.529260000411 0.0518826195035 0.0345884130023
0 0.125599999348 0.526660000468 0.0465299099367 0.0310199399578
0 0.156199998675 0.495620001151 0.0275070346816 0.0183380231211
0 0.155799998684 0.508760000862 0.038530228899 0.025686819266
0 0.317399995131 0.520000000615 0.0245877976347 0.0163918650898
0 0.352199994366 0.504360000959 0.0473808387956 0.0315872258638
0 0.491399991305 0.470140001711 0.0324252273843 0.0216168182562
0 0.439599992444 0.489840001278 0.0250179614155 0.0166786409436
0 0.0664000006492 0.59891999888 0.0817491242882 0.0544994161922
0 0.855799983294 0.458460001968 0.130798282273 0.0871988548489
0 0.925999981751 0.392820003411 0.0418243257816 0.0278828838544
0 0.967399980841 0.351960004309 0.0362685053035 0.0241790035357
0 0.981399980533 0.0684200105429 0.0270862696035 0.018057513069
0 0.98559998044 0.132300009139 0.0339854120263 0.0226569413508
0 0.9191999819 0.072420010455 0.042962854942 0.0286419032947
0 0.930999981641 0.203060007583 0.0307842138994 0.0205228092663
0 0.924799981777 0.220580007198 0.0306191924674 0.0204127949783
0 0.952199981175 0.208940007454 0.0341739796818 0.0227826531212
0 0.655599987695 0.380400003684 0.0213981747522 0.0142654498348
0 0.604999988808 0.336180004656 0.0291154000414 0.0194102666943
0 0.55579998989 0.308760005259 0.0212158399205 0.0141438932803
0 0.642799987977 0.333940004705 0.028157029171 0.0187713527807
0 0.649599987827 0.357020004198 0.0481201704272 0.0320801136181
0 0.648199987858 0.34282000451 0.0232147955762 0.0154765303842
0 0.888399982577 0.124620009307 0.0199512692107 0.0133008461405
0 0.892199982494 0.0884600101023 0.0287021539254 0.0191347692836
0 0.893399982467 0.140380008961 0.019962151919 0.0133081012794
0 0.762199985352 0.153420008674 0.0550709562478 0.0367139708318
0 0.850399983413 0.16954000832 0.0770599631294 0.0513733087529
0 0.62719998832 0.145160008856 0.0333196870766 0.0222131247178
0 0.56759998963 0.175940008179 0.0218872040917 0.0145914693945
0 0.679199987177 0.177120008153 0.0208269314977 0.0138846209985
0 0.652399987766 0.170220008305 0.0226623497271 0.0151082331514
0 0.8509999834 0.198100007692 0.0556387368223 0.0370924912149
0 0.788799984767 0.219440007223 0.0270044514234 0.0180029676156
0 0.713999986412 0.155960008618 0.0228672414452 0.0152448276301
0 0.894399982445 0.154020008661 0.03311776337 0.0220785089133
0 0.44479999233 0.254840006444 0.0254798829179 0.0169865886119
0 0.423799992792 0.231180006965 0.0280596783982 0.0187064522654
0 0.382999993689 0.262160006283 0.0300396387811 0.0200264258541
0 0.319199995091 0.263140006262 0.0245405073202 0.0163603382135
0 0.349599994423 0.282520005836 0.0424406828088 0.0282937885392
0 0.369399993988 0.275800005984 0.0340437829165 0.0226958552777
0 0.388199993574 0.30282000539 0.0483242706755 0.0322161804503
0 0.42659999273 0.27370000603 0.050889226099 0.0339261507326
0 0.414999992985 0.290760005655 0.0410680764853 0.0273787176568
0 0.393599993456 0.408200003073 0.0206346043611 0.0137564029074
0 0.372999993909 0.3569200042 0.0249501918226 0.016633461215
0 0.316199995157 0.351980004309 0.0384221932852 0.0256147955235
0 0.28379999587 0.318380005047 0.0207300753934 0.0138200502623
0 0.31559999517 0.324940004903 0.0356304817933 0.0237536545289
0 0.344599994533 0.338160004613 0.0307405841323 0.0204937227549
0 0.282799995892 0.381740003655 0.0221366159803 0.0147577439869
0 0.31699999514 0.436040002461 0.0424333617141 0.0282889078094
0 0.269199996191 0.441260002346 0.0401468057569 0.0267645371713
0 0.288999995755 0.432600002536 0.0303878854482 0.0202585902988
0 0.277999995997 0.416380002893 0.0242512251456 0.0161674834304
0 0.228399997088 0.455480002033 0.0308140918805 0.0205427279204
0 0.198999997734 0.485120001382 0.0311671862995 0.0207781241997
0 0.121599999436 0.484080001405 0.0197886221878 0.0131924147919
0 0.159799998596 0.470860001695 0.0558426392032 0.0372284261355
0 0.0971999999721 0.40286000319 0.0265767609855 0.017717840657
0 0.130399999242 0.410380003025 0.0268501148324 0.0179000765549
0 0.376399993834 0.42836000263 0.0485021534901 0.0323347689934
0 0.343199994564 0.387800003521 0.0222850165486 0.0148566776991
0 0.164199998499 0.318640005042 0.0199794653187 0.0133196435458
0 0.0736000004909 0.388380003509 0.0367489274102 0.0244992849401
0 0.105399999792 0.35054000434 0.0217542371825 0.0145028247883
0 0.0174000017265 0.356600004207 0.0235163455311 0.0156775636874
0 0.0402000012252 0.366740003984 0.0337725066775 0.0225150044517
0 0.0294000014627 0.384800003587 0.0249374293737 0.0166249529158
0 0.0346000013484 0.292420005618 0.0290040006815 0.0193360004543
0 0.0832000002799 0.267740006161 0.0521697251364 0.0347798167576
0 0.0394000012428 0.264780006226 0.0489003616819 0.0326002411212
0 0.0710000005481 0.476500001571 0.0251326255879 0.0167550837253
0 0.0176000017221 0.123480009332 0.0203561059612 0.0135707373074
0 0.0238000015858 0.139280008985 0.0203880615502 0.0135920410335
0 0.0542000009174 0.137620009022 0.0527999328834 0.0351999552556
0 0.0482000010494 0.20954000744 0.0214926564473 0.0143284376316
0 0.207799997541 0.249480006562 0.0211915022273 0.0141276681515
0 0.134199999159 0.0448600110609 0.0262528520116 0.0175019013411
0 0.0834000002755 0.0399400111691 0.0240324827079 0.0160216551386
0 0.0572000008515 0.0571000107918 0.0208002193954 0.0138668129303
0 0.102799999849 0.0672600105684 0.0286484329197 0.0190989552798
0 0.0848000002447 0.0615800106933 0.0214045065097 0.0142696710065
0 0.0204000016605 0.0929200100043 0.0451130802437 0.0300753868292
0 0.0356000013264 0.077560010342 0.0509795525782 0.0339863683855
0 0.479599991565 0.0701800105042 0.0341906005454 0.022793733697
0 0.498199991156 0.0480800109901 0.0240234797401 0.01601565316
0 0.353399994339 0.0743000104137 0.0464358239763 0.0309572159842
0 0.14279999897 0.152820008687 0.101455532561 0.0676370217074
0 0.349199994432 0.148080008792 0.0283218527356 0.0188812351571
0 0.301599995478 0.145760008843 0.0232297345668 0.0154864897112
0 0.288999995755 0.149620008758 0.0924254569105 0.0616169712737
0 0.480799991539 0.174120008219 0.0277432883864 0.018495525591
0 0.216799997343 0.193540007792 0.0248605578793 0.0165737052529
0 0.285399995834 0.251900006509 0.0348796738512 0.0232531159008
0 0.105799999783 0.192340007819 0.0311427496726 0.0207618331151
0 0.0804000003414 0.187060007935 0.0250015384192 0.0166676922795
0 0.708199986539 0.101700009811 0.0356551162877 0.0237700775251
0 0.701199986693 0.0473200110068 0.0243054408199 0.0162036272133
0 0.709599986508 0.0350000112777 0.0310915020096 0.0207276680064
0 0.742599985783 0.0169400116747 0.0329338455989 0.0219558970659
0 0.0450000011197 0.0205400115956 0.0220816088363 0.0147210725575
0 0.716999986346 0.740679995763 0.0216250297543 0.0144166865029
0 0.803799984437 0.707059996502 0.091023269407 0.0606821796047
0 0.909799982107 0.708399996473 0.0331150921597 0.0220767281065
0 0.206799997562 0.651919997715 0.266628333151 0.177752222101
0 0.817999984125 0.819819994023 0.0380413974268 0.0253609316179
0 0.529999990457 0.641899997935 0.0201314275007 0.0134209516671
0 0.59579998901 0.621999998372 0.0280689781671 0.0187126521114
0 0.460799991978 0.20638000751 0.0253608656621 0.0169072437747
