0 0.162599998534 0.868759992947 0.249782889968 0.166521926646
0 0.140399999022 0.151080008726 0.209061774012 0.139374516008
0 0.318599995105 0.966599990796 0.0245307128827 0.0163538085885
0 0.0372000012912 0.792099994633 0.0568103098426 0.0378735398951
0 0.0140000018013 0.76355999526 0.0284989440805 0.0189992960537
0 0.671799987339 0.80083999444 0.0222929312456 0.0148619541637
0 0.663999987511 0.853799993276 0.027640298392 0.0184268655947
0 0.674599987278 0.901159992235 0.0404244137534 0.026949609169
0 0.491999991292 0.912239991991 0.0312181371613 0.0208120914409
0 0.438799992462 0.942959991316 0.0215746724948 0.0143831149965
0 0.595599989015 0.933539991523 0.0410947885876 0.027396525725
0 0.575599989454 0.94231999133 0.0344673181386 0.0229782120924
0 0.550999989995 0.892519992425 0.0266064410991 0.0177376273994
0 0.58399998927 0.82041999401 0.0257258321265 0.017150554751
0 0.540199990233 0.804219994366 0.0273947449182 0.0182631632788
0 0.516799990747 0.825259993904 0.0504165208219 0.0336110138813
0 0.564599989696 0.875239992805 0.0790084625919 0.0526723083946
0 0.555399989898 0.919979991821 0.0353257659596 0.0235505106398
0 0.515199990782 0.898239992299 0.02704620145 0.0180308009667
0 0.860199983197 0.798839994484 0.0207033632911 0.0138022421941
0 0.865599983079 0.819539994029 0.0214960201936 0.014330680129
0 0.602799988856 0.973759990639 0.0507336033696 0.0338224022464
0 0.815799984173 0.873859992835 0.0482663944539 0.0321775963026
0 0.793399984666 0.895099992368 0.0643838833817 0.0429225889211
0 0.910399982094 0.821579993984 0.0369854779161 0.0246569852774
0 0.924399981786 0.81493999413 0.0463980312983 0.0309320208655
0 0.88099998274 0.889479992492 0.0595384069575 0.039692271305
0 0.972599980726 0.937039991446 0.0247059244871 0.0164706163247
0 0.984199980471 0.866999992986 0.0382194781088 0.0254796520726
0 0.96059998099 0.884139992609 0.0736615901141 0.0491077267427
0 0.972999980717 0.937859991428 0.0607261061729 0.0404840707819
0 0.98059998055 0.690619996864 0.0572566987522 0.0381711325015
0 0.835199983747 0.742599995721 0.0454497516665 0.0302998344443
0 0.886599982617 0.705559996535 0.0272185439767 0.0181456959845
0 0.857999983246 0.699039996679 0.0321109149805 0.0214072766537
0 0.79459998464 0.693739996795 0.0414180050254 0.0276120033503
0 0.733999985972 0.676099997183 0.0428012961899 0.0285341974599
0 0.789999984741 0.625239998301 0.029331471269 0.0195543141793
0 0.777799985009 0.639439997989 0.0243345273313 0.0162230182209
0 0.615399988579 0.59389999899 0.0286867202663 0.0191244801775
0 0.581799989318 0.586559999151 0.0395132342638 0.0263421561758
0 0.550199990013 0.614859998529 0.0517145311264 0.0344763540843
0 0.634399988162 0.676559997173 0.0285372314271 0.0190248209514
0 0.549599990026 0.681659997061 0.024896075082 0.016597383388
0 0.747799985668 0.716499996295 0.0324705390245 0.0216470260163
0 0.769599985189 0.660139997534 0.0521156083958 0.0347437389306
0 0.90419998223 0.571279999487 0.031110991951 0.0207406613006
0 0.908399982138 0.586299999157 0.0247762663565 0.0165175109043
0 0.616799988549 0.54931999997 0.0537699779318 0.0358466519546
0 0.728199986099 0.569579999525 0.0319861595694 0.0213241063796
0 0.744799985734 0.561119999711 0.035603769691 0.0237358464607
0 0.549599990026 0.53750000023 0.0504459041344 0.0336306027563
0 0.501999991072 0.687239996938 0.0256757716681 0.0171171811121
0 0.579799989362 0.735259995882 0.0535473770793 0.0356982513862
0 0.220799997255 0.665079997425 0.0220336259858 0.0146890839906
0 0.171199998345 0.622359998364 0.0489232153694 0.0326154769129
0 0.168799998398 0.65075999774 0.0344005378828 0.0229336919219
0 0.154399998715 0.657359997595 0.0203344394782 0.0135562929855
0 0.0858000002227 0.63939999799 0.0330540500593 0.0220360333728
0 0.337599994687 0.741999995734 0.0262709568809 0.017513971254
0 0.25559999649 0.66075999752 0.0408245016857 0.0272163344572
0 0.122999999405 0.55343999988 0.0465803661299 0.0310535774199
0 0.12459999937 0.577179999358 0.023826502719 0.015884335146
0 0.196999997778 0.432280002543 0.0264526981103 0.0176351320735
0 0.142999998965 0.387160003535 0.0509593701009 0.0339729134006
0 0.0792000003678 0.357160004195 0.0282342964003 0.0188228642668
0 0.169999998372 0.341780004533 0.0798888736971 0.0532592491314
0 0.143599998952 0.315440005112 0.0292233367215 0.019482224481
0 0.15779999864 0.553599999876 0.0288881493044 0.019258766203
0 0.324599994973 0.475360001596 0.0260256012746 0.0173504008497
0 0.277599996006 0.399540003263 0.0567093974561 0.0378062649707
0 0.400399993306 0.379840003696 0.0626536316884 0.0417690877923
0 0.404999993205 0.351700004315 0.0202222486485 0.013481499099
0 0.496599991191 0.37694000376 0.0716759905095 0.047783993673
0 0.50619999098 0.47244000166 0.0471270738237 0.0314180492158
0 0.553399989942 0.385480003572 0.032417411621 0.0216116077474
0 0.587799989186 0.397640003305 0.0350481579631 0.0233654386421
0 0.395399993416 0.418500002846 0.0495725173228 0.0330483448819
0 0.903199982252 0.399280003269 0.0244854012425 0.0163236008283
0 0.976599980638 0.388280003511 0.036554720533 0.0243698136887
0 0.868599983013 0.431760002555 0.0312125968734 0.0208083979156
0 0.957999981047 0.455840002025 0.0201056058018 0.0134037372012
0 0.862599983145 0.505000000945 0.023037803165 0.0153585354434
0 0.878399982797 0.543060000108 0.0702830038412 0.0468553358941
0 0.805999984389 0.37196000387 0.0205689123762 0.0137126082508
0 0.830999983839 0.374440003815 0.045198954706 0.0301326364706
0 0.991799980304 0.468760001741 0.0209231939997 0.0139487959998
0 0.98199998052 0.317480005067 0.033315432927 0.022210288618
0 0.909799982107 0.299240005468 0.0537268428333 0.0358178952222
0 0.912599982045 0.228320007027 0.0616599414827 0.0411066276551
0 0.927199981724 0.170040008309 0.0446570947641 0.0297713965094
0 0.944399981346 0.190080007868 0.0228411229451 0.0152274152967
0 0.805999984389 0.194800007764 0.0385344830486 0.0256896553657
0 0.800199984516 0.22684000706 0.0208841151834 0.0139227434556
0 0.841399983611 0.233800006907 0.0326825539698 0.0217883693132
0 0.700399986711 0.229140007009 0.0203445307168 0.0135630204779
0 0.699399986733 0.251240006524 0.026365834311 0.017577222874
0 0.683199987089 0.300240005446 0.0218624706637 0.0145749804425
0 0.752999985554 0.309700005238 0.0423443213731 0.0282295475821
0 0.864199983109 0.348900004377 0.0340658451343 0.0227105634229
0 0.700799986702 0.202860007587 0.0589579628678 0.0393053085785
0 0.680599987146 0.130100009187 0.0377897100629 0.0251931400419
0 0.493799991253 0.266340006192 0.0201805975557 0.0134537317038
0 0.513199990826 0.323380004938 0.028294547031 0.018863031354
0 0.444199992343 0.132360009137 0.0518940958141 0.0345960638761
0 0.407999993139 0.166480008387 0.0237704073042 0.0158469382028
0 0.463199991925 0.240180006767 0.0321388142874 0.0214258761916
0 0.464399991899 0.263660006251 0.0662025818137 0.0441350545425
0 0.446799992286 0.179260008106 0.0309731772898 0.0206487848599
0 0.483199991486 0.182140008043 0.0536041650301 0.0357361100201
0 0.373799993891 0.146700008822 0.0402507850885 0.0268338567256
0 0.345999994502 0.142200008921 0.0305319329332 0.0203546219555
0 0.344799994529 0.17408000822 0.0366986690843 0.0244657793896
0 0.329799994858 0.185860007961 0.0226610635889 0.0151073757259
0 0.34699999448 0.290200005667 0.0273462673992 0.0182308449328
0 0.290399995725 0.26006000633 0.0462137177924 0.0308091451949
0 0.270199996169 0.287040005737 0.0478466187128 0.0318977458086
0 0.106199999774 0.257260006391 0.0645585013838 0.0430390009225
0 0.115399999572 0.209660007438 0.0273368686966 0.018224579131
0 0.36019999419 0.279920005893 0.0337494551226 0.0224996367484
0 0.272199996125 0.155160008636 0.0305080899086 0.0203387266057
0 0.00800000193316 0.213420007355 0.0230552154984 0.0153701436656
0 0.0820000003063 0.226020007078 0.0546811574215 0.0364541049477
0 0.241799996793 0.226620007065 0.0435984051094 0.0290656034063
0 0.280799995936 0.332880004729 0.0224696268557 0.0149797512371
0 0.298599995544 0.334780004687 0.0214104425325 0.014273628355
0 0.105799999783 0.0148200117213 0.0426963275212 0.0284642183475
0 0.0580000008339 0.023840011523 0.03834423352 0.0255628223466
0 0.220599997259 0.103340009775 0.0375904575664 0.0250603050443
0 0.262799996331 0.0265200114641 0.044219807756 0.0294798718373
0 0.0204000016605 0.0657400106018 0.0361064518829 0.0240709679219
0 0.344799994529 0.0211200115828 0.0413734848549 0.0275823232366
0 0.348199994454 0.0535800108692 0.0236983835616 0.0157989223744
0 0.342199994586 0.0772000103499 0.0384861044633 0.0256574029755
0 0.422999992809 0.0323800113353 0.0447775960256 0.0298517306837
0 0.448199992255 0.0713400104787 0.0324513458843 0.0216342305896
0 0.355599994291 0.100480009838 0.0352270301148 0.0234846867432
0 0.350599994401 0.125140009296 0.022056281806 0.0147041878706
0 0.528999990479 0.112820009567 0.022240892113 0.0148272614087
0 0.511599990861 0.0257800114804 0.0477825096673 0.0318550064449
0 0.59899998894 0.0665000105851 0.0527011970386 0.035134131359
0 0.682199987111 0.0523400108964 0.0322755406777 0.0215170271185
0 0.676999987225 0.0650800106164 0.0389078588786 0.0259385725857
0 0.732799985998 0.0394800111792 0.0514257436204 0.0342838290803
0 0.775599985057 0.0286400114175 0.026383345578 0.017588897052
0 0.88599998263 0.0426000111106 0.0247885341368 0.0165256894245
0 0.871199982955 0.111040009606 0.0232617890896 0.015507859393
0 0.765999985268 0.0899400100698 0.0197977240893 0.0131984827262
0 0.890599982529 0.0625200106726 0.0289225782363 0.0192817188242
0 0.945999981311 0.095480009948 0.0670397588867 0.0446931725911
0 0.901999982278 0.0173800116651 0.0408868299244 0.0272578866163
0 0.965999980871 0.0605600107157 0.0320679777494 0.0213786518329
0 0.633399988184 0.478640001524 0.0538652510967 0.0359101673978
0 0.832999983795 0.482700001435 0.161960422953 0.107973615302
0 0.709199986517 0.893379992406 0.267537533966 0.178358355978
