0 0.11819999951 0.139399974206 0.325801554288 0.217201050518
0 0.552999989951 0.750100001059 0.296471667893 0.197647791631
0 0.543799990153 0.860120005897 0.116884237275 0.0779228299896
0 0.370999993953 0.68461999818 0.113312730499 0.0755418253151
0 0.896599982397 0.538339991748 0.264567526475 0.176378362617
0 0.38839999357 0.480259989194 0.335791879891 0.223861268025
0 0.822399984028 0.241919978714 0.152909956873 0.101939977972
0 0.909799982107 0.304679981474 0.137203241754 0.091468833869
0 0.715999986368 0.339779983017 0.156287553586 0.104191709263
0 0.592599989081 0.102439972581 0.137823556089 0.0918823767861
0 0.122999999405 0.805040003475 0.198577755429 0.132385179018
0 0.656199987682 0.336959982893 0.623720622296 0.415813775622
0 0.605999988786 0.507359990386 0.153398689379 0.102265799664
0 0.854399983325 0.958080010204 0.0463761638891 0.0309174446319
0 0.963199980933 0.933140009107 0.0804576383021 0.0536384290725
0 0.938799981469 0.922340008632 0.0479254657205 0.0319503125877
0 0.853199983351 0.933520009124 0.0372979081193 0.0248652737196
0 0.858399983237 0.891440007274 0.0288709329343 0.0192472898923
0 0.840199983637 0.884620006974 0.0279903240198 0.0186602172439
0 0.767199985242 0.916200008362 0.0274925885463 0.0183283935731
0 0.79459998464 0.904020007827 0.0222962935213 0.0148641966612
0 0.677199987221 0.952740009969 0.0284235547171 0.0189490377278
0 0.606799988768 0.973080010863 0.0258985686799 0.017265713592
0 0.625599988355 0.92092000857 0.020422192334 0.0136147957873
0 0.262199996345 0.945760009662 0.065152791896 0.0434351974621
0 0.37839999379 0.963160010427 0.0246396372747 0.0164264259332
0 0.411799993056 0.885000006991 0.0480146049894 0.0320097387708
0 0.351799994375 0.898380007579 0.0229884337264 0.0153256234951
0 0.213399997417 0.936520009256 0.0263976892252 0.0175984606442
0 0.196199997796 0.876200006604 0.0949683438524 0.0633122334107
0 0.0668000006404 0.973660010889 0.0635090083756 0.0423393417096
0 0.129999999251 0.885220007 0.0738879455743 0.0492586336318
0 0.0480000010538 0.787720002713 0.0236379335044 0.0157586233756
0 0.0808000003326 0.809440003668 0.0282758466944 0.0188505657063
0 0.067000000636 0.817920004041 0.052632137836 0.0350880942049
0 0.103399999836 0.811780003771 0.0218483217018 0.0145655487619
0 0.0510000009878 0.683219998118 0.0206558737469 0.0137705834062
0 0.251799996573 0.829580004554 0.0208164431512 0.0138776296828
0 0.223799997189 0.817080004004 0.0242651731986 0.0161767831994
0 0.312199995245 0.793260002957 0.0219700101598 0.0146466744059
0 0.145199998917 0.73352000033 0.0611625976772 0.0407750678075
0 0.100399999902 0.736280000451 0.0320756924634 0.021383796386
0 0.199999997712 0.682139998071 0.0345004586567 0.0230003072881
0 0.173599998292 0.666499997383 0.0203609523701 0.013573969142
0 0.161599998556 0.672439997644 0.0269369768551 0.0179579857545
0 0.147399998868 0.702499998966 0.0309673381583 0.0206448934672
0 0.233399996978 0.66211999719 0.0405860687624 0.0270573809595
0 0.263999996305 0.692499998526 0.0451738225636 0.0301158836954
0 0.263399996318 0.711439999359 0.0429705689374 0.0286470478477
0 0.185399998033 0.740360000631 0.0254414949595 0.0169609977584
0 0.203999997624 0.697059998727 0.156511143761 0.104340769389
0 0.347199994476 0.763400001644 0.0550897500196 0.0367265024354
0 0.349199994432 0.81584000395 0.0502915642263 0.0335277116956
0 0.452799992154 0.863040006025 0.0228529934833 0.0152353299937
0 0.403999993227 0.831260004628 0.0314546855926 0.0209697917782
0 0.425599992752 0.71441999949 0.0233961395277 0.0155974273805
0 0.394599993434 0.805860003511 0.0316501785951 0.0211001204551
0 0.379799993759 0.804140003435 0.0197916878275 0.0131944594219
0 0.334399994757 0.736100000443 0.130834879118 0.0872232584979
0 0.29559999561 0.706659999149 0.0865836133597 0.0577224127136
0 0.451199992189 0.76558000174 0.0233000748994 0.0155333842908
0 0.437199992497 0.762460001602 0.0266588742083 0.0177725839777
0 0.492399991284 0.836200004845 0.0495405584663 0.0330270411558
0 0.548599990048 0.71487999951 0.0245504980059 0.0163669997501
0 0.483199991486 0.80698000356 0.0323681404975 0.0215787617549
0 0.493599991257 0.885940007032 0.0646358632836 0.0430905783645
0 0.59079998912 0.670099997541 0.0637885950279 0.0425257328234
0 0.650999987797 0.674519997736 0.0407137921764 0.0271425299078
0 0.549199990035 0.635559996023 0.0346808148022 0.0231205447264
0 0.697399986777 0.677699997875 0.01982512742 0.0132167524851
0 0.549799990022 0.617699995237 0.0198902257984 0.0132601514068
0 0.55439998992 0.603799994626 0.0204367355887 0.0136244912911
0 0.524999990567 0.616639995191 0.0206094738389 0.0137396501321
0 0.445999992304 0.629559995759 0.0200748360932 0.0133832249449
0 0.666399987458 0.751560001123 0.0227601936673 0.0151734634457
0 0.68679998701 0.77014000194 0.0646035119619 0.0430690108152
0 0.71679998635 0.811340003752 0.0456032937801 0.0304021978586
0 0.705999986587 0.832360004676 0.0235484974345 0.0156989993251
0 0.726999986126 0.8420000051 0.049716462595 0.0331443105827
0 0.735199985945 0.875580006576 0.0291048122146 0.0194032094228
0 0.761399985369 0.900240007661 0.0222295132699 0.0148196764907
0 0.777199985022 0.8920400073 0.0293124740629 0.0195416506641
0 0.790399984732 0.876100006599 0.0259404176374 0.0172936128989
0 0.760599985387 0.846180005284 0.0276724500233 0.0184483012323
0 0.764599985299 0.861300005948 0.0550080307787 0.0366720229378
0 0.752199985572 0.830900004612 0.0307945999081 0.0205297346261
0 0.766599985255 0.882780006893 0.0227063737314 0.015137583486
0 0.778399984996 0.719559999716 0.0371443630081 0.0247629103053
0 0.766999985246 0.712199999392 0.0315916098413 0.0210610746167
0 0.755399985501 0.730460000195 0.0442979624669 0.0295319769258
0 0.723599986201 0.734500000373 0.0378142431294 0.0252094970823
0 0.717599986332 0.726620000026 0.0326681074932 0.0217787397652
0 0.719599986288 0.76764000183 0.0724441070732 0.0482960745675
0 0.706399986579 0.715079999519 0.022431535897 0.014954358251
0 0.696399986799 0.711039999341 0.0261113750809 0.0174075845354
0 0.728399986095 0.675439997776 0.0602961362826 0.0401974268397
0 0.691599986904 0.66757999743 0.0247177949022 0.0164785310217
0 0.706999986565 0.65869999704 0.0349285448013 0.02328569807
0 0.873399982907 0.679979997976 0.0214610951777 0.0143073977288
0 0.882999982696 0.670799997572 0.0231448479152 0.0154298996278
0 0.977799980612 0.860700005922 0.0355922910329 0.0237281955869
0 0.989399980357 0.766880001797 0.0307443415856 0.0204962290756
0 0.966999980849 0.787040002683 0.0387486719799 0.0258324496904
0 0.920199981878 0.799140003215 0.0257813322386 0.0171875559594
0 0.934999981553 0.786600002664 0.0215056153452 0.0143370778424
0 0.985999980432 0.845380005248 0.0233266880662 0.0155511264032
0 0.910199982098 0.762740001615 0.0871599021955 0.0581066052961
0 0.950399981214 0.66575999735 0.0276062633742 0.0184041767967
0 0.946199981307 0.681379998037 0.0437693596773 0.0291795750428
0 0.935999981531 0.625779995593 0.0322319087847 0.0214879406071
0 0.779199984978 0.551099992309 0.0208724396287 0.0139149606702
0 0.780799984943 0.522279991042 0.0263834427716 0.0175889630078
0 0.9737999807 0.515299990735 0.0222036915727 0.0148024620248
0 0.737399985897 0.543879991991 0.0237456723099 0.0158304492507
0 0.716999986346 0.534899991596 0.0236082533927 0.0157388366332
0 0.718999986302 0.584159993762 0.0274160138581 0.0182773437776
0 0.700599986706 0.578819993528 0.0295415055916 0.01969433836
0 0.677799987207 0.561339992759 0.0263704824562 0.017580322797
0 0.643599987959 0.554599992463 0.0245636561888 0.0163757718726
0 0.581999989314 0.573779993306 0.0421425927543 0.0280950636892
0 0.672599987322 0.529959991379 0.0219302388101 0.014620160171
0 0.697999986763 0.502519990173 0.0248583796981 0.0165722542251
0 0.661799987559 0.511739990578 0.0236197297026 0.0157464875069
0 0.44479999233 0.608399994828 0.025068514889 0.0167123443616
0 0.425799992748 0.602739994579 0.0267208067081 0.0178138723136
0 0.443399992361 0.584519993778 0.0508571682219 0.0339047810508
0 0.460599991983 0.568239993062 0.0314602258802 0.0209734853034
0 0.458199992035 0.488219989544 0.0307313812702 0.0204875888647
0 0.349399994427 0.486859989484 0.0243788480265 0.0162525664229
0 0.503199991046 0.505759990315 0.0373596427517 0.0249064301439
0 0.527999990501 0.52861999132 0.0829480964759 0.0552987346312
0 0.512399990844 0.477699989081 0.0211579623034 0.0141053091326
0 0.489399991349 0.49245998973 0.0585222549392 0.0390148391994
0 0.481999991512 0.416419986387 0.044677472162 0.0297849834058
0 0.49119999131 0.424939986761 0.0386692282142 0.0257794871764
0 0.364199994102 0.478379989111 0.060577404808 0.0403849392023
0 0.424999992765 0.381039984831 0.0288961610292 0.0192641086234
0 0.326799994924 0.478759989128 0.0349689097532 0.0233126080397
0 0.314599995192 0.455859988121 0.0332634905342 0.0221756618187
0 0.296199995597 0.441339987483 0.0406673922684 0.0271115966338
0 0.278199995993 0.435319987218 0.0242659646683 0.0161773108458
0 0.178599998182 0.515979990765 0.0242925778351 0.0161950529582
0 0.260799996375 0.433339987131 0.0220353064056 0.0146902052393
0 0.134999999141 0.436639987276 0.0286019321885 0.01906795605
0 0.133599999172 0.406839985966 0.0214512018071 0.0143008021479
0 0.214399997395 0.587799993922 0.0254006353391 0.0169337580096
0 0.211999997448 0.608039994812 0.0239938969776 0.0159959323734
0 0.194999997822 0.616239995173 0.0352440443888 0.0234960311422
0 0.173999998284 0.499819990054 0.0237597208961 0.0158398149755
0 0.0362000013132 0.564719992908 0.0586962793276 0.039130855466
0 0.0112000018628 0.550099992265 0.0213901597107 0.0142601074143
0 0.0954000000116 0.43923998739 0.0254040980188 0.0169360664629
0 0.117999999515 0.527779991283 0.0266244452787 0.0177496313565
0 0.168399998407 0.617699995237 0.0282530919421 0.0188353958704
0 0.0416000011945 0.263379979658 0.0506366449918 0.0337577655544
0 0.0354000013308 0.238039978543 0.0246067912844 0.0164045286049
0 0.0616000007548 0.233619978349 0.0265284795842 0.0176856542226
0 0.0214000016386 0.234799978401 0.0212339433893 0.0141559631932
0 0.0536000009306 0.287299980709 0.0304628751929 0.0203085848014
0 0.0678000006184 0.294719981036 0.0218299200325 0.0145532809816
0 0.0414000011989 0.318839982096 0.0209201256748 0.0139467513698
0 0.104599999809 0.327259982466 0.0244210927188 0.016280729553
0 0.0946000000292 0.382579984899 0.0285495962581 0.0190330654274
0 0.064000000702 0.414339986295 0.0664508021149 0.0443005376652
0 0.128799999277 0.320699982178 0.0222191252308 0.0148127511309
0 0.177399998209 0.365919984166 0.0290801777219 0.0193867864266
0 0.181999998108 0.312639981824 0.0252381861943 0.0168254585726
0 0.155999998679 0.289539980808 0.0354913786531 0.0236609206626
0 0.152399998758 0.303999981444 0.0201257869517 0.0134171921861
0 0.241599996797 0.303259981411 0.102381545355 0.0682543680718
0 0.269599996182 0.25843997944 0.0714146029316 0.0476097384278
0 0.202999997646 0.268379979877 0.113741113445 0.0758274139644
0 0.118799999497 0.239519978608 0.0200817614526 0.0133878418514
0 0.156399998671 0.243559978786 0.0534363699297 0.0356242489695
0 0.215599997369 0.206059977137 0.0287631941288 0.0191754640172
0 0.358799994221 0.346659983319 0.0348734387272 0.0232489606849
0 0.338399994669 0.304459981464 0.0553513307375 0.0369008895922
0 0.375599993851 0.379439984761 0.0754800857003 0.0503200604525
0 0.382199993706 0.316739982004 0.0211083965168 0.0140722652727
0 0.367599994027 0.238599978568 0.0240944136226 0.0160629434745
0 0.468399991811 0.234879978404 0.0452160672559 0.0301440468255
0 0.445999992304 0.25205997916 0.0234554997511 0.0156370008654
0 0.304399995417 0.249519979048 0.0223825637126 0.0149217101259
0 0.681799987119 0.456499988149 0.0459707335631 0.0306471577301
0 0.577399989415 0.235879978448 0.0202969422626 0.0135312957342
0 0.565399989679 0.251499979135 0.0488662263281 0.0325774863674
0 0.599199988935 0.195979976694 0.0282933579604 0.0188622398843
0 0.719199986297 0.437099987296 0.0416609834749 0.0277739908151
0 0.800599984508 0.451399987925 0.0877748741102 0.0585165865996
0 0.77639998504 0.431559987053 0.0778641901406 0.0519094635174
0 0.879999982762 0.230339978205 0.0260489479126 0.0173659664204
0 0.913999982015 0.232019978279 0.0341329199399 0.0227552814608
0 0.979799980568 0.255539979313 0.0295240932594 0.0196827301378
0 0.951999981179 0.333299982732 0.0242808047241 0.0161872042171
0 0.987999980388 0.347159983341 0.0304133094063 0.0202755409415
0 0.984399980467 0.39987998566 0.0218224010709 0.0145482683402
0 0.968599980814 0.1733799757 0.0264498272881 0.0176332193551
0 0.956199981087 0.187299976312 0.0227088470741 0.0151392323812
0 0.807199984363 0.185039976213 0.0253321732147 0.0168881165903
0 0.792199984692 0.186979976298 0.0216653932799 0.0144435964726
0 0.802599984464 0.158419975042 0.0368321282329 0.0245547537748
0 0.851799983382 0.107579972807 0.0203198948823 0.0135465974817
0 0.864399983105 0.0498999702707 0.037735392966 0.0251569303032
0 0.699599986728 0.144019974409 0.0578099322581 0.0385399573807
0 0.690599986926 0.17041997557 0.0199379118445 0.0132919421064
0 0.561799989758 0.206379977151 0.023776242825 0.0158508295955
0 0.589199989155 0.0629399708441 0.0774833943073 0.0516555996118
0 0.554799989912 0.0247599691653 0.0290015254258 0.0193343515591
0 0.573199989507 0.0357799696499 0.0356118799066 0.023741254837
0 0.746999985686 0.0353599696314 0.046027917245 0.0306852801872
0 0.651799987779 0.0970599723444 0.0206435070337 0.0137623389301
0 0.475199991662 0.143899974404 0.042622421227 0.0284149493588
0 0.455799992088 0.107939972823 0.0222911489686 0.0148607669592
0 0.469199991794 0.0955599722784 0.0270341297541 0.0180227543581
0 0.496999991182 0.0682999710798 0.021625720864 0.0144171481935
0 0.488199991376 0.0816399716664 0.0263768142133 0.0175845439687
0 0.524199990584 0.0850999718185 0.0684172084496 0.0456114753081
0 0.51939999069 0.0406199698627 0.0313159805372 0.0208773217351
0 0.410999993073 0.0512399703297 0.0792660807505 0.052844057319
0 0.426199992739 0.0169799688232 0.019976397056 0.0133175989157
0 0.234999996943 0.161079975159 0.0213045820552 0.0142030556403
0 0.224999997162 0.169219975517 0.0354879159734 0.0236586122093
0 0.342399994581 0.136359974072 0.0220894231426 0.0147262830664
0 0.368599994005 0.118159973272 0.0261455072094 0.0174303392892
0 0.346599994489 0.120459973373 0.0289684815681 0.0193123223192
0 0.359399994208 0.133999973969 0.024191764389 0.0161278439897
0 0.380399993746 0.0987199724174 0.0260063074854 0.0173375394671
0 0.284599995852 0.110759972947 0.0317145844375 0.0211430576862
0 0.303199995443 0.141279974289 0.01988092603 0.0132539515609
0 0.341799994594 0.0953199722679 0.0200507952027 0.0133671976835
0 0.0946000000292 0.199199976836 0.0392351290109 0.0261567543991
0 0.0956000000072 0.163539975268 0.0314369764593 0.0209579856885
0 0.0366000013044 0.0129999686482 0.0243313598477 0.016220907635
0 0.0240000015814 0.0350599696182 0.0279403624984 0.0186269095608
0 0.720999986258 0.962360010392 0.0513452081921 0.0342301410524
0 0.277999995997 0.855140005678 0.213924351859 0.142616243979
0 0.543599990158 0.74058000064 0.043795676043 0.0291971192877
0 0.407399993152 0.63481999599 0.0708480095989 0.0472320095145
0 0.313199995223 0.360619983933 0.342286877671 0.228191266831
0 0.1595999986 0.150759974706 0.0418913011418 0.0279275359365
