0 0.445199999699 0.399580003262 0.178878111342 0.119252066363
0 0.935200021245 0.175480008189 0.0282077858863 0.0188051893506
0 0.943800021623 0.214440007333 0.0491383037417 0.0327588670005
0 0.991400023716 0.0989200098724 0.0234907247984 0.015660482166
0 0.94440002165 0.0958400099401 0.0198398724678 0.0132265807729
0 0.975200023004 0.112960009564 0.0256201743014 0.0170801150744
0 0.958600022274 0.115080009517 0.0316992559854 0.0211328359298
0 0.911600020207 0.178480008123 0.0528028089263 0.0352018702958
0 0.94760002179 0.138120009011 0.0333890440133 0.0222593612074
0 0.913400020286 0.127620009241 0.0629187823369 0.0419458521247
0 0.842800017182 0.141100008945 0.024003696164 0.0160024630539
0 0.871000018422 0.147620008802 0.0442524617184 0.0295016391998
0 0.748000013014 0.197380007708 0.0269847671743 0.0179898435963
0 0.902600019812 0.236220006854 0.0242391584302 0.0161594378876
0 0.918200020498 0.245440006651 0.0233384657951 0.0155589761706
0 0.909800020128 0.204700007547 0.0231218998705 0.015414598897
0 0.877800018721 0.209180007448 0.0570389531757 0.0380259662757
0 0.902600019812 0.222260007161 0.0586509792955 0.0391006502847
0 0.892800019381 0.158760008557 0.0208934177084 0.0139289442202
0 0.859400017912 0.170160008306 0.0770282155687 0.0513521403255
0 0.824400016373 0.162740008469 0.022906719018 0.0152711450048
0 0.789600014843 0.0944400099709 0.0399535934873 0.0266357272347
0 0.78340001457 0.112720009569 0.020344731268 0.0135631532841
0 0.791600014931 0.0535000108709 0.0389778101548 0.025985205056
0 0.781200014474 0.0704600104981 0.0487879794205 0.0325253174684
0 0.802800015423 0.0259400114769 0.0301188886577 0.0200792577808
0 0.832200016716 0.0787600103156 0.0375272438746 0.025018160933
0 0.884000018994 0.0597000107346 0.0602756689321 0.0401837766377
0 0.855400017736 0.1067600097 0.0205171727511 0.0136781142653
0 0.8796000188 0.116960009476 0.0227052899533 0.0151368589705
0 0.81500001596 0.119180009427 0.0783987444651 0.0522658261961
0 0.696000010727 0.132560009133 0.0508472849123 0.0338981877058
0 0.637600008159 0.0535800108692 0.0385392369506 0.0256928229391
0 0.683200010164 0.0372200112289 0.0236788967439 0.0157859301214
0 0.812000015828 0.15270000869 0.0265828983822 0.0177219310859
0 0.690800010499 0.161440008498 0.0259097533154 0.0172731677376
0 0.684600010226 0.236340006851 0.047161410043 0.031440937955
0 0.551800004387 0.0794000103015 0.0792030756517 0.0528020469518
0 0.512600002663 0.106820009699 0.0473652135171 0.0315768069287
0 0.622200007482 0.095300009952 0.0224874378902 0.0149916242714
0 0.609800006937 0.0771000103521 0.0624654680076 0.0416436425918
0 0.615800007201 0.119880009412 0.0280059610867 0.018670639493
0 0.651800008784 0.100140009846 0.0205389381707 0.013692624544
0 0.649000008661 0.0842400101951 0.0226064551618 0.0150709691138
0 0.722400011888 0.106900009697 0.0215023547876 0.0143349022462
0 0.714800011554 0.0826600102299 0.0259010471475 0.0172673636261
0 0.66080000918 0.0876600101199 0.0214570431414 0.0143046944841
0 0.503000002241 0.0226000115503 0.0232078732778 0.0154719144981
0 0.423399998741 0.0180800116497 0.0335282437648 0.0223521610356
0 0.380799996868 0.0829000102246 0.0421981029128 0.0281320667531
0 0.387999997184 0.114580009528 0.0373901217314 0.0249267461768
0 0.283599992594 0.119700009416 0.0268062907339 0.0178708593106
0 0.499400002083 0.060640010714 0.0334167454564 0.0222778288349
0 0.513200002689 0.0452400110525 0.0308272541307 0.0205515013983
0 0.404799997923 0.129740009195 0.0317261659587 0.0211507759108
0 0.295999993139 0.206140007515 0.0222311995417 0.014820798717
0 0.292199992972 0.185380007972 0.0467348078196 0.0311565364914
0 0.406399997993 0.18908000789 0.0258067633073 0.0172045077368
0 0.445199999699 0.159380008543 0.0322861308438 0.0215240858096
0 0.426399998873 0.154480008651 0.0229494583873 0.0152996379158
0 0.298199993236 0.132640009131 0.0240112151271 0.0160074756956
0 0.331799994713 0.17590000818 0.0648475942451 0.0432317266453
0 0.405199997941 0.0483800109835 0.0254497114928 0.0169664732095
0 0.44339999962 0.0157600117007 0.0300058074097 0.0200038702871
0 0.365999996217 0.0453000110512 0.0208033880184 0.0138689244309
0 0.241599990747 0.0831000102202 0.0323661682276 0.0215774440619
0 0.206999989226 0.0591600107465 0.0399524062826 0.026634935765
0 0.183799988206 0.152800008688 0.0303453479549 0.0202302306356
0 0.170399987616 0.128540009221 0.0201540859793 0.0134360564334
0 0.157199987036 0.0833200102153 0.0332521197375 0.0221680783629
0 0.228799990184 0.076920010356 0.0379133822044 0.0252755864692
0 0.188199988399 0.107380009686 0.0278044330883 0.018536287503
0 0.157199987036 0.0618800106867 0.0802011190723 0.0534674091884
0 0.046399982164 0.120320009402 0.0247170083233 0.016478004462
0 0.168799987546 0.186040007957 0.038145084989 0.0254300549821
0 0.14159998635 0.148440008784 0.0875659434501 0.0583772917831
0 0.0723999833072 0.0149600117183 0.0410534397113 0.0273689580024
0 0.0175999808977 0.308340005268 0.0301404562098 0.0200936361479
0 0.207799989261 0.207580007483 0.0273936602609 0.0182624389694
0 0.1017999846 0.317100005076 0.0540573874967 0.0360382559542
0 0.0137999807306 0.366300003994 0.0252095993415 0.0168063984525
0 0.101199984574 0.439600002382 0.0380020268223 0.0253346828772
0 0.0789999835975 0.304080005362 0.0270602536067 0.0180401678813
0 0.072599983316 0.273020006045 0.0278933745074 0.0185955817784
0 0.0985999844593 0.273120006043 0.0229842830586 0.0153228543618
0 0.121399985462 0.273020006045 0.039240973864 0.0261606475172
0 0.304999993535 0.28006000589 0.0333895386819 0.0222596909865
0 0.298199993236 0.268820006137 0.0376180650344 0.0250787083689
0 0.322199994291 0.287460005727 0.0203214818425 0.0135476536681
0 0.375999996657 0.289960005672 0.0311845038127 0.0207896678373
0 0.426999998899 0.335180004678 0.0253838216317 0.0169225466383
0 0.400999997756 0.280580005879 0.0437944975041 0.0291963297437
0 0.364399996147 0.277440005948 0.0207993317357 0.0138662202426
0 0.519000002944 0.304920005343 0.022895539507 0.015263691998
0 0.507200002426 0.193820007786 0.0235448415461 0.0156965599955
0 0.724400011976 0.269360006125 0.0261525366772 0.0174350233015
0 0.721200011835 0.291040005649 0.035102675069 0.0234017818358
0 0.719000011739 0.311140005207 0.0228875258753 0.0152583495772
0 0.696800010762 0.268500006144 0.033848690101 0.0225657919123
0 0.751600013172 0.274640006009 0.0256989255468 0.0171326159012
0 0.811400015801 0.297840005499 0.0574684244771 0.0383122804578
0 0.836400016901 0.316700005084 0.0509063483463 0.0339375633258
0 0.778000014333 0.3478400044 0.06695982928 0.0446398832424
0 0.829400016593 0.245140006658 0.0352091277574 0.0234727502901
0 0.808200015661 0.236060006857 0.0300734780778 0.0200489840628
0 0.733400012372 0.333580004713 0.0258590003143 0.0172393324058
0 0.697000010771 0.302160005404 0.0349357738744 0.0232905143801
0 0.661800009223 0.380880003673 0.0338846030433 0.0225897338723
0 0.701800010982 0.407440003089 0.0236178546354 0.0157452353851
0 0.798200015221 0.391280003445 0.0200296273529 0.0133530840212
0 0.533200003569 0.457560001988 0.024387954753 0.0162586354296
0 0.524600003191 0.449440002166 0.069857103425 0.0465713992117
0 0.887600019152 0.30828000527 0.0202173046298 0.0134782021976
0 0.918200020498 0.340000004572 0.0490100856337 0.0326733882675
0 0.981800023294 0.283180005821 0.0529646645009 0.035309774005
0 0.955800022151 0.300700005436 0.0267083463459 0.0178055630562
0 0.928800020964 0.299800005456 0.0364735007666 0.024315665574
0 0.89960001968 0.35146000432 0.0543732828815 0.0362488528635
0 0.863400018088 0.264000006243 0.0267584068109 0.0178389366973
0 0.940000021456 0.418040002856 0.0213798748356 0.0142532489503
0 0.923800020744 0.458720001962 0.0253953968776 0.0169302634684
0 0.960800022371 0.577139999359 0.0465133941424 0.031008927383
0 0.840400017077 0.541700000138 0.0961062983518 0.064070861342
0 0.700200010912 0.596439998934 0.0430009500935 0.0286672981716
0 0.631600007896 0.622659998358 0.0212018930639 0.0141345944436
0 0.595000006286 0.509940000836 0.0629226407522 0.0419484244014
0 0.636200008098 0.503760000972 0.0423862748583 0.0282575147085
0 0.510000002549 0.582819999234 0.0272104350017 0.0181402888047
0 0.620000007386 0.418900002838 0.0342147448845 0.0228098284186
0 0.501200002162 0.536180000259 0.0814462989388 0.0542975290446
0 0.447399999796 0.526240000478 0.0200069715298 0.0133379801402
0 0.420599998618 0.538200000215 0.0489987082553 0.0326658033491
0 0.444199999655 0.566879999584 0.0723682392402 0.0482454896447
0 0.385199997061 0.599139998875 0.0335321021801 0.0223547333123
0 0.33899999503 0.609219998653 0.0207626273236 0.0138417506361
0 0.356199995786 0.586079999162 0.048383340484 0.0322555581953
0 0.360799995988 0.605479998736 0.0309172838207 0.0206115211877
0 0.417599998486 0.618799998443 0.0386217476774 0.0257478300867
0 0.493800001836 0.628499998229 0.0268755443416 0.0179170283793
0 0.360399995971 0.439860002377 0.0251668599722 0.0167779055415
0 0.342999995206 0.425540002692 0.0402978828513 0.0268652534623
0 0.315399993992 0.497580001108 0.0240042897663 0.0160028587887
0 0.33899999503 0.511340000805 0.0226296056535 0.0150864027739
0 0.0561999825949 0.573159999446 0.0418953657135 0.0279302419668
0 0.1631999873 0.59525999896 0.0624679413508 0.0416452914871
0 0.175999987863 0.640139997974 0.0283200756645 0.0188800491978
0 0.0957999843362 0.612299998586 0.068161577241 0.0454410484969
0 0.0475999822168 0.621139998391 0.0373262105448 0.024884138722
0 0.107599984855 0.650099997755 0.0586681937637 0.0391121265961
0 0.137799986183 0.647699997807 0.0246123364419 0.0164082232124
0 0.0193999809768 0.615239998521 0.0363194609563 0.0242129723739
0 0.0585999827005 0.508980000857 0.0224739829036 0.0149826542809
0 0.040599981909 0.566699999588 0.0212254392905 0.014150291927
0 0.072599983316 0.744719995674 0.0208472156587 0.0138981428558
0 0.0545999825246 0.744139995687 0.0203193053006 0.0135462026403
0 0.053199982463 0.727699996048 0.0293163382782 0.0195442242297
0 0.10019998453 0.719359996232 0.0845130465552 0.0563420273207
0 0.0353999816803 0.76221999529 0.0730752196411 0.0487168098809
0 0.114799985172 0.819319994034 0.0259405217039 0.0172936799953
0 0.0727999833248 0.806879994308 0.0688570813298 0.0459047178588
0 0.18799998839 0.792539994623 0.040575985553 0.0270506552512
0 0.245799990932 0.816659994093 0.0240599894537 0.0160399919112
0 0.137199986157 0.781679994862 0.0827615238828 0.0551743456161
0 0.129799985831 0.686739996949 0.0299806782435 0.0199871175107
0 0.325199994423 0.728159996038 0.025223450063 0.0168156322663
0 0.435799999286 0.676459997175 0.0367902865549 0.0245268560856
0 0.41359999831 0.809599994248 0.0318608147588 0.0212405417716
0 0.376999996701 0.804699994356 0.0318390493392 0.0212260314928
0 0.354399995707 0.813519994162 0.033400322458 0.02226688017
0 0.290999992919 0.859479993151 0.0250188551191 0.016679235646
0 0.297799993218 0.848539993392 0.0222699815621 0.0148466533955
0 0.290599992902 0.914859991934 0.025139554264 0.0167597017373
0 0.467000000658 0.772019995074 0.0234551086573 0.0156367380735
0 0.50820000247 0.784399994802 0.0244190199427 0.0162793455548
0 0.497400001995 0.699859996661 0.0503654776702 0.0335769828988
0 0.718200011703 0.744759995673 0.0372051156651 0.0248034088074
0 0.847000017367 0.822779993958 0.0528170553828 0.0352113679328
0 0.911600020207 0.71805999626 0.0212857888629 0.0141905249727
0 0.813200015881 0.709299996453 0.0423570894094 0.0282380577438
0 0.950400021913 0.934919991493 0.0375916497298 0.0250610981669
0 0.80500001552 0.964479990843 0.0425022251844 0.0283348149207
0 0.79500001508 0.978639990531 0.0220950667357 0.014730043519
0 0.90280001982 0.909319992056 0.0523003245356 0.0348668807241
0 0.733600012381 0.8754399928 0.0299408079522 0.0199605373183
0 0.701200010956 0.886859992549 0.0203909333177 0.0135939546485
0 0.688200010384 0.865739993014 0.0302871749244 0.0201914486178
0 0.566600005037 0.862919993076 0.032350536699 0.0215670230435
0 0.685800010279 0.99009999028 0.0291825798816 0.0194550519712
0 0.0823999837469 0.894479992382 0.0367048078163 0.0244698702636
0 0.345199995302 0.331720004754 0.0665372833393 0.0443581859672
0 0.203199989059 0.482860001431 0.194344420616 0.129562938532
0 0.729000012178 0.950619991148 0.0635760980077 0.042384062543
0 0.309799993746 0.88999999248 0.0276416871102 0.0184277901914
0 0.27259999211 0.949499991172 0.031992198746 0.0213281310906
