0 0.671800009325 0.793000002945 0.185307777482 0.123538526469
0 0.95400000312 0.935380009206 0.0199894563052 0.0133263050824
0 0.977600002602 0.888560007147 0.0606263769923 0.0404175873273
0 0.71340000841 0.981800011247 0.0354855415644 0.0236570292699
0 0.72660000812 0.962200010385 0.047081165476 0.0313874457208
0 0.901800004268 0.912000008178 0.0338560044977 0.0225706711538
0 0.883200004677 0.932720009089 0.113508619236 0.0756724178153
0 0.807800006335 0.894700007417 0.0203223682249 0.0135482463769
0 0.845200005512 0.971280010784 0.0437564982956 0.0291710007877
0 0.687800008973 0.939140009371 0.0354811884814 0.0236541272144
0 0.671000009342 0.905500007892 0.0292389663195 0.0194926454987
0 0.653400009729 0.961480010353 0.0457116261878 0.0304744194685
0 0.664800009479 0.947400009734 0.0349270607957 0.0232847087329
0 0.649800009808 0.936660009262 0.0257413630215 0.0171609098129
0 0.57420001147 0.940000009409 0.0424534424577 0.0283022968385
0 0.593400011048 0.939360009381 0.04074218615 0.0271614592248
0 0.617600010516 0.935500009211 0.0381723831441 0.0254482571079
0 0.622800010402 0.919880008524 0.0269925775977 0.0179950529187
0 0.46460001388 0.915740008342 0.0264878178311 0.0176585463854
0 0.486800013392 0.890640007239 0.02099234728 0.0139948991097
0 0.534000012354 0.837440004899 0.0207863673047 0.0138575791171
0 0.528000012486 0.858240005814 0.0308707788615 0.0205805205984
0 0.324600016958 0.972560010841 0.0201208402664 0.0134138943956
0 0.303000017433 0.899000007606 0.0218318987067 0.0145546000977
0 0.322600017002 0.91410000827 0.0262168384112 0.0174778934269
0 0.287600017771 0.877120006644 0.0227716699772 0.0151811143194
0 0.299400017512 0.879660006756 0.02314791486 0.0154319442578
0 0.340400016611 0.840780005046 0.0998923733193 0.0665949199386
0 0.278800017965 0.987280011488 0.0337383723216 0.0224922496979
0 0.0974000219529 0.978160011087 0.0233266880662 0.0155511264032
0 0.057600022828 0.861000005935 0.0253172342252 0.0168781572633
0 0.138600021047 0.888540007146 0.027996952578 0.0186646362831
0 0.15620002066 0.846200005284 0.0225526307528 0.0150350881602
0 0.109200021694 0.817800004036 0.0244526525709 0.0163017694558
0 0.108200021716 0.806160003524 0.0203379008167 0.0135586014387
0 0.031400023404 0.681579998046 0.0331100443566 0.0220733643603
0 0.0548000228895 0.714979999515 0.0248135627294 0.016542376244
0 0.0710000225334 0.722039999825 0.0305375701407 0.0203583814366
0 0.0970000219617 0.716259999571 0.0354501232978 0.0236334170906
0 0.110600021663 0.69963999884 0.0262500801363 0.0175000545784
0 0.123600021377 0.719439999711 0.0438743283391 0.0292495541552
0 0.0934000220409 0.749800001046 0.020762722149 0.013841815679
0 0.164000020489 0.768800001881 0.0352122866693 0.0234748593278
0 0.151000020775 0.781720002449 0.0517707220604 0.0345138169833
0 0.14800002084 0.803060003388 0.0392373055524 0.0261582054269
0 0.122000021412 0.778840002323 0.0217613589745 0.0145075736065
0 0.174000020269 0.738180000535 0.026752762295 0.0178351760397
0 0.143800020933 0.726600000026 0.0312982714039 0.0208655156455
0 0.206600019552 0.731740000252 0.0680184066819 0.0453456074454
0 0.202800019636 0.760560001519 0.0745194394179 0.0496796295552
0 0.172400020304 0.804220003439 0.040767711046 0.0271784758233
0 0.190000019917 0.781860002455 0.0574990825548 0.0383327242314
0 0.214200019385 0.826460004417 0.0356390866757 0.0237593926842
0 0.2590000184 0.747460000943 0.0380848268146 0.0253898862177
0 0.243400018743 0.817000004001 0.0532211891198 0.0354807950867
0 0.195200019803 0.851140005502 0.0484636650796 0.032309112184
0 0.251000018576 0.866220006165 0.0352863880148 0.0235242602281
0 0.283200017868 0.885720007022 0.0230748028515 0.0153832029156
0 0.248200018638 0.709139999258 0.087809896642 0.0585399349557
0 0.292800017657 0.680579998002 0.0202045381814 0.0134696930094
0 0.419600014869 0.786720002669 0.0210647667526 0.0140431787613
0 0.403600015221 0.764180001678 0.0626414587102 0.0417609752279
0 0.433600014562 0.748520000989 0.0373811113658 0.0249207425542
0 0.446600014276 0.729080000135 0.0376605990845 0.0251070677123
0 0.473600013682 0.733480000328 0.0337109676851 0.022473979939
0 0.410200015076 0.80288000338 0.0356587744831 0.02377251789
0 0.394600015419 0.827500004462 0.0304490244741 0.0202993509883
0 0.386000015608 0.845240005242 0.0312525640319 0.0208350440621
0 0.461600013946 0.713479999449 0.0215784305526 0.0143856213172
0 0.618400010499 0.724119999917 0.0975060923376 0.0650040658458
0 0.583200011273 0.670259997548 0.0465016118279 0.0310010765967
0 0.638600010055 0.687459998305 0.0198601499518 0.0132401008412
0 0.52100001264 0.735300000408 0.0372105496572 0.024807034741
0 0.515600012759 0.750480001076 0.0257591710886 0.0171727818584
0 0.517400012719 0.700499998878 0.0733171970261 0.0488781345745
0 0.558800011809 0.647439996545 0.035623850885 0.0237492354897
0 0.75160000757 0.685379998213 0.0202879392953 0.0135252937556
0 0.784200006853 0.714279999484 0.0205482338751 0.0136988234869
0 0.405600015177 0.857140005766 0.0292041416551 0.0194694290542
0 0.319400017072 0.889180007174 0.0345262803539 0.023017521754
0 0.559000011805 0.917760008431 0.0268168713363 0.0178779154034
0 0.82620000593 0.799980003252 0.0329775721247 0.0219850495331
0 0.84620000549 0.796920003118 0.0366487051425 0.0244324717064
0 0.828800005873 0.734160000358 0.0245021194238 0.0163347473599
0 0.800400006497 0.675139997763 0.0410913231974 0.0273942172718
0 0.776400007025 0.69053999844 0.0456053713879 0.0304035829306
0 0.902000004264 0.690459998437 0.0657574747053 0.0438383193616
0 0.987600002382 0.841980005099 0.0218027132635 0.0145351431343
0 0.957000003054 0.606179994731 0.0344250711729 0.0229500489623
0 0.931000003626 0.612339995002 0.0504750862504 0.0336500597197
0 0.892400004475 0.565379992937 0.0830119087161 0.0553412761275
0 0.867000005033 0.532779991503 0.0333916096831 0.0222610745903
0 0.784000006858 0.525039991163 0.020870658822 0.0139137734657
0 0.747400007663 0.545939992082 0.0246248961526 0.0164165985178
0 0.677800009193 0.638319996144 0.0252697460464 0.0168464984754
0 0.733800007962 0.608559994835 0.0579318185835 0.0386212149363
0 0.64380000994 0.491139989672 0.0198018779992 0.0132012528701
0 0.71020000848 0.484419989377 0.0325997443025 0.0217331643018
0 0.670400009355 0.426019986809 0.0957969136377 0.0638646133041
0 0.457000014047 0.622299995439 0.0417104503278 0.0278069687192
0 0.567000011629 0.487139989496 0.0201218296034 0.0134145539537
0 0.332400016786 0.606559994747 0.0243913136734 0.0162608768548
0 0.405600015177 0.660939997139 0.0242534990213 0.016169000414
0 0.358800016206 0.684119998158 0.0245712740841 0.0163808504698
0 0.267400018215 0.537859991727 0.0368437034764 0.0245624706043
0 0.388400015555 0.623779995505 0.0232164759181 0.0154776516329
0 0.15120002077 0.523199991082 0.0229239289503 0.0152826203082
0 0.0510000229731 0.429399986958 0.0225216645029 0.0150144439922
0 0.047000023061 0.254879979284 0.0582373258668 0.0388248864719
0 0.0502000229907 0.291619980899 0.0905808318715 0.0603872252306
0 0.289200017736 0.22203997784 0.038106196495 0.0254041326722
0 0.185200020023 0.273639980109 0.0347481886558 0.0231654606317
0 0.546800012073 0.320839982184 0.0233687348912 0.0155791576217
0 0.680000009144 0.351139983516 0.0249680971777 0.0166453992163
0 0.679000009166 0.242359978733 0.0382043387311 0.0254695608339
0 0.740400007816 0.299179981232 0.0215561704688 0.0143707812604
0 0.742000007781 0.347599983361 0.120153996249 0.0801026694492
0 0.892200004479 0.383299984931 0.0206577534873 0.0137718365665
0 0.902400004255 0.348019983379 0.0341477599958 0.022765174832
0 0.867800005016 0.334939982804 0.0222707686252 0.0148471800627
0 0.797200006568 0.296979981135 0.0541838140764 0.0361225451001
0 0.798400006541 0.316239981982 0.0204421769425 0.0136281188605
0 0.810800006269 0.243159978768 0.159129918951 0.106086619631
0 0.804600006405 0.209119977272 0.0361851017975 0.0241234027894
0 0.806400006365 0.22271997787 0.0457785053729 0.0305190055948
0 0.788200006766 0.205999977135 0.0299196302148 0.0199464214588
0 0.771800007126 0.209739977299 0.020161996688 0.0134413320118
0 0.875200004853 0.302339981371 0.0393713607236 0.0262475755469
0 0.909600004097 0.373979984521 0.0641119103782 0.0427412764045
0 0.946800003279 0.318579982085 0.0306271051444 0.0204180714429
0 0.951600003173 0.304979981487 0.0293261269143 0.0195507525657
0 0.976800002619 0.365279984138 0.0305825849768 0.0203883913293
0 0.944800003323 0.284519980587 0.027627830922 0.0184185551628
0 0.912600004031 0.135999974057 0.0273237087107 0.0182158070086
0 0.901600004272 0.0919999721219 0.0638967295683 0.0425978225218
0 0.945000003318 0.0358999696552 0.0265798261774 0.017719885287
0 0.881200004721 0.182599976106 0.0516119334627 0.0344079579112
0 0.798800006532 0.183959976165 0.0245593031057 0.016372869817
0 0.693600008845 0.178299975917 0.0288937866203 0.019262525684
0 0.757000007451 0.110799972949 0.0497236847555 0.0331491253567
0 0.736400007904 0.100779972508 0.0201112436969 0.0134074966823
0 0.71340000841 0.111179972965 0.0222386151708 0.0148257444251
0 0.672800009303 0.106719972769 0.0209106280391 0.0139404196122
0 0.800600006493 0.0441999700201 0.0203182130093 0.0135454762329
0 0.754400007509 0.0717999712337 0.0342183986617 0.0228122672791
0 0.713800008401 0.0769799714615 0.0731522745387 0.0487681862423
0 0.745200007711 0.0563999705566 0.0375958964409 0.0250639326137
0 0.816400006146 0.086519971881 0.0767448541941 0.0511632395039
0 0.796400006585 0.117319973235 0.0819686527894 0.0546457721305
0 0.587200011185 0.19223997653 0.037956608732 0.0253044074903
0 0.519400012675 0.181959976077 0.0332308424113 0.022153896402
0 0.471000013739 0.164779975322 0.0275220707906 0.0183480484039
0 0.425200014746 0.205179977098 0.0215350975895 0.0143567326733
0 0.51100001286 0.114179973097 0.0299738458856 0.0199825652417
0 0.501200013075 0.0704799711757 0.0281683057563 0.0187788717428
0 0.428000014685 0.0942199722195 0.0205675259477 0.0137116848695
0 0.596600010978 0.033439969547 0.0212627330977 0.0141751563334
0 0.588600011154 0.0448599700491 0.0229161131875 0.0152774097993
0 0.57920001136 0.0564399705583 0.0236200265037 0.0157466853744
0 0.713200008414 0.0239199691284 0.0419759883939 0.0279839941083
0 0.674200009272 0.0390599697941 0.0465833310689 0.0310555560942
0 0.461000013959 0.0138399686852 0.0245907640241 0.016393843764
0 0.598200010943 0.0705199711774 0.0263299196368 0.0175532809156
0 0.340400016611 0.120139973359 0.0486736024031 0.0324490704089
0 0.281000017916 0.0809399716356 0.0242588414415 0.0161725620276
0 0.320800017041 0.0641999708995 0.0310097807181 0.0206731885089
0 0.341200016593 0.0454999700773 0.0350678434589 0.0233785638479
0 0.400400015291 0.0712399712091 0.0200575226947 0.0133716826784
0 0.259200018396 0.0459999700993 0.0309764400592 0.0206509614015
0 0.307800017327 0.0247599691653 0.0269955456088 0.0179970315929
0 0.29220001767 0.0475599701679 0.023271285191 0.0155141911506
0 0.139000021038 0.175979975815 0.0208747151039 0.0139164776538
0 0.173600020278 0.198559976807 0.063453407633 0.0423022745454
0 0.120000021456 0.114579973115 0.0477747896867 0.0318498618918
0 0.135800021109 0.0679999710666 0.0501919379847 0.0334612941967
0 0.0884000221508 0.0768199714544 0.0517247178872 0.0344831475325
0 0.0352000233204 0.141719974308 0.020591270037 0.0137275142634
0 0.110600021663 0.0508199703112 0.0247173002337 0.0164782012426
0 0.124600021355 0.0383599697633 0.0350030418817 0.0233353627936
0 0.0454000230962 0.0343999695892 0.0204658220982 0.0136438822987
0 0.0446000231138 0.0550799704985 0.0342427363533 0.0228284924079
0 0.0594000227884 0.0756599714034 0.034357796253 0.0229051990127
0 0.768400007201 0.875920006591 0.212927100105 0.141951409433
0 0.518400012697 0.535999991645 0.021926578263 0.0146177198061
