0 0.235000018928 0.114360009533 0.308645480738 0.205763653825
0 0.251800018558 0.274100006021 0.0969793756847 0.0646529171232
0 0.525400012543 0.285740005765 0.0939493328801 0.0626328885867
0 0.774000007078 0.148880008774 0.116116519377 0.0774110129183
0 0.595000011013 0.679759997102 0.170169942395 0.113446628263
0 0.019800023659 0.980739990485 0.0297252274437 0.0198168182958
0 0.0634000227005 0.954379991065 0.0464731219859 0.0309820813239
0 0.10300002183 0.930839991582 0.0543259853946 0.0362173235964
0 0.0598000227796 0.868299992957 0.0310028574035 0.0206685716023
0 0.0996000219046 0.880179992696 0.024569099163 0.016379399442
0 0.100600021883 0.853699993278 0.0218062763151 0.0145375175434
0 0.258000018422 0.952619991104 0.0200951188283 0.0133967458855
0 0.334600016738 0.982919990437 0.0200355607335 0.013357040489
0 0.339600016628 0.967139990784 0.0277376491648 0.0184917661099
0 0.288000017763 0.850199993355 0.0381735728664 0.0254490485776
0 0.202800019636 0.845979993448 0.0374347359034 0.0249564906023
0 0.291200017692 0.882019992656 0.0344429804454 0.0229619869636
0 0.167400020414 0.812659994181 0.0515353621736 0.0343569081157
0 0.125400021337 0.823039993952 0.0238090903856 0.0158727269238
0 0.0970000219617 0.80811999428 0.0243970534375 0.0162647022916
0 0.388600015551 0.905219992146 0.0281810700631 0.018787380042
0 0.534600012341 0.985919990371 0.0245167632293 0.0163445088195
0 0.405200015186 0.970659990707 0.0207488727987 0.0138325818658
0 0.424800014755 0.980419990492 0.0306389792099 0.0204259861399
0 0.525200012548 0.958339990978 0.0301250185748 0.0200833457165
0 0.416600014935 0.943419991306 0.0340113326589 0.0226742217726
0 0.388600015551 0.953979991074 0.0277027255644 0.0184684837096
0 0.559800011787 0.954439991064 0.0222711658289 0.014847443886
0 0.659600009593 0.915459991921 0.0262673952673 0.0175115968449
0 0.648200009843 0.901419992229 0.0219508184687 0.0146338789791
0 0.56740001162 0.902339992209 0.0402184337646 0.0268122891764
0 0.573800011479 0.865979993008 0.0267751230785 0.0178500820523
0 0.522000012618 0.901679992223 0.0219823783229 0.0146549188819
0 0.483600013462 0.905599992137 0.020901428583 0.013934285722
0 0.648600009835 0.869019992942 0.0979750445647 0.0653166963765
0 0.416000014948 0.849699993366 0.0586419685909 0.0390946457273
0 0.814000006198 0.952199991113 0.0454792339127 0.0303194892752
0 0.84760000546 0.962539990885 0.0374212809185 0.0249475206123
0 0.874200004875 0.925439991701 0.0251977239706 0.0167984826471
0 0.922800003806 0.991939990239 0.0223963169749 0.0149308779833
0 0.711400008454 0.900239992255 0.0499967450809 0.0333311633872
0 0.731400008014 0.823279993947 0.038882630782 0.0259217538546
0 0.752400007553 0.856879993208 0.0217117946199 0.0144745297466
0 0.826400005926 0.841919993537 0.0261685604888 0.0174457069925
0 0.799800006511 0.890359992472 0.0245294267444 0.016352951163
0 0.776800007016 0.810899994219 0.0231624596425 0.0154416397616
0 0.860600005174 0.839279993595 0.0709886980106 0.0473257986737
0 0.911800004048 0.864739993036 0.0792328442512 0.0528218961675
0 0.806800006357 0.84863999339 0.0239091123687 0.0159394082458
0 0.849000005429 0.899759992266 0.0509831141919 0.0339887427946
0 0.985000002439 0.923379991746 0.029393700574 0.0195958003826
0 0.956800003059 0.917879991867 0.0350006697812 0.0233337798542
0 0.968200002808 0.901759992222 0.0435638772438 0.0290425848292
0 0.904800004202 0.759739995344 0.020893513886 0.0139290092574
0 0.850000005407 0.732079995952 0.0589730007921 0.0393153338614
0 0.900000004308 0.749039995579 0.126453113632 0.0843020757546
0 0.79480000662 0.763439995263 0.0304832575468 0.0203221716979
0 0.841800005587 0.805119994346 0.0224553804011 0.0149702536007
0 0.815400006168 0.820599994006 0.0385937443422 0.0257291628948
0 0.935800003521 0.680179997093 0.0276704731742 0.0184469821161
0 0.944400003331 0.65531999764 0.0203048582982 0.0135365721988
0 0.823600005987 0.694019996789 0.0297247327751 0.0198164885167
0 0.63380001016 0.74445999568 0.0275585791457 0.0183723860971
0 0.639000010046 0.764099995248 0.0330255571501 0.0220170381001
0 0.666400009443 0.778359994935 0.0456208080549 0.0304138720366
0 0.462200013933 0.80675999431 0.0230481912048 0.0153654608032
0 0.753800007522 0.725099996106 0.109719465544 0.0731463103628
0 0.7366000079 0.767059995183 0.104929095198 0.0699527301319
0 0.729000008067 0.655339997639 0.0301309545975 0.020087303065
0 0.701800008665 0.65301999769 0.0372315260584 0.0248210173723
0 0.785400006827 0.638419998011 0.0554683729698 0.0369789153132
0 0.786800006796 0.610359998628 0.0564884784767 0.0376589856511
0 0.889200004545 0.621099998392 0.0370578973935 0.024705264929
0 0.638000010068 0.591259999048 0.0212508624546 0.0141672416364
0 0.548200012042 0.610339998629 0.0383169278154 0.0255446185436
0 0.500400013093 0.727299996057 0.0363480480082 0.0242320320055
0 0.458400014016 0.759739995344 0.0280620528073 0.0187080352048
0 0.502400013049 0.754639995456 0.0747322507479 0.0498215004986
0 0.49600001319 0.684739996993 0.0248048581993 0.0165365721329
0 0.653200009734 0.813359994165 0.0422315369412 0.0281543579608
0 0.606800010754 0.828939993823 0.0928389008939 0.061892600596
0 0.403400015225 0.711739996399 0.0601059896646 0.0400706597764
0 0.401200015274 0.754039995469 0.0875561374617 0.0583707583078
0 0.366400016039 0.787539994733 0.0258434643104 0.0172289762069
0 0.372600015903 0.825279993903 0.0206724959729 0.0137816639819
0 0.355800016272 0.835819993671 0.0414050447091 0.0276033631394
0 0.318400017094 0.751939995516 0.0338333509106 0.0225555672737
0 0.286000017807 0.77631999498 0.0201619980178 0.0134413320118
0 0.452400014148 0.722599996161 0.0768881152712 0.0512587435142
0 0.368400015995 0.669959997318 0.0285613712529 0.0190409141686
0 0.364800016074 0.68941999689 0.0238665708725 0.0159110472483
0 0.346600016474 0.690719996861 0.028956017831 0.0193040118873
0 0.40500001519 0.665099997425 0.0637926555174 0.0425284370116
0 0.441200014394 0.65849999757 0.0224178845242 0.0149452563495
0 0.463400013906 0.641539997943 0.0261978448676 0.0174652299117
0 0.343400016545 0.669999997317 0.0344939313072 0.0229959542048
0 0.339400016633 0.64757999781 0.0261132565436 0.0174088376957
0 0.399800015305 0.625959998285 0.0540537198185 0.0360358132124
0 0.346200016483 0.623199998346 0.0527445300045 0.035163020003
0 0.371400015929 0.603739998774 0.0329282063773 0.0219521375849
0 0.321200017033 0.62893999822 0.0371799815944 0.0247866543962
0 0.290800017701 0.611879998595 0.02848054241 0.0189870282733
0 0.318200017099 0.600979998834 0.0415078368361 0.0276718912241
0 0.307600017332 0.584379999199 0.0448500155029 0.0299000103353
0 0.254400018501 0.577479999351 0.0205619870163 0.0137079913442
0 0.253400018523 0.59525999896 0.0199285144569 0.0132856763046
0 0.257600018431 0.612599998579 0.0504760789167 0.0336507192778
0 0.297400017556 0.631239998169 0.0369599530184 0.0246399686789
0 0.273200018088 0.643859997892 0.0213413868013 0.0142275912009
0 0.219400019271 0.584539999196 0.0294248646933 0.0196165764622
0 0.0546000228939 0.75081999554 0.0348711655519 0.0232474437013
0 0.0566000228499 0.841759993541 0.0276602830019 0.0184401886679
0 0.129000021258 0.715059996326 0.0776807721737 0.0517871814491
0 0.193000019851 0.696999996723 0.0923583798536 0.0615722532357
0 0.15620002066 0.75037999555 0.100334613602 0.066889742401
0 0.132400021183 0.777759994948 0.0883686800403 0.0589124533602
0 0.0784000223707 0.785499994778 0.0422241169127 0.0281494112752
0 0.0216000236194 0.630499998185 0.0404036376739 0.0269357584493
0 0.153800020713 0.654299997662 0.0970222139821 0.0646814759881
0 0.034400023338 0.437520002428 0.0266521484742 0.0177680989828
0 0.0428000231534 0.43014000259 0.0253249527245 0.0168833018164
0 0.0554000228763 0.443300002301 0.0252952726109 0.0168635150739
0 0.0658000226477 0.465780001807 0.0325015052764 0.0216676701843
0 0.15620002066 0.538620000205 0.0734209833259 0.0489473222173
0 0.233800018954 0.538060000218 0.0333337356638 0.0222224904425
0 0.271800018119 0.559039999757 0.027135241791 0.018090161194
0 0.106800021746 0.54434000008 0.0447726493399 0.0298484328933
0 0.0794000223487 0.503760000972 0.0860543237099 0.0573695491399
0 0.0900000221156 0.462160001886 0.0262040776915 0.0174693851276
0 0.117800021504 0.475380001596 0.0503643827555 0.0335762551704
0 0.124000021368 0.512200000786 0.0247879405345 0.0165252936897
0 0.312800017217 0.536940000242 0.033052763921 0.0220351759473
0 0.321600017024 0.519460000627 0.039616619993 0.0264110799954
0 0.292000017675 0.501180001029 0.0719547857106 0.0479698571404
0 0.240400018809 0.503320000982 0.0420423756834 0.0280282504556
0 0.20580001957 0.468260001752 0.0211120584564 0.0140747056376
0 0.224800019152 0.432120002547 0.128601953862 0.0857346359078
0 0.151000020775 0.388380003509 0.0656095731426 0.0437397154284
0 0.0908000220981 0.374280003819 0.0579279639897 0.0386186426598
0 0.106000021764 0.356880004201 0.0211428268409 0.0140952178939
0 0.135600021113 0.360000004132 0.0451257437589 0.0300838291726
0 0.0276000234875 0.394400003376 0.0256017692514 0.0170678461676
0 0.0476000230478 0.333200004722 0.0205819716262 0.0137213144175
0 0.250000018598 0.337000004638 0.0222726498346 0.0148484332231
0 0.403400015225 0.480980001473 0.0407696924092 0.0271797949394
0 0.475800013634 0.475420001595 0.0300196541713 0.0200131027808
0 0.487200013383 0.46110000191 0.0338925132705 0.022595008847
0 0.489400013335 0.501940001012 0.0349105411694 0.0232736941129
0 0.463000013915 0.574559999415 0.0218922497111 0.0145948331407
0 0.404400015203 0.444000002286 0.0670668667238 0.0447112444825
0 0.43140001461 0.416200002897 0.027986863186 0.0186579087906
0 0.482000013497 0.443740002291 0.0225358135092 0.0150238756728
0 0.474000013673 0.436180002458 0.025412805861 0.016941870574
0 0.349600016408 0.406420003112 0.0318589308155 0.0212392872103
0 0.446000014289 0.392940003408 0.0219156970009 0.0146104646672
0 0.482400013489 0.404360003157 0.0249339666938 0.0166226444625
0 0.509600012891 0.401420003222 0.0352682854728 0.0235121903152
0 0.4728000137 0.363200004062 0.0428816303643 0.0285877535762
0 0.418800014887 0.353260004281 0.0233222375877 0.0155481583918
0 0.376600015815 0.389940003474 0.05772089573 0.0384805971533
0 0.331400016808 0.360220004128 0.0199205008262 0.0132803338841
0 0.529600012451 0.352640004294 0.0422157075472 0.0281438050315
0 0.641400009993 0.524380000519 0.0291038247971 0.0194025498647
0 0.660600009571 0.527120000458 0.0248571941331 0.0165714627554
0 0.682200009096 0.57115999949 0.105247661751 0.0701651078341
0 0.598200010943 0.488980001297 0.0231556332163 0.0154370888109
0 0.541800012183 0.509660000842 0.0421974048104 0.028131603207
0 0.649000009826 0.456740002006 0.0706652837053 0.0471101891369
0 0.588200011163 0.445860002245 0.0328531156897 0.0219020771265
0 0.635200010129 0.426940002661 0.0452889843841 0.0301926562561
0 0.706400008564 0.456460002012 0.041385159033 0.027590106022
0 0.745800007698 0.460220001929 0.0383537311563 0.0255691541042
0 0.795200006612 0.486040001361 0.0253982626053 0.0169321750702
0 0.637600010077 0.504240000961 0.0620181804547 0.0413454536365
0 0.548200012042 0.564839999629 0.0263172578583 0.0175448385722
0 0.565600011659 0.579839999299 0.0222317902115 0.0148211934743
0 0.733000007979 0.411240003006 0.0338001091832 0.0225334061222
0 0.796000006594 0.412160002986 0.0764908964166 0.0509939309444
0 0.790000006726 0.457100001998 0.0687581385345 0.045838759023
0 0.845400005508 0.457760001983 0.103071120082 0.0687140800547
0 0.885000004637 0.414020002945 0.0245184451024 0.0163456300683
0 0.901400004277 0.426420002672 0.019804352648 0.0132029017654
0 0.798200006546 0.560019999735 0.0366110138153 0.0244073425435
0 0.928600003679 0.567159999578 0.0375400013732 0.0250266675821
0 0.949400003222 0.493500001197 0.0216432335574 0.0144288223716
0 0.934400003551 0.474580001613 0.025913707246 0.0172758048307
0 0.944800003323 0.458480001967 0.0281441677884 0.0187627785256
0 0.917200003929 0.434500002495 0.020583752433 0.013722501622
0 0.915600003965 0.45382000207 0.0212253375569 0.0141502250379
0 0.973200002698 0.478740001522 0.0610749464422 0.0407166309615
0 0.855800005279 0.524840000508 0.117233480989 0.0781556539924
0 0.925200003754 0.438860002399 0.0821433751315 0.0547622500877
0 0.966200002852 0.413480002957 0.0331652515518 0.0221101677012
0 0.981800002509 0.388380003509 0.0349111347717 0.0232740898478
0 0.801400006475 0.391400003442 0.12322193859 0.0821479590602
0 0.841000005605 0.355140004239 0.0603790467104 0.0402526978069
0 0.829600005855 0.337100004636 0.0462199506162 0.0308133004108
0 0.815600006163 0.321100004988 0.0346412436047 0.0230941624031
0 0.93900000345 0.355340004235 0.0225879515755 0.0150586343837
0 0.966800002839 0.229820006995 0.0675857740445 0.0450571826963
0 0.969200002786 0.211500007397 0.0732921716326 0.0488614477551
0 0.965600002865 0.182960008025 0.0674613154345 0.0449742102897
0 0.898600004338 0.265160006218 0.0236725618628 0.0157817079085
0 0.922400003815 0.207200007492 0.0352923263649 0.0235282175766
0 0.917200003929 0.226300007072 0.0356396826286 0.023759788419
0 0.709200008502 0.284240005798 0.0233812020802 0.0155874680535
0 0.703200008634 0.218000007254 0.026962998198 0.017975332132
0 0.751800007566 0.20954000744 0.0249538523699 0.01663590158
0 0.840400005618 0.19726000771 0.022647608604 0.015098405736
0 0.814600006185 0.198740007678 0.0335288329443 0.0223525552962
0 0.932000003604 0.157300008589 0.032782872754 0.0218552485027
0 0.766800007236 0.184780007985 0.0199032863603 0.0132688575735
0 0.782200006897 0.193060007803 0.0269913921734 0.017994261449
0 0.782200006897 0.175500008189 0.0215090794436 0.0143393862957
0 0.705000008595 0.186120007955 0.0485445960527 0.0323630640351
0 0.686000009012 0.174140008219 0.0302109919707 0.0201406613138
0 0.657400009641 0.215160007317 0.0754298323529 0.0502865549019
0 0.666000009452 0.259220006348 0.110265579636 0.0735103864239
0 0.613400010609 0.262740006271 0.01983185622 0.01322123748
0 0.62380001038 0.287860005718 0.0204090354972 0.0136060236648
0 0.601800010864 0.220420007201 0.0384715612076 0.0256477074717
0 0.594800011017 0.256120006416 0.0226616571911 0.0151077714608
0 0.555800011875 0.233560006912 0.0503999988919 0.0335999992613
0 0.536400012301 0.186900007938 0.0237025387776 0.0158016925184
0 0.472400013708 0.213060007363 0.0271723419331 0.0181148946221
0 0.475200013647 0.233920006904 0.0204969875674 0.0136646583783
0 0.458200014021 0.240640006757 0.0246154990741 0.0164103327161
0 0.478200013581 0.251620006515 0.0232221166709 0.015481411114
0 0.435200014526 0.261380006301 0.0308436730605 0.020562448707
0 0.426600014715 0.241280006743 0.0474685929984 0.0316457286656
0 0.447800014249 0.197860007697 0.0276256562026 0.0184171041351
0 0.384200015648 0.206700007503 0.0318201488003 0.0212134325335
0 0.384200015648 0.235380006872 0.0267901610027 0.0178601073352
0 0.655800009676 0.325900004882 0.0573454422921 0.0382302948614
0 0.623600010384 0.313760005149 0.0225952726702 0.0150635151135
0 0.384600015639 0.343220004501 0.0417807949482 0.0278538632988
0 0.300800017481 0.318820005038 0.0332049239704 0.0221366159803
0 0.270200018154 0.333060004725 0.0499673617683 0.0333115745122
0 0.326000016927 0.239460006783 0.0638216430951 0.0425477620634
0 0.358200016219 0.199000007672 0.0262330652691 0.0174887101794
0 0.34360001654 0.184680007987 0.0223605029711 0.0149070019807
0 0.322200017011 0.210980007409 0.046990842102 0.031327228068
0 0.260800018361 0.158080008572 0.0200167633282 0.0133445088855
0 0.288200017758 0.161280008501 0.024943860065 0.0166292400433
0 0.206400019557 0.206020007518 0.0701916880248 0.0467944586832
0 0.129400021249 0.248640006581 0.0275235566116 0.018349037741
0 0.153600020717 0.228580007022 0.0576669768568 0.0384446512379
0 0.166600020432 0.162040008485 0.0222819496036 0.014854633069
0 0.161600020541 0.142380008917 0.0338468058954 0.0225645372636
0 0.1362000211 0.154100008659 0.0383541268912 0.0255694179275
0 0.111600021641 0.155280008633 0.0287974270903 0.0191982847269
0 0.133600021157 0.114780009524 0.0447958987623 0.0298639325082
0 0.109200021694 0.12542000929 0.0321009226756 0.0214006151171
0 0.105000021786 0.144260008876 0.0370853020318 0.0247235346878
0 0.0908000220981 0.167540008364 0.0264580405308 0.0176386936872
0 0.0604000227664 0.286680005744 0.0526386709324 0.0350924472883
0 0.0818000222959 0.300900005432 0.0213667138317 0.0142444758878
0 0.0338000233512 0.225620007087 0.0472221491212 0.0314814327475
0 0.0316000233996 0.20726000749 0.0254072655731 0.0169381770487
0 0.237000018884 0.317040005077 0.0329706489399 0.0219804326266
0 0.0730000224894 0.169500008321 0.0283552923303 0.0189035282202
0 0.0230000235887 0.049220010965 0.0369881491263 0.0246587660842
0 0.021800023615 0.123180009339 0.0341080898294 0.022738726553
0 0.0336000233556 0.0967800099194 0.0459062318147 0.0306041545432
0 0.0750000224454 0.130280009183 0.0330499937771 0.0220333291847
0 0.0694000225685 0.149720008756 0.0264207425213 0.0176138283475
0 0.0674000226125 0.0459400110372 0.0204859069916 0.0136572713278
0 0.0430000231489 0.0363200112487 0.0298735290783 0.0199156860522
0 0.149200020814 0.0190600116281 0.0219734742888 0.0146489828592
0 0.275600018035 0.130540009177 0.0230642184662 0.0153761456441
0 0.357600016232 0.105220009734 0.0213814549548 0.0142543033032
0 0.367800016008 0.118900009433 0.0237724849121 0.0158483232747
0 0.293200017648 0.079880010291 0.0338383965299 0.0225589310199
0 0.255600018475 0.0457000110424 0.0443357580667 0.0295571720445
0 0.328800016866 0.0288200114135 0.0560263591068 0.0373509060712
0 0.237800018866 0.021520011574 0.0205670326357 0.0137113550904
0 0.396800015371 0.064960010619 0.0941241487496 0.0627494324997
0 0.378600015771 0.145300008853 0.021956556624 0.014637704416
0 0.441000014399 0.118620009439 0.0204790805655 0.013652720377
0 0.389600015529 0.116260009491 0.0211337249393 0.0140891499596
0 0.46780001381 0.0214600115754 0.0209677141702 0.0139784761135
0 0.459400013994 0.0323200113366 0.0311737159245 0.020782477283
0 0.460200013977 0.0481400109888 0.0211870502102 0.0141247001402
0 0.502400013049 0.0537800108648 0.0250518956788 0.0167012637858
0 0.510400012873 0.0368600112368 0.0244633390247 0.0163088926831
0 0.565400011664 0.064780010623 0.0345195551386 0.0230130367591
0 0.616000010551 0.0578000107764 0.0219731774877 0.0146487849918
0 0.620400010455 0.138080009011 0.0403257768423 0.0268838512282
0 0.591800011083 0.11178000959 0.0350847634366 0.0233898422911
0 0.575000011453 0.0984600098825 0.0208887650679 0.0139258433786
0 0.521400012631 0.156260008612 0.0220923926109 0.0147282617406
0 0.543400012148 0.0829200102241 0.0363162902865 0.024210860191
0 0.507400012939 0.0667000105807 0.0669395390362 0.0446263593575
0 0.833400005772 0.0794600103002 0.025304176645 0.0168694510966
0 0.780800006928 0.0669200105759 0.0847688779868 0.0565125853246
0 0.624400010367 0.112640009571 0.0389945248105 0.0259963498737
0 0.662400009531 0.0539800108604 0.0343940082578 0.0229293388385
0 0.666400009443 0.0376800112188 0.0278812019813 0.0185874679875
0 0.618400010499 0.0251000114953 0.0284467070804 0.018964471387
0 0.626800010314 0.0389600111906 0.0208401886151 0.0138934590768
0 0.653600009725 0.0833000102158 0.0202486639497 0.0134991092998
0 0.766400007245 0.0280600114303 0.0386181809692 0.0257454539794
0 0.806400006365 0.0195800116167 0.054860821043 0.0365738806953
0 0.817400006124 0.0362400112504 0.0215352968773 0.0143568645849
0 0.757200007447 0.0118600117864 0.0326328892463 0.0217552594975
0 0.700400008696 0.024480011509 0.028764877899 0.019176585266
0 0.939400003441 0.0427400111075 0.0207197862874 0.0138131908582
0 0.91580000396 0.0280600114303 0.0278115526479 0.0185410350986
0 0.393600015441 0.895219992366 0.0203297895937 0.0135531930625
0 0.942000003384 0.730979995976 0.042692271239 0.0284615141594
