0 0.974399980687 0.669619997325 0.0309897981535 0.0206598654356
0 0.908399982138 0.718599996249 0.0267925354118 0.0178616902746
0 0.948599981254 0.814619994138 0.0339077490622 0.0226051660414
0 0.858599983232 0.869799992924 0.0348055725007 0.0232037150005
0 0.619399988491 0.978039990545 0.0454940739696 0.0303293826464
0 0.865199983087 0.974319990626 0.0329525440705 0.0219683627137
0 0.815399984182 0.952599991104 0.0433708575713 0.0289139050475
0 0.180799998134 0.953039991094 0.0497719676867 0.0331813117911
0 0.454199992123 0.956079991027 0.0213763104018 0.0142508736012
0 0.480199991552 0.873979992832 0.0213845218999 0.0142563479332
0 0.791999984697 0.924039991732 0.0271064520808 0.0180709680538
0 0.8145999842 0.911499992008 0.0314975259647 0.0209983506431
0 0.677599987212 0.957839990989 0.0266438380423 0.0177625586949
0 0.268999996195 0.855999993228 0.0220874459253 0.0147249639502
0 0.0961999999941 0.747159995621 0.0229060234603 0.0152706823069
0 0.232999996986 0.766959995185 0.0309684284716 0.0206456189811
0 0.132199999203 0.823639993939 0.0270901280182 0.0180600853455
0 0.194799997826 0.832179993751 0.0212036710739 0.0141357807159
0 0.329199994871 0.679839997101 0.0203981527889 0.0135987685259
0 0.364199994102 0.612859998573 0.0369604476869 0.0246402984579
0 0.14459999893 0.649159997775 0.028625282431 0.0190835216207
0 0.076600000425 0.721759996179 0.0208785748955 0.0139190499303
0 0.0652000006756 0.730139995995 0.0239339447305 0.0159559631537
0 0.079600000359 0.636079998063 0.0206178845637 0.0137452563758
0 0.597399988975 0.669719997323 0.0381074851466 0.0254049900977
0 0.65719998766 0.670979997295 0.0399436948457 0.0266291298971
0 0.536999990303 0.725139996105 0.104960753986 0.0699738359905
0 0.170199998367 0.692859996814 0.0239244470941 0.0159496313961
0 0.849999983422 0.637799998025 0.0217077383377 0.0144718255585
0 0.664799987493 0.509220000852 0.0335352636356 0.0223568424237
0 0.799999984521 0.516880000683 0.0245781021309 0.0163854014206
0 0.940399981434 0.508520000867 0.0260170929753 0.0173447286502
0 0.968999980805 0.51248000078 0.0249795751351 0.0166530500901
0 0.925799981755 0.461900001892 0.024821479063 0.0165476527086
0 0.769399985194 0.628259998235 0.231394080875 0.154262720583
0 0.742599985783 0.246460006629 0.0475040112674 0.0316693408449
0 0.745999985708 0.224520007111 0.0350966354821 0.0233977569881
0 0.902799982261 0.189740007876 0.035758502017 0.0238390013446
0 0.648999987841 0.335480004672 0.0259895894033 0.0173263929356
0 0.690599986926 0.341160004547 0.0229968446082 0.0153312297388
0 0.545199990123 0.366160003997 0.0456901605872 0.0304601070581
0 0.494199991244 0.35600000422 0.0275192035282 0.0183461356855
0 0.463999991908 0.338440004606 0.0328706269568 0.0219137513045
0 0.354399994317 0.430200002589 0.0202910075785 0.0135273383857
0 0.323399994999 0.3887800035 0.0296425188602 0.0197616792402
0 0.675599987256 0.418400002849 0.0292525221666 0.0195016814444
0 0.541199990211 0.421380002783 0.0352216876944 0.0234811251296
0 0.0714000005393 0.385920003563 0.0412013401956 0.0274675601304
0 0.0134000018144 0.351840004312 0.0225027696493 0.0150018464328
0 0.118799999497 0.330860004773 0.02107297964 0.0140486530934
0 0.103599999831 0.348100004394 0.023424930781 0.0156166205207
0 0.266199996257 0.405260003137 0.0320740127059 0.0213826751372
0 0.172599998314 0.388000003517 0.032522281356 0.021681520904
0 0.568799989604 0.491060001251 0.0214532808299 0.0143021872199
0 0.0304000014407 0.472420001661 0.026232075932 0.0174880506213
0 0.122399999418 0.568359999552 0.0361738257409 0.0241158838273
0 0.147399998868 0.458320001971 0.031522852995 0.02101523533
0 0.229999997052 0.437240002434 0.0219476525899 0.0146317683933
0 0.242599996775 0.477140001557 0.0267679998512 0.0178453332341
0 0.325599994951 0.462400001881 0.0422969321249 0.02819795475
0 0.311399995263 0.53296000033 0.0252899301904 0.0168599534603
0 0.361399994164 0.573219999445 0.0342493671705 0.022832911447
0 0.24739999667 0.521700000577 0.0212678790531 0.0141785860354
0 0.162399998539 0.155060008638 0.0261749911801 0.01744999412
0 0.0800000003502 0.171380008279 0.103655818321 0.0691038788809
0 0.548199990057 0.0922600100188 0.0287403423383 0.0191602282256
0 0.864999983092 0.766779995189 0.0277402214413 0.0184934809609
0 0.787599984793 0.716179996302 0.0348747271656 0.0232498181104
0 0.754199985528 0.344140004481 0.0231460366462 0.0154306910975
0 0.772999985114 0.393040003406 0.0208188189333 0.0138792126222
