0 0.701800008665 0.224328007115 0.325410787613 0.216940525076
0 0.811000006264 0.394816003367 0.219852474006 0.146568316004
0 0.897000004374 0.448186002194 0.261882482975 0.174588321983
0 0.0956000219925 0.177567808143 0.260508293712 0.173672195808
0 0.0362000232984 0.111912009587 0.0216239414835 0.014415960989
0 0.0362000232984 0.155030008639 0.0515337792342 0.0343558528228
0 0.0706000225421 0.0640802106383 0.0274270962421 0.0182847308281
0 0.142600020959 0.101203409822 0.0202591509232 0.0135061006155
0 0.277800017987 0.0592262107451 0.0362345710402 0.0241563806935
0 0.269200018176 0.100929609828 0.0263284373677 0.0175522915785
0 0.248800018624 0.106171009713 0.0232726717979 0.0155151145319
0 0.254800018492 0.178537008122 0.0215058146311 0.014337209754
0 0.260400018369 0.196257407732 0.040193205668 0.0267954704453
0 0.284600017837 0.122950609344 0.0283548965955 0.018903264397
0 0.314000017191 0.110724409613 0.0315442226768 0.0210294817846
0 0.306400017358 0.0938402099841 0.0221314714273 0.0147543142848
0 0.300800017481 0.148976608772 0.0232289430971 0.0154859620647
0 0.333000016773 0.178389808125 0.0497795855825 0.0331863903883
0 0.386000015608 0.161921808487 0.116282728014 0.077521818676
0 0.286400017798 0.212108007384 0.0559566108397 0.0373044072265
0 0.309800017283 0.0085540118591 0.0202149275538 0.0134766183692
0 0.358000016224 0.0292258114046 0.022641771515 0.0150945143433
0 0.470000013761 0.159828608533 0.0308878964299 0.0205919309532
0 0.49600001319 0.203882007565 0.0302417603552 0.0201611735702
0 0.514800012776 0.187584007923 0.0384010214708 0.0256006809805
0 0.505600012979 0.168315408347 0.028756270666 0.0191708471107
0 0.428000014685 0.152603208692 0.0202894246391 0.0135262830927
0 0.364400016083 0.0962790099304 0.0207850825374 0.0138567216916
0 0.53420001235 0.0984202098834 0.0361347469246 0.0240898312831
0 0.528600012473 0.112327409578 0.0259405182821 0.0172936788547
0 0.591400011092 0.0267268114596 0.0297457067221 0.0198304711481
0 0.577800011391 0.0429968111019 0.0295318120362 0.0196878746908
0 0.535800012315 0.176924808157 0.0204572162151 0.0136381441434
0 0.616200010547 0.140371208961 0.0206057157171 0.0137371438114
0 0.58560001122 0.216638007284 0.0239020880751 0.0159347253834
0 0.671800009325 0.15496760864 0.0269698246242 0.0179798830828
0 0.554600011901 0.141191608943 0.0221485869595 0.0147657246396
0 0.584000011255 0.139787408974 0.025341969323 0.0168946462154
0 0.620400010455 0.178980608112 0.131303833543 0.0875358890286
0 0.591200011097 0.105014609738 0.0213354507786 0.0142236338524
0 0.591200011097 0.091159210043 0.020310101785 0.0135400678567
0 0.728600008076 0.167064808374 0.0216788496938 0.0144525664625
0 0.735800007918 0.141156808944 0.0265857639533 0.0177238426355
0 0.7730000071 0.145168008856 0.0216472898396 0.0144315265597
0 0.791400006695 0.164919608421 0.0208394960792 0.0138929973861
0 0.786800006796 0.182625608032 0.02074570692 0.01383047128
0 0.734400007948 0.220866007191 0.0283840820406 0.0189227213604
0 0.690800008907 0.225270007095 0.0231816527826 0.0154544351884
0 0.822800006005 0.220958007189 0.0479368462584 0.0319578975056
0 0.752800007544 0.184401807993 0.0301028574233 0.0200685716155
0 0.652400009751 0.0691694105265 0.0464001089062 0.0309334059375
0 0.72660000812 0.108922809652 0.0256650868272 0.0171100578848
0 0.749200007623 0.111908209587 0.0325347470037 0.0216898313358
0 0.739000007847 0.101918809806 0.0204843240522 0.0136562160348
0 0.759400007399 0.13951220898 0.02049332702 0.0136622180134
0 0.682600009087 0.0487240109759 0.032006935649 0.0213379570993
0 0.673200009294 0.0608492107094 0.0208244581549 0.0138829721033
0 0.678000009188 0.024343811512 0.0235439480368 0.0156959653579
0 0.792000006682 0.0207830115902 0.0256287781548 0.0170858521032
0 0.753800007522 0.0271256114508 0.0318642732359 0.0212428488239
0 0.748200007645 0.0197811516123 0.020504011861 0.0136693412406
0 0.732600007988 0.0181466516482 0.0261742986441 0.0174495324294
0 0.726400008124 0.0322408113383 0.0212114868372 0.0141409912248
0 0.756800007456 0.0607476107116 0.0236095410881 0.0157396940587
0 0.765800007258 0.0431100110994 0.0245037039793 0.0163358026528
0 0.864200005095 0.0633786106538 0.0281287341293 0.0187524894195
0 0.902400004255 0.0202818116013 0.0217135754268 0.0144757169512
0 0.869800004972 0.0716850104711 0.0274039457535 0.018269297169
0 0.842000005583 0.134546009089 0.0249274370688 0.0166182913792
0 0.82940000586 0.143700208888 0.0213773986726 0.0142515991151
0 0.842000005583 0.171615208274 0.0294017142046 0.0196011428031
0 0.883400004673 0.140595208956 0.0289868851492 0.0193245900995
0 0.90080000429 0.168419808344 0.0320804433972 0.0213869622648
0 0.864000005099 0.173750608227 0.0449134320125 0.0299422880083
0 0.868400005002 0.194776807765 0.0320466080676 0.0213644053784
0 0.892000004483 0.204910007542 0.0212344394584 0.0141562929723
0 0.869800004972 0.220406007201 0.0307691759752 0.0205127839834
0 0.954400003112 0.205504007529 0.0200425850271 0.0133617233514
0 0.911000004066 0.058866210753 0.0217413757999 0.0144942505333
0 0.908200004127 0.0709238104879 0.0201888090538 0.0134592060359
0 0.90580000418 0.0839222102021 0.0291477513653 0.0194318342436
0 0.905600004184 0.102350009797 0.0199018023546 0.0132678682364
0 0.925200003754 0.12086080939 0.0216850825176 0.0144567216784
0 0.93080000363 0.142773208908 0.0461225998434 0.0307483998956
0 0.958800003015 0.147323208808 0.0246810921253 0.0164540614169
0 0.981200002522 0.169506408321 0.0444711983188 0.0296474655458
0 0.982800002487 0.0423426111162 0.0233456848775 0.0155637899184
0 0.987400002386 0.0603354107207 0.0282457727109 0.0188305151406
0 0.970000002769 0.305418005332 0.0240673073746 0.0160448715831
0 0.979000002571 0.293816005588 0.028224403029 0.018816268686
0 0.955600003085 0.317146005075 0.0415359340104 0.0276906226736
0 0.935600003525 0.248192006591 0.022607045782 0.0150713638546
0 0.872400004914 0.328434004826 0.021302307985 0.0142015386567
0 0.882000004703 0.369166003931 0.0227244800984 0.0151496533989
0 0.967800002817 0.365010004022 0.0292969434034 0.0195312956023
0 0.789000006748 0.37692800376 0.0382090900691 0.0254727267127
0 0.646600009879 0.356112004218 0.0274918978236 0.0183279318824
0 0.663200009514 0.386320003554 0.0952481346543 0.0634987564362
0 0.727800008093 0.264458006233 0.0585377913919 0.0390251942613
0 0.688800008951 0.260084006329 0.0208218858784 0.0138812572523
0 0.701400008674 0.291300005643 0.0448934474026 0.0299289649351
0 0.743600007746 0.337764004621 0.0579392424329 0.0386261616219
0 0.703000008639 0.342516004517 0.0673923586371 0.0449282390914
0 0.756400007465 0.418692002842 0.0215009668792 0.0143339779194
0 0.559800011787 0.358870004157 0.0678284584406 0.0452189722937
0 0.482200013493 0.399368003267 0.0323129376209 0.0215419584139
0 0.699800008709 0.428194002633 0.0220172029896 0.0146781353264
0 0.688000008968 0.431638002557 0.0228411229451 0.0152274152967
0 0.670400009355 0.436574002449 0.0208244581549 0.0138829721033
0 0.571600011528 0.427190002655 0.0256427278082 0.0170951518722
0 0.542200012174 0.425016002703 0.0239432444994 0.0159621629996
0 0.530000012442 0.430310002587 0.0351820152758 0.0234546768505
0 0.56920001158 0.311414005201 0.0534314267686 0.035620951179
0 0.538000012266 0.28643400575 0.0210163895566 0.0140109263711
0 0.497400013159 0.316086005098 0.0397312841655 0.026487522777
0 0.481800013502 0.301392005421 0.0251164993928 0.0167443329286
0 0.499800013106 0.275238005996 0.020072858743 0.0133819058287
0 0.490000013322 0.275848005983 0.0200891828056 0.013392788537
0 0.470400013752 0.269564006121 0.0218215121068 0.0145476747379
0 0.462200013933 0.274880006004 0.0293068367746 0.0195378911831
0 0.427600014693 0.271578006076 0.0214942393867 0.0143294929245
0 0.498200013141 0.244672006668 0.0454150259335 0.0302766839557
0 0.343800016536 0.257990006375 0.0393162572427 0.0262108381618
0 0.317200017121 0.286826005741 0.0198460037409 0.0132306691606
0 0.259200018396 0.300268005446 0.0830821571269 0.0553881047513
0 0.263600018299 0.363820004048 0.0997291392826 0.0664860928551
0 0.19940001971 0.361340004103 0.0264910843907 0.0176607229271
0 0.210400019469 0.301236005424 0.0254622727171 0.0169748484781
0 0.222200019209 0.361232004105 0.0211645922576 0.0141097281717
0 0.186200020001 0.341784004533 0.0516754523101 0.0344503015401
0 0.186600019992 0.366986003979 0.0368315370599 0.0245543580399
0 0.200000019697 0.231996006947 0.161082880926 0.107388587284
0 0.170600020344 0.269676006118 0.0838916327604 0.0559277551736
0 0.162400020524 0.31825200505 0.0781601060095 0.0521067373396
0 0.128600021267 0.255576006428 0.0418347138214 0.0278898092143
0 0.0254000235359 0.314958005123 0.0251464763077 0.0167643175384
0 0.10980002168 0.289700005678 0.0816876864529 0.0544584576353
0 0.060600022762 0.451488002121 0.0317394188911 0.0211596125941
0 0.0388000232413 0.475004001604 0.0699781890738 0.0466521260492
0 0.0950000220057 0.479526001505 0.0208039788765 0.013869319251
0 0.0876000221684 0.511998000791 0.0988673277153 0.0659115518102
0 0.172000020313 0.621225998389 0.0227278438446 0.0151518958964
0 0.163600020498 0.623057998349 0.0212839063145 0.0141892708763
0 0.260200018374 0.615099998524 0.0734996356271 0.0489997570848
0 0.157400020634 0.483978001407 0.0219771348362 0.0146514232241
0 0.123400021381 0.457794001982 0.0201963280159 0.0134642186773
0 0.178600020168 0.520420000606 0.0249832356825 0.016655490455
0 0.185400020018 0.543186000105 0.0227619759753 0.0151746506502
0 0.219800019262 0.4933640012 0.0291283603577 0.0194189069052
0 0.231600019003 0.446162002238 0.0207595576397 0.0138397050931
0 0.237600018871 0.458444001968 0.0225803336797 0.0150535557864
0 0.295800017591 0.459106001954 0.0214107393336 0.0142738262224
0 0.300600017486 0.477798001543 0.0219816857869 0.0146544571913
0 0.283400017864 0.475884001585 0.0200925465518 0.0133950310345
0 0.259200018396 0.52660600047 0.0218583154478 0.0145722102985
0 0.387200015582 0.626133998281 0.0484305254825 0.0322870169883
0 0.291200017692 0.543622000095 0.0235590848948 0.0157060565965
0 0.332400016786 0.507640000887 0.0352058583004 0.0234705722003
0 0.359200016197 0.528374000431 0.0396290856408 0.0264193904272
0 0.385200015626 0.546078000041 0.0254618769823 0.0169745846548
0 0.404400015203 0.57433799942 0.0793177293763 0.0528784862509
0 0.455400014082 0.599627998864 0.0444172794456 0.0296115196304
0 0.47460001366 0.531810000355 0.0478611619685 0.0319074413124
0 0.453600014122 0.547170000017 0.0731298214108 0.0487532142739
0 0.50600001297 0.5343300003 0.0935175861599 0.0623450574399
0 0.47960001355 0.473614001635 0.0717924354888 0.0478616236592
0 0.4546000141 0.495612001151 0.0847354383921 0.0564902922614
0 0.428000014685 0.484492001395 0.0321756176283 0.0214504117522
0 0.445400014302 0.460466001924 0.0291019450566 0.0194012967044
0 0.352400016347 0.431104002569 0.0221645152871 0.0147763435248
0 0.35500001629 0.442682002315 0.0324633168635 0.0216422112423
0 0.281400017908 0.498578001086 0.0198921068508 0.0132614045672
0 0.442400014368 0.63757599803 0.0233303501521 0.0155535667681
0 0.495400013203 0.640461997966 0.0770449252051 0.0513632834701
0 0.402200015252 0.653777997674 0.0225569853236 0.0150379902157
0 0.378600015771 0.651857997716 0.0218704842944 0.0145803228629
0 0.499200013119 0.714065996348 0.0771273369874 0.0514182246583
0 0.530600012429 0.666055997404 0.0208484001133 0.0138989334088
0 0.573000011497 0.61301599857 0.0611687356014 0.0407791570676
0 0.588800011149 0.607393998693 0.0262467181214 0.017497812081
0 0.537000012288 0.608203998676 0.0320147514122 0.0213431676082
0 0.488400013357 0.601971998813 0.033865504367 0.0225770029114
0 0.60880001071 0.618367998452 0.0265255133225 0.0176836755483
0 0.63560001012 0.63985999798 0.0244469160284 0.016297944019
0 0.655600009681 0.642831997914 0.0773029443266 0.0515352962178
0 0.645600009901 0.701635996621 0.124208307701 0.0828055384675
0 0.620800010446 0.743519995701 0.039840111249 0.026560074166
0 0.609600010692 0.756615995413 0.0498522029273 0.0332348019515
0 0.611800010644 0.775073995007 0.0399661527984 0.0266441018656
0 0.457000014047 0.778869994923 0.0201264808151 0.0134176538767
0 0.508600012913 0.807877994286 0.0200421892922 0.0133614595282
0 0.60880001071 0.839869993582 0.0319734960542 0.0213156640362
0 0.655000009694 0.76036799533 0.0645266447284 0.0430177631523
0 0.684200009052 0.757255995399 0.0259576338143 0.0173050892095
0 0.537800012271 0.454474002055 0.0246954375136 0.016463625009
0 0.54740001206 0.463636001854 0.0499622172153 0.0333081448102
0 0.57420001147 0.487296001334 0.0300813888077 0.0200542592051
0 0.588600011154 0.497114001118 0.0409257108733 0.0272838072489
0 0.606400010762 0.513600000756 0.0465253589859 0.0310169059906
0 0.637200010085 0.531786000356 0.0598871482931 0.0399247655288
0 0.641000010002 0.507118000898 0.0202968446675 0.0135312297784
0 0.631400010213 0.498734001082 0.0246036270286 0.0164024180191
0 0.723600008186 0.529566000405 0.0702525322578 0.0468350215052
0 0.710400008476 0.541274000147 0.161908977423 0.107939318282
0 0.735000007935 0.609323998651 0.0199217869645 0.0132811913096
0 0.673800009281 0.500098001052 0.0882815194398 0.0588543462932
0 0.60740001074 0.445544002252 0.0339326803576 0.0226217869051
0 0.578200011382 0.45106200213 0.0204167523268 0.0136111682178
0 0.558000011827 0.440332002366 0.0366325813646 0.0244217209097
0 0.631600010208 0.449032002175 0.0224077932855 0.014938528857
0 0.677800009193 0.447568002207 0.0231750242239 0.0154500161493
0 0.683600009065 0.459900001936 0.0308682086211 0.0205788057474
0 0.736800007896 0.450898002134 0.0253016043684 0.0168677362456
0 0.763600007306 0.440514002362 0.0321674061302 0.0214449374201
0 0.824200005974 0.433144002524 0.033910222405 0.0226068149366
0 0.781800006906 0.45154600212 0.0365748040766 0.0243832027177
0 0.781600006911 0.530160000391 0.0223425959692 0.0148950639794
0 0.886000004615 0.523476000538 0.0635986465077 0.0423990976718
0 0.875600004844 0.452582002097 0.0265172028907 0.0176781352605
0 0.828000005891 0.584011999207 0.0247070127579 0.0164713418386
0 0.773800007082 0.65622999762 0.143637899447 0.0957585996316
0 0.711400008454 0.666491997394 0.0254502028042 0.0169668018695
0 0.693800008841 0.668411997352 0.0357180381287 0.0238120254191
0 0.874800004862 0.706601996512 0.0350344061771 0.0233562707847
0 0.875000004857 0.695053996766 0.0368899079501 0.0245932719667
0 0.896200004391 0.683785997014 0.0338599640791 0.0225733093861
0 0.901000004286 0.70035799665 0.0433669991565 0.028911332771
0 0.8958000044 0.745905995648 0.0276618659413 0.0184412439608
0 0.853000005341 0.751309995529 0.0262310865949 0.0174873910633
0 0.826600005921 0.754553995458 0.0334690769821 0.0223127179881
0 0.945200003314 0.5707039995 0.0294368356725 0.019624557115
0 0.829200005864 0.843545993502 0.0205827630959 0.0137218420639
0 0.916400003947 0.787959994724 0.0460961845422 0.0307307896948
0 0.971600002733 0.667229997378 0.0218935358493 0.0145956905662
0 0.984600002448 0.791821994639 0.0259827629772 0.0173218419848
0 0.957400003046 0.792409994626 0.0663281286946 0.044218752463
0 0.939200003446 0.806245994322 0.0464644158192 0.0309762772128
0 0.935800003521 0.767883995165 0.0540150367371 0.0360100244914
0 0.919200003885 0.757879995385 0.0480832681525 0.0320555121017
0 0.335800016712 0.658123997578 0.0268001533077 0.0178667688718
0 0.317200017121 0.678217997136 0.0258158618046 0.0172105745364
0 0.347000016465 0.697731996707 0.0205060894689 0.0136707263126
0 0.273400018084 0.678789997124 0.0225109811474 0.0150073207649
0 0.306600017354 0.639883997979 0.0518818280338 0.0345878853559
0 0.328000016883 0.796871994528 0.0416407048117 0.0277604698745
0 0.260200018374 0.813241994168 0.0254165653421 0.0169443768947
0 0.278200017978 0.836871993648 0.0805924902585 0.053728326839
0 0.355200016285 0.877015992766 0.0278919857559 0.0185946571706
0 0.346400016479 0.887569992534 0.0203096071164 0.0135397380776
0 0.315800017151 0.862095993094 0.0210945471893 0.0140630314595
0 0.349200016417 0.853663993279 0.0220825981734 0.0147217321156
0 0.357000016246 0.861287993112 0.0207605469768 0.0138403646512
0 0.264200018286 0.878267992738 0.0210712977669 0.0140475318446
0 0.211600019442 0.883921992614 0.0200042976805 0.0133361984536
0 0.500000013102 0.979305990517 0.027893667629 0.0185957784194
0 0.461200013955 0.824089993929 0.0273879184921 0.0182586123281
0 0.350400016391 0.70900199646 0.0325596782992 0.0217064521995
0 0.188000019961 0.841985993536 0.0212170271251 0.01414468475
0 0.151000020775 0.816907994087 0.0636094302823 0.0424062868549
0 0.173800020273 0.824349993924 0.0586571054489 0.0391047369659
0 0.133400021161 0.888515992513 0.0955371200278 0.0636914133518
0 0.123200021386 0.919645991828 0.0717977779092 0.0478651852728
0 0.0738000224718 0.867861992967 0.0332906005652 0.0221937337102
0 0.0610000227532 0.910223992036 0.128347694221 0.0855651294808
0 0.0936000220365 0.935631991477 0.0264927662638 0.0176618441758
0 0.133200021166 0.670743997301 0.0207073206396 0.0138048804264
0 0.0456000230918 0.960015990941 0.0686970964341 0.0457980642894
0 0.0930000220497 0.984675990399 0.0226451352612 0.0150967568408
0 0.107400021733 0.964575990841 0.0368169938042 0.0245446625361
0 0.156400020656 0.963457990865 0.0238906117645 0.0159270745097
0 0.165400020458 0.934073991511 0.0210830708787 0.0140553805858
0 0.181400020106 0.948775991188 0.0450894350865 0.030059623391
0 0.173800020273 0.963301990869 0.0240958002837 0.0160638668558
0 0.188000019961 0.974553990621 0.0503293602214 0.0335529068143
0 0.143400020942 0.945375991263 0.0665666578748 0.0443777719165
0 0.389600015529 0.963907990855 0.0320216767721 0.0213477845147
0 0.354000016312 0.95095199114 0.0232898862638 0.0155265908426
0 0.522600012605 0.935547991479 0.0274166092686 0.0182777395124
0 0.636200010107 0.897389992318 0.0209992740244 0.0139995160163
0 0.762000007342 0.911693992003 0.0224132346397 0.0149421564265
0 0.84620000549 0.908011992084 0.0206281736698 0.0137521157799
0 0.917600003921 0.907935992086 0.0410394846424 0.0273596564283
0 0.340600016606 0.30641800531 0.301136411979 0.200757607986
0 0.40820001512 0.0613798106977 0.0589433206784 0.0392955471189
0 0.293600017639 0.142167808922 0.0355055285148 0.0236703523432
0 0.421000014839 0.177925208135 0.0915750227201 0.0610500151468
0 0.523400012587 0.127775609238 0.0844989868199 0.0563326578799
0 0.771400007135 0.180626608076 0.0221147516299 0.0147431677533
0 0.816400006146 0.0186730116366 0.0422832792727 0.0281888528484
0 0.781200006919 0.0948954099609 0.029614421686 0.0197429477906
0 0.829000005869 0.160083808528 0.0349352745974 0.023290183065
0 0.879800004752 0.156951008597 0.0417438926735 0.0278292617824
0 0.902400004255 0.254492006452 0.119682090366 0.0797880602443
0 0.847800005455 0.240642006757 0.024152093566 0.0161013957106
0 0.888400004563 0.243884006685 0.0218210174383 0.0145473449588
0 0.308000017323 0.389908003475 0.0245934368563 0.0163956245708
0 0.665400009465 0.590087999074 0.0298240622222 0.0198827081481
0 0.987400002386 0.543202000105 0.0311919197276 0.0207946131517
0 0.462400013928 0.766049995205 0.335601949311 0.223734632874
0 0.309800017283 0.853979993272 0.143044297174 0.0953628647826
0 0.916600003943 0.933603991522 0.0263025167351 0.0175350111568
0 0.766800007236 0.773063995051 0.18976475344 0.126509835627
0 0.45640001406 0.959557990951 0.0232737600687 0.0155158400458
