0 0.879399982775 0.743759995695 0.151280528718 0.100853685812
0 0.728599986091 0.762119995292 0.157742878801 0.105161919201
0 0.542399990184 0.409040003054 0.222819496036 0.14854633069
0 0.36019999419 0.515340000717 0.15936934903 0.106246232687
0 0.295799995606 0.470820001696 0.104087169307 0.0693914462044
0 0.36339999412 0.877479992756 0.16490469023 0.109936460153
0 0.0898000001348 0.533460000319 0.12729602886 0.0848640192401
0 0.903799982239 0.0177600116567 0.03963759394 0.0264250626267
0 0.956199981087 0.0553400108305 0.0238390673004 0.0158927115336
0 0.972399980731 0.0428600111049 0.0268643612869 0.0179095741913
0 0.981599980528 0.0532400108767 0.0379991527317 0.0253327684878
0 0.780599984947 0.0656600106036 0.0249265466654 0.0166176977769
0 0.818599984112 0.0631600106586 0.101976913225 0.0679846088164
0 0.938999981465 0.170980008288 0.0706485639079 0.0470990426053
0 0.900199982318 0.177820008138 0.0492760129872 0.0328506753248
0 0.721599986244 0.16998000831 0.0331316140897 0.0220877427264
0 0.654599987717 0.0731600104387 0.0691964148797 0.0461309432531
0 0.617599988531 0.0371200112311 0.0339038906474 0.0226025937649
0 0.553199989947 0.0184600116413 0.0409068145343 0.0272712096895
0 0.577999989402 0.0151200117147 0.0244709569205 0.0163139712803
0 0.584799989252 0.0611200107034 0.10675046484 0.07116697656
0 0.51939999069 0.105920009718 0.025213058696 0.0168087057973
0 0.502799991055 0.103220009778 0.0202709240349 0.0135139493566
0 0.399599993324 0.0678200105561 0.0207819166586 0.0138546111058
0 0.491999991292 0.0197200116136 0.0436231385375 0.0290820923583
0 0.481399991525 0.027300011447 0.0476440024702 0.0317626683135
0 0.311199995267 0.0840600101991 0.0294703742009 0.019646916134
0 0.167599998424 0.0929600100034 0.0298981635726 0.0199321090484
0 0.0860000002183 0.22228000716 0.0208463225053 0.0138975483369
0 0.0322000014011 0.288300005709 0.0545405726165 0.0363603817443
0 0.177199998213 0.198360007686 0.060191468392 0.0401276455946
0 0.151799998772 0.243440006695 0.021722083726 0.0144813891507
0 0.13139999922 0.231740006952 0.0597890060506 0.0398593373671
0 0.231399997022 0.228380007026 0.11337902356 0.0755860157066
0 0.197199997774 0.261320006302 0.0633398359165 0.0422265572776
0 0.263799996309 0.260620006317 0.0235969765066 0.0157313176711
0 0.221599997237 0.186460007948 0.0259786077613 0.0173190718408
0 0.319999995074 0.104120009758 0.0259689122575 0.0173126081716
0 0.214799997387 0.306380005311 0.175643944693 0.117095963129
0 0.142599998974 0.293220005601 0.0381071883455 0.0254047922303
0 0.297599995566 0.332040004747 0.0644556103231 0.042970406882
0 0.278399995988 0.357560004186 0.0608836086428 0.0405890724285
0 0.252199996564 0.294500005572 0.0274987242498 0.0183324828332
0 0.324199994981 0.245820006643 0.0548681421377 0.0365787614251
0 0.331799994814 0.272560006055 0.0306223583462 0.0204149055641
0 0.35699999426 0.258640006361 0.0436420348765 0.0290946899177
0 0.377199993816 0.292460005617 0.046238945889 0.030825963926
0 0.362799994133 0.270140006108 0.0548998009256 0.0365998672837
0 0.318399995109 0.281680005854 0.0342647018959 0.0228431345973
0 0.291599995698 0.275920005981 0.0313370554834 0.0208913703223
0 0.277599996006 0.244520006671 0.0789996574915 0.0526664383277
0 0.392399993482 0.227860007038 0.0962188722388 0.0641459148259
0 0.425999992743 0.256540006407 0.0450340322077 0.0300226881384
0 0.434199992563 0.270700006096 0.0434021206243 0.0289347470829
0 0.456999992062 0.286120005757 0.0455343399905 0.0303562266603
0 0.454999992106 0.2432200067 0.0299067708056 0.0199378472037
0 0.395399993416 0.194120007779 0.022790271017 0.0151935140114
0 0.387999993579 0.155300008633 0.0421681204316 0.0281120802877
0 0.380799993737 0.138180009009 0.029563866559 0.0197092443727
0 0.523599990598 0.22640000707 0.032509914642 0.021673276428
0 0.52619999054 0.176100008176 0.0380226000215 0.0253484000143
0 0.50119999109 0.132480009135 0.0481337243457 0.0320891495638
0 0.586399989217 0.121280009381 0.0269232268457 0.0179488178971
0 0.591999989094 0.271960006068 0.0324388802366 0.0216259201577
0 0.572199989529 0.27780000594 0.027309562992 0.018206375328
0 0.700799986702 0.234400006894 0.0206759586528 0.0137839724352
0 0.650799987801 0.299560005461 0.0298037808112 0.0198691872074
0 0.644999987929 0.314680005129 0.0249269424002 0.0166179616001
0 0.428999992677 0.356500004209 0.0220771568192 0.0147181045462
0 0.420399992866 0.331780004753 0.0212154441857 0.0141436294571
0 0.485599991433 0.330300004785 0.0363811908018 0.0242541272012
0 0.588199989177 0.242460006717 0.111349893122 0.0742332620813
0 0.687999986983 0.26914000613 0.113687696742 0.075791797828
0 0.740399985831 0.326360004872 0.0212264258277 0.0141509505518
0 0.746399985699 0.274820006005 0.0438198187574 0.0292132125049
0 0.955999981091 0.298340005488 0.0786063959853 0.0524042639902
0 0.891999982498 0.321280004984 0.0444969210839 0.029664614056
0 0.863599983123 0.391220003446 0.028882806884 0.0192552045893
0 0.864599983101 0.379300003708 0.0291434972157 0.0194289981438
0 0.90739998216 0.439780002378 0.0203559080937 0.0135706053958
0 0.891799982503 0.445880002244 0.0241263708008 0.0160842472005
0 0.856199983285 0.451140002129 0.023538407749 0.0156922718326
0 0.863999983114 0.510060000833 0.022619412496 0.0150796083307
0 0.888799982569 0.354800004247 0.0674032413454 0.0449354942303
0 0.90419998223 0.523300000542 0.0698101996304 0.0465401330869
0 0.779599984969 0.521480000582 0.0244367258561 0.0162911505707
0 0.694799986834 0.505880000925 0.0637424961253 0.0424949974168
0 0.802199984472 0.394860003366 0.0621962611367 0.0414641740911
0 0.762199985352 0.379140003712 0.0224380670015 0.0149587113343
0 0.611999988654 0.474880001607 0.041823831113 0.0278825540754
0 0.573399989503 0.482280001444 0.0327052097899 0.0218034731933
0 0.820399984072 0.350180004348 0.0636313935664 0.0424209290443
0 0.839799983646 0.401560003219 0.0502928536816 0.0335285691211
0 0.848399983457 0.389100003493 0.0199478065308 0.0132985376872
0 0.81639998416 0.417000002879 0.0272168621036 0.0181445747357
0 0.666199987462 0.521040000592 0.0731580175188 0.0487720116792
0 0.55939998981 0.57933999931 0.0266626354477 0.0177750902984
0 0.593799989054 0.510500000824 0.138899963968 0.0925999759789
0 0.538399990272 0.526560000471 0.0284197971107 0.0189465314071
0 0.450799992198 0.551959999912 0.0705765401654 0.0470510267769
0 0.586399989217 0.55931999975 0.126437284238 0.0842915228253
0 0.468199991816 0.439060002394 0.0216015824645 0.0144010549763
0 0.253599996534 0.400680003238 0.0217292069533 0.0144861379689
0 0.196799997782 0.413880002948 0.0295712865874 0.0197141910583
0 0.24739999667 0.536920000243 0.0290499059239 0.0193666039493
0 0.287199995795 0.523580000536 0.0266085187071 0.0177390124714
0 0.301999995469 0.534680000292 0.0250723749572 0.0167149166381
0 0.353799994331 0.399560003263 0.0662384947513 0.0441589965008
0 0.248799996639 0.483540001416 0.0851953812203 0.0567969208135
0 0.470399991767 0.460660001919 0.289689781473 0.193126520982
0 0.364199994102 0.342880004509 0.137212154838 0.0914747698917
0 0.114199999598 0.395940003342 0.147931622558 0.0986210817056
0 0.0934000000556 0.451640002118 0.0271945030847 0.0181296687231
0 0.0834000002755 0.461340001904 0.0205756398686 0.0137170932457
0 0.0896000001392 0.497720001105 0.0199364291539 0.0132909527692
0 0.0114000018584 0.815359994121 0.0214677251519 0.0143118167679
0 0.081600000315 0.756199995422 0.0478026921446 0.0318684614297
0 0.105599999787 0.810739994223 0.0219797071127 0.0146531380751
0 0.063000000724 0.776939994966 0.186911505179 0.12460767012
0 0.136999999097 0.841579993545 0.0340038136967 0.0226692091312
0 0.138999999053 0.883279992628 0.0856340533003 0.0570893688669
0 0.0694000005833 0.86045999313 0.113146529336 0.0754310195574
0 0.0510000009878 0.835639993675 0.091996579268 0.0613310528453
0 0.170199998367 0.769539995129 0.0380266563037 0.0253511042025
0 0.244599996731 0.821159993994 0.13763064444 0.0917537629602
0 0.239799996837 0.713839996353 0.131968668089 0.0879791120594
0 0.229399997066 0.571759999477 0.0742520265087 0.0495013510058
0 0.240799996815 0.667819997365 0.048761063015 0.0325073753434
0 0.269199996191 0.562939999671 0.055030294492 0.0366868629947
0 0.287199995795 0.54250000012 0.0227193355454 0.0151462236969
0 0.359399994208 0.545120000063 0.0210832687461 0.0140555124974
0 0.456199992079 0.695259996762 0.0725589738912 0.0483726492608
0 0.402799993253 0.659139997556 0.0747093970604 0.0498062647069
0 0.453799992132 0.63527999808 0.0963938859757 0.0642625906505
0 0.32199999503 0.608639998666 0.214943383204 0.143295588803
0 0.411999993051 0.702039996613 0.0554462118183 0.0369641412122
0 0.357199994256 0.758759995366 0.0281682086805 0.018778805787
0 0.347599994467 0.754119995468 0.0267604808891 0.0178403205927
0 0.364199994102 0.74583999565 0.0235907436827 0.0157271624552
0 0.395599993412 0.756939995406 0.0435985040431 0.0290656693621
0 0.410199993091 0.770099995116 0.0503341090396 0.0335560726931
0 0.43479999255 0.763499995261 0.0640233689343 0.0426822459562
0 0.379999993755 0.709559996447 0.146077604791 0.0973850698607
0 0.334799994748 0.780419994889 0.0218706821618 0.0145804547745
0 0.382599993697 0.809899994241 0.0222616681926 0.0148411121284
0 0.385399993636 0.793659994598 0.0267026046674 0.0178017364449
0 0.287199995795 0.793379994604 0.0265264037259 0.0176842691506
0 0.333599994775 0.787059994743 0.156242054386 0.104161369591
0 0.502799991055 0.778839994924 0.0581964700847 0.0387976467231
0 0.569199989595 0.65941999755 0.0290827519164 0.0193885012776
0 0.575599989454 0.681039997074 0.0461173563567 0.0307449042378
0 0.564199989705 0.701799996618 0.0370724406492 0.0247149604328
0 0.566999989643 0.633319998123 0.0397959868133 0.0265306578755
0 0.533599990378 0.719339996232 0.0283547976618 0.0189031984412
0 0.495999991204 0.717739996267 0.0424031869319 0.0282687912879
0 0.595399989019 0.630079998195 0.0405524339771 0.0270349559847
0 0.613599988619 0.683539997019 0.0564229843592 0.0376153229061
0 0.705999986587 0.655919997627 0.0264865334399 0.0176576889599
0 0.699799986724 0.59755999891 0.0283056276068 0.0188704184045
0 0.639599988047 0.547920000001 0.0366401003267 0.0244267335511
0 0.522399990624 0.593319999003 0.140688685486 0.0937924569904
0 0.618399988513 0.653399997682 0.104431458625 0.0696209724168
0 0.741999985796 0.585859999167 0.0287928761395 0.0191952507597
0 0.79139998471 0.63119999817 0.0972167176604 0.0648111451069
0 0.840199983637 0.597339998914 0.0658902480842 0.0439268320561
0 0.845599983518 0.631339998167 0.0903434958702 0.0602289972468
0 0.76639998526 0.59027999907 0.0511507079004 0.0341004719336
0 0.810999984279 0.673879997232 0.0455286018351 0.0303524012234
0 0.837199983703 0.684699996994 0.0245638556763 0.0163759037842
0 0.932599981606 0.671899997275 0.020307331641 0.013538221094
0 0.834799983756 0.705259996542 0.0256274920165 0.0170849946777
0 0.825799983954 0.697739996707 0.0311765850022 0.0207843900014
0 0.798799984547 0.702579996601 0.0472650863523 0.0315100575682
0 0.757999985444 0.704179996566 0.0401084194766 0.0267389463177
0 0.816999984147 0.723219996147 0.0255953385601 0.01706355904
0 0.81139998427 0.741539995744 0.0248630312221 0.0165753541481
0 0.733599985981 0.618999998438 0.034747696279 0.0231651308527
0 0.72679998613 0.648379997792 0.0378099914739 0.0252066609826
0 0.730799986042 0.683939997011 0.074463348918 0.049642232612
0 0.677599987212 0.646279997839 0.0673214231654 0.0448809487769
0 0.689999986939 0.613399998561 0.0434395175676 0.0289596783784
0 0.754599985519 0.558639999765 0.0236447614896 0.0157631743264
0 0.71859998631 0.540380000167 0.0206990102078 0.0137993401385
0 0.772199985132 0.538340000212 0.0242801137896 0.0161867425264
0 0.66859998741 0.580379999287 0.0585626237537 0.0390417491691
0 0.984199980471 0.660559997525 0.0239560069483 0.0159706712989
0 0.966799980854 0.544300000081 0.0604749134775 0.040316608985
0 0.963599980924 0.5706999995 0.0822738686979 0.0548492457986
0 0.947199981285 0.591219999049 0.0279286901632 0.0186191267754
0 0.964399980906 0.716559996293 0.0948285567807 0.0632190378538
0 0.954999981113 0.771019995096 0.0394099474682 0.0262732983121
0 0.813399984226 0.789799994683 0.0228311306402 0.0152207537601
0 0.934599981562 0.604879998749 0.0212388914755 0.0141592609836
0 0.942999981377 0.972979990656 0.0336843567399 0.0224562378266
0 0.943399981368 0.939479991392 0.0466258756376 0.0310839170917
0 0.923399981808 0.932579991544 0.0581867745809 0.0387911830539
0 0.878399982797 0.926519991677 0.0213510823051 0.0142340548701
0 0.948999981245 0.906699992113 0.0400304597113 0.0266869731409
0 0.863199983131 0.908399992076 0.0224156090488 0.0149437393659
0 0.884799982656 0.814619994138 0.0366210061202 0.0244140040802
0 0.77639998504 0.849279993376 0.027240111526 0.0181600743507
0 0.835199983747 0.815039994128 0.027372484833 0.018248323222
0 0.804799984415 0.909719992047 0.0237633830106 0.0158422553404
0 0.667999987423 0.870559992908 0.0330171477846 0.0220114318564
0 0.669799987383 0.860079993138 0.0199949979115 0.0133299986077
0 0.648199987858 0.812599994182 0.0236515879158 0.0157677252772
0 0.631999988214 0.814319994144 0.0220249198192 0.0146832798794
0 0.584999989248 0.928739991629 0.0230961740553 0.0153974493702
0 0.575999989446 0.942619991323 0.0257476964769 0.0171651309846
0 0.645199987924 0.781519994865 0.0359125418069 0.0239416945379
0 0.720999986258 0.816419994098 0.026282631059 0.0175217540393
0 0.681399987128 0.836039993667 0.0427138387883 0.0284758925255
0 0.697999986763 0.846139993445 0.0225384847194 0.0150256564796
0 0.880799982744 0.792519994623 0.0566184773746 0.037745651583
0 0.715199986385 0.939639991389 0.0449327240863 0.0299551493909
0 0.822199984033 0.939159991399 0.0498907870751 0.0332605247167
0 0.851599983386 0.853979993272 0.0206188739009 0.0137459159339
0 0.681599987124 0.884419992603 0.109316805335 0.0728778702236
0 0.531599990422 0.80359999438 0.0388432551645 0.025895503443
0 0.56759998963 0.755999995426 0.0700846417482 0.0467230944988
0 0.576599989432 0.728759996025 0.0285594915124 0.0190396610083
0 0.67859998719 0.66803999736 0.0837686581561 0.0558457721041
0 0.615799988571 0.93187999156 0.0380505982621 0.025367065508
0 0.375399993856 0.952639991103 0.0198354178337 0.0132236118891
0 0.251399996582 0.762919995274 0.032729250682 0.0218195004547
0 0.295999995601 0.857479993195 0.0284816306808 0.0189877537872
0 0.279399995966 0.879239992717 0.054913058043 0.036608705362
0 0.249999996613 0.898899992285 0.0712721430961 0.0475147620641
0 0.226999997118 0.89775999231 0.0303220945296 0.0202147296864
0 0.31699999514 0.943719991299 0.0261007908959 0.0174005272639
0 0.357199994256 0.944699991278 0.0374075291325 0.024938352755
0 0.359599994203 0.92457999172 0.0373388691362 0.0248925794241
0 0.462199991947 0.922939991756 0.037501219358 0.0250008129053
0 0.328599994885 0.927099991665 0.021041716587 0.014027811058
0 0.141199999005 0.977759990551 0.0208207976075 0.0138805317384
0 0.0478000010582 0.951959991118 0.0510864009874 0.0340576006583
0 0.0624000007372 0.931739991563 0.0491434418128 0.0327622945419
0 0.0842000002579 0.96005999094 0.0482838067872 0.0321892045248
0 0.0604000007811 0.887899992526 0.0527041650499 0.0351361100333
0 0.142199998983 0.924619991719 0.0357939202859 0.023862613524
0 0.193999997844 0.917339991879 0.140023850939 0.0933492339596
0 0.171199998345 0.826059993886 0.0794572259106 0.0529714839404
0 0.470199991772 0.984259990408 0.0415150589971 0.0276767059981
0 0.614599988597 0.974399990625 0.0292141358862 0.0194760905908
0 0.718399986315 0.977059990566 0.0226724409658 0.0151149606438
0 0.793399984666 0.979739990507 0.0354752547988 0.0236501698659
0 0.833399983787 0.959399990954 0.0200210174778 0.0133473449852
0 0.0724000005173 0.118000009453 0.0553531151951 0.0369020767967
0 0.162199998543 0.0969000099168 0.0429414852602 0.0286276568401
0 0.28379999587 0.142500008914 0.0237483450863 0.0158322300576
0 0.407399993152 0.0856000101652 0.0256778492761 0.017118566184
0 0.637799988087 0.200860007631 0.224849615811 0.149899743874
0 0.969399980797 0.454880002046 0.0221538304462 0.0147692202975
0 0.232599996995 0.405300003137 0.0789719560521 0.0526479707014
0 0.633199988188 0.840219993575 0.024102923511 0.016068615674
0 0.0490000010318 0.330840004774 0.139182914385 0.0927886095902
