0 0.461800013942 0.623579995496 0.958844699673 0.639229841943
0 0.924800003762 0.445639987672 0.143014607628 0.0953430780402
0 0.0562000228587 0.989980011607 0.0248349324098 0.0165566226985
0 0.0338000233512 0.979300011137 0.0389556412922 0.0259704292411
0 0.0360000233028 0.946660009702 0.0469928176768 0.0313285471842
0 0.0922000220673 0.955740010101 0.0198188945966 0.0132125972692
0 0.104600021795 0.947160009724 0.0209356582666 0.0139571064316
0 0.0738000224718 0.904900007866 0.0478474070267 0.031898273455
0 0.099400021909 0.930200008978 0.0346421317232 0.0230947560054
0 0.162200020528 0.91568000834 0.0246953369511 0.0164635590532
0 0.200600019684 0.934260009157 0.0227889833757 0.0151926565858
0 0.207000019543 0.952880009975 0.0299156728666 0.0199437832265
0 0.202000019653 0.968020010641 0.0284559060388 0.0189706052771
0 0.0308000234172 0.844820005224 0.0230401760545 0.0153601183828
0 0.0456000230918 0.863200006032 0.0277144968482 0.0184763324508
0 0.0590000227972 0.847840005357 0.0219151019532 0.0146100689324
0 0.0186000236854 0.892860007336 0.0223913688125 0.0149275801929
0 0.205400019579 0.785620002621 0.030406680848 0.0202711219024
0 0.139800021021 0.856540005739 0.0250644586071 0.0167096401735
0 0.338800016646 0.865320006125 0.0284525422928 0.0189683627796
0 0.394400015423 0.93706000928 0.0222144753466 0.0148096512079
0 0.43960001443 0.868800006278 0.047402205351 0.0316014723183
0 0.48460001344 0.867100006203 0.0237435947021 0.0158290641788
0 0.445400014302 0.985200011396 0.0339940170171 0.0226626795062
0 0.441600014386 0.96140001035 0.0277769240165 0.0185179505657
0 0.498200013141 0.96094001033 0.0313531796106 0.020902121119
0 0.4910000133 0.909300008059 0.0237267759721 0.0158178516914
0 0.580400011334 0.932200009066 0.039079110557 0.0260527420896
0 0.369000015982 0.905760007903 0.0220917975516 0.0147278660058
0 0.342000016575 0.780000002374 0.0220631067769 0.0147087388214
0 0.713200008414 0.869880006326 0.0229356031276 0.0152904030935
0 0.736200007909 0.88022000678 0.0207743963263 0.0138495984643
0 0.656000009672 0.926500008815 0.0623418874493 0.0415612610408
0 0.858000005231 0.804500003451 0.0338714381557 0.0225809602598
0 0.773200007095 0.758980001449 0.0216145413552 0.0144096951872
0 0.780000006946 0.786200002646 0.0200231926989 0.013348796013
0 0.821000006044 0.78948000279 0.0297241372123 0.0198160927819
0 0.847200005468 0.84338000516 0.0403206296299 0.0268804215262
0 0.68520000903 0.754780001265 0.0246345916557 0.016423062187
0 0.524400012565 0.808220003614 0.0255728789207 0.0170485870716
0 0.487600013374 0.820280004145 0.0667648176968 0.0445098814002
0 0.581200011316 0.794340003004 0.0619828570313 0.041321907413
0 0.566000011651 0.826800004431 0.0447833312271 0.0298555561206
0 0.746000007693 0.843020005145 0.0204589956725 0.0136393313479
0 0.43320001457 0.724279999924 0.0209601938256 0.0139734634721
0 0.512600012825 0.70167999893 0.074639742804 0.049759831818
0 0.544600012121 0.629699995765 0.0232230055427 0.0154820047162
0 0.481800013502 0.772920002062 0.0282957323693 0.0188638228237
0 0.623000010397 0.885400007008 0.0291834645106 0.0194556442903
0 0.773800007082 0.70987999929 0.0226219832805 0.0150813231817
0 0.651800009764 0.615919995159 0.0428711405632 0.0285807622605
0 0.656000009672 0.646299996495 0.0323690309008 0.0215793553572
0 0.797800006554 0.809160003656 0.0538755366494 0.0359170268019
0 0.211800019438 0.674699997744 0.0247036473823 0.0164690993411
0 0.543400012148 0.607779994801 0.0536818244536 0.0357878853295
0 0.537800012271 0.533919991553 0.0278892137725 0.018592810408
0 0.445000014311 0.632359995882 0.0253931163774 0.0169287453682
0 0.477600013594 0.656679996951 0.0710514172979 0.0473676146561
0 0.172200020308 0.584799993791 0.059991420469 0.0399942829505
0 0.147600020849 0.517659990838 0.0275130678234 0.0183420464254
0 0.11120002165 0.505579990307 0.0471269717817 0.03141798326
0 0.059600022784 0.552639992376 0.0499417346429 0.0332944919579
0 0.0296000234436 0.563759992865 0.0225486734045 0.0150324499278
0 0.210600019464 0.392199985322 0.0232606003508 0.0155070679233
0 0.0486000230258 0.390639985253 0.0225405608407 0.0150270415516
0 0.288400017754 0.441419987486 0.0603233430517 0.0402155646869
0 0.346200016483 0.413619986264 0.0266918191323 0.0177945472619
0 0.119400021469 0.396859985527 0.0800628928163 0.0533752653979
0 0.143400020942 0.447099987736 0.0261610398012 0.0174406943511
0 0.00940002388765 0.604179994643 0.0205228079127 0.0136818728442
0 0.0454000230962 0.1210599734 0.026525511573 0.0176836755483
0 0.0906000221024 0.100099972478 0.0264631833384 0.0176421233892
0 0.113200021606 0.12151997342 0.0265916982221 0.017727799984
0 0.044000023127 0.148079974588 0.0198096937619 0.013206463379
0 0.0248000235491 0.251679979143 0.0242203562299 0.0161469052183
0 0.140600021003 0.257099979381 0.0541922234414 0.0361281513438
0 0.196400019776 0.272059980039 0.0240086380997 0.0160057597888
0 0.188000019961 0.295399981066 0.0606653568723 0.0404435739157
0 0.136600021091 0.217019977619 0.0876896921895 0.0584597986488
0 0.245400018699 0.208839977259 0.0300290508933 0.0200193685826
0 0.260000018378 0.264999979729 0.0241097483469 0.0160731666248
0 0.374800015854 0.346839983327 0.0316699653363 0.0211133116167
0 0.417200014922 0.285539980632 0.0256999097988 0.0171332743293
0 0.223600019178 0.169879975546 0.0267899613684 0.0178599754235
0 0.153600020717 0.0993399724447 0.0303434622101 0.0202289761409
0 0.202000019653 0.132959973923 0.0923260224403 0.0615506856865
0 0.124600021355 0.0836599717552 0.0315542129006 0.0210361433212
0 0.439400014434 0.220919977791 0.0314747691349 0.0209831808072
0 0.51100001286 0.243579978787 0.0363360746324 0.0242240513527
0 0.488000013366 0.269099979909 0.0379720423901 0.0253146965964
0 0.58560001122 0.239159978593 0.0232692075832 0.0155128060786
0 0.546800012073 0.227659978087 0.0372101539224 0.0248067709177
0 0.465200013867 0.172999975684 0.0242684380109 0.016178959741
0 0.402000015256 0.171799975631 0.021301614044 0.014201076966
0 0.382800015678 0.139919974229 0.0313102423823 0.0208734962983
0 0.0646000226741 0.23205997828 0.0793439415769 0.05289596454
0 0.0980000219398 0.307019981576 0.054230016117 0.0361533464625
0 0.480600013528 0.423159986683 0.0219957329233 0.014663822916
0 0.480600013528 0.409079986064 0.0235079346151 0.0156719574437
0 0.535400012323 0.420759986578 0.0219530924962 0.0146353959627
0 0.521200012636 0.383439984937 0.027441934489 0.0182946241993
0 0.450600014188 0.362919984034 0.0342415491488 0.0228277009382
0 0.476600013616 0.390399985243 0.0480810884396 0.0320540610739
0 0.388800015546 0.383419984936 0.0720139433207 0.0480092987137
0 0.540000012222 0.364399984099 0.0199206973797 0.0132804657957
0 0.565600011659 0.355159983693 0.0217959857715 0.0145306581394
0 0.56920001158 0.367099984218 0.0200522792083 0.0133681870206
0 0.599000010925 0.383039984919 0.0251763526282 0.0167842361925
0 0.632800010182 0.342959983157 0.0289375153182 0.0192916781512
0 0.70660000856 0.370759984379 0.029963952515 0.0199759696609
0 0.726000008133 0.411839986185 0.0352035805031 0.0234690552167
0 0.822800006005 0.379919984782 0.0374300835502 0.0249533906793
0 0.748800007632 0.349959983465 0.039911143022 0.0266074304362
0 0.684400009048 0.304219981453 0.0279218618954 0.0186145758247
0 0.618200010503 0.328759982532 0.0252444190177 0.0168296137885
0 0.619200010481 0.315239981938 0.0272819586869 0.0181879736575
0 0.27900001796 0.302339981371 0.0414099886635 0.0276066609298
0 0.614600010582 0.494919989839 0.0480723822735 0.0320482569628
0 0.709200008502 0.485319989416 0.0354595219998 0.0236396828924
0 0.818600006097 0.471739988819 0.0280887630569 0.018725843273
0 0.81800000611 0.496899989926 0.0478533430491 0.0319022308035
0 0.869800004972 0.516539990789 0.0274490577158 0.0182993730175
0 0.704200008612 0.579859993573 0.0209807720364 0.0139871822802
0 0.750600007592 0.619519995317 0.0289966776743 0.0193311197245
0 0.812400006233 0.642959996348 0.03030448233 0.0202029895525
0 0.90400000422 0.611379994959 0.0233572585813 0.0155715067479
0 0.669000009386 0.516059990768 0.0423912131568 0.0282608106351
0 0.468000013805 0.47289998887 0.074147250817 0.049431503805
0 0.881600004712 0.634539995978 0.0379857941752 0.0253238644537
0 0.920200003863 0.697399998742 0.0230225658549 0.0153483782489
0 0.979400002562 0.391759985303 0.0235815412922 0.015721028565
0 0.942400003375 0.373639984506 0.0230647116135 0.0153764754232
0 0.891200004501 0.360279983918 0.0240551369414 0.0160367590186
0 0.910400004079 0.352019983555 0.021320114647 0.0142134107021
0 0.923800003784 0.282939980518 0.0319320407227 0.0212880285525
0 0.845600005504 0.230779978224 0.025432590926 0.0169550617356
0 0.81940000608 0.312739981828 0.0428492762142 0.0285661860269
0 0.787800006774 0.341779983105 0.0199586879227 0.0133057928261
0 0.701400008674 0.292939980957 0.0212728243357 0.0141818838258
0 0.916800003938 0.297059981139 0.0397729326351 0.0265152901722
0 0.901400004277 0.33393998276 0.0208399893732 0.0138933271651
0 0.88260000469 0.336839982888 0.0201708017878 0.0134472020788
0 0.852400005354 0.328539982523 0.0208860924801 0.0139240625717
0 0.966400002848 0.305339981503 0.0312906535086 0.0208604370482
0 0.974000002681 0.326839982448 0.0293101985876 0.0195401336806
0 0.959800002993 0.29207998092 0.0210943479306 0.0140628995479
0 0.823800005983 0.398859985615 0.033813858739 0.0225425739795
0 0.705800008577 0.257899979417 0.0204741325295 0.0136494225866
0 0.87260000491 0.318679982089 0.0290813649263 0.0193875778963
0 0.645800009896 0.263559979665 0.0280108032968 0.0186738700962
0 0.6638000095 0.272559980061 0.0259468483283 0.0172979000264
0 0.62060001045 0.208359977238 0.0296400435625 0.0197600303449
0 0.744600007724 0.115179973141 0.0247959525298 0.0165306361101
0 0.85760000524 0.159019975069 0.0480614995659 0.0320410018239
0 0.67520000925 0.0782799715186 0.0232013390611 0.0154675603942
0 0.926400003727 0.230099978194 0.0429320837259 0.0286213910383
0 0.596800010974 0.17155997562 0.027392170835 0.0182614484278
0 0.535000012332 0.0952799722661 0.0203404730931 0.0135603162898
0 0.555600011879 0.0800799715978 0.035289356026 0.0235262389024
0 0.465000013871 0.241239978684 0.0344765166999 0.0229843459825
0 0.30540001738 0.0795999715767 0.0278139252225 0.018542618038
0 0.532800012381 0.0466399701274 0.0255596218041 0.0170397489933
0 0.473600013682 0.0284399693271 0.0630325436489 0.0420216985375
0 0.57560001144 0.0369199697 0.0300496291041 0.0200330873907
0 0.239600018827 0.0268999692594 0.0275206857187 0.0183471250226
0 0.304600017398 0.10627997275 0.0280782760841 0.0187188519574
0 0.338000016663 0.10013997248 0.0400157159489 0.0266771457255
0 0.272400018106 0.114539973113 0.0597724801783 0.0398483227471
0 0.25580001847 0.087999971946 0.044586057418 0.0297240402391
0 0.218200019297 0.04305996997 0.0818112492636 0.0545408364397
0 0.378800015766 0.0724599712627 0.0459590593858 0.0306393749447
0 0.0564000228543 0.0734399713058 0.0198244348841 0.0132162907944
0 0.780800006928 0.0275399692876 0.0295651507473 0.0197101017982
0 0.778600006977 0.067939971064 0.0222860044159 0.0148573372572
0 0.766400007245 0.0470799701467 0.0539053156948 0.0359368795001
0 0.812400006233 0.0605199707377 0.0205599080523 0.0137066062723
0 0.917800003916 0.0466399701274 0.0259436824497 0.0172957894406
0 0.935400003529 0.0706799711845 0.0219022405714 0.0146014946773
0 0.957400003046 0.103979972649 0.0688142294106 0.0458761559662
0 0.798200006546 0.0903599720498 0.0622476036278 0.0414984051556
0 0.90580000418 0.125959973615 0.0200193342843 0.0133462237365
0 0.182000020093 0.506979990369 0.0479928395741 0.031995228493
0 0.28400001785 0.250659979098 0.0432394707495 0.0288263157343
0 0.822600006009 0.0888199719821 0.0230285018772 0.0153523355974
