0 0.873199982912 0.275679984001 0.208320760507 0.138880507005
0 0.908599982133 0.382519981652 0.182389245193 0.121592830129
0 0.936399981522 0.510999978827 0.151147957543 0.100765305029
0 0.938199981482 0.468959979752 0.0743870710259 0.0495913806839
0 0.644799987933 0.580119977308 0.17531845278 0.11687896852
0 0.682999987093 0.0734199884477 0.13883071037 0.0925538069132
0 0.662599987542 0.114619987542 0.117849838016 0.0785665586772
0 0.651999987775 0.065719988617 0.078545650686 0.052363767124
0 0.801599984486 0.667399975389 0.438352524165 0.29223501611
0 0.717999986324 0.443259980317 0.529880058703 0.353253372469
0 0.452799992154 0.32165998299 0.149961742333 0.099974494889
0 0.161399998561 0.115399987525 0.217255464059 0.14483697604
0 0.0800000003502 0.221019985203 0.0992384280699 0.0661589520466
0 0.053400000935 0.268079984168 0.125844671302 0.0838964475344
0 0.344999994524 0.848879971399 0.255188628005 0.170125752003
0 0.442599992378 0.914939969947 0.189835985713 0.126557323809
0 0.415399992976 0.828539971846 0.128515881532 0.0856772543547
0 0.425999992743 0.718179974273 0.196189508713 0.130793005809
0 0.15139999878 0.0341399893113 0.0364257109723 0.0242838073149
0 0.118999999493 0.0390799892027 0.0352572048971 0.0235048032647
0 0.0292000014671 0.042159989135 0.0497326910029 0.0331551273353
0 0.0956000000072 0.166319986405 0.0515687028346 0.0343791352231
0 0.0450000011197 0.108219987683 0.0236204237964 0.0157469491976
0 0.0744000004733 0.0735199884455 0.0257186099655 0.017145739977
0 0.207999997536 0.0786599883325 0.0306673731853 0.0204449154569
0 0.0548000009043 0.183059986037 0.0367711874954 0.0245141249969
0 0.0604000007811 0.111259987616 0.0338114865602 0.0225409910401
0 0.092200000082 0.144239986891 0.0201660543 0.0134440362
0 0.182599998095 0.196919985733 0.0323628991456 0.0215752660971
0 0.206199997576 0.215739985319 0.0362023186501 0.0241348791
0 0.167399998429 0.228939985029 0.0329763870952 0.0219842580634
0 0.10139999988 0.266319984207 0.0565442770904 0.0376961847269
0 0.286999995799 0.146199986848 0.0228037260019 0.0152024840013
0 0.338999994656 0.0758399883945 0.0265183900952 0.0176789267302
0 0.293599995654 0.0383799892181 0.0372361759429 0.0248241172953
0 0.467199991838 0.168219986364 0.0830330860056 0.0553553906704
0 0.456399992075 0.122679987365 0.0338559077969 0.022570605198
0 0.486399991415 0.132559987148 0.0238346152834 0.0158897435223
0 0.518399990712 0.124439987326 0.0654718574152 0.0436479049434
0 0.419999992875 0.10151998783 0.0919457273399 0.0612971515599
0 0.476999991622 0.109659987651 0.0343767937919 0.0229178625279
0 0.58899998916 0.0583999887779 0.0410487844114 0.0273658562742
0 0.584199989265 0.0837999882195 0.047653005438 0.031768670292
0 0.606399988777 0.125779987297 0.0399214347604 0.0266142898403
0 0.553199989947 0.107859987691 0.0285227871051 0.0190151914034
0 0.647399987876 0.164139986453 0.0611628985124 0.0407752656749
0 0.634799988153 0.182279986054 0.0438413863067 0.0292275908711
0 0.520599990664 0.180079986103 0.0290294266455 0.019352951097
0 0.504599991015 0.226339985086 0.0251486528493 0.0167657685662
0 0.578799989384 0.233839984921 0.0449891163023 0.0299927442015
0 0.797799984569 0.232479984951 0.0367776181867 0.0245184121245
0 0.811999984257 0.177379986162 0.0482980532418 0.0321987021612
0 0.857199983263 0.220519985214 0.0238869512172 0.0159246341448
0 0.756399985479 0.113479987567 0.033798823045 0.0225325486967
0 0.816199984165 0.105559987741 0.0573514772485 0.0382343181657
0 0.816199984165 0.0845599882028 0.0313609974418 0.0209073316278
0 0.864199983109 0.105179987749 0.0791331190693 0.0527554127129
0 0.850199983417 0.0627599886821 0.0232150923774 0.0154767282516
0 0.841399983611 0.0393199891974 0.0354372642533 0.0236248428356
0 0.951599981188 0.0875399881373 0.0220360993287 0.0146907328858
0 0.951799981183 0.204599985564 0.0999329427298 0.0666219618199
0 0.957999981047 0.248159984606 0.0297829057979 0.0198552705319
0 0.88099998274 0.189559985894 0.0618803657936 0.0412535771957
0 0.919799981887 0.172219986276 0.0338299871643 0.0225533247762
0 0.84959998343 0.358119982189 0.0209843350339 0.0139895566892
0 0.776999985026 0.371899981886 0.0423979434451 0.0282652956301
0 0.773799985097 0.310119983244 0.0206014615675 0.0137343077117
0 0.684999987049 0.362999982081 0.0305224352969 0.0203482901979
0 0.688199986979 0.380119981705 0.0258406941664 0.0172271294443
0 0.700199986715 0.391759981449 0.0222740349066 0.0148493566044
0 0.560199989793 0.386979981554 0.0461057811123 0.0307371874082
0 0.535399990338 0.35533998225 0.02175097237 0.0145006482467
0 0.526599990532 0.375999981795 0.0246371655571 0.016424777038
0 0.6007999889 0.297899983512 0.0273131246056 0.0182087497371
0 0.503199991046 0.28163998387 0.0375736388354 0.0250490925569
0 0.578799989384 0.270099984124 0.0860393847194 0.0573595898129
0 0.641799987999 0.345259982471 0.0415095187093 0.0276730124728
0 0.628599988289 0.268319984163 0.0233608217355 0.015573881157
0 0.696399986799 0.290879983667 0.171318562794 0.114212375196
0 0.445599992312 0.205599985542 0.085121576671 0.0567477177806
0 0.400799993297 0.211459985413 0.0866997672485 0.0577998448324
0 0.388999993557 0.178439986139 0.0351538191678 0.0234358794452
0 0.34699999448 0.196899985733 0.0262338567388 0.0174892378259
0 0.346599994489 0.243339984712 0.0283230399401 0.0188820266268
0 0.342599994577 0.260059984344 0.0426461681291 0.0284307787528
0 0.366399994054 0.273879984041 0.032076387115 0.0213842580766
0 0.397599993368 0.287179983748 0.0288888418404 0.0192592278936
0 0.392799993473 0.314279983152 0.0249123002108 0.0166082001405
0 0.381199993728 0.332039982762 0.0279763762125 0.018650917475
0 0.406999993161 0.364899982039 0.0387350216833 0.0258233477889
0 0.426999992721 0.398939981291 0.0410490812125 0.0273660541417
0 0.373199993904 0.457059980013 0.0206211493763 0.0137474329175
0 0.353599994335 0.484419979412 0.039052104231 0.026034736154
0 0.371999993931 0.430539980596 0.110561391435 0.0737075942903
0 0.310999995272 0.370259981922 0.113093105132 0.075395403421
0 0.572399989525 0.423439980752 0.0851566981388 0.0567711320925
0 0.569399989591 0.470119979726 0.10073727381 0.0671581825402
0 0.592799989076 0.388219981527 0.0509826195233 0.0339884130155
0 0.475799991648 0.48677997936 0.0243814219109 0.016254281274
0 0.516399990756 0.490579979276 0.0266704512109 0.0177803008073
0 0.547799990066 0.506679978922 0.0315064299988 0.0210042866658
0 0.267999996217 0.300839983448 0.0466966132418 0.0311310754945
0 0.279399995966 0.235899984876 0.0290257660981 0.0193505107321
0 0.242999996767 0.232759984945 0.0272893805147 0.0181929203431
0 0.296399995593 0.201879985624 0.100786740666 0.0671911604443
0 0.311199995267 0.273159984056 0.0551003395603 0.0367335597069
0 0.295799995606 0.310499983235 0.0432354173192 0.0288236115461
0 0.196599997787 0.253279984493 0.0212832137785 0.0141888091857
0 0.183999998064 0.255559984443 0.0232514999835 0.015500999989
0 0.169199998389 0.261139984321 0.0230776734511 0.0153851156341
0 0.203999997624 0.333739982725 0.0533103319048 0.0355402212699
0 0.223199997202 0.357099982211 0.0369485756415 0.024632383761
0 0.219799997277 0.255739984439 0.0562231382605 0.0374820921736
0 0.220799997255 0.228579985036 0.026952016556 0.0179680110373
0 0.195599997809 0.275779983999 0.046872220581 0.031248147054
0 0.242799996771 0.255139984453 0.0313877095441 0.0209251396961
0 0.263599996314 0.264279984252 0.0801729123849 0.0534486082566
0 0.248599996644 0.317799983075 0.055694535436 0.0371296902907
0 0.199599997721 0.400879981248 0.021302307985 0.0142015386567
0 0.177599998204 0.390999981466 0.0856491901583 0.0570994601055
0 0.265399996274 0.413619980968 0.076617630502 0.0510784203347
0 0.228599997083 0.450439980159 0.0489710992861 0.0326473995241
0 0.147999998855 0.477859979556 0.0204183352662 0.0136122235108
0 0.113999999603 0.436639980462 0.0303505874387 0.0202337249591
0 0.0908000001128 0.430559980596 0.0338699563841 0.0225799709227
0 0.0858000002227 0.409699981055 0.0544010760822 0.0362673840548
0 0.0965999999853 0.458859979974 0.0653524444245 0.043568296283
0 0.0174000017265 0.373799981844 0.0478753094894 0.0319168729929
0 0.0688000005965 0.437759980438 0.0471488392404 0.0314325594936
0 0.0178000017177 0.535199978295 0.0473448269244 0.0315632179496
0 0.0436000011505 0.596139976956 0.0246700115495 0.0164466743663
0 0.0542000009174 0.60185997683 0.0254160706735 0.0169440471157
0 0.116199999554 0.588879977115 0.0253910404443 0.0169273602962
0 0.0858000002227 0.592719977031 0.0694437491603 0.0462958327735
0 0.203799997628 0.590119977088 0.0627759137567 0.0418506091711
0 0.22599999714 0.512359978798 0.0349088592963 0.0232725728642
0 0.315999995162 0.593139977022 0.023528415444 0.015685610296
0 0.245999996701 0.609359976665 0.035379289098 0.023586192732
0 0.389999993535 0.56363997767 0.0491556106594 0.0327704071063
0 0.25739999645 0.469319979744 0.0652296676876 0.0434864451251
0 0.381599993719 0.624699976328 0.0524330866784 0.0349553911189
0 0.187999997976 0.636319976072 0.176059466284 0.117372977523
0 0.113599999612 0.687299974951 0.0463862581865 0.0309241721243
0 0.435399992537 0.532999978344 0.0201590300064 0.0134393533376
0 0.500399991108 0.569519977541 0.0287058144728 0.0191372096485
0 0.46479999189 0.512499978794 0.024710079703 0.0164733864687
0 0.491999991292 0.527439978466 0.0338702531852 0.0225801687901
0 0.46799999182 0.561619977715 0.0284998344839 0.0189998896559
0 0.530399990448 0.548239978009 0.0386230287211 0.025748685814
0 0.561199989771 0.600819976853 0.0598544012344 0.0399029341563
0 0.644199987946 0.468539979761 0.0270474875883 0.0180316583922
0 0.714599986398 0.474199979636 0.0250946350424 0.016729756695
0 0.679799987163 0.493779979206 0.0350217426619 0.0233478284413
0 0.736199985923 0.467459979785 0.0353236883517 0.0235491255678
0 0.809399984314 0.429079980628 0.0207829059958 0.0138552706638
0 0.603599988839 0.330999982785 0.024565339682 0.0163768931213
0 0.792399984688 0.601579976836 0.0503699230434 0.0335799486956
0 0.80959998431 0.649199975789 0.0292355055681 0.0194903370454
0 0.83959998365 0.58909997711 0.0430414083095 0.0286942722063
0 0.785999984829 0.516679978703 0.0248471028944 0.0165647352629
0 0.833399983787 0.540639978176 0.0247606348299 0.0165070898866
0 0.806999984367 0.566899977598 0.0348093319818 0.0232062213212
0 0.784199984868 0.568379977566 0.0273459705981 0.0182306470654
0 0.863399983127 0.543339978116 0.0293288989924 0.0195525993283
0 0.835799983734 0.555859977841 0.0291865333805 0.0194576889204
0 0.887399982599 0.504019978981 0.0214212263071 0.0142808175381
0 0.886599982617 0.476679979582 0.0323106621455 0.0215404414304
0 0.915399981984 0.601499976838 0.0474645367162 0.0316430244775
0 0.94059998143 0.572359977478 0.0472154216288 0.0314769477525
0 0.975999980651 0.57275997747 0.0577865877149 0.03852439181
0 0.953199981153 0.594939976982 0.0296970313357 0.0197980208904
0 0.948799981249 0.655939975641 0.0446638222565 0.0297758815043
0 0.974199980691 0.728039974056 0.0295610964151 0.01970739761
0 0.948999981245 0.754079973483 0.0350322296354 0.023354819757
0 0.910199982098 0.781999972869 0.0249779921957 0.0166519947971
0 0.820399984072 0.808779972281 0.0302424528912 0.0201616352608
0 0.773999985092 0.759119973372 0.0277067818466 0.0184711878977
0 0.785399984842 0.852559971318 0.0949327339797 0.0632884893198
0 0.766199985264 0.886819970565 0.057038450983 0.0380256339887
0 0.728199986099 0.909819970059 0.0727092542001 0.0484728361334
0 0.815599984178 0.767639973185 0.0320343402873 0.0213562268582
0 0.796199984604 0.756299973434 0.0311576886631 0.0207717924421
0 0.645599987915 0.78379997283 0.020743629312 0.013829086208
0 0.660199987594 0.806819972324 0.0251208524762 0.0167472349841
0 0.624599988377 0.78741997275 0.0288819164806 0.019254610987
0 0.631999988214 0.80289997241 0.0345986031747 0.0230657354498
0 0.605999988786 0.818419972069 0.042223325443 0.0281488836287
0 0.564399989701 0.811499972221 0.0203839063343 0.0135892708895
0 0.549999990017 0.811639972218 0.0215369787504 0.0143579858336
0 0.593199989067 0.736319973874 0.0208233698841 0.0138822465894
0 0.625999988346 0.657159975614 0.0256136412968 0.0170757608646
0 0.63399998817 0.648299975809 0.0205125201602 0.0136750134401
0 0.586799989208 0.649439975784 0.0202846758209 0.013523117214
0 0.590399989129 0.667059975396 0.0212815319054 0.014187687937
0 0.597399988975 0.699519974683 0.0327050119225 0.0218033412817
0 0.617999988522 0.706959974519 0.0314518185896 0.0209678790597
0 0.59899998894 0.703599974593 0.112499502858 0.0749996685721
0 0.502599991059 0.732819973951 0.0228031323996 0.0152020882664
0 0.611399988667 0.743679973712 0.0204633501052 0.0136422334035
0 0.503999991028 0.830979971793 0.0202915022471 0.0135276681647
0 0.514599990795 0.842219971545 0.0226568094392 0.0151045396262
0 0.376799993825 0.867899970981 0.0226091233899 0.0150727489266
0 0.382599993697 0.891779970456 0.0219950418381 0.0146633612254
0 0.308399995329 0.872399970882 0.0386773433291 0.0257848955527
0 0.336799994704 0.766939973201 0.0379981633946 0.0253321089297
0 0.473999991688 0.847899971421 0.0333505543948 0.0222337029299
0 0.480799991539 0.894459970397 0.0893904674202 0.0595936449468
0 0.427199992717 0.975699968611 0.058941737739 0.039294491826
0 0.343599994555 0.93025996961 0.0263057815476 0.0175371876984
0 0.375799993847 0.677179975174 0.0433019007738 0.0288679338492
0 0.31199999525 0.744159973701 0.0342382865947 0.0228255243965
0 0.291599995698 0.750939973552 0.0263187418639 0.0175458279093
0 0.430199992651 0.644219975899 0.0254889848194 0.0169926565463
0 0.417799992924 0.629899976213 0.0202781461959 0.0135187641306
0 0.384399993658 0.737699973843 0.019786841381 0.0131912275873
0 0.153199998741 0.710939974432 0.0589677573053 0.0393118382035
0 0.12139999944 0.765179973239 0.0286304269841 0.0190869513227
0 0.114399999594 0.778219972953 0.164469381896 0.109646254597
0 0.0520000009658 0.839699971601 0.0899604245364 0.0599736163576
0 0.040800001212 0.875799970807 0.0739326684856 0.0492884456571
0 0.200799997694 0.852519971319 0.0735554342408 0.0490369561606
0 0.158599998622 0.859899971157 0.0250894904894 0.0167263269929
0 0.077600000403 0.925279969719 0.0254990760581 0.0169993840387
0 0.11139999966 0.97891996854 0.0504971517974 0.0336647678649
0 0.203999997624 0.973499968659 0.0360934915666 0.0240623277111
0 0.221999997228 0.959559968966 0.0551881926968 0.0367921284645
0 0.186199998015 0.971679968699 0.0250189507526 0.0166793005017
0 0.0898000001348 0.887999970539 0.0357215008086 0.0238143338724
0 0.167399998429 0.902599970218 0.0429048797866 0.0286032531911
0 0.0662000006536 0.956659969029 0.0832531145817 0.0555020763878
0 0.0596000007987 0.984439968419 0.0305028464218 0.0203352309479
0 0.247599996665 0.952579969119 0.0210737711097 0.0140491807398
0 0.279199995971 0.917179969897 0.0340395287669 0.0226930191779
0 0.292199995685 0.943699969314 0.0699630522158 0.0466420348106
0 0.201399997681 0.914359969959 0.046805539259 0.0312036928393
0 0.238799996859 0.900099970273 0.0236669226412 0.0157779484274
0 0.243199996762 0.85927997117 0.0306550064713 0.0204366709808
0 0.226799997123 0.923819969751 0.0508064185818 0.0338709457212
0 0.685799987032 0.962179968908 0.0433173344329 0.0288782229553
0 0.658999987621 0.965039968845 0.027240111526 0.0181600743507
0 0.859999983202 0.937319969455 0.0595403856317 0.0396935904212
0 0.922799981821 0.969139968755 0.0771752209041 0.0514501472694
0 0.0740000004821 0.163559986466 0.0315872588417 0.0210581725611
0 0.825599983958 0.49679997914 0.0447297121088 0.0298198080726
0 0.518199990716 0.725419974113 0.0280623496084 0.0187082330723
