0 0.427599998926 0.668599975363 0.149893497845 0.0999289919723
0 0.84820001742 0.633259976139 0.417896055611 0.278597352032
0 0.491000001713 0.273119984057 0.139005841377 0.0926705548058
0 0.258399991486 0.152379986712 0.114192273738 0.0761281774707
0 0.729400012196 0.166799986395 0.284279134251 0.189519410334
0 0.613200007087 0.40625998113 0.298624524417 0.199083003148
0 0.10339998467 0.973499968659 0.036623880029 0.024415918409
0 0.0759999834655 0.942459969342 0.0215143257683 0.0143428828995
0 0.122599985515 0.93661996947 0.0394882092435 0.0263254710927
0 0.0355999816891 0.94527996928 0.0217635398223 0.0145090255913
0 0.0499999823223 0.67961997512 0.0243063344296 0.0162042218843
0 0.0437999820497 0.662959975487 0.0278141285934 0.0185427511726
0 0.0629999828939 0.849819971378 0.0589982366712 0.0393321551866
0 0.0621999828587 0.8806799707 0.0353581219477 0.0235720797437
0 0.201999989006 0.84701997144 0.0271178330348 0.0180785541642
0 0.188199988399 0.834079971724 0.0207041574919 0.0138027707509
0 0.278599992374 0.792919972629 0.0232102476872 0.0154734974376
0 0.295599993121 0.78289997285 0.0254409063912 0.0169606031422
0 0.329199994599 0.793179972624 0.0207392789644 0.0138261850644
0 0.31739999408 0.810679972239 0.0394874177737 0.0263249434462
0 0.233199990378 0.961119968931 0.0672325895606 0.0448217234175
0 0.173399987748 0.941239969368 0.0277479419312 0.018498626734
0 0.247199990993 0.916179969919 0.0227329913964 0.015155326598
0 0.299799993306 0.837619971647 0.0309664538822 0.0206443012265
0 0.376999996701 0.867079970999 0.027973807626 0.018649203854
0 0.368399996323 0.879939970716 0.0271172394325 0.0180781584293
0 0.423399998741 0.922679969777 0.0203198989029 0.0135465983751
0 0.289599992858 0.907239970116 0.0301812169046 0.0201208099427
0 0.291799992954 0.926319969696 0.0294702791547 0.019646851474
0 0.333399994784 0.912859969992 0.0288566921905 0.0192377935248
0 0.0561999825949 0.789539972704 0.0377533074369 0.0251688699646
0 0.243799990844 0.939579969405 0.0481070185893 0.0320713436109
0 0.390199997281 0.967979968781 0.0250578350069 0.0167052222361
0 0.526000003252 0.919419969848 0.0198827107709 0.0132551396397
0 0.729400012196 0.965939968825 0.0243578789005 0.0162385848626
0 0.669200009549 0.968319968773 0.0348738413624 0.0232492260415
0 0.442799999594 0.967319968795 0.0407336859111 0.0271557888163
0 0.508400002478 0.875779970808 0.0405503617182 0.0270335726958
0 0.611800007025 0.94707996924 0.0436393694228 0.0290929110297
0 0.594600006269 0.850079971373 0.0225366079517 0.0150244043102
0 0.687600010358 0.843499971517 0.0608699638199 0.0405799732035
0 0.751200013154 0.940559969383 0.0439995871166 0.029333056143
0 0.472600000904 0.798319972511 0.0716957867094 0.0477971879871
0 0.553000004439 0.820659972019 0.0205954293278 0.013730285313
0 0.583400005776 0.798519972506 0.0249761157498 0.016650742735
0 0.51140000261 0.765019973243 0.0210995955919 0.0140663961335
0 0.84640001734 0.897919970321 0.0848823661517 0.0565882403688
0 0.736000012486 0.914099969965 0.0400443157133 0.0266962087148
0 0.767800013884 0.958419968991 0.027140093123 0.018093394222
0 0.829200016584 0.972279968686 0.0261039602181 0.0174026389976
0 0.870000018378 0.851139971349 0.0256080054532 0.0170720025095
0 0.876600018668 0.833539971736 0.0643169137427 0.0428779396671
0 0.905400019935 0.805879972344 0.0346277931876 0.0230851939358
0 0.914600020339 0.775919973003 0.0228964299106 0.0152642856003
0 0.888400019187 0.864619971053 0.0288098965384 0.0192065964255
0 0.901400019759 0.8761399708 0.0236443688737 0.0157629115428
0 0.632000007913 0.761019973331 0.0232253845471 0.0154835886769
0 0.645000008485 0.775459973013 0.0224592417785 0.0149728268648
0 0.69720001078 0.728839974038 0.0258350583528 0.0172233710992
0 0.75020001311 0.763939973266 0.0482397876487 0.0321598563113
0 0.909800020128 0.843659971514 0.0351283978376 0.0234189303471
0 0.646600008555 0.689359974906 0.0211890316796 0.014126020188
0 0.810400015758 0.86655997101 0.0255056090476 0.0170037382435
0 0.837200016936 0.752319973522 0.0569167700249 0.0379445108473
0 0.801200015353 0.646519975848 0.0205110388602 0.0136740250049
0 0.706400011185 0.667939975377 0.0680249497664 0.0453499635198
0 0.54960000429 0.613519976573 0.0279196908783 0.0186131260245
0 0.526200003261 0.549739977976 0.0368977285806 0.024598484098
0 0.866200018211 0.590899977071 0.0267202183929 0.0178134777537
0 0.824200016364 0.619299976446 0.0585187049048 0.0390124673634
0 0.816400016021 0.59229997704 0.0452284429184 0.0301522932902
0 0.751200013154 0.523799978546 0.0269847671743 0.0179898435963
0 0.751600013172 0.579939977312 0.0475386443375 0.0316924274681
0 0.307599993649 0.73737997385 0.0298089292964 0.0198726182202
0 0.0663999830434 0.630799976194 0.0289682894326 0.0193121916813
0 0.139399986253 0.62503997632 0.0212341454583 0.0141560960385
0 0.148599986658 0.612819976589 0.0344834488824 0.0229889644054
0 0.154599986922 0.593359977017 0.0238305621447 0.015887040382
0 0.161199987212 0.574719977427 0.0322612984788 0.0215075309006
0 0.315399993992 0.565599977627 0.0251501401726 0.0167667590092
0 0.362799996076 0.53725997825 0.0273083793897 0.0182055850591
0 0.269999991996 0.522799978568 0.0273355861642 0.0182237229075
0 0.330999994678 0.623479976355 0.0366079516992 0.0244052995232
0 0.0153999808009 0.605139976758 0.0231923406829 0.0154615594355
0 0.0719999832897 0.43899998041 0.029793198834 0.019862131246
0 0.0895999840635 0.493399979214 0.0224090823798 0.0149393872679
0 0.0987999844681 0.480899979489 0.0562030621307 0.0374687056159
0 0.079399983615 0.538259978228 0.0330600893767 0.0220400581308
0 0.204199989103 0.500099979067 0.0201915818612 0.0134610536863
0 0.186799988337 0.463159979879 0.0248717406696 0.0165811593528
0 0.154399986913 0.455079980057 0.0315871640747 0.0210581079942
0 0.232399990343 0.463199979878 0.0299381367416 0.0199587565113
0 0.313399993904 0.44991998017 0.0223330023451 0.014888667248
0 0.346599995364 0.470699979713 0.0387362139976 0.0258241409618
0 0.411399998213 0.48767997934 0.0283087972198 0.0188725302351
0 0.605400006744 0.533299978337 0.0248839095179 0.0165892719177
0 0.591600006137 0.542519978134 0.0253237688605 0.0168825114602
0 0.630000007825 0.515659978725 0.0207534264871 0.0138356167455
0 0.638800008212 0.505659978945 0.0334951009668 0.0223300658384
0 0.718600011721 0.505459978949 0.0391859667128 0.0261239760855
0 0.493400001819 0.480179979505 0.0333650031181 0.022243333945
0 0.495200001898 0.455279980052 0.0404439090298 0.0269626042415
0 0.456600000201 0.460739979932 0.0199916368024 0.0133277569892
0 0.524600003191 0.514219978757 0.0438406006201 0.0292270651523
0 0.209399989331 0.364279982053 0.0246293530427 0.0164195676122
0 0.251199991169 0.336139982672 0.0418166144681 0.0278777411401
0 0.307599993649 0.365359982029 0.07133329354 0.0475555258901
0 0.377399996718 0.390919981467 0.039388286181 0.0262588557221
0 0.0575999826565 0.38399998162 0.04920013732 0.0328000893833
0 0.104599984723 0.364459982049 0.0207547126256 0.0138364741711
0 0.238199990598 0.37987998171 0.024532002257 0.0163546670927
0 0.012399980669 0.400639981254 0.0241552626311 0.0161035073586
0 0.349399995487 0.492879979226 0.028113897781 0.0187425972845
0 0.161399987221 0.514399978753 0.0452153836666 0.0301435871229
0 0.388599997211 0.577199977372 0.264570546836 0.176380352924
0 0.108599984899 0.649279975787 0.0368846693289 0.0245897779307
0 0.0711999832545 0.202779985604 0.0235949020111 0.0157299336366
0 0.117599985295 0.205359985547 0.0239556143735 0.015970408529
0 0.0815999837118 0.17927998612 0.0267762148814 0.0178508087436
0 0.142199986376 0.282799983844 0.0303401044674 0.0202267349775
0 0.251799991196 0.286999983752 0.0253746207953 0.0169164127478
0 0.174199987783 0.382039981663 0.0199785775507 0.013319050822
0 0.409999998152 0.327219982868 0.0320446336204 0.0213630876712
0 0.218399989727 0.207919985491 0.131682767031 0.087788505564
0 0.0751999834304 0.24477998468 0.225306719282 0.150204469614
0 0.19799998883 0.222379985173 0.0246421154933 0.016428075912
0 0.649400008678 0.40807998109 0.0240660244109 0.0160440152157
0 0.763800013708 0.436779980459 0.0386797228405 0.0257864801929
0 0.841800017138 0.367179981989 0.020350469424 0.0135669787212
0 0.762600013656 0.388339981524 0.0215747742745 0.014383181901
0 0.793600015019 0.37671998178 0.0316938146305 0.0211292083601
0 0.819200016144 0.454559980068 0.0214002551831 0.0142668358477
0 0.485800001485 0.386459981565 0.0724654910922 0.0483103242084
0 0.58780000597 0.502359979017 0.0252687617092 0.0168458400284
0 0.578400005556 0.464599979848 0.0201338045657 0.0134225354918
0 0.579000005583 0.555699977845 0.0246362784035 0.016424184519
0 0.931800021096 0.644099975901 0.0579908934804 0.0386605931037
0 0.799800015291 0.393099981419 0.0226671015354 0.0151114000269
0 0.846600017349 0.345999982455 0.0268517013138 0.0179011330285
0 0.973400022925 0.370939981907 0.0387282003659 0.025818798541
0 0.816200016013 0.324799982921 0.0220358054343 0.0146905359873
0 0.938400021386 0.227179985067 0.0220852722969 0.0147235138935
0 0.712400011448 0.16473998644 0.0207744004369 0.0138495993778
0 0.66080000918 0.100099987861 0.0487548366225 0.0325032222712
0 0.194999988698 0.0826799882441 0.0220466881441 0.0146977911266
0 0.298199993236 0.0586599887722 0.0219364759741 0.0146243163515
0 0.386399997114 0.086459988161 0.0245721693495 0.0163814451525
0 0.390599997299 0.0274199894591 0.0634733058671 0.0423155344538
0 0.320999994238 0.0205599896099 0.0274222521075 0.0182815001993
0 0.661000009188 0.0499799889631 0.0202099835341 0.0134733214674
0 0.341399995135 0.0538399888782 0.0254374437108 0.0169582946887
0 0.456000000174 0.0608799887234 0.0213536573984 0.01423577066
0 0.0895999840635 0.0881199881245 0.0391324435674 0.0260882939909
0 0.0769999835095 0.0630799886751 0.0368285739066 0.024552380985
0 0.0551999825509 0.12789998725 0.121946699126 0.0812977940551
0 0.83980001705 0.0713999884921 0.0349092596361 0.0232728382224
0 0.929000020972 0.0322599893526 0.024765386915 0.0165102568544
0 0.977000023083 0.0285199894349 0.0240744337776 0.0160496214598
0 0.954400022089 0.0837599882204 0.0202984302845 0.0135322859638
0 0.761400013603 0.215079985333 0.0248790617653 0.0165860400829
0 0.867400018264 0.18883998591 0.0295194492162 0.0196796315128
