0 0.285799995826 0.703519999011 0.197572588979 0.131715068007
0 0.67539998726 0.453939988037 0.11975034673 0.0798335697519
0 0.235999996921 0.0708799711933 0.146076605819 0.0973844103026
0 0.132799999189 0.964040010466 0.0206981184392 0.0137987465362
0 0.130199999247 0.9466200097 0.0226517623259 0.0151011758799
0 0.139999999031 0.979000011124 0.0247007783049 0.0164671866227
0 0.490999991314 0.949520009828 0.0269048234007 0.0179365501168
0 0.540399990228 0.968240010651 0.0369845850734 0.0246563916751
0 0.0552000008955 0.949380009821 0.0394524863623 0.0263016593096
0 0.214799997387 0.91456000829 0.0257776716915 0.0171851155945
0 0.364399994098 0.941660009482 0.0347180138755 0.0231453441102
0 0.551399989986 0.942480009518 0.0210779249354 0.0140519508838
0 0.262799996331 0.945580009654 0.0765937824255 0.0510625249849
0 0.235799996925 0.971740010805 0.0465229815084 0.0310153230512
0 0.732599986003 0.90272000777 0.0273976121888 0.0182650759973
0 0.880399982753 0.882320006873 0.0213374280455 0.0142249529686
0 0.79819998456 0.902540007762 0.0339380205397 0.0226253485187
0 0.793599984662 0.845160005239 0.0268720763441 0.0179147187443
0 0.583599989278 0.847620005347 0.0218266552203 0.0145511044399
0 0.511399990866 0.878640006711 0.033909329765 0.0226062213344
0 0.613399988623 0.920200008538 0.0224484535607 0.0149656366942
0 0.524799990571 0.919000008486 0.0260727909357 0.0173818617702
0 0.469199991794 0.905540007894 0.0649014013498 0.0432676037536
0 0.305399995395 0.916900008393 0.0319743843487 0.0213162576384
0 0.825199983967 0.86952000631 0.0207854769014 0.0138569855149
0 0.366399994054 0.833160004711 0.0363727790372 0.0242485209575
0 0.313399995219 0.788460002746 0.0223592153581 0.0149061445552
0 0.650199987814 0.768500001868 0.0342833981063 0.022855600245
0 0.679999987159 0.749360001026 0.021403812562 0.0142692093158
0 0.731199986033 0.757900001402 0.042282880749 0.0281885890252
0 0.539999990237 0.722559999848 0.0206794199688 0.0137862808885
0 0.585599989234 0.715699999546 0.0263887851917 0.0175925246215
0 0.502399991064 0.816280003969 0.0201179711889 0.0134119816772
0 0.703399986645 0.801640003325 0.0726716545963 0.0484477729263
0 0.836599983716 0.730660000204 0.0206485526527 0.0137657026764
0 0.626999988324 0.664999997317 0.0272027127886 0.0181351430552
0 0.557399989854 0.672719997656 0.0470927407196 0.0313951625504
0 0.904399982226 0.685359998212 0.0210111446841 0.0140074307133
0 0.662999987533 0.711379999356 0.0231636453192 0.0154424312313
0 0.954399981126 0.887740007111 0.0233326240886 0.0155550837517
0 0.58759998919 0.875600006577 0.0308720649997 0.0205813780239
0 0.890199982538 0.807080003564 0.0262981619173 0.0175321091012
0 0.0846000002491 0.750280001067 0.029111737574 0.0194078263294
0 0.0774000004074 0.768840001883 0.034622048181 0.0230813669763
0 0.146199998895 0.762820001618 0.024741736859 0.0164944923273
0 0.143999998943 0.842480005121 0.0203484867232 0.0135656587102
0 0.217399997329 0.873700006494 0.0935025420686 0.0623350321571
0 0.127599999304 0.893240007353 0.0274599404234 0.0183066281564
0 0.0572000008515 0.835160004799 0.0818344986844 0.0545563360546
0 0.358999994216 0.785120002599 0.138145090633 0.0920967331627
0 0.384199993662 0.862260005991 0.0593425142933 0.0395616788048
0 0.0798000003546 0.801860003335 0.0423227510324 0.0282151692159
0 0.952999981157 0.609819994891 0.0210938532621 0.0140625697689
0 0.802999984455 0.599019994416 0.0203725276137 0.0135816859716
0 0.622599988421 0.612519995009 0.0321711634894 0.0214474437408
0 0.663799987515 0.630339995793 0.0211093858539 0.0140729248308
0 0.64219998799 0.637879996125 0.0269070988759 0.0179380671004
0 0.66719998744 0.652319996759 0.0202523231613 0.0135015496647
0 0.846999983488 0.60911999486 0.0315904226369 0.021060283147
0 0.413999993007 0.60525999469 0.0415587849569 0.0277058584653
0 0.423999992787 0.627919995687 0.0368230263319 0.0245486858404
0 0.106599999765 0.715059999518 0.0298038777791 0.0198692531633
0 0.037800001278 0.700039998858 0.0386131328031 0.0257420902332
0 0.253399996538 0.703999999032 0.0302254342992 0.0201502908618
0 0.0310000014275 0.526259991217 0.0278611166001 0.0185740789585
0 0.225599997149 0.543979991996 0.0236627658645 0.0157751782835
0 0.808999984323 0.541819991901 0.0300850473708 0.02005669957
0 0.712599986442 0.556219992534 0.0941677723058 0.0627785190111
0 0.915599981979 0.569599993122 0.0401221686163 0.026748114175
0 0.32379999499 0.543959991995 0.0231980742488 0.0154653838526
0 0.181799998112 0.560699992731 0.0237544774097 0.0158363193177
0 0.165999998459 0.541819991901 0.0264443859343 0.0176295917857
0 0.18599999802 0.58069999361 0.0243024712057 0.016201648539
0 0.0622000007416 0.60753999479 0.0213193231774 0.0142128830557
0 0.0250000015594 0.644119996399 0.0295198391101 0.019679894038
0 0.178399998187 0.612639995015 0.0233832781459 0.0155888531255
0 0.407999993139 0.518019990854 0.0288572800829 0.0192381879908
0 0.508399990932 0.532759991502 0.0624513081278 0.0416342081646
0 0.310199995289 0.542599991935 0.0703883636022 0.0469255788298
0 0.269999996173 0.564579992902 0.0338938961069 0.0225959322283
0 0.0156000017661 0.390999985269 0.0212294913726 0.0141529951819
0 0.0240000015814 0.379339984756 0.0376521897195 0.0251014614686
0 0.0836000002711 0.472019988832 0.022165602096 0.0147770690386
0 0.13139999922 0.487339989505 0.0256628096592 0.0171085409012
0 0.15779999864 0.459779988293 0.041882496042 0.0279216658696
0 0.0292000014671 0.46175998838 0.0353647435098 0.0235764972282
0 0.109199999708 0.307459981596 0.0401481881809 0.0267654605526
0 0.107199999752 0.333519982742 0.020321675689 0.0135477846862
0 0.102799999849 0.363759984071 0.0325112975696 0.0216741998093
0 0.233799996969 0.340479983048 0.0359664583079 0.0239776404534
0 0.25739999645 0.319959982145 0.0432366016721 0.0288244030158
0 0.0170000017353 0.437739987324 0.0247855644907 0.0165237107503
0 0.472199991728 0.478259989106 0.0207525319774 0.0138350222307
0 0.424999992765 0.44809998778 0.0776157676055 0.0517438484832
0 0.493599991257 0.414879986319 0.0255533889807 0.0170355937774
0 0.646599987893 0.394179985409 0.0404234217502 0.0269489496109
0 0.504599991015 0.379919984782 0.0247056260564 0.0164704184573
0 0.580599989344 0.376379984626 0.0212859825185 0.0141906559483
0 0.55079999 0.347739983367 0.0727892867724 0.0485261943822
0 0.384399993658 0.36235998401 0.0360705365663 0.0240470259636
0 0.677999987203 0.310899981747 0.0300444845514 0.0200296576887
0 0.715799986372 0.323999982323 0.0319714163376 0.0213142789642
0 0.622999988412 0.322759982269 0.0251348004718 0.0167565347531
0 0.0224000016166 0.234659978395 0.0245276443199 0.0163517639584
0 0.304799995408 0.37713998466 0.0276479144643 0.0184319441919
0 0.386999993601 0.380819984821 0.0253456281987 0.0168970865803
0 0.36699999404 0.307399981593 0.0289869821711 0.0193246560553
0 0.204399997615 0.276659980242 0.021069317703 0.0140462127285
0 0.171399998341 0.412259986204 0.100422657982 0.0669484430703
0 0.298199995553 0.398899985616 0.0361572024925 0.0241048032515
0 0.907199982164 0.390199985234 0.0228533892181 0.015235593817
0 0.863199983131 0.503839990231 0.0269639857567 0.0179759916901
0 0.846599983496 0.48993998962 0.0292621168067 0.0195080791578
0 0.942599981386 0.47561998899 0.0437524420136 0.0291682965996
0 0.727199986121 0.507359990386 0.0635597613666 0.0423731770392
0 0.460599991983 0.501839990143 0.0251870374684 0.0167913594198
0 0.933799981579 0.530079991385 0.0479878928888 0.0319919307026
0 0.845799983514 0.390179985233 0.0710101619426 0.0473401110841
0 0.829799983866 0.438259987347 0.120320204875 0.0802134752069
0 0.810599984288 0.354719983674 0.0455823198345 0.0303882152273
0 0.312199995245 0.472859988869 0.0222381205023 0.014825414646
0 0.367199994036 0.486619989474 0.0400213551702 0.0266809052065
0 0.873599982903 0.2961799811 0.0212518503901 0.0141679011945
0 0.61079998868 0.263159979648 0.0323562684528 0.0215708470579
0 0.660999987577 0.227779978092 0.0206004708717 0.0137336481536
0 0.691999986895 0.209339977281 0.0288365040047 0.0192243372711
0 0.706599986574 0.19519997666 0.0257479915798 0.017165328852
0 0.827999983905 0.207119977184 0.0254549499435 0.0169699677483
0 0.911599982067 0.172899975679 0.0347633255127 0.0231755518704
0 0.915999981971 0.278259980312 0.037611330099 0.0250742217198
0 0.956999981069 0.263019979642 0.0404028435394 0.0269352308028
0 0.797399984578 0.253379979218 0.0272334811711 0.0181556553115
0 0.381399993724 0.215579977556 0.0438937193454 0.0292624814936
0 0.503599991037 0.205959977133 0.0429842217888 0.0286561497492
0 0.620199988474 0.145259974464 0.0254743409498 0.0169828950867
0 0.798999984543 0.134519973992 0.0365918182617 0.0243945471168
0 0.730999986038 0.1165199732 0.0355872454139 0.0237248318407
0 0.701599986684 0.181699976066 0.102691207854 0.0684608097513
0 0.385799993627 0.244399978823 0.113047588168 0.0753650637493
0 0.393199993464 0.192319976533 0.0262166405438 0.0174777615153
0 0.277999995997 0.200399976888 0.0274048343494 0.0182698907712
0 0.171799998332 0.218659977691 0.0249072529487 0.0166048363943
0 0.833999983773 0.233479978343 0.022172329588 0.0147815540336
0 0.249799996617 0.240439978649 0.0206312392542 0.0137541604099
0 0.252599996556 0.164879975326 0.0447017109199 0.0298011425788
0 0.357199994256 0.164339975303 0.0282353828088 0.0188235897807
0 0.385399993636 0.147339974555 0.0507296426752 0.0338197640141
0 0.230799997035 0.135779974047 0.0301198720352 0.0200799160145
0 0.589999989138 0.131199973846 0.0296570601599 0.019771374744
0 0.619799988483 0.114939973131 0.0234603475027 0.0156402327
0 0.611599988663 0.097959972384 0.0230162340977 0.0153441570772
0 0.699599986728 0.103219972615 0.0326620725371 0.0217747164609
0 0.676599987234 0.0874599719223 0.0278758577223 0.0185839063739
0 0.0944000000336 0.110779972948 0.0384402956192 0.0256268654364
0 0.0158000017617 0.0174799688452 0.0468477808642 0.0312318559694
0 0.218199997312 0.0177799688584 0.0351724163858 0.0234482791371
0 0.417999992919 0.0461999701081 0.0366158591522 0.0244105743781
0 0.320999995052 0.050859970313 0.039765908342 0.0265106073099
0 0.491399991305 0.0221399690501 0.02950034917 0.0196669007438
0 0.554199989925 0.0383199697616 0.0198629200956 0.0132419476038
