0 0.170000020357 0.32008000501 0.170851595672 0.113901063781
0 0.0980000219398 0.378920003716 0.103256126124 0.0688374174159
0 0.420000014861 0.0805000102773 0.193107723577 0.128738482385
0 0.642400009971 0.0666400105821 0.0979364604169 0.0652909736113
0 0.359800016184 0.224680007108 0.105684948759 0.0704566325062
0 0.400200015296 0.203700007569 0.209400127308 0.139600084872
0 0.387400015577 0.386260003555 0.132224906404 0.0881499376025
0 0.678200009184 0.410480003023 0.321950086359 0.214633390906
0 0.783600006867 0.135720009063 0.100736284473 0.0671575229821
0 0.752600007548 0.901279992232 0.235669006581 0.157112671054
0 0.625400010345 0.948619991191 0.0993383511193 0.0662255674129
0 0.256800018448 0.736179995862 0.558304703566 0.372203135711
0 0.0380000232589 0.881919992658 0.0496265351297 0.0330843567531
0 0.0274000234919 0.860419993131 0.0238398587701 0.0158932391801
0 0.0904000221068 0.920439991811 0.0532083312475 0.0354722208317
0 0.0630000227092 0.921199991794 0.0329186098072 0.0219457398715
0 0.0536000229159 0.956759991013 0.0341632948409 0.0227755298939
0 0.0174000237118 0.931999991557 0.0350309434972 0.0233539623315
0 0.12120002143 0.884439992603 0.0199686815441 0.0133124543627
0 0.192400019864 0.901059992237 0.0232230070744 0.0154820047162
0 0.128600021267 0.939479991392 0.0452247764049 0.0301498509366
0 0.407600015133 0.969479990733 0.0206378691736 0.0137585794491
0 0.459400013994 0.966319990802 0.0652271943448 0.0434847962299
0 0.463400013906 0.916759991892 0.0379365276918 0.0252910184612
0 0.406600015155 0.94641999124 0.0954683610978 0.0636455740652
0 0.370400015951 0.910539992029 0.0213567215267 0.0142378143512
0 0.423400014786 0.885399992581 0.0246715944889 0.0164477296593
0 0.486000013409 0.861179993114 0.0236564356677 0.0157709571118
0 0.46780001381 0.853679993279 0.0304184559653 0.0202789706435
0 0.532600012385 0.844559993479 0.0225803336797 0.0150535557864
0 0.515600012759 0.821739993981 0.0274605358369 0.0183070238912
0 0.52600001253 0.869599992929 0.034246794894 0.022831196596
0 0.565800011655 0.870959992899 0.0490765626234 0.0327177084156
0 0.569600011572 0.89955999227 0.0462003617412 0.0308002411608
0 0.545400012104 0.887539992534 0.023534945069 0.0156899633794
0 0.525400012543 0.884759992595 0.0202002853644 0.0134668569096
0 0.550400011994 0.956659991015 0.0222855112172 0.0148570074781
0 0.395800015393 0.834019993711 0.0399882150162 0.0266588100108
0 0.378600015771 0.848339993396 0.0458087821082 0.0305391880721
0 0.382400015687 0.811039994216 0.0227405073598 0.0151603382399
0 0.875200004853 0.975199990607 0.0263874018602 0.0175916012402
0 0.641200009997 0.876659992774 0.215479603925 0.143653069283
0 0.597800010952 0.818439994054 0.0216235457486 0.0144156971658
0 0.705400008586 0.798039994502 0.0695298214899 0.0463532143266
0 0.839600005635 0.974359990626 0.0344940302409 0.0229960201606
0 0.9322000036 0.923619991741 0.0355444094637 0.0236962729758
0 0.983000002483 0.965719990816 0.0222006260921 0.0148004173947
0 0.969800002773 0.991379990251 0.022371187812 0.014914125208
0 0.951600003173 0.587679999127 0.0201387485954 0.0134258323969
0 0.916200003951 0.830079993798 0.0257904358406 0.0171936238937
0 0.975000002659 0.823539993941 0.0533770132268 0.0355846754846
0 0.899400004321 0.691199996851 0.0263274480306 0.0175516320204
0 0.913800004004 0.703699996576 0.0415645258533 0.0277096839022
0 0.883400004673 0.694539996778 0.0255246009558 0.0170164006372
0 0.87440000487 0.672999997251 0.0291725837271 0.0194483891514
0 0.80620000637 0.820879994 0.0292498509564 0.0194999006376
0 0.939400003441 0.755619995435 0.0226365280282 0.0150910186855
0 0.925600003745 0.616219998499 0.129316255264 0.0862108368427
0 0.845200005512 0.624119998326 0.0822295463949 0.0548196975966
0 0.872400004914 0.576659999369 0.0219145097963 0.0146096731975
0 0.842400005574 0.562559999679 0.0543987016731 0.0362658011154
0 0.765000007276 0.571799999476 0.106818729101 0.0712124860677
0 0.888600004558 0.561919999693 0.0423306685208 0.0282204456805
0 0.926000003736 0.553399999881 0.0780011195339 0.0520007463559
0 0.617200010525 0.713599996358 0.0958491569562 0.0638994379708
0 0.664400009487 0.722019996173 0.0308589088522 0.0205726059014
0 0.688000008968 0.775119995006 0.027764064466 0.0185093763107
0 0.553600011923 0.767819995166 0.101353630838 0.067569087225
0 0.511600012847 0.679019997119 0.0592073747564 0.0394715831709
0 0.490200013317 0.679099997117 0.0201501259723 0.0134334173149
0 0.583400011268 0.67351999724 0.0228929642103 0.0152619761402
0 0.588000011167 0.687219996938 0.0467667572438 0.0311778381625
0 0.536400012301 0.723619996138 0.0400845764519 0.0267230509679
0 0.509200012899 0.728699996026 0.039865537213 0.0265770248087
0 0.517200012724 0.706419996516 0.0257720341701 0.0171813561134
0 0.498200013141 0.75671999541 0.0509133659247 0.0339422439498
0 0.455600014078 0.691659996841 0.0802525540232 0.0535017026822
0 0.412800015019 0.677659997149 0.0345887098035 0.023059139869
0 0.504800012996 0.624699998313 0.0479435737508 0.0319623825006
0 0.378800015766 0.598839998882 0.0337633058423 0.0225088705615
0 0.589800011127 0.62481999831 0.0274244250319 0.0182829500213
0 0.551600011967 0.600579998843 0.0826812777249 0.0551208518166
0 0.654400009707 0.616759998488 0.168235788321 0.112157192214
0 0.619400010477 0.556179999819 0.0270654935239 0.0180436623493
0 0.186400019996 0.706459996515 0.0484108376737 0.0322738917825
0 0.345600016496 0.599099998876 0.037383982909 0.0249226552727
0 0.322200017011 0.641919997934 0.0213364401157 0.0142242934105
0 0.155200020682 0.62119999839 0.0295209293279 0.0196806195519
0 0.10480002179 0.730739995982 0.0209176537118 0.0139451024745
0 0.102600021839 0.770059995117 0.0492439584645 0.032829305643
0 0.0584000228104 0.627779998245 0.0263084527579 0.0175389685052
0 0.0632000227048 0.596039998943 0.029465526449 0.0196436842994
0 0.0624000227224 0.536440000253 0.0796025595339 0.0530683730226
0 0.0318000233952 0.513160000765 0.0284440358702 0.0189626905801
0 0.045000023105 0.485100001382 0.0321050778915 0.021403385261
0 0.0676000226081 0.476940001562 0.0365950854876 0.0243967236584
0 0.100600021883 0.517240000675 0.022720819551 0.015147213034
0 0.143400020942 0.522560000559 0.0369109808308 0.0246073205539
0 0.202400019644 0.581459999264 0.0253056606506 0.0168704404338
0 0.240400018809 0.530520000384 0.049082201845 0.0327214678966
0 0.172400020304 0.486280001356 0.0261654935437 0.0174436623625
0 0.0142000237821 0.395740003347 0.0206438051964 0.0137625367976
0 0.111600021641 0.44700000222 0.0346370883888 0.0230913922592
0 0.100400021887 0.4615400019 0.0244967786194 0.0163311857463
0 0.139000021038 0.416300002895 0.0262841150647 0.0175227433764
0 0.137800021065 0.442740002313 0.0210573481135 0.0140382320757
0 0.140200021012 0.492660001216 0.0203522475464 0.0135681650309
0 0.114000021588 0.484020001406 0.0223994828537 0.0149329885691
0 0.169200020374 0.448100002196 0.0435715940734 0.0290477293823
0 0.164000020489 0.46698000178 0.0372641741835 0.024842782789
0 0.241800018778 0.462400001881 0.0364638993852 0.0243092662568
0 0.2408000188 0.419380002827 0.020062569637 0.0133750464246
0 0.134000021148 0.472540001658 0.0322141028424 0.0214760685616
0 0.216600019332 0.483700001413 0.023638429732 0.0157589531547
0 0.163600020498 0.509800000839 0.0493480367297 0.0328986911532
0 0.274200018066 0.521860000574 0.0235115967129 0.0156743978086
0 0.275200018044 0.540380000167 0.0255294487077 0.0170196324718
0 0.202800019636 0.474400001617 0.0498792118307 0.0332528078872
0 0.345000016509 0.517520000669 0.0441966572673 0.0294644381782
0 0.320600017046 0.521040000592 0.0248209843944 0.0165473229296
0 0.409800015085 0.524200000522 0.0288980426757 0.0192653617838
0 0.420800014843 0.544660000073 0.0211211603579 0.0140807735719
0 0.25220001855 0.482240001445 0.0298861925935 0.0199241283956
0 0.347400016457 0.484420001397 0.0213833346953 0.0142555564635
0 0.363400016105 0.471660001678 0.0409861593715 0.0273241062477
0 0.349000016421 0.422640002755 0.022986258701 0.0153241724673
0 0.315200017165 0.439680002381 0.0578098371373 0.0385398914249
0 0.427400014698 0.431460002561 0.0648408581985 0.043227238799
0 0.487600013374 0.444580002273 0.032620621466 0.0217470809773
0 0.50600001297 0.422100002767 0.0205277559519 0.0136851706346
0 0.552600011945 0.452160002106 0.0226323728123 0.0150882485415
0 0.529600012451 0.514020000746 0.0226319770775 0.0150879847183
0 0.488400013357 0.512760000774 0.0413046269912 0.0275364179941
0 0.559000011805 0.535760000268 0.0728245119748 0.0485496746499
0 0.585000011233 0.486480001352 0.0240697807174 0.0160465204783
0 0.580200011338 0.425400002695 0.0266788605765 0.017785907051
0 0.713800008401 0.504820000949 0.0247995157788 0.0165330105192
0 0.758200007425 0.535960000264 0.0207555013575 0.013837000905
0 0.70520000859 0.572159999468 0.0264329113679 0.0176219409119
0 0.5410000122 0.499020001076 0.0371106290621 0.0247404193747
0 0.863600005108 0.465780001807 0.0268069797338 0.0178713198225
0 0.748400007641 0.469800001718 0.029466218985 0.01964414599
0 0.834800005741 0.506460000912 0.0880599079244 0.0587066052829
0 0.878000004791 0.524580000514 0.0703279197466 0.046885279831
0 0.851000005385 0.431460002561 0.0438413863067 0.0292275908711
0 0.753000007539 0.430280002587 0.0233454870101 0.0155636580067
0 0.81800000611 0.390240003468 0.021372451987 0.0142483013246
0 0.903400004233 0.401400003222 0.0687161906405 0.0458107937603
0 0.931600003613 0.456400002013 0.0712273261245 0.047484884083
0 0.956000003076 0.428300002631 0.0327484438222 0.0218322958814
0 0.964200002896 0.480980001473 0.0276988671496 0.0184659114331
0 0.949400003222 0.386840003542 0.0206166973592 0.0137444649061
0 0.957600003041 0.36694000398 0.0269679448836 0.0179786299224
0 0.922400003815 0.350200004348 0.0561699119233 0.0374466079488
0 0.893400004453 0.252180006503 0.096151399447 0.0641009329647
0 0.963000002922 0.288340005708 0.100835218185 0.0672234787903
0 0.888800004554 0.180420008081 0.0199653177978 0.0133102118652
0 0.918200003907 0.209660007438 0.0239957783006 0.0159971855338
0 0.859200005205 0.221640007174 0.0396105850366 0.0264070566911
0 0.91080000407 0.28686000574 0.047045849246 0.0313638994973
0 0.895200004413 0.302240005402 0.0428883578567 0.0285922385711
0 0.833800005763 0.316500005089 0.0316836202774 0.0211224135182
0 0.809400006299 0.294740005567 0.0547373517701 0.0364915678467
0 0.821400006036 0.344720004468 0.0204170491279 0.0136113660853
0 0.779200006963 0.345860004443 0.0312477183413 0.0208318122275
0 0.760400007377 0.248360006587 0.0393031979927 0.0262021319951
0 0.719800008269 0.255560006429 0.0216944812203 0.0144629874802
0 0.832800005785 0.2341000069 0.0224936677477 0.0149957784985
0 0.709800008489 0.301860005411 0.0617146518256 0.041143101217
0 0.66020000958 0.299280005467 0.0216587661502 0.0144391774335
0 0.659600009593 0.282200005843 0.020047432779 0.013364955186
0 0.642800009962 0.285840005763 0.0208589860205 0.0139059906803
0 0.786800006796 0.257180006393 0.0198872590989 0.0132581727326
0 0.809000006308 0.248340006587 0.0198547099076 0.0132364732717
0 0.627800010292 0.247700006601 0.0230914252371 0.0153942834914
0 0.58240001129 0.266200006195 0.0590332514228 0.0393555009485
0 0.554800011897 0.254480006452 0.0458073970362 0.0305382646908
0 0.581200011316 0.215600007307 0.0240002303177 0.0160001535451
0 0.535400012323 0.226000007078 0.0372368684789 0.0248245789859
0 0.798800006532 0.369920003914 0.035844079678 0.0238960531187
0 0.783600006867 0.386200003556 0.0924700760147 0.0616467173432
0 0.810400006277 0.421160002788 0.0294815537104 0.0196543691403
0 0.85120000538 0.400260003247 0.0360323505324 0.0240215670216
0 0.892200004479 0.210340007423 0.0257598653235 0.017173243549
0 0.696000008793 0.188280007908 0.027287203973 0.0181914693153
0 0.700000008705 0.162980008464 0.0402471245411 0.0268314163607
0 0.554600011901 0.197560007704 0.0252190936524 0.0168127291016
0 0.506600012957 0.188540007902 0.0290617779694 0.0193745186463
0 0.509000012904 0.205560007528 0.0267358463947 0.0178238975965
0 0.504800012996 0.227400007048 0.0374652074867 0.0249768049912
0 0.454200014109 0.278440005926 0.0478230724893 0.0318820483262
0 0.414200014988 0.290040005671 0.0314906995385 0.0209937996923
0 0.294200017626 0.219380007224 0.028771407524 0.0191809383493
0 0.287400017776 0.162760008469 0.023599944518 0.0157332963453
0 0.277800017987 0.169840008313 0.0257252385242 0.0171501590162
0 0.257400018435 0.176220008173 0.0403230066984 0.0268820044656
0 0.677800009193 0.320460005002 0.0228371655966 0.0152247770644
0 0.511600012847 0.381680003656 0.0481805199916 0.0321203466611
0 0.47960001355 0.356560004208 0.0277027255644 0.0184684837096
0 0.455400014082 0.359260004149 0.0253648230106 0.016909882007
0 0.521400012631 0.260020006331 0.0251781350956 0.016785423397
0 0.520000012662 0.27780000594 0.0272581174616 0.0181720783077
0 0.544600012121 0.350080004351 0.019987281082 0.0133248540546
0 0.229800019042 0.395780003346 0.0213917440609 0.0142611627072
0 0.192000019873 0.370480003902 0.0300154989554 0.0200103326369
0 0.261200018352 0.229860006994 0.0258574139638 0.0172382759759
0 0.108600021707 0.222800007149 0.0278284703127 0.0185523135418
0 0.0930000220497 0.231520006957 0.0257154440867 0.0171436293911
0 0.0590000227972 0.231200006964 0.034465438398 0.022976958932
0 0.0736000224762 0.276920005959 0.0428150479759 0.0285433653173
0 0.0692000225729 0.294940005563 0.0220433214896 0.0146955476598
0 0.0584000228104 0.306540005308 0.0203164335426 0.0135442890284
0 0.0590000227972 0.323140004943 0.0263178514605 0.017545234307
0 0.045000023105 0.339140004591 0.0242351978842 0.0161567985895
0 0.0404000232061 0.359480004144 0.0277996806024 0.0185331204016
0 0.180600020124 0.405180003139 0.0314518185896 0.0209678790597
0 0.0342000233424 0.138200009009 0.0274129487213 0.0182752991475
0 0.0382000232545 0.156200008613 0.0363399354438 0.0242266236292
0 0.0686000225861 0.158500008562 0.0325525550719 0.0217017033813
0 0.112600021619 0.172040008265 0.0242839722044 0.0161893148029
0 0.139200021034 0.157640008581 0.0480031318456 0.0320020878971
0 0.0952000220013 0.118640009439 0.0380504003946 0.0253669335964
0 0.0744000224586 0.11358000955 0.0220813120351 0.0147208746901
0 0.245600018695 0.0508200109299 0.0400728033402 0.0267152022268
0 0.274400018062 0.0901200100658 0.0342420460758 0.0228280307172
0 0.254600018497 0.102120009802 0.0215442009114 0.0143628006076
0 0.28400001785 0.113300009556 0.02577549685 0.0171836645667
0 0.19440001982 0.0817600102496 0.071500482104 0.0476669880693
0 0.139200021034 0.0920200100241 0.0249407931199 0.0166271954133
0 0.115600021553 0.0980800098908 0.0291346921153 0.0194231280769
0 0.150400020788 0.084380010192 0.0431651743835 0.0287767829224
0 0.165200020462 0.115300009512 0.058555302659 0.0390368684393
0 0.247800018646 0.137500009024 0.0945145411781 0.0630096941187
0 0.218200019297 0.18452000799 0.0660916771223 0.0440611180815
0 0.261600018343 0.202340007599 0.0623341747316 0.0415561164877
0 0.41320001501 0.135760009062 0.0216442228945 0.0144294819297
0 0.539000012244 0.0914800100359 0.0334033849972 0.0222689233315
0 0.601200010877 0.109720009635 0.0227410020283 0.0151606680189
0 0.61880001049 0.0985000098816 0.0282094640385 0.018806309359
0 0.574600011462 0.0682600105464 0.0908173883518 0.0605449255679
0 0.519000012684 0.149160008768 0.149755960212 0.099837306808
0 0.686800008995 0.0908600100496 0.0348024066219 0.0232016044146
0 0.62880001027 0.134740009085 0.110857203235 0.0739048021566
0 0.794200006634 0.0637200106463 0.0597562589918 0.0398375059946
0 0.636800010094 0.17000000831 0.0347744083813 0.0231829389209
0 0.200400019688 0.52840000043 0.0848878952427 0.0565919301618
0 0.099400021909 0.289340005686 0.0306191924674 0.0204127949783
0 0.0846000222344 0.348260004391 0.0744749241624 0.0496499494416
0 0.0876000221684 0.164600008428 0.0328466849984 0.0218977899989
0 0.190200019913 0.140900008949 0.0758699884386 0.0505799922924
