0 0.671800009325 0.561079977726 0.457733638392 0.305155758928
0 0.759200007403 0.981139968491 0.0321068586983 0.0214045724655
0 0.712800008423 0.956019969044 0.0315223583264 0.021014905551
0 0.588800011149 0.976219968599 0.020254402105 0.0135029347367
0 0.651200009778 0.965219968841 0.0281926453074 0.0187950968716
0 0.806400006365 0.969119968756 0.0334919306696 0.0223279537798
0 0.876400004826 0.950839969157 0.0499864559748 0.0333243039832
0 0.802600006449 0.943619969316 0.0429343620329 0.0286229080219
0 0.534800012337 0.96755996879 0.0315010875783 0.0210007250522
0 0.265600018255 0.896959970342 0.0357295144393 0.0238196762929
0 0.480000013541 0.938179969436 0.0204932280863 0.0136621520576
0 0.449000014223 0.951899969134 0.0224501369144 0.0149667579429
0 0.343400016545 0.887599970548 0.0241303281493 0.0160868854328
0 0.225400019139 0.983899968431 0.0442948984436 0.0295299322957
0 0.664000009496 0.891339970466 0.0301776513097 0.0201184342065
0 0.71340000841 0.891419970464 0.0213944152711 0.0142629435141
0 0.555400011884 0.839619971603 0.0247366928716 0.016491128581
0 0.450000014201 0.843939971508 0.0301679558059 0.0201119705373
0 0.301600017464 0.833979971727 0.0232642624324 0.0155095082882
0 0.345000016509 0.840499971583 0.0377888196595 0.0251925464396
0 0.404800015195 0.841659971558 0.0274032532175 0.0182688354783
0 0.38320001567 0.824199971942 0.0281768159134 0.0187845439423
0 0.852800005345 0.920079969834 0.0448915676621 0.0299277117747
0 0.65380000972 0.835319971697 0.0247326365894 0.0164884243929
0 0.626600010318 0.770839973115 0.0396748919495 0.0264499279664
0 0.697800008753 0.769879973136 0.0326009336572 0.0217339557715
0 0.773800007082 0.780719972898 0.0360568860931 0.024037924062
0 0.827800005895 0.785359972796 0.029544277684 0.0196961851227
0 0.884200004655 0.789679972701 0.0397858955747 0.0265239303831
0 0.966200002852 0.797159972536 0.0493012410838 0.0328674940559
0 0.890000004527 0.773539973055 0.0328610303867 0.0219073535911
0 0.982600002492 0.729259974029 0.0254854232058 0.0169902821372
0 0.653200009734 0.720659974218 0.0231744306216 0.0154496204144
0 0.756200007469 0.717419974289 0.0349187526675 0.023279168445
0 0.755800007478 0.67869997514 0.0239683736623 0.0159789157749
0 0.527000012508 0.68417997502 0.0414530275596 0.0276353517064
0 0.95220000316 0.683779975029 0.0469772881834 0.0313181921223
0 0.879000004769 0.675899975202 0.0322577326095 0.021505155073
0 0.925000003758 0.706979974519 0.0529269637699 0.0352846425133
0 0.987400002386 0.716979974299 0.0242429147138 0.0161619431425
0 0.836000005715 0.71419997436 0.0228589310133 0.0152392873422
0 0.807000006352 0.709519974463 0.0214795971973 0.0143197314649
0 0.593600011044 0.703859974587 0.0434533682873 0.0289689121915
0 0.512600012825 0.717659974284 0.041810771863 0.0278738479087
0 0.482600013484 0.728059974055 0.0580158171262 0.0386772114175
0 0.319600017068 0.750839973554 0.025459898308 0.0169732655387
0 0.367000016026 0.761779973314 0.0270484769254 0.0180323179503
0 0.334800016734 0.769719973139 0.0423691537349 0.0282461024899
0 0.330200016835 0.72285997417 0.0378768706634 0.0252512471089
0 0.864600005086 0.985979968385 0.0226391992384 0.0150927994923
0 0.910200004083 0.634039976122 0.055285048801 0.0368566992007
0 0.962000002944 0.638319976028 0.0396072212904 0.0264048141936
0 0.616200010547 0.656219975635 0.0275864784525 0.018390985635
0 0.457800014029 0.647459975827 0.0288535225051 0.0192356816701
0 0.50600001297 0.653359975698 0.0301694398116 0.0201129598744
0 0.416600014935 0.675879975202 0.0498955358932 0.0332636905955
0 0.192200019869 0.647899975818 0.0491731219265 0.0327820812843
0 0.749000007627 0.631079976187 0.0246033302275 0.0164022201516
0 0.792000006682 0.603899976785 0.0475236001424 0.0316824000949
0 0.797800006554 0.583979977223 0.0234634159951 0.0156422773301
0 0.765800007258 0.572699977471 0.0240895674598 0.0160597116399
0 0.742600007768 0.583919977224 0.0321228859597 0.0214152573065
0 0.653200009734 0.612799976589 0.0241887979732 0.0161258653155
0 0.199600019706 0.673239975261 0.0341672521894 0.0227781681262
0 0.179800020141 0.52725997847 0.019831163684 0.0132207757894
0 0.229400019051 0.525819978502 0.0300365718361 0.020024381224
0 0.263000018312 0.551019977948 0.0269004720919 0.0179336480613
0 0.29220001767 0.500759979053 0.0276242711306 0.0184161807537
0 0.410400015072 0.468379979764 0.0490731988771 0.0327154659181
0 0.246000018686 0.452699980109 0.0276695827708 0.0184463885139
0 0.229200019055 0.434399980511 0.0224570622742 0.0149713748495
0 0.197000019763 0.466179979813 0.0286055946223 0.0190703964149
0 0.170400020348 0.490579979276 0.0260639875549 0.0173759917033
0 0.380400015731 0.42765998066 0.045625952608 0.0304173017387
0 0.271200018132 0.578919977334 0.0351829056792 0.0234552704528
0 0.597800010952 0.434279980514 0.0381180710538 0.0254120473692
0 0.58740001118 0.446419980247 0.0367410127132 0.0244940084755
0 0.568400011598 0.459639979957 0.0357056714146 0.0238037809431
0 0.665600009461 0.428979980631 0.0315870609742 0.0210580406495
0 0.627200010305 0.419239980845 0.0209435743444 0.0139623828963
0 0.579600011352 0.417299980887 0.0283954594175 0.0189303062783
0 0.55420001191 0.407339981106 0.0258059684334 0.0172039789556
0 0.151600020761 0.386739981559 0.0347474984116 0.0231649989411
0 0.113400021601 0.422839980766 0.0494021534703 0.0329347689802
0 0.0936000220365 0.444779980283 0.0457512026877 0.0305008017918
0 0.322200017011 0.405259981152 0.0518536319258 0.0345690879506
0 0.227000019104 0.377579981761 0.0227171590037 0.0151447726691
0 0.671400009333 0.405659981143 0.0446488832659 0.0297659221773
0 0.613600010604 0.363559982069 0.0435064956907 0.0290043304605
0 0.553800011919 0.351619982331 0.0454095845793 0.0302730563862
0 0.491800013282 0.348779982394 0.0451876762628 0.0301251175085
0 0.645000009914 0.339079982607 0.0427577653565 0.0285051769044
0 0.728600008076 0.341999982543 0.0206257992607 0.0137505328405
0 0.719400008278 0.353359982293 0.0252158288399 0.01681055256
0 0.683200009074 0.360719982131 0.0243399686855 0.0162266457903
0 0.771400007135 0.384699981604 0.0437328560243 0.0291552373496
0 0.730000008045 0.392939981423 0.0328613271878 0.0219075514586
0 0.692400008872 0.387079981552 0.0446380005576 0.0297586670384
0 0.654200009712 0.377639981759 0.0465316907435 0.0310211271623
0 0.707000008551 0.327699982857 0.0281434752524 0.0187623168349
0 0.770200007161 0.3348599827 0.0357733420738 0.0238488947159
0 0.890200004523 0.380999981686 0.0276132894886 0.018408859659
0 0.854200005314 0.373459981851 0.0293932059054 0.0195954706036
0 0.750400007597 0.318219983066 0.0288813228783 0.0192542152522
0 0.730200008041 0.417979980872 0.0371864122857 0.0247909415238
0 0.785000006836 0.40853998108 0.0339949096626 0.0226632731084
0 0.823600005987 0.392239981438 0.0257000104276 0.0171333402851
0 0.727800008093 0.445159980275 0.0359631958676 0.0239754639117
0 0.985200002434 0.460959979928 0.0323190715111 0.021546047674
0 0.979800002553 0.401539981234 0.0240594916113 0.0160396610742
0 0.893400004453 0.397239981328 0.0425537640419 0.0283691760279
0 0.976600002623 0.375199981813 0.0211474767253 0.0140983178169
0 0.988800002355 0.384079981618 0.0256423320734 0.0170948880489
0 0.775800007038 0.457099980012 0.04057756314 0.02705170876
0 0.8958000044 0.447539980223 0.0440059130701 0.0293372753801
0 0.775800007038 0.437579980442 0.0302820263761 0.0201880175841
0 0.888600004558 0.421699980791 0.0258539512839 0.0172359675226
0 0.844600005526 0.43673998046 0.0203804436544 0.0135869624363
0 0.830800005829 0.427979980653 0.0366431672718 0.0244287781812
0 0.813400006211 0.369359981941 0.0240838293045 0.016055886203
0 0.859200005205 0.319299983042 0.0227385286855 0.0151590191237
0 0.91580000396 0.307399983304 0.0290081558974 0.0193387705982
0 0.914200003995 0.290759983669 0.0222112119993 0.0148074746662
0 0.967600002821 0.283759983823 0.0225704403084 0.0150469602056
0 0.935800003521 0.337659982638 0.0486291843766 0.0324194562511
0 0.905000004198 0.357559982201 0.0442361318185 0.0294907545457
0 0.881800004708 0.331319982778 0.0640132776957 0.0426755184638
0 0.98860000236 0.159119986564 0.0296311414833 0.0197540943222
0 0.892800004466 0.163759986462 0.0402079467911 0.0268052978607
0 0.921000003846 0.147099986828 0.0231552374815 0.0154368249876
0 0.964400002892 0.139679986991 0.0265092881937 0.0176728587958
0 0.924600003767 0.186019985972 0.0523731328488 0.0349154218992
0 0.968800002795 0.198979985687 0.0208554244068 0.0139036162712
0 0.94900000323 0.207899985491 0.0212823233751 0.0141882155834
0 0.948000003252 0.24707998463 0.0665163995489 0.044344266366
0 0.973400002694 0.272899984062 0.0373521262537 0.0249014175024
0 0.876800004818 0.245819984657 0.0337742874844 0.0225161916562
0 0.85120000538 0.177339986163 0.0233984165461 0.0155989443641
0 0.913400004013 0.213199985375 0.0198506536254 0.0132337690836
0 0.981200002522 0.228819985031 0.0331037147828 0.0220691431885
0 0.958800003015 0.218679985254 0.0378373961122 0.0252249307415
0 0.979000002571 0.0923799880309 0.02343423055 0.0156228203667
0 0.966400002848 0.0971599879258 0.0218037040386 0.0145358026924
0 0.909600004097 0.104359987768 0.0685566105627 0.0457044070418
0 0.862000005143 0.12335998735 0.0263424859549 0.0175616573033
0 0.821400006036 0.128719987232 0.0239435413006 0.015962360867
0 0.886400004607 0.143619986904 0.0263735511405 0.017582367427
0 0.817600006119 0.159939986546 0.0254956133781 0.0169970755854
0 0.773400007091 0.158519986577 0.0459103870307 0.0306069246871
0 0.771200007139 0.131259987176 0.0415808499158 0.0277205666105
0 0.766200007249 0.116899987492 0.0440068034735 0.0293378689823
0 0.77980000695 0.0964199879421 0.0205306250296 0.013687083353
0 0.702200008656 0.117079987488 0.0299701873152 0.0199801248768
0 0.681200009118 0.132499987149 0.0263634599019 0.0175756399346
0 0.707400008542 0.171199986298 0.021185071536 0.014123381024
0 0.729000008067 0.179699986111 0.0227910624867 0.0151940416578
0 0.84760000546 0.280539983894 0.0270442227758 0.0180294818505
0 0.859600005196 0.266239984209 0.0318812898344 0.0212541932229
0 0.794400006629 0.280159983902 0.0228363741269 0.015224249418
0 0.73840000786 0.308599983277 0.0407581171648 0.0271720781099
0 0.770600007152 0.291919983644 0.0279548086632 0.0186365391088
0 0.684600009043 0.319019983048 0.0243913152822 0.0162608768548
0 0.524800012556 0.328719982835 0.0299676150386 0.0199784100258
0 0.578000011387 0.322799982965 0.0331152900271 0.0220768600181
0 0.536400012301 0.280899983886 0.0403377478215 0.026891831881
0 0.584200011251 0.262739984285 0.0221873689747 0.0147915793164
0 0.688000008968 0.220579985212 0.0424964814225 0.028330987615
0 0.720200008261 0.210559985433 0.0236918539366 0.0157945692911
0 0.714800008379 0.199499985676 0.028460260999 0.0189735073327
0 0.761200007359 0.200619985651 0.0278986143146 0.0185990762098
0 0.792200006678 0.199859985668 0.0298936126219 0.0199290750813
0 0.636600010098 0.206979985511 0.0258363410831 0.0172242273887
0 0.642600009967 0.190279985879 0.0262825321253 0.0175216880835
0 0.668600009395 0.194879985777 0.0351250294575 0.023416686305
0 0.871600004932 0.19519998577 0.0462022414818 0.0308014943212
0 0.77980000695 0.182579986048 0.0203200940899 0.0135467293933
0 0.49600001319 0.220499985214 0.0343091231327 0.0228727487551
0 0.816600006141 0.303059983399 0.0541721434721 0.0361147623147
0 0.447400014258 0.286479983764 0.0315523352412 0.0210348901608
0 0.500400013093 0.293799983603 0.0451662076472 0.0301108050981
0 0.501400013071 0.142239986935 0.0235203028796 0.0156802019197
0 0.612800010622 0.143219986913 0.0199962840498 0.0133308560332
0 0.615800010556 0.171739986286 0.0270012855447 0.0180008570298
0 0.584200011251 0.140259986978 0.0279102884927 0.0186068589951
0 0.52920001246 0.190279985879 0.0245529729679 0.0163686486453
0 0.494400013225 0.192679985826 0.0365738147395 0.0243825431597
0 0.362800016118 0.21521998533 0.0248431455459 0.0165620970306
0 0.323200016989 0.237699984836 0.0321098267097 0.0214065511398
0 0.326000016927 0.216819985295 0.0320752988441 0.0213835325627
0 0.291800017679 0.208179985485 0.0254917549634 0.0169945033089
0 0.303200017428 0.17793998615 0.0223316143271 0.0148877428847
0 0.360400016171 0.197639985717 0.025764515208 0.017176343472
0 0.392200015472 0.188799985911 0.0250738589629 0.0167159059752
0 0.435200014526 0.220859985206 0.0302330541886 0.020155369459
0 0.389800015524 0.238759984813 0.0351317569499 0.0234211713
0 0.357000016246 0.250299984559 0.0262584912332 0.0175056608221
0 0.429000014663 0.201719985627 0.0522216653353 0.0348144435569
0 0.524000012574 0.224699985122 0.0223459597154 0.0148973064769
0 0.411800015041 0.156019986632 0.0384106180409 0.0256070786939
0 0.506600012957 0.173039986258 0.0329385944171 0.0219590629447
0 0.496600013176 0.246679984639 0.052060898053 0.0347072653686
0 0.32540001694 0.346159982451 0.0206628994028 0.0137752662685
0 0.348800016426 0.353099982299 0.0350466739574 0.0233644493049
0 0.442400014368 0.323239982955 0.0280867862353 0.0187245241569
0 0.357000016246 0.300639983452 0.0392497737881 0.0261665158587
0 0.37500001585 0.276859983975 0.0297539182202 0.0198359454801
0 0.120600021443 0.268759984153 0.0317411996979 0.0211607997986
0 0.128800021263 0.302639983408 0.0215503348016 0.0143668898677
0 0.0668000226257 0.305839983338 0.0240105194238 0.0160070129492
0 0.307000017345 0.316539983103 0.0243764752253 0.0162509834835
0 0.248600018629 0.344239982494 0.0330120032316 0.0220080021544
0 0.308800017305 0.331159982781 0.0383338454802 0.0255558969868
0 0.369400015973 0.325879982897 0.0621396710533 0.0414264473689
0 0.30720001734 0.286279983768 0.0372937553634 0.0248625035756
0 0.284400017842 0.23705998485 0.0203789596487 0.0135859730991
0 0.265800018251 0.22203998518 0.0215994059228 0.0143996039486
0 0.134800021131 0.289859983689 0.0235243591618 0.0156829061079
0 0.157000020643 0.242819984723 0.0542491139002 0.0361660759335
0 0.19440001982 0.27437998403 0.0512885225615 0.0341923483744
0 0.276600018013 0.263379984271 0.0292528189677 0.0195018793118
0 0.260600018365 0.319799983031 0.0325262387045 0.0216841591363
0 0.185800020009 0.301379983436 0.0362041983906 0.0241361322604
0 0.238800018844 0.37077998191 0.0486145421872 0.0324096947915
0 0.268800018185 0.303559983388 0.0219469600539 0.0146313067026
0 0.0322000233864 0.172859986262 0.0369453108289 0.0246302072193
0 0.0574000228324 0.177539986159 0.0201341976446 0.0134227984298
0 0.0960000219837 0.170239986319 0.0297670764039 0.0198447176026
0 0.175800020229 0.166919986392 0.0331394298529 0.0220929532353
0 0.152000020753 0.199659985672 0.0229851704301 0.0153234469534
0 0.252800018536 0.201459985633 0.0239860827968 0.0159907218646
0 0.102200021847 0.227339985064 0.0337432222987 0.0224954815325
0 0.10980002168 0.208079985487 0.038317422484 0.0255449483226
0 0.0434000231402 0.201299985636 0.0468075179332 0.0312050119555
0 0.015800023747 0.132679987145 0.027545420962 0.0183636139746
0 0.0330000233688 0.159959986545 0.0259781130927 0.0173187420618
0 0.130600021223 0.145939986853 0.0327943490647 0.0218628993764
0 0.173200020286 0.132999987138 0.0258655265282 0.0172436843521
0 0.186400019996 0.119139987443 0.0330199179285 0.022013278619
0 0.0920000220717 0.0917599880445 0.020213839283 0.0134758928553
0 0.0296000234436 0.110459987633 0.0229606348695 0.015307089913
0 0.110400021667 0.0745599884227 0.0295070786082 0.0196713857388
0 0.150200020792 0.105699987738 0.0300094639989 0.0200063093326
0 0.072200022507 0.241239984758 0.0221331533004 0.0147554355336
0 0.0820000222915 0.256099984431 0.0411654272581 0.0274436181721
0 0.0272000234963 0.254699984462 0.0215431126406 0.0143620750937
0 0.142200020968 0.0742599884293 0.0233964378719 0.0155976252479
0 0.06160002274 0.0486399889925 0.028522490304 0.019014993536
0 0.0860000222036 0.0483799889982 0.0227300203863 0.0151533469242
0 0.148600020827 0.032879989339 0.0504524337594 0.0336349558396
0 0.220600019244 0.0424399891288 0.0515236879955 0.0343491253303
0 0.161600020541 0.00703998990711 0.0205063862701 0.01367092418
0 0.272600018101 0.0723799884706 0.118435525592 0.0789570170615
0 0.220600019244 0.0929999880173 0.0336980095922 0.0224653397281
0 0.36680001603 0.00869998987062 0.0260724958542 0.0173816639028
0 0.450000014201 0.064399988646 0.0242296575964 0.0161531050642
0 0.5228000126 0.0342599893087 0.0269876326924 0.0179917551282
0 0.439000014443 0.0834399882274 0.0439601067613 0.0293067378409
0 0.490000013322 0.0820199882587 0.0214751451803 0.0143167634535
0 0.764600007284 0.0138599897572 0.0399374620218 0.0266249746812
0 0.722800008203 0.0211199895976 0.0246305369983 0.0164203579989
0 0.688200008964 0.0246999895189 0.0205714846527 0.0137143231018
0 0.697800008753 0.0408799891631 0.0278255023013 0.0185503348675
0 0.655600009681 0.0386999892111 0.0358636685531 0.0239091123687
0 0.581200011316 0.0369199892502 0.041639913342 0.027759942228
0 0.588200011163 0.0477199890128 0.0483201154596 0.0322134103064
0 0.329400016852 0.15929998656 0.0200612834987 0.0133741889991
0 0.344200016527 0.115199987529 0.0291239083407 0.0194159388938
0 0.390600015507 0.12609998729 0.0213732434567 0.0142488289711
0 0.37180001592 0.142799986922 0.0254760245031 0.0169840163354
0 0.35680001625 0.133959987117 0.0248575898679 0.0165717265786
0 0.51780001271 0.1256399873 0.02366662584 0.01577775056
0 0.403000015234 0.105479987743 0.042154566513 0.028103044342
0 0.457200014043 0.110119987641 0.0313687142713 0.0209124761809
0 0.45640001406 0.131859987163 0.0310289759035 0.0206859839357
0 0.489000013344 0.0992199878805 0.0218179504932 0.0145453003288
0 0.527200012504 0.0937799880001 0.0332988120633 0.0221992080422
0 0.554600011901 0.0729199884587 0.0563898415656 0.0375932277104
0 0.529800012447 0.114439987546 0.0246952396461 0.0164634930974
0 0.187200019979 0.260679984331 0.0568264360377 0.0378842906918
0 0.667200009426 0.0939599879962 0.0396493670518 0.0264329113679
0 0.623000010397 0.109339987658 0.0279447174245 0.0186298116164
0 0.623000010397 0.095739987957 0.024536451038 0.0163576340253
0 0.603000010837 0.0826599882446 0.0245451572047 0.0163634381365
0 0.640600010011 0.0792199883202 0.0217504777014 0.0145003184676
0 0.660400009575 0.068359988559 0.0257293937401 0.0171529291601
0 0.620400010455 0.067039988588 0.0230142569415 0.015342837961
0 0.697200008766 0.0605999887296 0.0344938323734 0.022995888249
0 0.741200007799 0.0363999892616 0.0266820264553 0.0177880176368
0 0.814200006194 0.0561399888276 0.0309820813239 0.0206547208826
0 0.826000005934 0.0825599882468 0.0211493564659 0.0140995709773
0 0.758600007416 0.0783799883387 0.041784653363 0.0278564355753
0 0.699000008727 0.0852599881874 0.0234449153909 0.0156299435939
0 0.561600011747 0.121779987385 0.0251668566524 0.0167779044349
0 0.603200010833 0.124319987329 0.0310180931952 0.0206787287968
0 0.588600011154 0.106579987719 0.0277468500001 0.0184979
0 0.903600004228 0.0714799884904 0.0456941179357 0.0304627452905
0 0.953000003142 0.059579988752 0.0280298004171 0.0186865336114
0 0.966400002848 0.0391799892005 0.0380135970537 0.0253423980358
0 0.98040000254 0.0221599895747 0.020950598638 0.0139670657587
0 0.979600002558 0.0129999897761 0.0218672194819 0.0145781463212
0 0.931000003626 0.0287999894287 0.0247122562446 0.0164748374964
0 0.0402000232105 0.024739989518 0.0260895124527 0.0173930083018
0 0.714800008379 0.793199972623 0.0408808939017 0.0272539292678
0 0.979600002558 0.558119977791 0.0226236666456 0.0150824444304
0 0.91580000396 0.553379977896 0.0627734404139 0.0418489602759
0 0.228000019082 0.0716599884864 0.0420633496304 0.0280422330869
