0 0.127599985734 0.316549981995 0.170391565149 0.113594376766
0 0.148999986675 0.290707980859 0.146545570915 0.097697047277
0 0.280599992462 0.361125983956 0.152664621421 0.101776414281
0 0.162999987291 0.494287989811 0.288327483273 0.192218322182
0 0.542400003973 0.764550001694 0.178244923744 0.118829949163
0 0.336999994942 0.610861994937 0.145883704337 0.0972558028913
0 0.521800003068 0.691493998482 0.414149408119 0.276099605413
0 0.789000014817 0.783122002511 0.158650111406 0.105766740937
0 0.82660001647 0.53862999176 0.309422130787 0.206281420525
0 0.025999981267 0.895542807454 0.0425580209985 0.028372013999
0 0.0309999814869 0.984509011366 0.0209171604229 0.0139447736152
0 0.0357999816979 0.975222410958 0.0230514575377 0.0153676383585
0 0.0559999825861 0.971943810814 0.0428257356415 0.0285504904276
0 0.0187999809504 0.90977620808 0.0201955378782 0.0134636919188
0 0.0375999817771 0.849605005434 0.0347578887439 0.0231719258293
0 0.0533999824718 0.810761003726 0.0287757625053 0.0191838416702
0 0.0819999837294 0.833710204735 0.0215836768862 0.0143891179241
0 0.134399986033 0.840245405023 0.0224038374147 0.0149358916098
0 0.144199986464 0.857767805793 0.0280127856662 0.0186751904441
0 0.151399986781 0.842847405137 0.0258593943436 0.0172395962291
0 0.1813999881 0.856893405755 0.0222792798628 0.0148528532419
0 0.194399988672 0.878329206697 0.0431930765392 0.0287953843595
0 0.230799990272 0.857142805766 0.0836305522098 0.0557537014732
0 0.0885999840196 0.847127005325 0.0241714861678 0.0161143241119
0 0.0681999831226 0.851125405501 0.0369274062626 0.0246182708417
0 0.0513999823839 0.862589606005 0.0330835344876 0.0220556896584
0 0.142999986412 0.897596407544 0.0286487316104 0.0190991544069
0 0.154999986939 0.906715007945 0.0240719588467 0.0160479725645
0 0.112999985092 0.945003209629 0.0260363867665 0.0173575911776
0 0.0817999837206 0.957747610189 0.0253497867583 0.0168998578388
0 0.105199984749 0.961134810338 0.0234182048332 0.0156121365554
0 0.152799986842 0.969859410722 0.0767804804564 0.051186986971
0 0.182199988135 0.798554003189 0.0228887115704 0.0152591410469
0 0.147799986623 0.787694002712 0.0473415652343 0.0315610434895
0 0.137599986174 0.769964001932 0.0227713761799 0.0151809174533
0 0.121199985453 0.779516002352 0.0363868324233 0.0242578882822
0 0.11179998504 0.789588002795 0.0356442359303 0.0237628239535
0 0.109399984934 0.766780001792 0.0212074319537 0.0141382879691
0 0.117999985312 0.756192001327 0.0322064870707 0.0214709913805
0 0.134599986042 0.752196001151 0.0260826877468 0.0173884584979
0 0.100399984538 0.748878001005 0.0207230524667 0.0138153683111
0 0.0953999843186 0.762560001607 0.0281868100775 0.0187912067183
0 0.0819999837294 0.742578000728 0.0391680571251 0.0261120380834
0 0.0507999823575 0.75239400116 0.0245212168636 0.0163474779091
0 0.0303999814605 0.770840001971 0.0537768079049 0.0358512052699
0 0.162799987282 0.817765804034 0.0594075215745 0.039605014383
0 0.180599988065 0.829175404536 0.0600617702566 0.0400411801711
0 0.203199989059 0.840561205037 0.0605203280431 0.0403468853621
0 0.239999990677 0.919712608517 0.0272128076163 0.0181418717442
0 0.21299998949 0.935231809199 0.0214388379219 0.0142925586146
0 0.187599988373 0.965107410513 0.0305188756961 0.0203459171307
0 0.189599988461 0.978848411117 0.0354483471671 0.0236322314448
0 0.214399989551 0.981239651222 0.0232097514877 0.0154731676585
0 0.242599990791 0.969532410707 0.0227053873895 0.0151369249263
0 0.300599993341 0.956827010149 0.0387855793684 0.0258570529123
0 0.254999991336 0.949791609839 0.023140003216 0.0154266688107
0 0.256399991398 0.96231101039 0.0211647915209 0.014109861014
0 0.333599994792 0.869644606315 0.0206238219467 0.0137492146312
0 0.316799994054 0.851271405507 0.0365269225691 0.0243512817127
0 0.288999992831 0.849121005413 0.0199860951956 0.0133240634637
0 0.265399991794 0.838949804966 0.0271868869819 0.0181245913213
0 0.322199994291 0.793774002979 0.0407721684411 0.0271814456274
0 0.244799990888 0.822751204253 0.0264146103733 0.0176097402489
0 0.434999999251 0.844405405206 0.0285163582947 0.0190109055298
0 0.405399997949 0.844375205204 0.0338571961683 0.0225714641122
0 0.402599997826 0.861315405949 0.0251427184849 0.0167618123233
0 0.393599997431 0.909705808077 0.0351324518031 0.0234216345354
0 0.35059999554 0.932103809062 0.0210758501078 0.0140505667385
0 0.333199994775 0.972062810819 0.0228306374774 0.015220424985
0 0.456400000192 0.979947611165 0.0238908112077 0.0159272074718
0 0.446199999743 0.938577409346 0.0323629012801 0.0215752675201
0 0.44339999962 0.935463809209 0.065968014333 0.043978676222
0 0.46000000035 0.818396604062 0.062519877433 0.0416799182887
0 0.451399999972 0.825658204381 0.0410712450729 0.0273808300486
0 0.410399998169 0.827120804446 0.0232693095864 0.0155128730576
0 0.492800001792 0.846604805302 0.0502147982946 0.0334765321964
0 0.511200002602 0.917245008408 0.0208183256378 0.0138788837586
0 0.618400007315 0.817918804041 0.0206820939071 0.0137880626047
0 0.603400006656 0.858195005812 0.0202029579071 0.0134686386048
0 0.642600008379 0.904939207867 0.0205186554037 0.0136791036025
0 0.541200003921 0.932465009078 0.037191460358 0.0247943069053
0 0.557800004651 0.957626010184 0.0411867996564 0.0274578664376
0 0.588200005987 0.989745751596 0.0218389258806 0.0145592839204
0 0.747600012996 0.989511291586 0.0258832373698 0.0172554915799
0 0.695400010701 0.929989208969 0.0616409502755 0.0410939668503
0 0.676000009848 0.9466198097 0.0475755434792 0.0317170289861
0 0.641800008344 0.952482809958 0.0535315512161 0.0356877008107
0 0.691200010516 0.897760207552 0.0283116644305 0.0188744429537
0 0.666800009443 0.900098607654 0.034523910499 0.0230159403327
0 0.63920000823 0.864553806092 0.0224743771562 0.0149829181041
0 0.609000006902 0.96344641044 0.0376770270497 0.0251180180331
0 0.593400006216 0.938013809322 0.0270228548762 0.0180152365842
0 0.602000006594 0.793166002953 0.0203593721165 0.0135729147443
0 0.67900000998 0.88454000697 0.024478180696 0.0163187871306
0 0.756000013366 0.872214406428 0.0252476871605 0.0168317914403
0 0.814200015925 0.845968405274 0.0252260206761 0.0168173471174
0 0.713600011501 0.829188204536 0.0251590425485 0.0167726950323
0 0.670800009619 0.829132404534 0.0210258885798 0.0140172590532
0 0.740200012671 0.784308002563 0.0405576801388 0.0270384534259
0 0.680800010059 0.756362001334 0.0270271090261 0.0180180726841
0 0.686600010314 0.771768002012 0.0373268016853 0.0248845344568
0 0.652200008801 0.76900800189 0.0379870853243 0.0253247235495
0 0.664400009338 0.748834001003 0.0302138630412 0.0201425753608
0 0.606600006796 0.72466399994 0.0327324187197 0.0218216124798
0 0.644000008441 0.686723998272 0.0198915145605 0.013261009707
0 0.676600009874 0.690155998423 0.0219987038364 0.0146658025576
0 0.746000012926 0.675241997767 0.0486473913883 0.0324315942588
0 0.753200013242 0.714015999472 0.0265362988474 0.0176908658982
0 0.754800013313 0.728808000123 0.0199053652811 0.0132702435207
0 0.791600014931 0.692757998538 0.0261502594768 0.0174335063178
0 0.885600019064 0.705989999119 0.0304410148594 0.0202940099063
0 0.879000018774 0.741274000671 0.0355845788979 0.0237230525986
0 0.865000018158 0.731402000237 0.0474310013161 0.0316206675441
0 0.788600014799 0.666073997364 0.0323964398108 0.0215976265405
0 0.775400014219 0.671335997596 0.0225608452264 0.0150405634843
0 0.652000008793 0.914396008283 0.0259937463337 0.0173291642225
0 0.825600016426 0.873695206493 0.0904591553461 0.0603061035641
0 0.761200013594 0.828323204498 0.0331966157281 0.0221310771521
0 0.796200015133 0.936216009243 0.0232717829294 0.0155145219529
0 0.879200018783 0.958987610244 0.0356878657002 0.0237919104668
0 0.919000020533 0.98208691126 0.0370751143047 0.0247167428698
0 0.900800019732 0.985576151413 0.0228126315406 0.0152084210271
0 0.938800021403 0.967435410615 0.0233309452932 0.0155539635288
0 0.948400021825 0.955405610086 0.0290367496553 0.0193578331036
0 0.860600017965 0.952806609972 0.0316890637216 0.0211260424811
0 0.870600018405 0.933555409126 0.042793186448 0.0285287909653
0 0.881600018888 0.912537008201 0.0255840618043 0.0170560412029
0 0.842200017156 0.944965009627 0.0505913400282 0.0337275600188
0 0.848000017411 0.813140003831 0.0300635827224 0.0200423884816
0 0.885400019055 0.832297204673 0.0231094326969 0.0154062884646
0 0.965400022573 0.964001810464 0.0533524811851 0.0355683207901
0 0.928800020964 0.826209004405 0.0390047175554 0.026003145037
0 0.916600020427 0.851215405505 0.0471613079987 0.0314408719992
0 0.882000018906 0.796884003116 0.027531275257 0.0183541835046
0 0.868200018299 0.809834403685 0.0286783127923 0.0191188751948
0 0.855400017736 0.795530003057 0.026847049658 0.0178980331053
0 0.872200018475 0.834450404768 0.0206269878257 0.0137513252172
0 0.945600021702 0.919842808523 0.153193916816 0.102129277878
0 0.97080002281 0.869927206328 0.0218316047854 0.0145544031903
0 0.976600023065 0.761998001582 0.0213177430501 0.0142118287001
0 0.960200022344 0.762738001615 0.024545356691 0.0163635711273
0 0.961800022415 0.777336002257 0.0413959455379 0.0275972970253
0 0.9410000215 0.757930001403 0.0556385426245 0.0370923617497
0 0.907200020014 0.772748002055 0.0423093016295 0.0282062010863
0 0.952800022019 0.68371199814 0.0210567559 0.0140378372667
0 0.965200022564 0.567755993041 0.0237706067394 0.0158470711596
0 0.834400016813 0.633633995938 0.0293134672667 0.0195423115111
0 0.819400016153 0.628289995703 0.0215192710353 0.0143461806902
0 0.870200018387 0.58478199379 0.0271618567511 0.0181079045007
0 0.857600017833 0.685419998215 0.0408856454165 0.0272570969444
0 0.869000018334 0.555131992486 0.0354560639972 0.0236373759981
0 0.86800001829 0.532535991493 0.0325080370455 0.021672024697
0 0.767800013884 0.663209997238 0.0237970220423 0.0158646813615
0 0.721600011853 0.665561997342 0.031672047122 0.0211146980813
0 0.738800012609 0.645749996471 0.0515181511056 0.0343454340704
0 0.643000008397 0.658197997018 0.0558170190532 0.0372113460355
0 0.626200007658 0.586685993874 0.0255764439079 0.0170509626053
0 0.608000006858 0.612641995015 0.0206836768466 0.0137891178977
0 0.619600007368 0.622287995439 0.0202718157754 0.0135145438503
0 0.637600008159 0.623013995471 0.0267238771781 0.0178159181188
0 0.754000013278 0.585969993842 0.0327205466734 0.0218136977823
0 0.725200012011 0.610563994923 0.065601464905 0.0437343099367
0 0.713000011475 0.584159993762 0.0315133574371 0.0210089049581
0 0.673400009734 0.566235992974 0.0502202396491 0.0334801597661
0 0.645600008511 0.558545992636 0.0396921090334 0.0264614060223
0 0.568800005134 0.61185399498 0.0224520181357 0.0149680120905
0 0.529200003393 0.687499998306 0.0267750259107 0.0178500172738
0 0.395999997536 0.739388000588 0.0293571959704 0.0195714639803
0 0.426199998864 0.64323999636 0.0218248772925 0.014549918195
0 0.47160000086 0.645845996475 0.0237604165664 0.0158402777109
0 0.462600000465 0.694675998622 0.0236590095046 0.0157726730031
0 0.398199997633 0.63687599608 0.0271926251376 0.0181284167584
0 0.432599999145 0.594851994233 0.0241813795397 0.0161209196931
0 0.4816000013 0.595319994253 0.0601571423615 0.0401047615744
0 0.300599993341 0.731066000222 0.0229826986032 0.0153217990688
0 0.295599993121 0.743340000762 0.0227370461795 0.0151580307863
0 0.255199991345 0.723261999879 0.0288394758201 0.0192263172134
0 0.242199990773 0.762832001619 0.0367353759145 0.0244902506097
0 0.308599993693 0.776748002231 0.0265910091938 0.0177273394626
0 0.303999993491 0.681851998058 0.0255383544262 0.0170255696175
0 0.355199995742 0.685401998214 0.104073325451 0.0693822169674
0 0.377799996736 0.714503999494 0.0514819413645 0.034321294243
0 0.278999992392 0.682093998069 0.0277129175646 0.0184752783764
0 0.288199992796 0.571161993191 0.0348395090619 0.0232263393746
0 0.263199991697 0.57614399341 0.0302157427818 0.0201438285212
0 0.290199992884 0.625461995579 0.0207133569622 0.0138089046415
0 0.281399992497 0.607117994772 0.0264844575787 0.0176563050525
0 0.313399993904 0.557607992595 0.024585128046 0.016390085364
0 0.236399990518 0.620177995346 0.0297835013646 0.0198556675764
0 0.237199990554 0.68326399812 0.0225624281659 0.0150416187773
0 0.198799988865 0.651071996705 0.0260319347491 0.0173546231661
0 0.415799998407 0.609923994895 0.0408981110651 0.0272654073767
0 0.267999991908 0.551379992321 0.0198548101508 0.0132365401005
0 0.253799991284 0.547811992164 0.0220930866041 0.0147287244027
0 0.205199989147 0.571455993204 0.034984051225 0.0233227008167
0 0.247999991028 0.593005994151 0.0240247674629 0.0160165116419
0 0.18479998825 0.563215992842 0.0276153689179 0.0184102459453
0 0.0477999822256 0.720231999746 0.0393691893754 0.0262461262502
0 0.0307999814781 0.707687999194 0.0391341228596 0.0260894152397
0 0.0675999830962 0.667061997408 0.02129033841 0.01419355894
0 0.0219999810911 0.655011996878 0.0267996604067 0.0178664402711
0 0.011399980625 0.668875997487 0.0294309015909 0.0196206010606
0 0.00779998046675 0.643969996392 0.0200493138419 0.0133662092279
0 0.113799985128 0.659703997084 0.0277097516856 0.0184731677904
0 0.109999984961 0.642205996315 0.0201842594343 0.0134561729562
0 0.1199999854 0.62186799542 0.0199137746472 0.0132758497648
0 0.140599986306 0.728956000129 0.114359464191 0.0762396427939
0 0.15159998679 0.765184001722 0.0207404648012 0.0138269765341
0 0.173199987739 0.657629996993 0.057287174114 0.0381914494093
0 0.152399986825 0.632077995869 0.102262838398 0.0681752255986
0 0.140399986297 0.589193993984 0.0267143795411 0.0178095863608
0 0.199399988892 0.605303994692 0.106340886285 0.0708939241901
0 0.0797999836326 0.654019996834 0.149571953372 0.0997146355816
0 0.115999985224 0.60365399462 0.0261542168255 0.0174361445503
0 0.0237999811703 0.558097992616 0.020819314975 0.0138795433167
0 0.0195999809856 0.437513987314 0.0238406518123 0.0158937678748
0 0.0307999814781 0.365727984158 0.0399274723503 0.0266183149002
0 0.0543999825158 0.383805984953 0.0432177110352 0.0288118073568
0 0.0855999838877 0.397307985546 0.019887458278 0.0132583055187
0 0.058999982718 0.528957991335 0.0220572725979 0.0147048483986
0 0.0449999821024 0.519769990931 0.044430341626 0.0296202277507
0 0.020199981012 0.511637990574 0.0221115872095 0.0147410581397
0 0.128799985787 0.433849987153 0.0386963411541 0.0257975607694
0 0.150199986728 0.468071988658 0.0641976943695 0.042798462913
0 0.146799986579 0.441437987487 0.0200748387413 0.0133832258276
0 0.106399984802 0.535075991604 0.0552411258763 0.0368274172508
0 0.104199984706 0.510693990532 0.0299685074186 0.0199790049458
0 0.101599984591 0.494055989801 0.0336834685581 0.0224556457054
0 0.0895999840635 0.472535988854 0.0314980227107 0.0209986818071
0 0.160599987185 0.513585990659 0.146657366018 0.0977715773451
0 0.142799986403 0.524183991125 0.0790820744897 0.0527213829931
0 0.281399992497 0.533025991514 0.0316642313582 0.0211094875721
0 0.294799993086 0.541871991903 0.0294981765197 0.0196654510131
0 0.107599984855 0.444493987621 0.0680238570089 0.0453492380059
0 0.107599984855 0.477961989093 0.028523976191 0.0190159841273
0 0.181199988091 0.343795983194 0.0273657591455 0.0182438394303
0 0.226999990105 0.383323984932 0.0310893275185 0.0207262183457
0 0.190399988496 0.389675985211 0.0225379915373 0.0150253276916
0 0.34219999517 0.506933990367 0.0345937577045 0.0230625051363
0 0.341999995162 0.475693988993 0.0200347705852 0.0133565137235
0 0.339199995039 0.397567985558 0.0261267132517 0.0174178088345
0 0.326999994502 0.329043982545 0.0232871176558 0.0155247451039
0 0.285599992682 0.316949982013 0.024413082309 0.016275388206
0 0.339399995047 0.336531982874 0.0207662865018 0.0138441910012
0 0.342999995206 0.364475984103 0.0295767298923 0.0197178199282
0 0.357799995856 0.350833983503 0.0199519630626 0.0133013087084
0 0.314199993939 0.450747987896 0.100026936354 0.0666846242359
0 0.272799992119 0.470345988758 0.0214071791319 0.0142714527546
0 0.348199995434 0.306233981542 0.119977910079 0.0799852733862
0 0.308599993693 0.273737980113 0.0870973875826 0.0580649250551
0 0.172599987713 0.240307978643 0.027405332633 0.0182702217553
0 0.27259999211 0.248803979017 0.0224858534676 0.0149905689784
0 0.287799992778 0.244545978829 0.0213306044336 0.0142204029557
0 0.250399991134 0.29005198083 0.109130817154 0.0727538781028
0 0.257799991459 0.384013984962 0.0202908110494 0.0135272073663
0 0.431999999119 0.351383983527 0.0227037055163 0.0151358036775
0 0.400199997721 0.373925984518 0.0293404761719 0.019560317448
0 0.384599997035 0.398951985619 0.0199828303829 0.0133218869219
0 0.423799998758 0.429357986956 0.0494167989191 0.0329445326127
0 0.445199999699 0.457305988185 0.0253024964407 0.0168683309605
0 0.465600000596 0.476725989039 0.0290478302318 0.0193652201546
0 0.416599998442 0.532581991495 0.0929023235309 0.061934882354
0 0.518600002927 0.483153989321 0.114972853247 0.0766485688314
0 0.54460000407 0.455925988124 0.0999042585426 0.0666028390284
0 0.573400005336 0.488113989539 0.0207741022655 0.0138494015104
0 0.589800006058 0.491951989708 0.0340702993985 0.0227135329323
0 0.499200002074 0.430893987023 0.0552417194786 0.0368278129857
0 0.518800002936 0.380951984827 0.0206229315433 0.0137486210288
0 0.518800002936 0.401427985728 0.0860882636512 0.0573921757675
0 0.454200000095 0.371867984428 0.0307842159298 0.0205228106199
0 0.502800002232 0.317865982053 0.0458990126811 0.0305993417874
0 0.531000003472 0.335567982832 0.0227803791483 0.0151869194322
0 0.601400006568 0.399353985636 0.022460031767 0.0149733545113
0 0.400599997738 0.216753977607 0.0243897339514 0.0162598226343
0 0.457400000236 0.229423978165 0.020026064418 0.013350709612
0 0.536200003701 0.259507979487 0.0363927684464 0.0242618456309
0 0.607800006849 0.321473982212 0.0216932954466 0.0144621969644
0 0.633600007984 0.358475983839 0.0213749267396 0.0142499511597
0 0.610600006972 0.413411986255 0.026825581041 0.017883720694
0 0.615200007174 0.193943976604 0.0344320010743 0.0229546673829
0 0.606400006788 0.187269976311 0.022372079691 0.014914719794
0 0.583600005785 0.208277977235 0.0335982866263 0.0223988577509
0 0.577000005495 0.205195977099 0.0232654511714 0.0155103007809
0 0.536000003692 0.165743975364 0.0311281095362 0.0207520730242
0 0.455600000157 0.185181976219 0.0277990888336 0.0185327258891
0 0.416599998442 0.205581977116 0.0212061458154 0.0141374305436
0 0.607800006849 0.26526197974 0.137691992424 0.0917946616157
0 0.657800009048 0.312695981826 0.0240504902298 0.0160336601532
0 0.677600009918 0.27822398031 0.0201805988867 0.0134537325911
0 0.570800005222 0.165085975336 0.0236740474299 0.0157826982866
0 0.588600006005 0.162721975232 0.0229073111095 0.0152715407397
0 0.474400000983 0.509521990481 0.0416103349065 0.027740223271
0 0.609600006928 0.459883988298 0.0225910200106 0.0150606800071
0 0.628400007755 0.517657990838 0.0249652313934 0.0166434875956
0 0.614400007139 0.513065990636 0.0234085093287 0.0156056728858
0 0.62760000772 0.46857198868 0.0233895140547 0.0155930093698
0 0.610400006963 0.473047988877 0.0242851610107 0.0161901073404
0 0.667800009487 0.460207988312 0.0310182931084 0.0206788620723
0 0.707800011246 0.424053986722 0.0300700134141 0.0200466756094
0 0.741400012724 0.48358798934 0.0616072138774 0.0410714759183
0 0.704400011097 0.51814199086 0.0737612212273 0.0491741474848
0 0.670000009584 0.512379990606 0.0199825335817 0.0133216890545
0 0.781000014465 0.443643987584 0.0308620767665 0.0205747178443
0 0.801400015362 0.434295987173 0.0339433674373 0.0226289116249
0 0.762800013665 0.391049985271 0.0358483361921 0.0238988907947
0 0.73040001224 0.395587985471 0.0404855574579 0.0269903716386
0 0.741400012724 0.380165984793 0.0301548985448 0.0201032656965
0 0.771600014051 0.36827598427 0.0276337705896 0.0184225137264
0 0.76860001392 0.346393983308 0.0204010232121 0.0136006821414
0 0.870600018405 0.411547986173 0.019948302515 0.0132988683434
0 0.80840001567 0.329551982567 0.105851164377 0.0705674429182
0 0.892400019363 0.35441398366 0.107917889762 0.0719452598415
0 0.707000011211 0.368809984293 0.0242078937763 0.0161385958509
0 0.75520001333 0.325701982398 0.0846315635762 0.0564210423841
0 0.776400014263 0.394133985407 0.185626368501 0.123750912334
0 0.734800012433 0.281971980475 0.0227023204442 0.0151348802961
0 0.777000014289 0.257043979379 0.0259311212897 0.0172874141931
0 0.820200016188 0.296769981126 0.0210467635944 0.0140311757296
0 0.858200017859 0.325997982411 0.0429597908304 0.0286398605536
0 0.947800021799 0.501213990115 0.0259255810015 0.0172837206676
0 0.940000021456 0.360337983921 0.0249007266088 0.0166004844059
0 0.956800022195 0.379557984766 0.0568466222643 0.0378977481762
0 0.899400019671 0.406135985935 0.0704188444726 0.0469458963151
0 0.979600023197 0.274459980145 0.0279122690079 0.0186081793386
0 0.970000022775 0.281129980438 0.0275814346524 0.0183876231016
0 0.943000021588 0.261415979571 0.0236339792738 0.0157559861825
0 0.91120002019 0.240835978666 0.0210822807995 0.0140548538663
0 0.892000019346 0.242471978738 0.0257178201921 0.0171452134614
0 0.880800018853 0.218967977705 0.0267238771781 0.0178159181188
0 0.974000022951 0.178409975921 0.0248048598353 0.0165365732235
0 0.868600018317 0.139313974202 0.0561428077891 0.037428538526
0 0.814400015933 0.144285974421 0.0286589217834 0.0191059478556
0 0.961400022397 0.122251973452 0.0416889872129 0.0277926581419
0 0.957400022221 0.106809972773 0.0316337597728 0.0210891731819
0 0.940600021482 0.10764997281 0.0259990887545 0.0173327258363
0 0.918600020515 0.129189973757 0.025832880107 0.0172219200713
0 0.887600019152 0.17155797562 0.0811642335348 0.0541094890232
0 0.948200021817 0.192105976524 0.104213811332 0.0694758742212
0 0.82160001625 0.216233977585 0.0859422374823 0.0572948249882
0 0.71880001173 0.210407977328 0.0210152037382 0.0140101358254
0 0.756600013392 0.222297977851 0.0229624171908 0.0153082781272
0 0.758400013471 0.16496997533 0.187225137396 0.124816758264
0 0.826000016443 0.111705972988 0.0409731028239 0.0273154018826
0 0.702200011 0.0898919720292 0.0215352982977 0.0143568655318
0 0.666400009426 0.112721973033 0.0544160186618 0.0362773457745
0 0.604600006708 0.140789974267 0.0686582200136 0.0457721466757
0 0.654200008889 0.206913977175 0.0264145114396 0.017609674293
0 0.673600009742 0.193499976585 0.0262672980661 0.017511532044
0 0.520800003024 0.125311973587 0.0214030239157 0.0142686826105
0 0.560400004765 0.148027974585 0.0202190841033 0.0134793894022
0 0.445399999708 0.115849973171 0.0218442683014 0.0145628455343
0 0.409799998143 0.0974579723619 0.0232231075398 0.0154820716932
0 0.389799997263 0.178307975917 0.0231846223232 0.0154564148821
0 0.220599989824 0.201189976923 0.0520485347718 0.0346990231812
0 0.17639998788 0.161901975196 0.0285312972862 0.0190208648575
0 0.281199992488 0.152123974766 0.178321102707 0.118880735138
0 0.180199988047 0.0405079698578 0.03714149883 0.02476099922
0 0.23439999043 0.177865975897 0.0254488194107 0.0169658796072
0 0.115599985207 0.266903979813 0.0562852723441 0.0375235148961
0 0.0139999807394 0.249937979067 0.0271303958285 0.0180869305524
0 0.0945999842834 0.20180397695 0.0281740476277 0.0187826984185
0 0.130399985858 0.212811977434 0.0692783365627 0.0461855577085
0 0.0751999834304 0.242017978718 0.11724437143 0.0781629142866
0 0.12499998562 0.150617974699 0.0783826130981 0.0522550753987
0 0.0659999830258 0.170915975592 0.103364960025 0.0689099733499
0 0.0773999835271 0.107317972795 0.0787833935928 0.0525222623952
0 0.161199987212 0.0644759709117 0.0210659567359 0.0140439711573
0 0.414599998354 0.00875796846171 0.0258027053228 0.0172018035485
0 0.415799998407 0.0330859695314 0.0656655739547 0.0437770493032
0 0.460800000385 0.0933779721825 0.0270042553371 0.0180028368914
0 0.460600000377 0.0824819717034 0.100503796878 0.0670025312522
0 0.513400002698 0.0843779717868 0.0245139947022 0.0163426631348
0 0.502800002232 0.0823439716973 0.0205768284303 0.0137178856202
0 0.551400004369 0.0537959704421 0.0292782468628 0.0195188312419
0 0.545800004123 0.0150219687371 0.0214128183539 0.0142752122359
0 0.56620000502 0.0189099689081 0.0382915043769 0.0255276695846
0 0.563800004914 0.0413859698964 0.0575405433677 0.0383603622452
0 0.500000002109 0.0462519701103 0.127784769827 0.0851898465512
0 0.641200008318 0.0665619710034 0.114381229609 0.0762541530726
0 0.827200016496 0.0151919687446 0.0281459504516 0.0187639669677
0 0.840400017077 0.0332879695403 0.0381655617529 0.0254437078353
0 0.930200021025 0.0355499696398 0.0253889645109 0.0169259763406
0 0.932200021113 0.0513919703363 0.0331108401939 0.0220738934626
0 0.925400020814 0.0730099712869 0.0339164574658 0.0226109716439
0 0.918600020515 0.0910399720797 0.0317646490828 0.0211764327218
0 0.988000023567 0.0955419722777 0.0241767296549 0.0161178197699
0 0.985000023435 0.0299459693934 0.0218406077538 0.0145604051692
0 0.0503999823399 0.957479410178 0.0226673968415 0.0151115978943
0 0.557400004633 0.594625994223 0.0253047719162 0.0168698479442
0 0.362999996085 0.52702199125 0.113504676861 0.0756697845738
0 0.315199993983 0.522951991071 0.051323449547 0.0342156330314
0 0.58280000575 0.373313984491 0.11585138467 0.0772342564465
0 0.669600009566 0.261435979572 0.230679794687 0.153786529792
