0 0.943800003345 0.0588399887683 0.106754422189 0.0711696147924
0 0.790800006708 0.324559982926 0.209253705414 0.139502470276
0 0.6638000095 0.33349998273 0.414226549099 0.276151032733
0 0.403400015225 0.292339983635 0.206638887399 0.137759258266
0 0.889600004536 0.961219968929 0.0201434974136 0.0134289982757
0 0.641600009989 0.9625399689 0.0593322291012 0.0395548194008
0 0.673800009281 0.974859968629 0.0242713086892 0.0161808724595
0 0.474800013656 0.977199968578 0.031369505741 0.0209130038273
0 0.47780001359 0.960519968945 0.0204307019802 0.0136204679868
0 0.591400011092 0.938179969436 0.0282869291352 0.0188579527568
0 0.328800016866 0.963299968883 0.0688043405781 0.0458695603854
0 0.319400017072 0.939319969411 0.0295343843128 0.0196895895418
0 0.0444000231182 0.857899971201 0.0218458498 0.0145638998667
0 0.178200020177 0.987799968345 0.0216838953131 0.0144559302087
0 0.0150000237645 0.793959972606 0.0415383084195 0.027692205613
0 0.0632000227048 0.796919972541 0.029303275161 0.019535516774
0 0.0494000230082 0.812839972191 0.0276983724811 0.018465581654
0 0.0788000223619 0.813579972175 0.0224180823916 0.0149453882611
0 0.136800021087 0.887139970558 0.0257441348633 0.0171627565755
0 0.145200020902 0.859419971167 0.0200170601293 0.0133447067529
0 0.165800020449 0.799779972479 0.0204647351772 0.0136431567848
0 0.282400017886 0.824819971928 0.024769538864 0.0165130259094
0 0.329000016861 0.837039971659 0.0243158288597 0.0162105525731
0 0.197200019759 0.791739972655 0.0200028136748 0.0133352091165
0 0.0694000225685 0.765459973233 0.070133515002 0.046755676668
0 0.0272000234963 0.763939973266 0.0232013405914 0.0154675603942
0 0.0164000237338 0.721519974199 0.0296218417144 0.0197478944762
0 0.261200018352 0.722939974168 0.0281127068679 0.0187418045786
0 0.251800018558 0.732279973963 0.0220052320104 0.0146701546736
0 0.27220001811 0.737599973846 0.0257756947175 0.0171837964783
0 0.264800018273 0.745539973671 0.0368942610334 0.0245961740223
0 0.280000017938 0.760739973337 0.0326985812312 0.0217990541541
0 0.262600018321 0.769039973154 0.021517884544 0.0143452563626
0 0.266400018237 0.845759971468 0.0200317023187 0.0133544682125
0 0.297800017547 0.870899970915 0.0205003513136 0.0136669008757
0 0.390600015507 0.887599970548 0.0412240949495 0.0274827299663
0 0.301400017468 0.890139970492 0.0208539404011 0.0139026269341
0 0.278000017982 0.901199970249 0.0205823673611 0.0137215782407
0 0.296800017569 0.890599970482 0.0463118600349 0.0308745733566
0 0.291200017692 0.932699969556 0.0239842030563 0.0159894687042
0 0.271400018128 0.919679969842 0.0351981414709 0.0234654276472
0 0.256200018462 0.922339969784 0.0211114648541 0.0140743099027
0 0.231200019011 0.919919969837 0.0237655595523 0.0158437063682
0 0.189200019935 0.959079968976 0.0254563366944 0.0169708911296
0 0.187000019983 0.972879968673 0.0210892047688 0.0140594698459
0 0.472000013717 0.885079970603 0.0207327466037 0.0138218310691
0 0.558200011822 0.90203997023 0.0234082109837 0.0156054739891
0 0.554000011914 0.886339970575 0.0227246779658 0.0151497853105
0 0.665800009457 0.901199970249 0.0528624589895 0.0352416393263
0 0.643200009953 0.87793997076 0.022031152643 0.0146874350954
0 0.635000010134 0.861439971123 0.0378754855914 0.0252503237276
0 0.759600007394 0.953639969096 0.0310850713183 0.0207233808789
0 0.556600011857 0.875499970814 0.177796742271 0.118531161514
0 0.576600011418 0.823059971967 0.0763218187024 0.0508812124683
0 0.641200009997 0.831699971777 0.0299047921314 0.0199365280876
0 0.691400008894 0.810079972252 0.0360655922597 0.0240437281732
0 0.693200008854 0.782539972858 0.0247105743715 0.0164737162477
0 0.711200008458 0.787919972739 0.0232776184835 0.0155184123223
0 0.705600008582 0.796619972548 0.0313566443584 0.0209044295723
0 0.722600008208 0.802219972425 0.0205129158951 0.0136752772634
0 0.75980000739 0.839819971598 0.0208043746113 0.0138695830742
0 0.769200007183 0.872579970878 0.0248468060933 0.0165645373955
0 0.673200009294 0.760999973331 0.0222482132077 0.0148321421385
0 0.66700000943 0.947039969241 0.0200018243377 0.0133345495584
0 0.664000009496 0.938399969431 0.0320003070902 0.0213335380602
0 0.688000008968 0.937119969459 0.0286114317113 0.0190742878075
0 0.732000008001 0.875079970823 0.0225004941739 0.0150003294493
0 0.891800004488 0.814499972155 0.0292572709848 0.0195048473232
0 0.942800003367 0.812259972204 0.0222226883099 0.01481512554
0 0.815400006168 0.817619972086 0.0415069464327 0.0276712976218
0 0.948200003248 0.779159972932 0.0445116622071 0.0296744414714
0 0.69520000881 0.91523996994 0.0229743866555 0.0153162577703
0 0.979000002571 0.750899973553 0.0238126519993 0.0158751013329
0 0.955000003098 0.744739973689 0.0407561384906 0.0271707589937
0 0.980200002544 0.63279997615 0.0274350109391 0.0182900072927
0 0.899400004321 0.602579976814 0.0776087484312 0.0517391656208
0 0.914600003987 0.572159977483 0.0273491364769 0.0182327576513
0 0.94720000327 0.563059977683 0.0289669994731 0.0193113329821
0 0.948400003243 0.604539976771 0.0892267321265 0.0594844880843
0 0.891200004501 0.558799977777 0.02456395461 0.01637596974
0 0.755600007482 0.655379975653 0.0390069904582 0.0260046603055
0 0.729800008049 0.634039976122 0.0223179614748 0.0148786409832
0 0.712200008436 0.630819976193 0.0228933599452 0.0152622399635
0 0.695000008815 0.65597997564 0.0291302400983 0.0194201600655
0 0.810600006273 0.709019974474 0.114890730683 0.0765938204552
0 0.729800008049 0.777599972966 0.0432580731393 0.0288387154262
0 0.687800008973 0.718259974271 0.0241198411758 0.0160798941172
0 0.682400009092 0.708619974483 0.0290929420888 0.0193952947258
0 0.678000009188 0.660859975533 0.0366314930937 0.0244209953958
0 0.725200008151 0.604499976772 0.0391863572785 0.0261242381857
0 0.704400008608 0.60047997686 0.025713960081 0.017142640054
0 0.709200008502 0.579379977324 0.0224706161928 0.0149804107952
0 0.812600006229 0.568539977562 0.0582341638291 0.0388227758861
0 0.760200007381 0.56771997758 0.036606660732 0.024404440488
0 0.737600007878 0.553839977886 0.0226716494961 0.0151144329974
0 0.722800008203 0.543099978122 0.0201449814193 0.0134299876128
0 0.726200008129 0.532059978364 0.0306671753179 0.0204447835452
0 0.822800006005 0.599439976883 0.0297638115914 0.019842541061
0 0.631800010204 0.743519973715 0.0346360990516 0.0230907327011
0 0.576000011431 0.693459974816 0.0269856540181 0.0179904360121
0 0.57920001136 0.659119975571 0.0209605909429 0.0139737272953
0 0.613400010609 0.678399975147 0.0480039233153 0.0320026155435
0 0.56740001162 0.621779976392 0.0346927880688 0.0231285253792
0 0.555000011892 0.663299975479 0.0242394520339 0.0161596346892
0 0.450200014197 0.738099973835 0.0295516977124 0.0197011318083
0 0.719200008283 0.674759975227 0.0200249748263 0.0133499832175
0 0.621400010433 0.611199976624 0.0295406171366 0.0196937447577
0 0.595600011 0.642919975927 0.0858821790506 0.0572547860338
0 0.557800011831 0.600379976862 0.0238907106982 0.0159271404655
0 0.509200012899 0.597859976918 0.0316265355254 0.0210843570169
0 0.492000013278 0.601319976842 0.0217849066333 0.0145232710889
0 0.523600012583 0.578119977352 0.0264666477637 0.0176444318425
0 0.534600012341 0.554139977879 0.0282770357639 0.018851357176
0 0.538400012257 0.539919978192 0.0243540172726 0.0162360115151
0 0.480400013533 0.548979977992 0.0478925239553 0.0319283493035
0 0.644600009923 0.582419977257 0.0201630862886 0.0134420575257
0 0.669400009377 0.599179976889 0.041438781105 0.02762585407
0 0.51600001275 0.681939975069 0.0261942832539 0.0174628555026
0 0.803800006423 0.76513997324 0.0227374404147 0.0151582936098
0 0.32540001694 0.785719972788 0.023518126338 0.015678750892
0 0.225600019134 0.767179973195 0.0221428488042 0.0147618992028
0 0.30360001742 0.731539973979 0.0301692419442 0.0201128279628
0 0.417200014922 0.744279973699 0.0221742107909 0.014782807194
0 0.467200013823 0.683919975026 0.0412943378851 0.0275295585901
0 0.446800014271 0.664299975457 0.0340507082763 0.0227004721842
0 0.41140001505 0.676519975188 0.032197383045 0.02146492203
0 0.406600015155 0.696079974758 0.0240597884124 0.0160398589416
0 0.455000014091 0.639279976007 0.0199797621198 0.0133198414132
0 0.38820001556 0.626599976286 0.0203222706316 0.0135481804211
0 0.374600015859 0.633359976137 0.0251512251258 0.0167674834172
0 0.337000016685 0.634639976109 0.054995568759 0.036663712506
0 0.352800016338 0.605559976748 0.067457358086 0.0449715720573
0 0.385200015626 0.60823997669 0.0366116074176 0.0244077382784
0 0.321800017019 0.611999976607 0.0271315812437 0.0180877208291
0 0.381400015709 0.551899977928 0.0225425410016 0.0150283606677
0 0.371400015929 0.565759977624 0.0243376932101 0.0162251288067
0 0.367800016008 0.67233997528 0.0426417161121 0.0284278107414
0 0.347000016465 0.654739975667 0.0464676806317 0.0309784537545
0 0.221800019218 0.654819975665 0.0284421561297 0.0189614374198
0 0.21080001946 0.64277997593 0.0384633497095 0.0256422331397
0 0.160000020577 0.617279976491 0.0344319988033 0.0229546658689
0 0.131600021201 0.610539976639 0.0247163125268 0.0164775416846
0 0.111000021654 0.654059975682 0.0244934148732 0.0163289432488
0 0.215400019359 0.689999974892 0.125881276775 0.0839208511834
0 0.12800002128 0.682499975057 0.108963611983 0.0726424079885
0 0.0442000231226 0.738719973821 0.0249099258017 0.0166066172011
0 0.0508000229775 0.441239980361 0.0255761454199 0.0170507636133
0 0.0620000227312 0.419579980837 0.0425081556006 0.0283387704004
0 0.0248000235491 0.562599977693 0.0409704289113 0.0273136192742
0 0.0124000238217 0.581159977285 0.0229593487312 0.0153062324875
0 0.0998000219002 0.528379978445 0.0619150915265 0.0412767276844
0 0.0852000222212 0.54773997802 0.0219612065085 0.014640804339
0 0.0760000224234 0.558039977793 0.0244484000341 0.0162989333561
0 0.135600021113 0.538799978216 0.0293047591667 0.0195365061111
0 0.145800020889 0.518039978673 0.0228777284186 0.0152518189458
0 0.171800020317 0.505659978945 0.0230758926443 0.0153839284295
0 0.170000020357 0.400879981248 0.034254017055 0.02283601137
0 0.143400020942 0.439679980395 0.0253415735882 0.0168943823921
0 0.132400021183 0.493479979213 0.0342023736572 0.0228015824381
0 0.12800002128 0.521379978599 0.0394895891065 0.0263263927377
0 0.15940002059 0.452879980105 0.0329460144455 0.0219640096303
0 0.139600021025 0.400839981249 0.0508562811728 0.0339041874485
0 0.0468000230654 0.390119981485 0.032073616971 0.021382411314
0 0.0916000220805 0.383139981638 0.0245600961952 0.0163733974635
0 0.119600021465 0.418199980868 0.0214591179189 0.0143060786126
0 0.255400018479 0.426979980675 0.0430540718247 0.0287027145498
0 0.227800019086 0.449639980176 0.0215273821803 0.0143515881202
0 0.236800018888 0.438599980419 0.0366270410767 0.0244180273845
0 0.194600019816 0.427579980661 0.0290645481133 0.0193763654089
0 0.209400019491 0.492199979241 0.0313156858016 0.0208771238677
0 0.228800019064 0.583939977224 0.0276428706685 0.0184285804457
0 0.240200018813 0.570099977528 0.0327845546271 0.0218563697514
0 0.27400001807 0.557979977795 0.0788051538132 0.0525367692088
0 0.334600016738 0.508699978878 0.0343948986612 0.0229299324408
0 0.357400016237 0.498039979112 0.0355780469258 0.0237186979506
0 0.367800016008 0.530819978392 0.0209096400811 0.0139397600541
0 0.254200018506 0.590899977071 0.0343194122388 0.0228796081592
0 0.289800017723 0.418579980859 0.0369220614066 0.0246147076044
0 0.311800017239 0.428599980639 0.0249705721673 0.0166470481115
0 0.33360001676 0.440739980372 0.0315198849836 0.0210132566557
0 0.35180001636 0.443979980301 0.0212578867482 0.0141719244988
0 0.376600015815 0.42901998063 0.0263787946273 0.0175858630848
0 0.248400018633 0.373999981839 0.0286905786811 0.0191270524541
0 0.250400018589 0.359019982169 0.0198618331348 0.0132412220899
0 0.359000016202 0.376479981785 0.0443659328489 0.029577288566
0 0.352600016342 0.405459981148 0.0540730118924 0.036048674595
0 0.318800017085 0.412019981004 0.0324453109279 0.0216302072853
0 0.377600015793 0.391999981444 0.0381841587736 0.025456105849
0 0.395400015401 0.361259982119 0.021873353372 0.0145822355814
0 0.341200016593 0.351559982333 0.0233416285953 0.0155610857302
0 0.28040001793 0.348819982393 0.0205427938762 0.0136951959174
0 0.234600018937 0.46357997987 0.0472516313674 0.0315010875783
0 0.405200015186 0.430319980601 0.0841022626338 0.0560681750892
0 0.401800015261 0.47267997967 0.0214519946916 0.0143013297944
0 0.424000014773 0.472319979678 0.0236036050653 0.0157357367102
0 0.434200014548 0.485159979396 0.0446905343588 0.0297936895725
0 0.44460001432 0.515839978721 0.0303104203515 0.020206946901
0 0.459800013985 0.524319978535 0.0272981856151 0.0181987904101
0 0.418000014904 0.517579978683 0.0672623597392 0.0448415731595
0 0.488200013361 0.436599980463 0.0217789706106 0.0145193137404
0 0.476000013629 0.462079979903 0.0502485313785 0.033499020919
0 0.491800013282 0.479799979513 0.022480509564 0.014987006376
0 0.508400012917 0.461099979924 0.0439466517765 0.029297767851
0 0.519600012671 0.480579979496 0.0231106183773 0.0154070789182
0 0.50280001304 0.504179978977 0.0331027254457 0.0220684836305
0 0.481600013506 0.527559978463 0.0460429582051 0.03069530547
0 0.448200014241 0.330359982799 0.0357822461079 0.0238548307386
0 0.434400014544 0.345879982458 0.0293236555057 0.0195491036705
0 0.479000013563 0.353559982289 0.104032755765 0.0693551705099
0 0.411200015054 0.314699983143 0.0242392541664 0.0161595027776
0 0.478400013577 0.283799983822 0.0290537643387 0.0193691762258
0 0.485200013427 0.297439983523 0.0207417495715 0.0138278330476
0 0.4728000137 0.312859983184 0.046451059768 0.0309673731787
0 0.563000011717 0.393259981416 0.0322355714579 0.021490380972
0 0.578200011382 0.408159981088 0.0199435523811 0.0132957015874
0 0.669200009382 0.481019979487 0.0207420463726 0.0138280309151
0 0.652200009756 0.389999981488 0.0337394628176 0.0224929752118
0 0.62880001027 0.384599981606 0.0241216219826 0.0160810813217
0 0.745400007706 0.416419980907 0.0338741116 0.0225827410667
0 0.715000008375 0.407079981112 0.0255968225658 0.0170645483772
0 0.752600007548 0.382939981643 0.0715631071438 0.0477087380959
0 0.674200009272 0.376599981782 0.0251412328209 0.0167608218806
0 0.59740001096 0.473699979647 0.114641417728 0.0764276118187
0 0.561800011743 0.431939980566 0.0199187200194 0.0132791466796
0 0.621800010424 0.513279978777 0.0236846317756 0.0157897545171
0 0.622800010402 0.552539977914 0.0254886880183 0.0169924586789
0 0.64880000983 0.551879977929 0.0278300532521 0.0185533688347
0 0.652400009751 0.500979979048 0.0322876105906 0.0215250737271
0 0.65200000976 0.474599979628 0.0212176207273 0.0141450804849
0 0.651400009773 0.486399979368 0.0377466738981 0.0251644492654
0 0.684600009043 0.472859979666 0.038220467446 0.0254803116306
0 0.585800011215 0.522619978572 0.0256772556738 0.0171181704492
0 0.578000011387 0.52499997852 0.036383169476 0.0242554463173
0 0.579000011365 0.545959978059 0.0281970973245 0.018798064883
0 0.591800011083 0.55225997792 0.0208435523614 0.0138957015742
0 0.57240001151 0.55999997775 0.0299634598227 0.0199756398818
0 0.605000010793 0.541259978162 0.0248435412808 0.0165623608539
0 0.539800012227 0.414959980939 0.0683067040056 0.0455378026704
0 0.709800008489 0.455679980044 0.0220266016923 0.0146844011282
0 0.736200007909 0.476659979582 0.0317386274214 0.0211590849476
0 0.736400007904 0.489279979305 0.0423436288371 0.0282290858914
0 0.761400007355 0.494359979193 0.0343741225816 0.0229160817211
0 0.783600006867 0.522019978585 0.0535832900169 0.0357221933446
0 0.746800007676 0.448059980211 0.0266725288189 0.0177816858793
0 0.725400008146 0.446939980236 0.0221187089784 0.0147458059856
0 0.954400003112 0.488659979319 0.0713924464902 0.0475949643268
0 0.829600005855 0.414739980944 0.0372790142403 0.0248526761602
0 0.860400005178 0.426039980695 0.0463264032906 0.0308842688604
0 0.911000004066 0.448659980198 0.0522996251006 0.0348664167337
0 0.87580000484 0.513839978765 0.02455089536 0.0163672635733
0 0.852000005363 0.389119981507 0.0243449153711 0.0162299435807
0 0.951200003182 0.430599980595 0.0376686151991 0.0251124101327
0 0.943400003353 0.409039981069 0.0833428474587 0.0555618983058
0 0.929400003661 0.374059981838 0.02602787675 0.0173519178333
0 0.901000004286 0.401559981233 0.0890729891377 0.0593819927584
0 0.901800004268 0.323319982954 0.0292081009298 0.0194720672865
0 0.889200004545 0.318279983064 0.0425449589415 0.028363305961
0 0.920400003859 0.35441998227 0.0510452445631 0.0340301630421
0 0.972000002725 0.361039982124 0.0231008239397 0.0154005492932
0 0.974200002676 0.286079983772 0.0242124431304 0.0161416287536
0 0.951400003178 0.357979982192 0.0255884132002 0.0170589421335
0 0.923600003789 0.504559978969 0.0373865551855 0.0249243701237
0 0.931400003617 0.53135997838 0.0363758483813 0.0242505655875
0 0.90080000429 0.514039978761 0.0198156310912 0.0132104207275
0 0.882800004686 0.495499979168 0.0218029125689 0.0145352750459
0 0.947000003274 0.274919984018 0.057184576076 0.0381230507173
0 0.947800003257 0.249699984572 0.023136143275 0.0154240955167
0 0.924600003767 0.259919984347 0.0404967342971 0.0269978228647
0 0.938800003455 0.238279984823 0.0291240072744 0.0194160048496
0 0.918600003899 0.295779983559 0.0586795634016 0.0391197089344
0 0.848400005442 0.290059983685 0.026190128038 0.0174600853587
0 0.889600004536 0.17655998618 0.0344576226348 0.0229717484232
0 0.776800007016 0.267439984182 0.0471568528711 0.0314379019141
0 0.728200008085 0.279279983922 0.0277939424471 0.0185292949647
0 0.681000009122 0.30481998336 0.0211555892898 0.0141037261932
0 0.731400008014 0.245439984666 0.0761489815071 0.0507659876714
0 0.733800007962 0.192839985822 0.023845399058 0.0158969327054
0 0.729600008054 0.21751998528 0.07365268608 0.04910179072
0 0.827800005895 0.205739985539 0.0264533906463 0.0176355937642
0 0.914000004 0.146599986839 0.0894235112801 0.0596156741868
0 0.85260000535 0.131419987173 0.0681616671834 0.0454411114556
0 0.851400005376 0.15835998658 0.0229497521612 0.0152998347741
0 0.841000005605 0.184779985999 0.0202368908379 0.0134912605586
0 0.805800006379 0.178639986134 0.0358228089299 0.0238818726199
0 0.795200006612 0.11013998764 0.0346052317334 0.0230701544889
0 0.797000006572 0.254999984456 0.0233366819097 0.0155577879398
0 0.828800005873 0.235839984877 0.02094852103 0.0139656806867
0 0.822600006009 0.219099985245 0.0206064082531 0.0137376055021
0 0.796800006576 0.21613998531 0.0290082548311 0.0193388365541
0 0.684800009039 0.321179983001 0.0281114207297 0.0187409471531
0 0.584000011255 0.239139984804 0.0216643064381 0.0144428709587
0 0.597800010952 0.198499985698 0.0226250517176 0.0150833678117
0 0.528400012477 0.242759984725 0.0210803996685 0.014053599779
0 0.524000012574 0.258939984369 0.0228803006952 0.0152535337968
0 0.524600012561 0.267119984189 0.0223099478441 0.0148732985628
0 0.683800009061 0.20887998547 0.127813452175 0.0852089681168
0 0.545000012112 0.188879985909 0.0216452122316 0.0144301414877
0 0.573400011488 0.172179986276 0.0253656144803 0.0169104096535
0 0.551200011976 0.168239986363 0.0395258977789 0.0263505985193
0 0.47960001355 0.17929998612 0.0430138058038 0.0286758705359
0 0.431800014601 0.182679986046 0.0212958772937 0.0141972515291
0 0.560600011769 0.224299985131 0.0443431780951 0.0295621187301
0 0.55740001184 0.247479984621 0.024035549653 0.0160236997686
0 0.703200008634 0.17063998631 0.0226196103634 0.0150797402423
0 0.65380000972 0.12879998723 0.17172221234 0.114481474893
0 0.495400013203 0.153679986683 0.0309354835454 0.020623655697
0 0.489400013335 0.141619986948 0.0427868518679 0.028524567912
0 0.465800013854 0.148059986807 0.0228693190531 0.0152462127021
0 0.54240001217 0.102399987811 0.0344083536461 0.0229389024307
0 0.523600012583 0.108739987671 0.025840496299 0.0172269975327
0 0.507400012939 0.130039987203 0.02002853644 0.0133523576266
0 0.52600001253 0.125079987312 0.0213694839756 0.0142463226504
0 0.332600016782 0.207219985506 0.0236984824954 0.0157989883302
0 0.336000016707 0.218659985255 0.0350590406715 0.023372693781
0 0.365200016065 0.225599985102 0.0454217534259 0.0302811689506
0 0.34360001654 0.244979984676 0.0441675707559 0.0294450471706
0 0.404600015199 0.200459985655 0.0714800028255 0.047653335217
0 0.313200017209 0.206779985516 0.0213285254187 0.0142190169458
0 0.296400017578 0.237119984849 0.0229349121043 0.0152899414029
0 0.303400017424 0.25979998435 0.0228870281876 0.0152580187917
0 0.280600017925 0.235139984892 0.0241179614352 0.0160786409568
0 0.309800017283 0.303579983388 0.0270260189727 0.0180173459818
0 0.328200016879 0.330899982787 0.0202474767451 0.0134983178301
0 0.284600017837 0.259439984358 0.0302448273003 0.0201632182002
0 0.24720001866 0.339499982598 0.0216073206198 0.0144048804132
0 0.209000019499 0.338099982629 0.0257117835394 0.0171411890262
0 0.128800021263 0.339719982593 0.0245992739453 0.0163995159635
0 0.11480002157 0.321779982987 0.0298462233737 0.0198974822491
0 0.0904000221068 0.270939984105 0.0508825975402 0.0339217316935
0 0.0608000227576 0.290879983667 0.0214172689586 0.0142781793057
0 0.134400021139 0.250959984544 0.0916932485062 0.0611288323375
0 0.0388000232413 0.24979998457 0.0251891167376 0.0167927444918
0 0.0602000227708 0.249699984572 0.0291470588293 0.0194313725529
0 0.162000020533 0.204219985572 0.0223823673215 0.0149215782143
0 0.173400020282 0.207619985497 0.0202455970046 0.0134970646697
0 0.19580001979 0.203199985594 0.0486630197062 0.0324420131375
0 0.234400018941 0.238099984827 0.118556224721 0.0790374831475
0 0.141400020986 0.162639986486 0.0946153546309 0.0630769030872
0 0.0866000221904 0.157219986605 0.0243485759185 0.0162323839456
0 0.0678000226037 0.168119986366 0.0322101454939 0.0214734303293
0 0.0412000231885 0.16111998652 0.0259074744222 0.0172716496148
0 0.110600021663 0.120659987409 0.0333723198115 0.0222482132077
0 0.124000021368 0.09423998799 0.0198730126443 0.0132486750962
0 0.153200020726 0.105399987745 0.0346894243225 0.0231262828817
0 0.300800017481 0.109559987653 0.0228350879887 0.0152233919925
0 0.339400016633 0.145839986856 0.0270162245352 0.0180108163568
0 0.0824000222827 0.219079985245 0.0211303611931 0.0140869074621
0 0.0350000233248 0.0964999879403 0.0787759683681 0.0525173122454
0 0.0510000229731 0.0743999884262 0.0234237435765 0.015615829051
0 0.0404000232061 0.0559599888316 0.0227048912234 0.0151365941489
0 0.0418000231753 0.0438399890981 0.0273118384674 0.0182078923116
0 0.0976000219486 0.0555599888404 0.0239661971207 0.0159774647471
0 0.0830000222695 0.0896599880907 0.0439943378258 0.0293295585505
0 0.0638000226917 0.0704399885132 0.0370910401871 0.0247273601247
0 0.0726000224982 0.0421399891354 0.0222885781623 0.0148590521082
0 0.107200021737 0.0357199892766 0.032617851322 0.0217452342147
0 0.0398000232193 0.026239989485 0.0294147734547 0.0196098489698
0 0.101000021874 0.139159987002 0.0452519831757 0.0301679887838
0 0.0442000231226 0.135479987083 0.0240403974049 0.0160269316032
0 0.0740000224674 0.111339987614 0.0275608546211 0.0183739030807
0 0.0938000220321 0.0223599895703 0.024041386742 0.0160275911613
0 0.161600020541 0.0200199896217 0.0282760464268 0.0188506976179
0 0.218600019288 0.0834399882274 0.0402587987192 0.0268391991461
0 0.291600017683 0.146399986843 0.0263491145136 0.0175660763424
0 0.229800019042 0.015959989711 0.0229606348695 0.015307089913
0 0.287800017767 0.021279989594 0.034520445542 0.0230136303614
0 0.329600016848 0.0523599889107 0.0374147512935 0.024943167529
0 0.349600016408 0.062719988683 0.0284618439384 0.0189745626256
0 0.361200016153 0.0571399888056 0.0282879184723 0.0188586123149
0 0.445600014298 0.0412399891552 0.0926401430661 0.0617600953774
0 0.515800012754 0.0335199893249 0.0519647344847 0.0346431563231
0 0.316000017147 0.0669199885906 0.0240973832231 0.0160649221487
0 0.497200013163 0.114439987546 0.0300732762433 0.0200488508289
0 0.556600011857 0.118439987458 0.0215506316027 0.0143670877351
0 0.510200012877 0.080459988293 0.0461416940499 0.0307611293666
0 0.55240001195 0.0717199884851 0.140319662739 0.093546441826
0 0.785800006818 0.0469199890303 0.0218113219345 0.0145408812896
0 0.786800006796 0.0623799886904 0.0203137623323 0.0135425082216
0 0.896400004387 0.0441799890906 0.048444771937 0.0322965146247
0 0.91900000389 0.0389999892045 0.0222499940145 0.014833329343
0 0.927800003696 0.00967998984907 0.0208479054447 0.0138986036298
0 0.922600003811 0.0226399895641 0.02641431183 0.01760954122
0 0.879600004756 0.0648799886355 0.0415382094858 0.0276921396572
0 0.846800005477 0.0551799888487 0.0363658560764 0.0242439040509
0 0.866400005046 0.0815799882683 0.0294045832823 0.0196030555215
0 0.882400004695 0.102199987815 0.0460266341425 0.0306844227617
0 0.894000004439 0.0809799882815 0.021968923338 0.014645948892
0 0.985600002426 0.0222999895716 0.0368164002019 0.0245442668013
0 0.487000013387 0.420319980821 0.0296942611917 0.0197961741278
0 0.629000010266 0.228959985028 0.0267315922451 0.0178210614967
0 0.6638000095 0.248579984597 0.0275641194336 0.0183760796224
0 0.734600007944 0.0303199893953 0.0796089902252 0.0530726601501
