0 0.604800010798 0.250127984563 0.25619775187 0.170798501247
0 0.304200017406 0.842281971544 0.185129709022 0.123419806015
0 0.103600021817 0.809789972258 0.0246562597635 0.016437506509
0 0.0222000236062 0.877335970773 0.0200624707033 0.0133749804688
0 0.179800020141 0.815469972134 0.0205143999007 0.0136762666005
0 0.396000015388 0.966117968822 0.0374284041458 0.0249522694305
0 0.477600013594 0.889553970505 0.0223728696851 0.0149152464567
0 0.601200010877 0.828115971856 0.0242747713691 0.0161831809128
0 0.646400009883 0.83290397175 0.0205528851148 0.0137019234099
0 0.689200008942 0.929677969623 0.0255070896888 0.0170047264592
0 0.764600007284 0.873281970863 0.0600889730661 0.0400593153774
0 0.688000008968 0.894343970399 0.0390097606022 0.0260065070681
0 0.770000007166 0.920539969824 0.0892375159011 0.0594916772674
0 0.86760000502 0.980625968503 0.0553794315625 0.0369196210417
0 0.838400005662 0.9352779695 0.101879958187 0.0679199721244
0 0.785200006831 0.960213968951 0.11647663809 0.07765109206
0 0.798200006546 0.827745971864 0.0322651526379 0.0215101017586
0 0.786800006796 0.847877971421 0.0299926452678 0.0199950968452
0 0.734200007953 0.859565971164 0.0325644271174 0.0217096180783
0 0.831000005825 0.894213970402 0.0228303391705 0.0152202261137
0 0.798400006541 0.879485970726 0.0274369896133 0.0182913264089
0 0.764000007298 0.823427971959 0.0603656906592 0.0402437937728
0 0.93900000345 0.981929968474 0.0291185659202 0.0194123772802
0 0.921000003846 0.696995974738 0.0232133115706 0.015475541047
0 0.941200003402 0.78650997277 0.0234635149288 0.0156423432859
0 0.825000005956 0.774999973023 0.109341538764 0.0728943591757
0 0.801600006471 0.739529973803 0.0642724840217 0.0428483226811
0 0.769400007179 0.773739973051 0.0883683832391 0.0589122554928
0 0.77480000706 0.672861975269 0.0220092882926 0.0146728588618
0 0.693600008845 0.73330597394 0.029066724655 0.0193778164367
0 0.676000009232 0.643319975918 0.131302844206 0.0875352294705
0 0.647600009857 0.607955976696 0.0358060891325 0.0238707260884
0 0.822800006005 0.687275974952 0.0347617448662 0.0231744965775
0 0.760600007372 0.74012797379 0.0393990647598 0.0262660431732
0 0.507600012935 0.662559975495 0.142716826586 0.0951445510576
0 0.604200010811 0.572909977466 0.0283274919572 0.0188849946381
0 0.556200011866 0.573739977448 0.041121797491 0.0274145316607
0 0.36680001603 0.736165973877 0.0417725834501 0.0278483889667
0 0.346600016474 0.742685973734 0.0210910845094 0.0140607230062
0 0.325200016945 0.753657973493 0.0239151473252 0.0159434315501
0 0.0978000219442 0.738141973834 0.0524903692978 0.0349935795319
0 0.0116000238393 0.471035979706 0.0222137842758 0.0148091895172
0 0.0186000236854 0.49268997923 0.0290309106512 0.0193539404341
0 0.114200021584 0.428395980643 0.0229699346385 0.015313289759
0 0.0518000229555 0.406017981135 0.0256634049541 0.0171089366361
0 0.133400021161 0.455735980042 0.0211203688882 0.0140802459255
0 0.0520000229511 0.544303978095 0.0231771018319 0.0154514012213
0 0.182400020084 0.618895976455 0.0283839831069 0.0189226554046
0 0.179200020155 0.658135975593 0.0210451792669 0.0140301195113
0 0.234400018941 0.584149977219 0.0229757717275 0.0153171811517
0 0.282000017894 0.565863977621 0.0246391442313 0.0164260961542
0 0.278800017965 0.552487977915 0.0232104424929 0.0154736283286
0 0.313800017195 0.615105976539 0.0982155524191 0.0654770349461
0 0.228600019068 0.616015976519 0.0218550506353 0.0145700337568
0 0.142200020968 0.573743977448 0.0336989989293 0.0224659992862
0 0.275800018031 0.478865979534 0.0261270083296 0.0174180055531
0 0.40500001519 0.583057977243 0.0261342304906 0.0174228203271
0 0.326000016927 0.477123979572 0.0292199729753 0.0194799819835
0 0.304800017393 0.471011979707 0.026618511012 0.017745674008
0 0.422600014803 0.457563980002 0.0303816526243 0.0202544350829
0 0.31860001709 0.443707980307 0.0248097059512 0.0165398039675
0 0.44460001432 0.498569979101 0.0381576445387 0.0254384296925
0 0.315000017169 0.52088397861 0.0463553908683 0.0309035939122
0 0.463000013915 0.582713977251 0.131288004149 0.0875253360993
0 0.549800012007 0.514927978741 0.0475366593924 0.0316911062616
0 0.52920001246 0.499259979086 0.042075518477 0.0280503456513
0 0.669800009369 0.529717978416 0.0531434307323 0.0354289538215
0 0.645200009909 0.552325977919 0.0291004610509 0.0194003073673
0 0.64380000994 0.581679977273 0.0448992844916 0.0299328563277
0 0.549800012007 0.558447977784 0.0383481908685 0.025565460579
0 0.757400007443 0.540257978184 0.0248248428092 0.0165498952061
0 0.752800007544 0.516621978704 0.0390510159602 0.0260340106401
0 0.633000010178 0.459693979955 0.0427812126463 0.0285208084309
0 0.621800010424 0.451157980143 0.0352124868591 0.0234749912394
0 0.614000010595 0.431037980585 0.0352997463933 0.0235331642622
0 0.558800011809 0.439537980399 0.0370732321189 0.0247154880792
0 0.640600010011 0.407885981094 0.0733461894395 0.0488974596263
0 0.596400010982 0.406763981119 0.0440068034735 0.0293378689823
0 0.611600010648 0.393299981415 0.0759936555789 0.0506624370526
0 0.669400009377 0.429271980624 0.0273729795015 0.018248653001
0 0.694800008819 0.4530959801 0.0321322846624 0.0214215231082
0 0.676800009215 0.443875980303 0.0232598104153 0.0155065402769
0 0.752000007561 0.476021979596 0.0684742977141 0.0456495318094
0 0.799000006528 0.516151978714 0.104572933834 0.0697152892225
0 0.820200006062 0.456589980024 0.0228824772368 0.0152549848246
0 0.785000006836 0.454291980074 0.0683614143484 0.0455742762323
0 0.771200007139 0.424147980737 0.0538133108978 0.0358755405985
0 0.874000004879 0.44220398034 0.0292931839223 0.0195287892815
0 0.875000004857 0.473837979644 0.0376924582238 0.0251283054825
0 0.838000005671 0.49903997909 0.0225356156417 0.0150237437612
0 0.897400004365 0.44809398021 0.0248228641349 0.01654857609
0 0.950000003208 0.468337979765 0.0425772113317 0.0283848075545
0 0.923400003793 0.46449797985 0.0245040997141 0.0163360664761
0 0.923000003802 0.476587979584 0.0238382758308 0.0158921838872
0 0.919600003877 0.492935979225 0.031982499022 0.0213216660147
0 0.847400005464 0.442149980341 0.0406257438578 0.0270838292386
0 0.73340000797 0.501707979032 0.0206943603233 0.0137962402155
0 0.700000008705 0.468489979762 0.0298174336635 0.019878289109
0 0.727800008093 0.462701979889 0.0431503343267 0.0287668895511
0 0.739400007838 0.399469981279 0.0219460696505 0.0146307131003
0 0.969000002791 0.65914397557 0.0320145535448 0.0213430356965
0 0.984400002452 0.592193977042 0.0465021095635 0.0310014063757
0 0.923800003784 0.38760598154 0.0651299425057 0.0434199616704
0 0.982000002505 0.253971984478 0.0258265466456 0.0172176977637
0 0.984600002448 0.17337198625 0.032923160758 0.0219487738387
0 0.972400002716 0.153421986689 0.041914256526 0.027942837684
0 0.964200002896 0.138317987021 0.0366380227187 0.0244253484792
0 0.965600002865 0.201805985625 0.0384565232834 0.0256376821889
0 0.941400003397 0.184049986015 0.0450100902493 0.0300067268329
0 0.913000004022 0.171943986282 0.0420666144429 0.0280444096286
0 0.911400004057 0.145727986858 0.0589870493792 0.0393246995861
0 0.914000004 0.343379982513 0.0776050878838 0.0517367252559
0 0.844600005526 0.29938798348 0.0237431015996 0.0158287343997
0 0.963800002905 0.337333982646 0.0378107829436 0.0252071886291
0 0.90080000429 0.232357984953 0.0278606237691 0.0185737491794
0 0.869200004985 0.246907984634 0.0326583152103 0.0217722101402
0 0.869600004976 0.268367984162 0.0206612175297 0.0137741450198
0 0.873000004901 0.223549985147 0.0269508293514 0.0179672195676
0 0.861800005147 0.214869985338 0.0223689123366 0.0149126082244
0 0.84940000542 0.233995984917 0.0370875775071 0.0247250516714
0 0.873800004884 0.290655983672 0.0281443656558 0.0187629104372
0 0.840400005618 0.195173985771 0.0602903031705 0.040193535447
0 0.806800006357 0.20341198559 0.0397007136484 0.0264671424323
0 0.768200007205 0.206259985527 0.0263044954094 0.0175363302729
0 0.781800006906 0.254031984477 0.0234514450159 0.0156342966773
0 0.782000006902 0.233713984924 0.0239218748176 0.0159479165451
0 0.811800006247 0.236847984855 0.0209156750376 0.0139437833584
0 0.823400005992 0.316923983094 0.0519338671665 0.034622578111
0 0.809800006291 0.25023398456 0.0209364511171 0.0139576340781
0 0.722600008208 0.239049984806 0.0817710875724 0.0545140583816
0 0.694000008837 0.187973985929 0.0371997683368 0.0247998455579
0 0.708000008529 0.208539985477 0.0210248978559 0.0140165985706
0 0.759600007394 0.181905986063 0.0268666367623 0.0179110911749
0 0.772000007122 0.291101983662 0.108686597589 0.0724577317257
0 0.675600009241 0.36306398208 0.104474000121 0.0696493334143
0 0.740400007816 0.328803982833 0.0487565120643 0.0325043413762
0 0.708200008524 0.361141982122 0.055501317896 0.0370008785973
0 0.73840000786 0.300903983446 0.0895893241818 0.0597262161212
0 0.718000008309 0.31030198324 0.114127951762 0.0760853011743
0 0.74340000775 0.26619198421 0.0213075514717 0.0142050343145
0 0.76480000728 0.376905981776 0.0330366377259 0.0220244251506
0 0.522600012605 0.346309982448 0.0443597000251 0.02957313335
0 0.565200011668 0.37486598182 0.0253649219443 0.0169099479628
0 0.552200011954 0.359089982167 0.0456291184868 0.0304194123245
0 0.440800014403 0.417571980881 0.0249448494021 0.0166298996014
0 0.481600013506 0.335087982695 0.0692357904972 0.0461571936648
0 0.378200015779 0.385645981583 0.0437280082724 0.029152005515
0 0.344800016514 0.423911980742 0.0235669995918 0.0157113330612
0 0.362400016127 0.307683983297 0.0336301410656 0.0224200940437
0 0.355800016272 0.368577981959 0.0211549956875 0.0141033304583
0 0.229400019051 0.435535980487 0.0210267775964 0.0140178517309
0 0.247600018651 0.4349119805 0.0308011315642 0.0205340877095
0 0.269600018167 0.428711980637 0.0291143117706 0.0194095411804
0 0.428600014671 0.344473982489 0.0241821694145 0.0161214462763
0 0.363400016105 0.357697982198 0.0244000214488 0.0162666809659
0 0.133800021153 0.285053983795 0.0203235567698 0.0135490378466
0 0.181200020111 0.345583982464 0.0385778160146 0.0257185440097
0 0.243400018743 0.236239984868 0.0222870941566 0.0148580627711
0 0.213400019403 0.203329985592 0.0724220496335 0.0482813664223
0 0.189000019939 0.193677985804 0.0501791788462 0.0334527858975
0 0.175200020242 0.18292598604 0.076280365477 0.0508535769846
0 0.143600020937 0.143735986902 0.11329295123 0.0755286341535
0 0.0556000228719 0.274437984028 0.0198357146348 0.0132238097565
0 0.0444000231182 0.141729986946 0.0292564795151 0.0195043196767
0 0.087800022164 0.114573987543 0.0775590837076 0.0517060558051
0 0.0468000230654 0.0558299888345 0.0269926783117 0.0179951188745
0 0.0184000236898 0.0483659889985 0.0339983723426 0.0226655815617
0 0.0512000229687 0.0281659894427 0.0263254693564 0.0175503129042
0 0.0908000220981 0.157273986604 0.0343301960134 0.0228867973423
0 0.191400019886 0.0907879880659 0.0396522361294 0.0264348240863
0 0.165400020458 0.102241987814 0.0380689999325 0.0253793332884
0 0.263000018312 0.151119986739 0.0338151471075 0.022543431405
0 0.251600018563 0.136505987061 0.0407969981137 0.0271979987425
0 0.220000019258 0.134473987105 0.117831040611 0.0785540270737
0 0.271800018119 0.0626159886853 0.141102228403 0.0940681522685
0 0.213400019403 0.0632059886723 0.0274640974505 0.0183093983003
0 0.214800019372 0.0799059883051 0.0350359891165 0.0233573260777
0 0.187200019979 0.0754359884034 0.0266349340082 0.0177566226722
0 0.319000017081 0.125985987292 0.0221594696678 0.0147729797785
0 0.188200019957 0.0315799893676 0.0213843240324 0.0142562160216
0 0.328200016879 0.160555986532 0.0308287340699 0.02055248938
0 0.327600016892 0.090963988062 0.0257202918386 0.0171468612257
0 0.384200015648 0.0455039890615 0.0367050008419 0.0244700005613
0 0.499000013124 0.23432398491 0.0308509941552 0.0205673294368
0 0.398600015331 0.0645279886432 0.069380233717 0.0462534891447
0 0.45140001417 0.0404019891736 0.0439166748617 0.0292777832411
0 0.473400013686 0.0598259887466 0.0451652183101 0.0301101455401
0 0.536600012297 0.115089987532 0.047147948837 0.0314319658913
0 0.701400008674 0.128211987243 0.0953894119954 0.0635929413303
0 0.625000010354 0.0910219880607 0.03133616508 0.02089077672
0 0.621200010437 0.0752679884071 0.0286288440447 0.0190858960298
0 0.801000006484 0.105241987748 0.0320596673176 0.0213731115451
0 0.747000007671 0.0869779881497 0.0285670104745 0.0190446736497
0 0.741400007794 0.0990779878836 0.0284860826979 0.0189907217986
0 0.725200008151 0.0844799882046 0.0259038138748 0.0172692092499
0 0.761400007355 0.105811987736 0.032182246187 0.0214548307914
0 0.693800008841 0.0738479884383 0.0266086176408 0.0177390784272
0 0.684000009056 0.0176179896745 0.0239804435752 0.0159869623835
0 0.676800009215 0.0363659892624 0.0409312511612 0.0272875007742
0 0.702000008661 0.0370679892469 0.0466369562133 0.0310913041422
0 0.706000008573 0.051345988933 0.0529536758722 0.0353024505815
0 0.538600012253 0.00991998984379 0.0223236006964 0.0148824004643
0 0.610200010679 0.0497639889678 0.0408433980248 0.0272289320165
0 0.593600011044 0.0359399892717 0.0440589415399 0.0293726276932
0 0.578400011378 0.0256159894987 0.0285414855768 0.0190276570512
0 0.560600011769 0.0169559896891 0.0389804762234 0.0259869841489
0 0.832200005798 0.0705719885103 0.0346377809247 0.0230918539498
0 0.958600003019 0.123377987349 0.0312929310478 0.0208619540318
0 0.921800003828 0.0415919891475 0.0202991201429 0.0135327467619
0 0.90760000414 0.0859099881731 0.117071229701 0.078047486467
0 0.936200003512 0.130417987195 0.0372630859127 0.0248420572751
0 0.921200003841 0.0163359897027 0.0207458058537 0.0138305372358
0 0.854200005314 0.037701989233 0.0292314492859 0.0194876328573
0 0.964800002883 0.0414859891498 0.0210228202479 0.0140152134986
0 0.588800011149 0.461123979924 0.0491826195629 0.0327884130419
0 0.607000010749 0.463517979871 0.0381538850576 0.0254359233718
0 0.758200007425 0.575841977402 0.0371511918841 0.0247674612561
0 0.462400013928 0.145591986861 0.0829952933276 0.0553301955517
