0 0.151199998785 0.931760009047 0.148642946146 0.0990953039662
0 0.169399998385 0.813400003842 0.415696676645 0.277131136042
0 0.8327999838 0.530919991421 0.119967011545 0.0799780129718
0 0.812999984235 0.41149998617 0.182274470065 0.121516321391
0 0.745599985717 0.299939981265 0.438241689503 0.292161145605
0 0.903599982243 0.239359978601 0.138792117068 0.092528084148
0 0.541599990202 0.248299978995 0.184334269818 0.122889521317
0 0.362999994128 0.177099975864 0.145405835295 0.0969372299233
0 0.592799989076 0.836120004841 0.146007352225 0.0973382412369
0 0.508599990927 0.859040005849 0.106225119822 0.0708167512187
0 0.595399989019 0.636699996073 0.158191038084 0.105460699012
0 0.536199990321 0.601519994526 0.100330649636 0.0668871041687
0 0.405999993183 0.60979999489 0.10910013331 0.0727334270038
0 0.968399980819 0.935640009217 0.0497182434017 0.0331454977873
0 0.942199981395 0.928620008909 0.0214526858127 0.0143017914851
0 0.94059998143 0.87134000639 0.0201470576984 0.0134313726848
0 0.659799987603 0.947860009755 0.0215056153452 0.0143370778424
0 0.632999988192 0.947920009757 0.0212139587808 0.01414264012
0 0.897999982366 0.881060006817 0.026212881063 0.0174752551946
0 0.91419998201 0.899620007633 0.0451201015614 0.0300800696915
0 0.859799983206 0.868760006276 0.0350750656194 0.0233833786219
0 0.847399983479 0.846180005284 0.0221502673716 0.0147668458884
0 0.744599985739 0.878420006701 0.0265368889492 0.0176912604663
0 0.687599986992 0.918740008474 0.0198491683105 0.0132327797464
0 0.700399986711 0.946560009697 0.0695197256661 0.0463464868342
0 0.774399985084 0.841280005068 0.0311647109012 0.0207764753045
0 0.673799987295 0.861960005977 0.0530732832298 0.0353821911535
0 0.660799987581 0.912840008215 0.0242191690255 0.0161461137486
0 0.635599988135 0.903260007793 0.0265593469004 0.0177062324347
0 0.651799987779 0.930320008983 0.0280673933765 0.0187115968185
0 0.719599986288 0.843260005155 0.0338597639785 0.0225731774745
0 0.846599983496 0.96232001039 0.0883601659131 0.0589067811607
0 0.880799982744 0.91774000843 0.0480553656761 0.0320369125638
0 0.890799982525 0.934840009182 0.0710475588834 0.0473650423796
0 0.836799983712 0.923500008683 0.145421664688 0.0969477828526
0 0.748599985651 0.942360009513 0.0234836958572 0.0156557982707
0 0.520399990668 0.906520007937 0.020069196872 0.0133794654638
0 0.465399991877 0.950980009892 0.0199859936255 0.0133239966291
0 0.527799990505 0.976460011012 0.0581428441778 0.0387618986751
0 0.580999989336 0.923220008671 0.0483836277117 0.0322557539352
0 0.504999991006 0.95276000997 0.0322699982614 0.0215133335932
0 0.404199993223 0.949440009824 0.0388554214484 0.0259036160074
0 0.366799994045 0.863280006036 0.0336267751015 0.0224178515463
0 0.330999994832 0.893660007371 0.0675034567437 0.0450023074639
0 0.353199994344 0.929840008962 0.0206531036031 0.0137687366435
0 0.44979999222 0.838480004945 0.0464489790965 0.0309659881067
0 0.346599994489 0.83450000477 0.0775440406689 0.0516960305222
0 0.285399995834 0.841800005091 0.0379281158247 0.0252854122175
0 0.297799995562 0.789820002805 0.0230376037782 0.0153584035317
0 0.267599996226 0.768620001873 0.023515354643 0.0156769041293
0 0.25559999649 0.970880010767 0.0628038089213 0.041869208709
0 0.205799997584 0.974840010941 0.0205543677648 0.013702912747
0 0.0770000004162 0.984220011353 0.0249761108079 0.0166507416368
0 0.0498000010142 0.890580007236 0.0286119244927 0.0190746175866
0 0.101799999871 0.85770000579 0.0681325761783 0.045421720448
0 0.0720000005261 0.842180005108 0.0223241928263 0.0148827961991
0 0.0372000012912 0.949920009845 0.031632073727 0.0210880505422
0 0.0376000012824 0.705159999083 0.0237458701773 0.0158305811623
0 0.0878000001787 0.799620003236 0.248581818307 0.165721223135
0 0.0362000013132 0.683119998114 0.0911886805594 0.0607924577159
0 0.137199999093 0.670439997556 0.0324119681291 0.0216079801779
0 0.12959999926 0.679739997965 0.0217015040825 0.0144676703426
0 0.26059999638 0.748600000993 0.0281224005169 0.0187482682478
0 0.26559999627 0.70623999913 0.0321349537531 0.0214233039151
0 0.183399998077 0.658399997027 0.0273942484428 0.0182628334998
0 0.11319999962 0.605599994705 0.0287607207861 0.019173815122
0 0.0434000011549 0.586719993875 0.0209184438018 0.013945630121
0 0.251599996578 0.837360004896 0.0212748030098 0.014183202942
0 0.401399993284 0.671979997624 0.0663228808334 0.0442152568052
0 0.38019999375 0.707799999199 0.0838014986214 0.0558676694324
0 0.417799992924 0.755880001313 0.0429964895683 0.0286643282694
0 0.458999992018 0.650339996672 0.0893928359334 0.0595952278862
0 0.470199991772 0.617279995219 0.0406660071966 0.0271106732525
0 0.461599991961 0.603399994608 0.0334078348108 0.0222718913428
0 0.440999992414 0.573139993278 0.032687003831 0.0217913373246
0 0.431999992611 0.551779992339 0.0354789130061 0.0236526102308
0 0.421199992849 0.573299993285 0.0253200043689 0.0168800040259
0 0.491799991297 0.583239993722 0.0379299955651 0.0252866653779
0 0.590399989129 0.574899993355 0.0476675455497 0.0317783657958
0 0.663199987528 0.668959997491 0.0614726559109 0.0409817733103
0 0.68679998701 0.664639997301 0.0788438316945 0.0525625579298
0 0.740199985836 0.682059998067 0.0366994581335 0.024466307036
0 0.659399987612 0.573999993316 0.0434849252734 0.0289899520943
0 0.733399985985 0.602199994556 0.0321600829144 0.0214400566903
0 0.494999991226 0.68643999826 0.110710774039 0.0738071875606
0 0.60219998887 0.696839998717 0.0472852657109 0.0315235125531
0 0.557199989859 0.77172000201 0.0815763806462 0.0543842573511
0 0.56759998963 0.818760004078 0.0236361526977 0.0157574361711
0 0.628799988285 0.808000003605 0.0322850361847 0.021523358876
0 0.732999985994 0.782800002497 0.0421115275707 0.0280743535655
0 0.722199986231 0.76786000184 0.0233374718402 0.0155583155863
0 0.71179998646 0.76400000167 0.0394099448689 0.0262732983121
0 0.776799985031 0.76990000193 0.0585286856301 0.0390191263269
0 0.686999987005 0.732040000265 0.0217336575369 0.0144891059802
0 0.669799987383 0.744420000809 0.0373766593491 0.0249177745429
0 0.685599987036 0.760920001535 0.0269742748621 0.0179828510941
0 0.698199986759 0.780160002381 0.0336544765391 0.0224363191726
0 0.717399986337 0.804180003437 0.0476874312246 0.0317916229132
0 0.708399986535 0.818420004063 0.0533770097063 0.0355846754846
0 0.636599988113 0.789420002788 0.0426868270694 0.0284578865899
0 0.640799988021 0.771060001981 0.060491332484 0.0403275576492
0 0.632399988206 0.744920000831 0.0656717981161 0.0437812016317
0 0.751399985589 0.816800003992 0.0337824967543 0.0225216659883
0 0.853599983342 0.824100004313 0.0210504213652 0.0140336151691
0 0.83459998376 0.818620004072 0.0668257608596 0.0445505101781
0 0.817599984134 0.727360000059 0.0205612931242 0.0137075296536
0 0.878399982797 0.736640000467 0.0253238627834 0.0168825763025
0 0.949599981232 0.777680002272 0.0222782875868 0.0148521927041
0 0.940199981438 0.722879999862 0.0236352622944 0.0157568425688
0 0.818399984116 0.673399997686 0.062645910727 0.0417639432392
0 0.779799984965 0.793080002949 0.0424271260919 0.0282847525935
0 0.738599985871 0.74354000077 0.0790168667458 0.0526779146383
0 0.92239998183 0.717859999641 0.0255028338571 0.0170018903594
0 0.91419998201 0.730720000207 0.0304163763512 0.0202775855716
0 0.890599982529 0.740360000631 0.026584673929 0.0177231171216
0 0.88599998263 0.602499994569 0.0520033152025 0.0346688790883
0 0.93919998146 0.60821999482 0.0220783425676 0.0147188960159
0 0.978399980599 0.599639994443 0.0282993929164 0.0188662631886
0 0.959999981003 0.47971998917 0.0214491241993 0.014299417076
0 0.952799981161 0.471839988824 0.023552355849 0.0157015716016
0 0.924799981777 0.39191998531 0.0269973264155 0.0179982187974
0 0.895199982428 0.392479985334 0.0241196417175 0.0160797622056
0 0.98699998041 0.365819984162 0.0343327660255 0.0228885121933
0 0.95739998106 0.504199990247 0.0321074501829 0.0214049682004
0 0.959799981008 0.558979992655 0.0447940160674 0.0298626793479
0 0.919599981891 0.525319991175 0.0510200131015 0.034013344311
0 0.911999982058 0.496819989922 0.0683501313972 0.0455667572702
0 0.890399982533 0.442659987541 0.0371868055678 0.024791205347
0 0.781199984934 0.448599987802 0.0393078452846 0.0262052319181
0 0.73679998591 0.440899987463 0.0403319080724 0.0268879404883
0 0.712799986438 0.435239987214 0.0278866414962 0.018591095557
0 0.730999986038 0.406219985938 0.0309868280983 0.0206578867614
0 0.804199984428 0.477919989091 0.0683615087733 0.0455743421881
0 0.782999984895 0.553279992405 0.0257703505973 0.0171802348647
0 0.777599985013 0.531759991458 0.0672688849274 0.0448459262428
0 0.715799986372 0.474519988942 0.103847742874 0.0692318331487
0 0.613199988628 0.475479988984 0.0362071640139 0.0241381109346
0 0.571599989542 0.492739989743 0.0247922919826 0.0165281957452
0 0.574999989468 0.528959991335 0.0324854758724 0.0216569853434
0 0.491999991292 0.507039990371 0.0428464071367 0.0285642733085
0 0.543199990167 0.421879986627 0.0223756383532 0.0149170932194
0 0.442199992387 0.485779989437 0.0439202335785 0.0292801576502
0 0.442799992374 0.419479986521 0.0203167290037 0.0135444868958
0 0.525999990545 0.513959990676 0.0441151329788 0.0294100905923
0 0.474199991684 0.499639990046 0.0601106355844 0.0400737596994
0 0.523199990606 0.451099987912 0.100195110459 0.0667967447115
0 0.52259999062 0.480239989193 0.119826525683 0.0798843557242
0 0.664799987493 0.435759987237 0.0821188341547 0.0547458930472
0 0.69539998682 0.418459986477 0.0301026575704 0.0200684397039
0 0.660599987586 0.404059985843 0.0251161020014 0.0167440691053
0 0.536799990307 0.374759984555 0.0297542130589 0.0198361433476
0 0.488999991358 0.380399984803 0.0207485746291 0.0138323839984
0 0.513399990822 0.324099982327 0.0246115401023 0.0164076944837
0 0.572399989525 0.303619981427 0.0259747476333 0.0173164995643
0 0.662799987537 0.31505998193 0.038810505546 0.0258736720705
0 0.683199987089 0.289759980818 0.0273365700924 0.0182243812636
0 0.764599985299 0.333919982759 0.0201952384131 0.0134634931634
0 0.480199991552 0.434339987175 0.0815812283978 0.0543874891857
0 0.380799993737 0.460439988322 0.0222851140125 0.0148567436549
0 0.413999993007 0.500939990103 0.0392227622977 0.0261485099231
0 0.386799993605 0.546979992128 0.0335282371306 0.0223521595613
0 0.350799994397 0.592219994117 0.0282143099295 0.0188095411936
0 0.296999995579 0.552779992383 0.0613896505319 0.0409264363872
0 0.257199996454 0.576119993409 0.0535205625133 0.0356803773622
0 0.293199995663 0.50405999024 0.0262419675724 0.0174946462022
0 0.259599996402 0.45719998818 0.0291049111483 0.0194032753786
0 0.241799996793 0.457379988188 0.0199692738292 0.0133128500976
0 0.36199999415 0.43923998739 0.0366377235011 0.0244251506117
0 0.436999992501 0.350859983504 0.0991889546717 0.0661259741426
0 0.417599992928 0.326179982419 0.0515831437544 0.0343887647711
0 0.451999992172 0.3120999818 0.0680393806275 0.0453595900767
0 0.411199993069 0.30437998146 0.0199050658542 0.0132700447781
0 0.320799995056 0.420099986549 0.116017578013 0.0773450571101
0 0.365399994076 0.404119985846 0.0830422813638 0.0553615245606
0 0.270399996164 0.391119985274 0.0603757779157 0.0402505212652
0 0.274399996076 0.352919983595 0.0263748355392 0.0175832248525
0 0.389599993544 0.533499991535 0.0344961055736 0.0229974052326
0 0.344799994529 0.560479992721 0.11123809069 0.0741587320181
0 0.269399996186 0.512159990597 0.0628639606144 0.0419093098404
0 0.261199996366 0.496599989912 0.0995124678894 0.0663416496352
0 0.228199997092 0.470759988776 0.0383777695172 0.0255851813656
0 0.349999994414 0.606739994755 0.0320387901912 0.0213591948695
0 0.357799994243 0.618959995293 0.0256241265803 0.0170827521802
0 0.171999998328 0.538559991757 0.0758039946528 0.0505359997684
0 0.120999999449 0.532659991498 0.0283045374691 0.0188696928906
0 0.119999999471 0.569599993122 0.0213426715319 0.0142284486264
0 0.198999997734 0.512479990611 0.0515840341577 0.0343893583733
0 0.0704000005613 0.519459990918 0.0220715161419 0.0147143450651
0 0.13639999911 0.435459987224 0.0470006334395 0.031333757693
0 0.0218000016298 0.294019981005 0.0224626010806 0.0149750683747
0 0.0244000015726 0.282419980495 0.0251323271292 0.0167548858579
0 0.0340000013615 0.134119973974 0.0762420731017 0.0508280520869
0 0.120399999462 0.392459985333 0.0375863988052 0.0250576008562
0 0.186399998011 0.387039985095 0.0219802992652 0.01465353381
0 0.190199997927 0.3371199829 0.0273360754239 0.0182240514846
0 0.160599998578 0.33665998288 0.0238954579404 0.0159303063443
0 0.203799997628 0.282519980499 0.0261568845855 0.0174379242071
0 0.204599997611 0.250779979104 0.0512111530209 0.0341407709324
0 0.281599995918 0.266879979811 0.024166536294 0.0161110252586
0 0.29559999561 0.275079980172 0.0224415282013 0.0149610197876
0 0.292799995672 0.213799977478 0.0213372301781 0.0142248210569
0 0.122999999405 0.219659977735 0.0207353175126 0.0138235459201
0 0.238999996855 0.295539981072 0.125856535046 0.0839043622314
0 0.190199997927 0.316919982012 0.0207116723569 0.013807782482
0 0.175599998248 0.321159982198 0.0199544337734 0.0133029567263
0 0.348199994454 0.319419982122 0.0713743369133 0.0475828944139
0 0.307999995338 0.214379977503 0.0228199496256 0.0152133007538
0 0.415399992976 0.200159976878 0.0231526636779 0.0154351101366
0 0.482799991495 0.285899980648 0.0217123867902 0.0144749254815
0 0.481599991521 0.252579979183 0.0288957652944 0.0192638448002
0 0.489799991341 0.238019978542 0.030939537787 0.0206263598851
0 0.512599990839 0.208599977249 0.0378961602378 0.0252641084915
0 0.556999989863 0.253079979205 0.0271366250732 0.0180910845753
0 0.509599990905 0.250959979111 0.0246540815958 0.0164360554812
0 0.39519999342 0.255579979315 0.101520822115 0.0676805525408
0 0.428399992691 0.270999979993 0.0246387468714 0.016425832331
0 0.461599991961 0.181699976066 0.023958775512 0.0159725180615
0 0.50439999102 0.187499976321 0.0235789690158 0.015719313714
0 0.58079998934 0.249679979055 0.0339249612905 0.0226166423521
0 0.645199987924 0.270199979957 0.0256425282495 0.0170950199605
0 0.779599984969 0.260179979517 0.0230998330791 0.0153998897351
0 0.726199986143 0.172599975666 0.0562889254665 0.0375259527861
0 0.701199986693 0.143079974368 0.0281001404331 0.018733428191
0 0.709799986504 0.152319974774 0.0221994374234 0.014799625925
0 0.66219998755 0.172139975646 0.0208767927117 0.0139178627258
0 0.64219998799 0.170119975557 0.0312872897626 0.0208581945508
0 0.624599988377 0.142019974321 0.0201346909852 0.0134231282088
0 0.615199988584 0.169639975536 0.0266408682739 0.0177605800207
0 0.911399982072 0.274859980162 0.0238734946577 0.0159156641549
0 0.804999984411 0.224599977952 0.0380585104489 0.0253723419727
0 0.915399981984 0.204999977091 0.0431195630982 0.0287463772948
0 0.908199982142 0.185959976253 0.020712661694 0.01380844204
0 0.882599982705 0.1915599765 0.0298149583542 0.0198766402138
0 0.895199982428 0.301259981323 0.0289988542158 0.0193325707523
0 0.860599983189 0.248219978991 0.0552153958258 0.0368102663117
0 0.934799981557 0.174579975753 0.0233895109694 0.0155930083414
0 0.871399982951 0.361339983965 0.0224384612564 0.0149589751575
0 0.809999984301 0.346879983329 0.0198657891731 0.0132438603222
0 0.964599980902 0.261859979591 0.0247103748743 0.0164735843361
0 0.913399982028 0.0983199723998 0.0711351152129 0.0474234132698
0 0.758399985435 0.0417799699137 0.0532529468394 0.0355019669011
0 0.76499998529 0.0283199693219 0.0285419783628 0.0190279868302
0 0.814799984195 0.096459972318 0.0862955184087 0.0575303494002
0 0.764199985308 0.0961199723031 0.0326844315546 0.0217896224736
0 0.756799985471 0.107339972796 0.0266557083297 0.0177704733919
0 0.739199985858 0.0536399704352 0.0303705700455 0.0202470480324
0 0.678399987194 0.0441999700201 0.0376119237013 0.0250746174547
0 0.641999987995 0.0649399709321 0.0228669431358 0.0152446297627
0 0.892799982481 0.105259972705 0.103014721072 0.068676485244
0 0.897399982379 0.0585599706515 0.0467508258326 0.0311672192774
0 0.681799987119 0.0188799689068 0.0234217633574 0.0156145099348
0 0.65859998763 0.0527399703956 0.0202363948347 0.0134909307796
0 0.628199988298 0.0476799701731 0.0378118687205 0.025207914143
0 0.566399989657 0.0955999722802 0.022691731543 0.0151278220264
0 0.558999989819 0.110559972938 0.0407964018207 0.0271976030076
0 0.531999990413 0.0757999714096 0.0295071755957 0.0196714516946
0 0.583399989283 0.105779972728 0.02374834352 0.0158322300576
0 0.510399990888 0.0799999715943 0.0292439130048 0.0194959432891
0 0.527999990501 0.0600399707166 0.0326568290507 0.0217712208031
0 0.600999988896 0.0171599688312 0.0462963243886 0.0308642182947
0 0.636999988104 0.0114399685796 0.0202361969672 0.013490798868
0 0.460599991983 0.0701999711634 0.0943217131519 0.0628811462486
0 0.401399993284 0.0450199700562 0.0417552672964 0.0278368467003
0 0.349199994432 0.0769799714615 0.0731765132966 0.0487843454153
0 0.357199994256 0.0329199695241 0.0465174412208 0.031011629526
0 0.386199993618 0.018839968905 0.0383015905638 0.0255343953933
0 0.321199995047 0.0720999712469 0.0753443486561 0.0502295690837
0 0.289399995747 0.0903799720507 0.0206663607197 0.0137775747218
0 0.284399995856 0.1688199755 0.0312255551302 0.0208170381265
0 0.150399998802 0.1483599746 0.0403876077487 0.0269250736083
0 0.227999997096 0.14403997441 0.0578443611877 0.0385629100019
0 0.115799999563 0.0456599700843 0.026881870781 0.0179212483693
0 0.0442000011373 0.0841399717763 0.0311659970394 0.02077733273
0 0.395799993407 0.417779986447 0.14260700076 0.0950713401106
0 0.765199985286 0.480999989226 0.0909948694299 0.0606632502877
0 0.605599988795 0.556979992567 0.0249549389948 0.0166366270938
0 0.14779999886 0.469799988734 0.0320445283461 0.0213630203064
0 0.807799984349 0.0458199700913 0.12955665564 0.0863711094565
0 0.703399986645 0.0229999690879 0.0354720865804 0.02364805928
