0 0.241399990738 0.76901999514 0.157066192928 0.104710788379
0 0.806400015582 0.924419991724 0.0609147807975 0.0406098511865
0 0.466200000623 0.980759990485 0.0217623526176 0.0145082341215
0 0.413199998292 0.977479990557 0.0536354351583 0.0357569544138
0 0.583400005776 0.978439990536 0.0330707742191 0.0220471813586
0 0.0679999831138 0.917619991873 0.0368857575998 0.0245905034447
0 0.0685999831402 0.935679991476 0.0234694540474 0.0156463016663
0 0.127999985752 0.942599991324 0.0216610444829 0.0144406953695
0 0.14159998635 0.958839990967 0.026515623449 0.0176770811334
0 0.0313999815045 0.820019994019 0.0238309578796 0.0158873042052
0 0.0833999837909 0.806079994325 0.0515987854896 0.0343991880576
0 0.16639998744 0.810379994231 0.0228539873424 0.0152359905567
0 0.295199993104 0.892799992419 0.0225452151858 0.0150301424659
0 0.158799987106 0.871179992894 0.0285910551381 0.0190607021682
0 0.148599986658 0.857399993197 0.0312235826342 0.0208157203832
0 0.145399986517 0.84223999353 0.0281264623641 0.0187509736727
0 0.13659998613 0.828699993828 0.0291319258142 0.0194212825952
0 0.120199985409 0.81493999413 0.0410727317877 0.0273818193858
0 0.228599990175 0.948079991203 0.0269287706858 0.0179525126065
0 0.289799992866 0.950839991143 0.034534399751 0.0230229316488
0 0.342799995197 0.966679990794 0.028707401199 0.0191382662037
0 0.376799996692 0.95051999115 0.0409658833644 0.0273105871083
0 0.378599996771 0.919059991841 0.0246555704799 0.0164370459025
0 0.345999995338 0.919619991829 0.0202581642583 0.0135054419481
0 0.409999998152 0.873759992837 0.0317776114958 0.0211850729333
0 0.456000000174 0.895899992351 0.026988130921 0.017992086094
0 0.473000000922 0.899379992274 0.0207485787346 0.0138323849107
0 0.427399998917 0.893339992407 0.0260951551165 0.0173967689303
0 0.416799998451 0.923939991734 0.0486377980255 0.032425196545
0 0.328399994564 0.943639991301 0.0467359950243 0.0311573279612
0 0.4634000005 0.921119991796 0.032284251103 0.0215228326491
0 0.469400000764 0.944639991279 0.0399753589068 0.0266502375135
0 0.510200002558 0.789459994691 0.026257406426 0.0175049364628
0 0.641600008335 0.799819994463 0.0276252641118 0.0184168415265
0 0.560600004774 0.859379993153 0.0382471845935 0.0254981213806
0 0.556000004571 0.884739992596 0.0285455456244 0.0190303624945
0 0.661200009197 0.932099991555 0.0539406457009 0.0359604280954
0 0.627800007728 0.946379991241 0.0499382818444 0.0332921857004
0 0.582000005715 0.939819991385 0.0629395584192 0.0419597028453
0 0.609800006937 0.927639991653 0.0295211310895 0.0196807527616
0 0.530400003446 0.962179990893 0.0595737341512 0.039715820148
0 0.437399999356 0.861979993096 0.0316103145664 0.0210735416543
0 0.450399999928 0.878159992741 0.0228451822409 0.0152301204894
0 0.497600002004 0.923139991752 0.0414854832896 0.0276569870356
0 0.519000002944 0.923439991745 0.0395526150987 0.0263684083266
0 0.596200006339 0.883619992621 0.0253962872811 0.0169308570707
0 0.585600005873 0.869679992927 0.0337444139545 0.0224962744859
0 0.604800006717 0.861719993102 0.0247314526472 0.0164876340107
0 0.649600008687 0.867839992967 0.0335180535911 0.0223453675869
0 0.763000013673 0.862939993075 0.0342150416857 0.022810026286
0 0.705600011149 0.855359993242 0.043439424364 0.0289596143326
0 0.709400011316 0.834259993706 0.0241586263778 0.0161057498562
0 0.746600012952 0.842519993524 0.0358884067152 0.0239256028988
0 0.957200022212 0.86273999308 0.0253354430401 0.016890294246
0 0.943400021606 0.857899993186 0.0204572189136 0.0136381450429
0 0.903400019847 0.872479992865 0.0240607809235 0.0160405195577
0 0.885800019073 0.857219993201 0.0245394222864 0.0163596137786
0 0.807000015608 0.811399994208 0.0456275415662 0.0304183590379
0 0.872200018475 0.791239994652 0.0324382909133 0.0216255258492
0 0.925400020814 0.782439994845 0.0222571201778 0.0148380791399
0 0.892800019381 0.812799994178 0.0362246824475 0.0241497867055
0 0.83660001691 0.836819993649 0.0203549214417 0.0135699467328
0 0.930600021043 0.814759994134 0.0303281334867 0.0202187543242
0 0.966400022617 0.80629999432 0.0513382929909 0.0342255264032
0 0.964000022511 0.720039996217 0.0218026186438 0.0145350781372
0 0.958600022274 0.752059995513 0.0285285290237 0.0190190180947
0 0.968200022696 0.769139995137 0.0246988045178 0.0164658685925
0 0.936800021315 0.655639997633 0.0454775580386 0.0303183700261
0 0.892200019354 0.701739996619 0.0515282457435 0.0343521615632
0 0.910800020172 0.753859995473 0.0288014871718 0.0192009901814
0 0.857200017815 0.723039996151 0.0907281621115 0.0604854374183
0 0.737200012539 0.719999996218 0.0204735429783 0.013649027752
0 0.711600011413 0.732979995932 0.0275268250552 0.0183512154931
0 0.771400014043 0.749079995578 0.0238808204772 0.0159205459347
0 0.795400015098 0.668339997354 0.0280128864475 0.0186752563999
0 0.828000016531 0.654639997655 0.0256025640983 0.0170683749398
0 0.730600012249 0.649939997758 0.0212688711959 0.0141792465287
0 0.851600017569 0.581699999258 0.0253366302448 0.0168910857158
0 0.887000019126 0.568659999545 0.0275314749403 0.0183543154163
0 0.882000018906 0.581739999257 0.0340767323378 0.0227178200601
0 0.611600007016 0.647299997816 0.0213489085796 0.014232604781
0 0.649600008687 0.67895999712 0.0219987052873 0.0146658025576
0 0.704200011088 0.662779997476 0.0203199978366 0.013546664331
0 0.586800005926 0.754199995466 0.0269266930776 0.0179511275344
0 0.537400003754 0.759859995341 0.0425602003474 0.0283734650269
0 0.496800001968 0.759179995356 0.0202818094187 0.0135212053873
0 0.437599999365 0.717199996279 0.0263959136414 0.0175972746003
0 0.473000000922 0.650839997738 0.0385625853097 0.0257083885109
0 0.50480000232 0.646599997831 0.047694761756 0.0317965057402
0 0.542400003973 0.667259997377 0.0244294079839 0.0162862709151
0 0.512200002645 0.596259998938 0.0250400269364 0.0166933501899
0 0.427999998943 0.627059998261 0.023694330405 0.0157962192282
0 0.400199997721 0.635779998069 0.0204798747367 0.013653248924
0 0.294999993095 0.562919999671 0.0296984203252 0.0197989455776
0 0.276599992286 0.590519999064 0.0206893174331 0.013792877379
0 0.655200008933 0.642779997915 0.0212712456053 0.0141808294682
0 0.645600008511 0.639719997983 0.0543163959895 0.0362109282713
0 0.592400006172 0.722759996157 0.0390452829554 0.0260301869201
0 0.563400004897 0.696099996743 0.028028913711 0.0186859412415
0 0.449199999875 0.618359998452 0.0290111277356 0.0193407505481
0 0.373599996551 0.720079996216 0.0460999501044 0.0307332980426
0 0.205199989147 0.588579999107 0.0401262328379 0.0267508201276
0 0.122999985532 0.633899998111 0.0203612532001 0.0135741679048
0 0.102199984618 0.760739995322 0.0480588378651 0.0320392231302
0 0.0493999822959 0.73627999586 0.0556678306769 0.0371118846702
0 0.179399988012 0.665359997419 0.0550769984695 0.0367179965579
0 0.130399985858 0.695699996752 0.022982700119 0.0153217990688
0 0.222599989912 0.645959997846 0.0257166346836 0.0171444219916
0 0.258799991503 0.614699998533 0.0238429288604 0.0158952848585
0 0.167599987493 0.638899998001 0.0607699418237 0.040513291877
0 0.0459999821464 0.463940001847 0.0265867567975 0.0177245033626
0 0.0307999814781 0.449900002156 0.0338846030433 0.0225897338723
0 0.114399985154 0.518580000646 0.0344422924527 0.0229615267874
0 0.0517999824015 0.396620003327 0.042137555473 0.0280917017958
0 0.115999985224 0.35466000425 0.0457741613471 0.030516105552
0 0.204399989111 0.454420002057 0.0216706410543 0.0144470930833
0 0.330999994678 0.443140002305 0.0269909010653 0.0179939328567
0 0.339399995047 0.463280001862 0.0374267272097 0.0249511498275
0 0.382199996929 0.401200003227 0.0338636290935 0.02257575124
0 0.421599998662 0.377640003745 0.0211614291702 0.0141076185163
0 0.30739999364 0.352960004287 0.0294732471665 0.0196488301483
0 0.270599992022 0.371720003875 0.0324832068246 0.0216554697881
0 0.352999995645 0.506640000909 0.0207625283899 0.0138416846803
0 0.482000001318 0.434580002493 0.0375106230088 0.0250070803565
0 0.386399997114 0.469920001716 0.0431640918065 0.0287760593064
0 0.427599998926 0.545900000045 0.0482662029533 0.0321774665132
0 0.376599996683 0.573659999435 0.0224692340848 0.0149794884019
0 0.32739999452 0.525600000492 0.0277040153572 0.0184693423533
0 0.459800000341 0.347720004402 0.0234383888577 0.0156255915412
0 0.397999997624 0.349860004355 0.0252192948466 0.0168128621221
0 0.294599993077 0.33738000463 0.0223219217678 0.014881280197
0 0.368399996323 0.32190000497 0.0200113246138 0.0133408821959
0 0.262799991679 0.299640005459 0.0204110168639 0.0136073436785
0 0.504400002303 0.3569400042 0.025093451148 0.0167289663286
0 0.498600002047 0.371220003886 0.0360234512502 0.0240156325829
0 0.564200004932 0.352860004289 0.0282647717121 0.0188431798986
0 0.613000007078 0.403380003179 0.0295261767095 0.019684116508
0 0.667800009487 0.467340001773 0.0314662670624 0.0209775099913
0 0.601400006568 0.46698000178 0.0233276820191 0.015551786987
0 0.612400007051 0.442320002323 0.0467053255695 0.0311368816593
0 0.665800009399 0.375880003783 0.0277578353037 0.0185052223153
0 0.768800013928 0.418740002841 0.0645297201857 0.0430198106198
0 0.819600016162 0.374880003805 0.0250968148947 0.0167312088263
0 0.722400011888 0.474580001613 0.0265453035666 0.0176968678772
0 0.782400014526 0.474860001607 0.023779314475 0.0158528752711
0 0.785400014658 0.516900000683 0.0309524052932 0.0206349355012
0 0.704800011114 0.507760000884 0.100880741 0.0672538228978
0 0.642600008379 0.482420001441 0.0248985517092 0.016599033378
0 0.855200017727 0.561479999703 0.0242151175349 0.0161434106252
0 0.828600016558 0.521080000591 0.0243079173692 0.0162052771773
0 0.810800015775 0.503520000977 0.0229625176391 0.015308344083
0 0.886400019099 0.438060002416 0.0246197564713 0.0164131698983
0 0.68060001005 0.354520004253 0.047292497229 0.0315283294065
0 0.95420002208 0.231140006965 0.0323941664718 0.0215961095568
0 0.953000022028 0.16724000837 0.0328556923003 0.0219037934222
0 0.945200021685 0.318560005044 0.0210359812065 0.0140239865461
0 0.962000022423 0.332660004734 0.0316991570517 0.021132769974
0 0.985000023435 0.282520005836 0.020664880803 0.0137765862934
0 0.901000019741 0.214520007331 0.023490131196 0.0156600864311
0 0.83980001705 0.297980005496 0.0318518117898 0.0212345397927
0 0.80660001559 0.314600005131 0.0234418515381 0.0156278999946
0 0.841200017112 0.175840008181 0.0252800401539 0.016853358991
0 0.904800019908 0.13130000916 0.0263478318509 0.0175652200754
0 0.735800012477 0.127000009255 0.0499727107808 0.0333151383232
0 0.887400019143 0.180520008078 0.0231582085477 0.0154388046802
0 0.940000021456 0.206260007512 0.0500764922586 0.0333843259705
0 0.66900000954 0.266600006186 0.0226584943013 0.0151056618712
0 0.85140001756 0.274300006017 0.0513028747173 0.0342019142224
0 0.951800021975 0.298440005486 0.0474064688806 0.0316043105026
0 0.808200015661 0.160080008528 0.0468328511413 0.0312218987016
0 0.716200011615 0.233740006908 0.0258220980347 0.0172147308878
0 0.592200006163 0.210580007417 0.0875650530466 0.0583766981808
0 0.669800009575 0.232500006936 0.0560380406769 0.0373586913206
0 0.517400002874 0.174360008214 0.0544378866041 0.0362919220091
0 0.472600000904 0.214180007338 0.0566461862863 0.0377641217001
0 0.513600002707 0.226240007073 0.0232216250656 0.015481082356
0 0.609200006911 0.28596000576 0.0248845031202 0.0165896676526
0 0.412199998248 0.204460007552 0.073310780841 0.0488738506705
0 0.337799994977 0.246520006627 0.0220728066476 0.0147152034611
0 0.27759999233 0.244040006682 0.0380954202589 0.0253969451642
0 0.272799992119 0.221920007168 0.0250351791838 0.0166901183551
0 0.383999997008 0.248360006587 0.0276713672278 0.0184475769351
0 0.369199996358 0.297440005508 0.0497690062404 0.0331793353052
0 0.696400010745 0.29144000564 0.0447210118414 0.0298140059278
0 0.464200000535 0.135940009058 0.0366124037169 0.0244082675347
0 0.2791999924 0.149020008771 0.0385015432012 0.0256676937745
0 0.371599996463 0.139020008991 0.0208500847367 0.0139000555744
0 0.361799996032 0.146660008823 0.0445939809381 0.0297293186646
0 0.40359999787 0.134220009096 0.0212639245096 0.0141759487381
0 0.0239999811791 0.202220007601 0.0203052567116 0.0135368369149
0 0.07359998336 0.013200011757 0.0205706958965 0.0137137963598
0 0.125999985664 0.0322000113392 0.0320926164771 0.0213950762403
0 0.204799989129 0.134460009091 0.0388792721644 0.0259195130667
0 0.445599999717 0.0266200114619 0.0394395338507 0.0262930208329
0 0.432199999128 0.0912200100417 0.0359105678697 0.0239403770008
0 0.369799996384 0.107020009694 0.0659397236385 0.0439598128596
0 0.498000002021 0.118360009445 0.0302804474311 0.0201869636226
0 0.560400004765 0.0601800107241 0.0198911201375 0.0132607458837
0 0.411399998213 0.0123000117767 0.0308057855123 0.020537188987
0 0.385799997088 0.0294200114004 0.0486531327529 0.032435419696
0 0.456600000201 0.0533800108736 0.0462806030868 0.0308537333562
0 0.600800006541 0.0909600100474 0.0320025867871 0.0213350564509
0 0.507200002426 0.011380011797 0.02118744874 0.014124964895
0 0.600200006515 0.0436600110873 0.0420759197621 0.0280506113246
0 0.777200014298 0.0870800101327 0.048594761855 0.0323965057666
0 0.676200009857 0.176580008165 0.0258023112897 0.0172015397253
0 0.66900000954 0.140340008962 0.0256616275323 0.0171077505599
0 0.812200015837 0.55613999982 0.0600726569279 0.0400484353105
0 0.691400010525 0.594539998976 0.0402162625279 0.0268108399169
0 0.61260000706 0.597439998912 0.0463109757405 0.0308739817907
0 0.643200008406 0.457860001981 0.0204670133524 0.0136446746683
0 0.801200015353 0.489000001296 0.0233147217011 0.0155431467756
0 0.839400017033 0.532640000337 0.033984822907 0.0226565471103
0 0.923000020709 0.229300007006 0.0307096219314 0.0204730799373
0 0.540600003894 0.0806400102743 0.0716849039997 0.0477899328477
