0 0.443799999638 0.770019995118 0.233528111853 0.155685397634
0 0.0957999843362 0.54796 0.124290439078 0.0828602872534
0 0.254599991319 0.347700004403 0.139838863344 0.0932259027471
0 0.390999997316 0.358680004161 0.0918865771009 0.0612577140269
0 0.861600018009 0.258040006374 0.196146003754 0.130763993878
0 0.472600000904 0.194860007763 0.104571958291 0.0697146342625
0 0.291599992946 0.941839991341 0.034105818853 0.022737211069
0 0.236399990518 0.959019990963 0.0256372898359 0.01709152543
0 0.241599990747 0.94411999129 0.0250972106296 0.0167314726495
0 0.0309999814869 0.950219991156 0.021693791546 0.0144625267434
0 0.106199984793 0.934079991511 0.0258006294164 0.0172004184764
0 0.114799985172 0.884659992598 0.0453957398478 0.0302638245691
0 0.207599989252 0.928059991644 0.0276969910627 0.0184646594906
0 0.120999985444 0.910659992026 0.0404233308149 0.0269488854325
0 0.128999985796 0.95413999107 0.0567188036406 0.0378125332665
0 0.0217999810823 0.649719997763 0.0334690813971 0.0223127194597
0 0.132799985963 0.604899998748 0.0285462381605 0.0190308241852
0 0.177999987951 0.61663999849 0.0236828540929 0.0157885683539
0 0.193999988654 0.791479994646 0.0292388731713 0.0194925808285
0 0.162399987265 0.706059996524 0.0233228342666 0.0155485551522
0 0.379999996833 0.843579993501 0.0232995848411 0.0155330555362
0 0.210999989402 0.675939997186 0.0268765336789 0.0179176879375
0 0.329799994625 0.691879996836 0.021820921383 0.0145472799625
0 0.165799987414 0.665879997408 0.0258037952956 0.0172025290624
0 0.229599990219 0.62439999832 0.032679689203 0.0217864580317
0 0.279799992427 0.645579997854 0.0467174944177 0.0311449942242
0 0.353599995672 0.65757999759 0.0264983100471 0.0176655388662
0 0.476800001089 0.683019997031 0.0248439402928 0.0165626257695
0 0.025999981267 0.695259996762 0.0293597701836 0.0195731788314
0 0.177799987942 0.742839995716 0.0225235487 0.0150156981429
0 0.239799990668 0.698819996683 0.0297999263274 0.0198666162412
0 0.144599986482 0.758439995373 0.0562883430019 0.0375255595262
0 0.0901999840899 0.733239995927 0.0462396445245 0.0308264276498
0 0.0807999836766 0.694539996778 0.031143347383 0.0207622302193
0 0.160799987194 0.808379994275 0.024094814125 0.0160632083572
0 0.354799995725 0.887679992531 0.0275272207901 0.0183514793163
0 0.450199999919 0.851619993324 0.0220370915727 0.0146913934128
0 0.701400010965 0.827839993847 0.0213414885502 0.0142276580951
0 0.736000012486 0.877079992764 0.0463332358287 0.0308888218485
0 0.76680001384 0.869179992938 0.052185660348 0.0347904379374
0 0.41359999831 0.924399991724 0.0373385772605 0.0248923831985
0 0.644600008467 0.930599991588 0.054294234835 0.0361961541693
0 0.649400008678 0.955359991043 0.0403568473515 0.0269045631265
0 0.668000009496 0.974759990617 0.0205477432723 0.0136984946113
0 0.685400010261 0.897459992316 0.0363461730621 0.0242307804433
0 0.687600010358 0.806399994318 0.0373862633161 0.0249241739002
0 0.719200011747 0.818279994057 0.0210640783845 0.0140427179968
0 0.731600012293 0.776679994972 0.0201817874224 0.0134545240609
0 0.779200014386 0.788619994709 0.0212765880264 0.0141843910821
0 0.795600015107 0.81905999404 0.0217123910863 0.0144749264362
0 0.904000019873 0.905559992138 0.0283398624096 0.0188932403603
0 0.803000015432 0.924619991719 0.0288326512952 0.0192217662624
0 0.814200015925 0.956139991026 0.046777151454 0.0311847655792
0 0.794200015045 0.972619990664 0.020268354432 0.0135122353968
0 0.745400012899 0.9755399906 0.0502689183543 0.0335126100258
0 0.490400001687 0.939879991384 0.0561330170532 0.0374220089006
0 0.446999999779 0.959339990956 0.0573652366017 0.0382434885454
0 0.712800011466 0.986499990359 0.0387583751521 0.0258389150638
0 0.881200018871 0.984879990394 0.0218001453007 0.0145334292419
0 0.820800016215 0.711539996404 0.0264507229252 0.0176338141204
0 0.935000021236 0.723799996134 0.0275629358649 0.0183752893646
0 0.97420002296 0.71125999641 0.0232513051832 0.0155008690997
0 0.951800021975 0.739479995789 0.0251998049027 0.0167998688271
0 0.94600002172 0.756999995404 0.0299795899725 0.0199863919968
0 0.938400021386 0.781879994857 0.020125395199 0.0134169292477
0 0.958600022274 0.683179997027 0.0479324994979 0.0319549975577
0 0.935200021245 0.640179997973 0.0203511619601 0.0135674404119
0 0.83160001669 0.67895999712 0.0285258578131 0.0190172372878
0 0.546800004167 0.673159997248 0.0210964297127 0.0140642855475
0 0.394599997475 0.641279997948 0.0647923892264 0.043194923302
0 0.627200007702 0.552119999909 0.0310329373456 0.0206886235325
0 0.790200014869 0.571699999478 0.022057175119 0.0147047824428
0 0.847200017376 0.568859999541 0.0253594839353 0.0169063215085
0 0.947000021764 0.539860000178 0.024942181482 0.0166281198913
0 0.746600012952 0.504340000959 0.0213408949479 0.0142272623602
0 0.482000001318 0.548259999994 0.0259987936681 0.0173325279689
0 0.582000005715 0.519640000623 0.0323349051704 0.0215566020251
0 0.638000008177 0.459860001937 0.0388939143557 0.025929274527
0 0.567400005073 0.484460001396 0.0290200317709 0.0193466865713
0 0.902400019803 0.530820000377 0.0978081562942 0.0652054332288
0 0.875200018607 0.479920001496 0.103523260803 0.0690155026499
0 0.220799989832 0.600059998855 0.0461737546635 0.0307825010787
0 0.267399991882 0.580639999282 0.0378488774155 0.0252325832794
0 0.288199992796 0.545520000054 0.0463754805293 0.0309169849804
0 0.265599991802 0.510100000832 0.0225132595925 0.0150088387384
0 0.364199996138 0.54933999997 0.0266985519071 0.0177990334308
0 0.367999996305 0.530420000386 0.0415792724612 0.0277195131459
0 0.376999996701 0.484660001392 0.0246071918882 0.0164047935102
0 0.593200006207 0.429640002601 0.0270156344966 0.0180104218098
0 0.55120000436 0.418280002851 0.0218686074386 0.0145790706641
0 0.308599993693 0.386980003539 0.0314346082703 0.0209564041313
0 0.25099999116 0.398940003276 0.02919395726 0.0194626368896
0 0.225799990052 0.380620003679 0.0280273307714 0.0186848859485
0 0.348999995469 0.400100003251 0.0229889329437 0.015325954285
0 0.292199992972 0.458200001974 0.0280951993069 0.0187301316359
0 0.244599990879 0.446620002228 0.0265468865062 0.0176979231702
0 0.142599986394 0.468900001738 0.0317066760148 0.0211377826157
0 0.048399982252 0.459360001948 0.043155286705 0.0287701892391
0 0.74860001304 0.607419998693 0.0416036101576 0.0277357382757
0 0.717400011668 0.633979998109 0.0683720092747 0.0455813365101
0 0.181999988126 0.492420001221 0.0272742472545 0.0181828303037
0 0.0365999817331 0.39694000332 0.0288319587591 0.0192213045717
0 0.102199984618 0.406140003118 0.0265945725618 0.0177297138718
0 0.172799987722 0.402100003207 0.0313235056968 0.0208823357539
0 0.0715999832721 0.350820004334 0.039681426809 0.0264542827945
0 0.121799985479 0.275200005997 0.0219212401804 0.0146141591564
0 0.0513999823839 0.305180005338 0.0345304424019 0.0230202934163
0 0.924000020753 0.43788000242 0.0516241125233 0.0344160727456
0 0.934200021201 0.414360002937 0.030130661771 0.0200871065225
0 0.968000022687 0.356540004209 0.0307775894006 0.0205183915805
0 0.978400023145 0.340460004562 0.0233464794269 0.0155643185914
0 0.938400021386 0.395820003345 0.0211769617651 0.0141179735789
0 0.841600017129 0.378080003735 0.0237389495151 0.0158259652996
0 0.932600021131 0.329760004797 0.0492041936027 0.0328027935716
0 0.795800015116 0.318120005053 0.0205374541648 0.0136916352068
0 0.705000011123 0.316320005093 0.0209218116876 0.0139478735384
0 0.646000008529 0.341120004548 0.0262879769471 0.0175253168089
0 0.923000020709 0.361700004095 0.038986021654 0.0259906793884
0 0.904400019891 0.347020004418 0.0422036432015 0.0281357602786
0 0.599800006497 0.263360006257 0.0325884723083 0.0217256467726
0 0.770600014007 0.287480005727 0.032070356389 0.0213802361825
0 0.469200000755 0.294720005568 0.0240949130587 0.016063274313
0 0.593200006207 0.281280005863 0.0200532725133 0.0133688474604
0 0.602400006612 0.351180004326 0.0302488875727 0.0201659237184
0 0.641800008344 0.210100007428 0.0741482548256 0.0494321666234
0 0.765400013779 0.230340006983 0.0533668300942 0.0355778843829
0 0.464200000535 0.109000009651 0.039077832151 0.0260518863824
0 0.295599993121 0.138900008993 0.0237301444136 0.0158200952323
0 0.195799988733 0.173040008243 0.0201594284005 0.0134396180473
0 0.0539999824982 0.212780007369 0.0359910009883 0.0239939990764
0 0.124199985585 0.185340007972 0.0200653424278 0.0133768940696
0 0.0885999840196 0.16224000848 0.0235976721554 0.0157317803993
0 0.103799984688 0.123300009336 0.0236860199721 0.0157906789399
0 0.252199991213 0.125520009288 0.0271654201567 0.01811027891
0 0.0319999815308 0.114200009536 0.0500538364355 0.0333692220894
0 0.0163999808449 0.183260008018 0.0222984744749 0.0148656486695
0 0.637800008168 0.0189200116312 0.0464057542493 0.030937167459
0 0.791200014913 0.0314600113555 0.0227173598678 0.0151449055796
0 0.571600005257 0.0561200108133 0.0469789762536 0.0313193154367
0 0.496000001933 0.0438600110829 0.0568104162702 0.0378736083488
0 0.266199991829 0.0800400102875 0.03119558439 0.0207970548883
0 0.328799994581 0.0732000104378 0.0231888780025 0.015459250982
0 0.220799989832 0.0632000106577 0.021702794515 0.0144685287224
0 0.933800021183 0.129680009196 0.0390908914028 0.0260605925497
0 0.940800021491 0.171000008288 0.0240060705734 0.0160040459934
0 0.842000017147 0.164040008441 0.0400482730624 0.0266988469473
0 0.750000013102 0.137600009022 0.0287389610574 0.0191593061079
0 0.334599994836 0.421700002776 0.0421953327685 0.0281302199903
0 0.389199997237 0.032300011337 0.0338720384602 0.0225813574841
0 0.730600012249 0.0581600107685 0.0905315807993 0.0603543832188
