0 0.428400014676 0.199519985675 0.193334281778 0.128889521185
0 0.590000011123 0.304579983366 0.142554575298 0.0950363835322
0 0.131000021214 0.137559987038 0.129569525567 0.0863796837116
0 0.734600007944 0.217279985285 0.0852375269817 0.0568250179878
0 0.550200011998 0.842079971549 0.0954281940106 0.0636187960071
0 0.238400018853 0.551419977939 0.111961303464 0.0746408689757
0 0.256200018462 0.612959976586 0.0969248632093 0.0646165754729
0 0.153200020726 0.321899982985 0.114108165019 0.0760721100127
0 0.060600022762 0.285919983776 0.0993670418959 0.0662446945972
0 0.609000010705 0.76105997333 0.129020443464 0.0860136289763
0 0.773200007095 0.767959973178 0.262221825608 0.174814550405
0 0.980800002531 0.0478799890092 0.0211338238731 0.0140892159154
0 0.950800003191 0.0690999885427 0.0199379131595 0.0132919421064
0 0.919400003881 0.0180799896644 0.0374866761023 0.0249911174015
0 0.859200005205 0.0811799882771 0.0586481024811 0.0390987349874
0 0.827400005904 0.0373999892396 0.0206977240695 0.013798482713
0 0.810400006277 0.161739986506 0.0276128937537 0.0184085958358
0 0.799800006511 0.17519998621 0.0798053736439 0.0532035824293
0 0.717000008331 0.181959986061 0.0231263488375 0.0154175658917
0 0.735800007918 0.241179984759 0.0314285691672 0.0209523794448
0 0.843400005552 0.10559998774 0.154764974063 0.103176649375
0 0.532200012394 0.104099987773 0.038461469969 0.0256409799793
0 0.397600015353 0.0458999890528 0.0215028466197 0.0143352310798
0 0.390200015516 0.0648599886359 0.0289392980337 0.0192928653558
0 0.731400008014 0.145539986862 0.0815044612179 0.0543363074786
0 0.676600009219 0.138279987022 0.0247156199909 0.0164770799939
0 0.69020000892 0.117739987473 0.067065085917 0.044710057278
0 0.666800009435 0.16381998646 0.0268576337945 0.0179050891963
0 0.686800008995 0.171439986293 0.0236969984897 0.0157979989931
0 0.577600011396 0.149359986778 0.143616134031 0.0957440893538
0 0.638000010068 0.108419987678 0.0265523243585 0.0177015495724
0 0.130800021219 0.0595399887529 0.0271143667777 0.0180762445185
0 0.227400019095 0.095059987972 0.0676528511014 0.0451019007343
0 0.349400016413 0.0951399879702 0.0363524010915 0.024234934061
0 0.0554000228763 0.0161799897062 0.0207114758555 0.0138076505703
0 0.0388000232413 0.164699986441 0.0200420903585 0.0133613935724
0 0.0128000238129 0.189819985889 0.0203661971998 0.0135774647999
0 0.105400021777 0.249119984585 0.0203570952983 0.0135713968655
0 0.239200018835 0.365719982021 0.0418420349161 0.0278946899441
0 0.147400020854 0.364319982052 0.0315772665367 0.0210515110245
0 0.109000021698 0.340199982582 0.0241010437705 0.0160673625136
0 0.130400021227 0.349959982368 0.0330147733755 0.022009848917
0 0.102600021839 0.357359982205 0.0228989991668 0.0152659994445
0 0.274200018066 0.369219981944 0.0231680988641 0.0154453992427
0 0.330000016839 0.376879981776 0.0212343405247 0.0141562270165
0 0.543200012152 0.232359984953 0.028610145573 0.019073430382
0 0.67020000936 0.261519984312 0.0198526322996 0.0132350881997
0 0.799000006528 0.300659983452 0.0213756178658 0.0142504119105
0 0.837000005693 0.263719984264 0.0658653167887 0.0439102111925
0 0.77800000699 0.33439998271 0.0227111240472 0.0151407493648
0 0.955200003094 0.337079982651 0.0471974156931 0.0314649437954
0 0.726000008133 0.31847998306 0.0800347019889 0.0533564679926
0 0.985800002421 0.231959984962 0.0343650206801 0.0229100137867
0 0.976600002623 0.249079984586 0.0213076504055 0.0142051002703
0 0.832200005798 0.310499983235 0.0477126624665 0.0318084416443
0 0.973400002694 0.515379978731 0.0237119374802 0.0158079583202
0 0.920600003855 0.418919980852 0.0275304819714 0.0183536546476
0 0.776800007016 0.429039980629 0.0245707810361 0.0163805206908
0 0.735400007926 0.459259979965 0.0855565882037 0.0570377254691
0 0.725200008151 0.35849998218 0.101522807485 0.067681871657
0 0.464400013884 0.365379982029 0.0223701984749 0.0149134656499
0 0.449400014214 0.398199981307 0.020786269742 0.0138575131613
0 0.231600019003 0.411979981004 0.0219972183797 0.0146648122532
0 0.276200018022 0.39035998148 0.0272104314123 0.0181402876082
0 0.304600017398 0.368679981956 0.0283201708625 0.0188801139083
0 0.216000019345 0.405859981139 0.0785211151254 0.0523474100836
0 0.263400018303 0.477179979571 0.209769150055 0.139846100036
0 0.285000017829 0.424239980735 0.0241195443746 0.0160796962498
0 0.113800021592 0.670759975315 0.0229726058487 0.0153150705658
0 0.280800017921 0.656739975623 0.0274774535016 0.0183183023344
0 0.0674000226125 0.763579973274 0.0343636356081 0.0229090904054
0 0.0402000232105 0.765079973241 0.0201876218492 0.0134584145662
0 0.196000019785 0.597619976923 0.0289741227004 0.0193160818002
0 0.0706000225421 0.71967997424 0.0382296682812 0.0254864455208
0 0.40820001512 0.592999977025 0.0220472788381 0.0146981858921
0 0.387600015573 0.605999976739 0.0334961848193 0.0223307898795
0 0.436600014496 0.6577799756 0.029709299116 0.0198061994107
0 0.480400013533 0.598639976901 0.019873804114 0.0132492027427
0 0.498600013132 0.81153997222 0.103415409401 0.068943606267
0 0.665000009474 0.833959971727 0.0310427276895 0.020695151793
0 0.638400010059 0.861599971119 0.0260534016477 0.0173689344318
0 0.616400010543 0.858319971191 0.0258880834146 0.0172587222764
0 0.603000010837 0.854359971279 0.0298192144703 0.0198794763135
0 0.583800011259 0.882619970657 0.0479337793133 0.0319558528755
0 0.748400007641 0.690699974877 0.0257354286966 0.0171569524644
0 0.852000005363 0.70557997455 0.042537242112 0.028358161408
0 0.928800003674 0.722959974167 0.034510848972 0.023007232648
0 0.834600005745 0.689859974895 0.0227611845056 0.0151741230038
0 0.833400005772 0.810879972234 0.023738154914 0.0158254366093
0 0.87260000491 0.806159972338 0.028949488206 0.019299658804
0 0.863200005117 0.83109997179 0.0232086616861 0.0154724411241
0 0.788200006766 0.83745997165 0.0275807402972 0.0183871601981
0 0.901400004277 0.85247997132 0.0201929642697 0.0134619761798
0 0.932000003604 0.842619971537 0.0224190717287 0.0149460478191
0 0.954600003107 0.850039971374 0.0215887210819 0.0143924807213
0 0.919800003872 0.825299971917 0.0244002193163 0.0162668128775
0 0.973400002694 0.795439972574 0.0223366599464 0.014891106631
0 0.989400002342 0.871819970895 0.0242553803615 0.0161702535744
0 0.969800002773 0.889479970506 0.0386059131888 0.0257372754592
0 0.881600004712 0.901479970243 0.024283774337 0.0161891828913
0 0.824600005965 0.894019970407 0.0267789814933 0.0178526543288
0 0.651200009778 0.867259970995 0.020972957657 0.0139819717713
0 0.966000002857 0.962819968894 0.0222948109862 0.0148632073241
0 0.907000004154 0.87929997073 0.0343555230437 0.0229036820292
0 0.886600004602 0.871439970903 0.0434349666168 0.0289566444112
0 0.762800007324 0.906859970124 0.0214942393867 0.0143294929245
0 0.853400005332 0.906819970125 0.0236606898173 0.0157737932115
0 0.808400006321 0.939899969398 0.0290046932174 0.019336462145
0 0.779600006955 0.959119968975 0.039763437622 0.0265089584147
0 0.715000008375 0.907879970102 0.0228094641572 0.0152063094381
0 0.677200009206 0.908839970081 0.0295754418033 0.0197169612022
0 0.643400009949 0.914819969949 0.0211616242462 0.0141077494975
0 0.616000010551 0.912939969991 0.0283300642337 0.0188867094891
0 0.585400011224 0.92889996964 0.057273616417 0.0381824109447
0 0.583800011259 0.905839970147 0.0235935138267 0.0157290092178
0 0.770800007148 0.853279971302 0.0207689563423 0.0138459708949
0 0.780000006946 0.865979971023 0.0591864008094 0.0394576005396
0 0.898000004352 0.829459971826 0.0450109806527 0.0300073204351
0 0.516400012741 0.975939968606 0.0655708900611 0.0437139267074
0 0.511800012842 0.929479969627 0.0207891388196 0.0138594258798
0 0.480000013541 0.906459970133 0.0359535992975 0.0239690661983
0 0.44960001421 0.918979969858 0.0376172686025 0.0250781790683
0 0.448000014245 0.938819969422 0.022724282231 0.0151495214873
0 0.429000014663 0.958159968996 0.0221778713383 0.0147852475589
0 0.34180001658 0.985719968391 0.0366344611051 0.0244229740701
0 0.3136000172 0.971039968713 0.0354935575356 0.0236623716904
0 0.283600017859 0.964579968855 0.0276663179583 0.0184442119722
0 0.290000017719 0.948799969202 0.0259379460055 0.0172919640037
0 0.268600018189 0.938259969434 0.028314828442 0.0188765522947
0 0.329800016844 0.90979997006 0.0392801464377 0.0261867642918
0 0.340600016606 0.925499969715 0.0201877207829 0.013458480522
0 0.358000016224 0.932639969558 0.0203090135141 0.0135393423428
0 0.477400013599 0.960419968947 0.0274356045414 0.0182904030276
0 0.415400014962 0.936559969471 0.0198286903412 0.0132191268942
0 0.196200019781 0.867599970987 0.0277499169451 0.0184999446301
0 0.0802000223311 0.88203997067 0.0204783880295 0.0136522586863
0 0.0714000225246 0.91385996997 0.0208466193064 0.0138977462043
0 0.0356000233116 0.846059971461 0.0326464431649 0.0217642954432
0 0.395200015406 0.919919969837 0.0578015267055 0.038534351137
0 0.365200016065 0.973639968656 0.020599581827 0.0137330545513
0 0.107000021742 0.452459980114 0.0294757166214 0.0196504777476
0 0.538200012262 0.946979969242 0.0473474981346 0.0315649987564
