0 0.878600004778 0.87067997092 0.141566227513 0.0943774850087
0 0.248200018638 0.849939971376 0.142288443612 0.0948589624083
0 0.566200011646 0.257359984404 0.384020108079 0.256013405386
0 0.849000005429 0.156519986621 0.143433106663 0.0956220711087
0 0.46960001377 0.0769799883695 0.202426289932 0.134950859955
0 0.881200004721 0.0752799884068 0.145179286684 0.0967861911227
0 0.623200010393 0.982399968464 0.0388522581323 0.0259015054215
0 0.870000004967 0.945839969267 0.0224927773443 0.0149951848962
0 0.627800010292 0.885339970597 0.0204547428723 0.0136364952482
0 0.538200012262 0.87883997074 0.0298007138661 0.0198671425774
0 0.529000012464 0.902339970224 0.0501160591378 0.0334107060919
0 0.462000013937 0.926279969697 0.0315867641731 0.0210578427821
0 0.255400018479 0.974519968637 0.0493426943093 0.0328951295395
0 0.338000016663 0.936999969462 0.0326643501668 0.0217762334445
0 0.466200013845 0.875099970823 0.0251707150671 0.0167804767114
0 0.389600015529 0.940079969394 0.0301163124081 0.0200775416054
0 0.770400007157 0.91297996999 0.0206867424275 0.0137911616183
0 0.615800010556 0.862359971103 0.0296872368982 0.0197914912654
0 0.498000013146 0.958639968986 0.0293660980682 0.0195773987122
0 0.554800011897 0.952619969118 0.0606269745932 0.0404179830622
0 0.759600007394 0.941839969355 0.0321043853555 0.0214029235703
0 0.784000006858 0.926479969693 0.0202095851333 0.0134730567556
0 0.829200005864 0.928559969647 0.0243524343332 0.0162349562222
0 0.967800002817 0.830859971795 0.019937418491 0.0132916123273
0 0.771000007144 0.838579971625 0.0249703742999 0.0166469161999
0 0.792000006682 0.802279972424 0.0274365938785 0.0182910625857
0 0.960200002984 0.782159972866 0.0278931729605 0.0185954486403
0 0.949400003222 0.799679972481 0.0225467951512 0.0150311967675
0 0.710600008472 0.802939972409 0.039599108726 0.0263994058173
0 0.71660000834 0.779979972914 0.0408348897255 0.027223259817
0 0.652800009742 0.795279972577 0.0304419032551 0.0202946021701
0 0.594000011035 0.774459973035 0.0329612502372 0.0219741668248
0 0.83620000571 0.730639973999 0.0272771127344 0.0181847418229
0 0.961800002949 0.719459974244 0.0303358463156 0.0202238975437
0 0.79300000666 0.774419973036 0.0435370662078 0.0290247108052
0 0.832200005798 0.779339972928 0.0494590403549 0.0329726935699
0 0.884800004642 0.765459973233 0.0928872794792 0.0619248529862
0 0.571000011541 0.796859972543 0.0233939645291 0.0155959763527
0 0.945000003318 0.81837997207 0.0220086946904 0.0146724631269
0 0.839800005631 0.554599977869 0.0205231060674 0.0136820707116
0 0.82620000593 0.579339977325 0.0210393421779 0.0140262281186
0 0.768200007205 0.583119977242 0.0228934588789 0.0152623059193
0 0.737800007874 0.577339977369 0.0334895562605 0.0223263708404
0 0.629000010266 0.694979974783 0.0224298555034 0.0149532370022
0 0.610400010675 0.681399975081 0.0199944043092 0.0133296028728
0 0.790400006717 0.613979976563 0.023972627812 0.0159817518746
0 0.750600007592 0.616899976499 0.0294901609434 0.0196601072956
0 0.795600006603 0.532099978364 0.0450147401338 0.0300098267559
0 0.796600006581 0.509319978864 0.0242668566722 0.0161779044481
0 0.82120000604 0.509659978857 0.0227225014242 0.0151483342828
0 0.74160000779 0.521399978599 0.0223726718177 0.0149151145451
0 0.674800009259 0.535299978293 0.0258092332459 0.0172061554973
0 0.693800008841 0.518959978652 0.02002853644 0.0133523576266
0 0.690800008907 0.571139977505 0.0248777723452 0.0165851815635
0 0.941600003393 0.462159979901 0.0410254360553 0.0273502907035
0 0.963400002914 0.440619980375 0.0202822024781 0.0135214683188
0 0.90260000425 0.43217998056 0.020770440348 0.013846960232
0 0.598200010943 0.740279973787 0.0232502138452 0.0155001425635
0 0.477000013607 0.739599973802 0.041438781105 0.02762585407
0 0.441000014399 0.730359974005 0.0278897102805 0.018593140187
0 0.521200012636 0.708459974486 0.0342937884073 0.0228625256049
0 0.561000011761 0.716279974314 0.0435633825753 0.0290422550502
0 0.46460001388 0.701059974649 0.0321584031624 0.0214389354416
0 0.645800009896 0.731619973977 0.0380617777715 0.0253745185144
0 0.555800011875 0.74055997378 0.0330224902051 0.02201499347
0 0.5228000126 0.739239973809 0.0244352418504 0.0162901612336
0 0.473200013691 0.678079975154 0.0204129928457 0.0136086618971
0 0.569000011585 0.659479975563 0.0271868851888 0.0181245901259
0 0.420800014843 0.791419972662 0.0219645702547 0.0146430468365
0 0.384800015634 0.814979972144 0.0198736062466 0.0132490708311
0 0.486600013396 0.82061997202 0.0236860168476 0.0157906778984
0 0.457000014047 0.801339972444 0.0220363961298 0.0146909307532
0 0.303800017415 0.780179972909 0.0217496862317 0.0144997908212
0 0.229400019051 0.795979972562 0.0291668455718 0.0194445637145
0 0.392400015467 0.729319974028 0.0226943053162 0.0151295368774
0 0.411800015041 0.829879971817 0.0422345049525 0.028156336635
0 0.472200013713 0.844579971494 0.0452412983348 0.0301608655565
0 0.389000015542 0.875939970804 0.0230231609756 0.0153487739838
0 0.432000014597 0.868479970968 0.0320694617551 0.0213796411701
0 0.411000015058 0.850959971353 0.0397573037318 0.0265048691546
0 0.550200011998 0.819119972053 0.0502327019846 0.0334884679897
0 0.507600012935 0.766619973208 0.0453579411815 0.0302386274544
0 0.253400018523 0.775119973021 0.0339359451701 0.0226239634468
0 0.160200020572 0.794659972591 0.0239753979559 0.0159835986373
0 0.0404000232061 0.863059971087 0.0200924476181 0.0133949650787
0 0.0300000234348 0.923159969766 0.0312128936746 0.020808595783
0 0.262400018325 0.901679970238 0.0200417935574 0.0133611957049
0 0.346200016483 0.887179970557 0.0307655154278 0.0205103436185
0 0.422200014812 0.90251997022 0.0318028354006 0.0212018902671
0 0.247400018655 0.946479969253 0.0205661422322 0.0137107614882
0 0.208600019508 0.946059969263 0.0205061884026 0.0136707922684
0 0.223400019183 0.933079969548 0.0303241721375 0.0202161147584
0 0.258400018413 0.935219969501 0.0252703413154 0.0168468942102
0 0.404000015212 0.971559968702 0.022297284329 0.0148648562193
0 0.0974000219529 0.95161996914 0.0227756288276 0.0151837525517
0 0.0714000225246 0.975459968616 0.0268073754687 0.0178715836458
0 0.0564000228543 0.945659969271 0.0403224130961 0.0268816087308
0 0.12120002143 0.905719970149 0.0261532257634 0.0174354838422
0 0.0598000227796 0.783939972827 0.0221561059216 0.0147707372811
0 0.0402000232105 0.73601997388 0.0273917769069 0.0182611846046
0 0.0774000223927 0.7442199737 0.030880278534 0.020586852356
0 0.160600020563 0.669699975338 0.0348521702792 0.0232347801861
0 0.109600021685 0.663459975476 0.052502340277 0.0350015601846
0 0.134400021139 0.608559976683 0.0336703081528 0.0224468721019
0 0.158400020612 0.597159976933 0.0283497520424 0.018899834695
0 0.22580001913 0.575619977407 0.0380432771673 0.0253621847782
0 0.208800019504 0.518539978662 0.0208245570886 0.0138830380591
0 0.189800019922 0.517079978694 0.0232262718869 0.0154841812579
0 0.39320001545 0.540059978189 0.0204621629007 0.0136414419338
0 0.181800020097 0.737179973855 0.0632304152307 0.0421536101538
0 0.17440002026 0.777159972976 0.0274676590641 0.0183117727094
0 0.350000016399 0.703699974591 0.0261623276649 0.0174415517766
0 0.321000017037 0.698199974712 0.0280773875327 0.0187182583551
0 0.250000018598 0.691619974856 0.064919411566 0.0432796077107
0 0.230200019033 0.672459975278 0.0341251064279 0.022750070952
0 0.176000020225 0.714059974363 0.0237147076242 0.0158098050828
0 0.00860002390524 0.489139979308 0.0247267995003 0.0164845330002
0 0.215600019354 0.59457997699 0.0207371986207 0.0138247990805
0 0.27900001796 0.467839979776 0.0207603491094 0.0138402327396
0 0.233600018959 0.4758799796 0.0240286242931 0.0160190828621
0 0.38820001556 0.473359979655 0.0345848513887 0.0230565675925
0 0.475800013634 0.394299981393 0.0503705166457 0.0335803444305
0 0.534800012337 0.384379981611 0.021080894337 0.014053929558
0 0.580400011334 0.336459982665 0.0329869730024 0.0219913153349
0 0.629200010261 0.508739978877 0.0266860827375 0.017790721825
0 0.634000010156 0.46311997988 0.070624127281 0.0470827515207
0 0.805000006396 0.436959980455 0.0198276020704 0.0132184013803
0 0.752600007548 0.455499980048 0.0223146966623 0.0148764644415
0 0.287000017785 0.604419976774 0.0347292946086 0.0231528630724
0 0.82940000586 0.412239980999 0.0248363191198 0.0165575460799
0 0.855200005293 0.420639980814 0.0237500269594 0.0158333513063
0 0.90580000418 0.41809998087 0.0232726717979 0.0155151145319
0 0.883800004664 0.386779981558 0.029244805337 0.0194965368914
0 0.587000011189 0.494159979198 0.0248151473054 0.0165434315369
0 0.381400015709 0.416379980908 0.0328778491178 0.0219185660785
0 0.542800012161 0.396019981355 0.0222057706451 0.0148038470968
0 0.555200011888 0.418359980864 0.0225947780017 0.0150631853344
0 0.901200004281 0.287779983735 0.0623818607809 0.0415879071873
0 0.802800006445 0.198779985692 0.024157930655 0.0161052871033
0 0.62700001031 0.399419981281 0.0335605906659 0.0223737271106
0 0.95900000301 0.376179981791 0.0215458827845 0.0143639218563
0 0.903200004237 0.256399984425 0.0298019010706 0.0198679340471
0 0.953200003138 0.262799984284 0.0375295143997 0.0250196762665
0 0.874800004862 0.313399983172 0.0216951737563 0.0144634491709
0 0.937400003485 0.368339981964 0.0242720012252 0.0161813341501
0 0.911800004048 0.361879982106 0.028817807435 0.0192118716234
0 0.626000010332 0.0177199896723 0.024896075082 0.016597383388
0 0.825000005956 0.0263799894819 0.0296483559493 0.0197655706328
0 0.882800004686 0.0255799894995 0.050423347248 0.033615564832
0 0.66520000947 0.118399987459 0.034379168201 0.0229194454673
0 0.638600010055 0.111339987614 0.0227707810757 0.0151805207171
0 0.667200009426 0.0987399878911 0.0278764531631 0.0185843021087
0 0.725800008137 0.105199987749 0.0430427933815 0.0286951955877
0 0.78800000677 0.0384399892168 0.0317161694687 0.0211441129791
0 0.563400011708 0.113679987563 0.0397228748 0.0264819165333
0 0.510600012869 0.115939987513 0.0250336918757 0.0166891279171
0 0.430000014641 0.125579987301 0.0527898416447 0.0351932277631
0 0.469800013766 0.120819987406 0.0209029125887 0.0139352750591
0 0.329400016852 0.143639986904 0.0268077712035 0.017871847469
0 0.37000001596 0.165159986431 0.0368473664538 0.0245649109692
0 0.462000013937 0.165379986426 0.0397950964099 0.0265300642733
0 0.468800013788 0.154859986657 0.0399283601203 0.0266189067469
0 0.590400011114 0.245299984669 0.02289375568 0.0152625037867
0 0.502400013049 0.265979984214 0.0260957452766 0.0173971635177
0 0.477400013599 0.291079983662 0.0230367148942 0.0153578099295
0 0.235400018919 0.192979985819 0.047110156159 0.0314067707726
0 0.305200017384 0.161379986514 0.0453829714107 0.0302553142738
0 0.181600020102 0.202079985619 0.0232111350289 0.0154740900193
0 0.202400019644 0.183959986017 0.0311146524983 0.0207431016655
0 0.137800021065 0.24341998471 0.0685258421782 0.0456838947854
0 0.157200020638 0.2256999851 0.0402665155487 0.0268443436991
0 0.176400020216 0.17337998625 0.0240635478935 0.0160423652623
0 0.11300002161 0.134619987102 0.0205875119141 0.0137250079427
0 0.0204000236458 0.259939984347 0.0597490368308 0.0398326912206
0 0.206800019548 0.290499983675 0.0226226773085 0.0150817848723
0 0.148600020827 0.332239982758 0.0438908531628 0.0292605687752
0 0.0574000228324 0.133319987131 0.0359723967028 0.0239815978019
0 0.0376000232677 0.122219987375 0.0435744631511 0.0290496421007
0 0.276400018018 0.0535599888844 0.0328682525477 0.0219121683651
0 0.273200018088 0.0400999891803 0.0216843899817 0.0144562599878
0 0.221600019222 0.0800599883017 0.0233609206692 0.0155739471128
0 0.216200019341 0.0916399880472 0.0225344284372 0.0150229522915
0 0.155800020669 0.0939799879957 0.0253878745655 0.0169252497103
0 0.17940002015 0.0974799879188 0.0377582491424 0.0251721660949
0 0.0902000221112 0.0308999893825 0.0200976911048 0.0133984607365
0 0.0180000236986 0.0210399895993 0.0204199182056 0.0136132788037
0 0.332600016782 0.00745998989788 0.0206235237853 0.0137490158569
0 0.362200016131 0.00837998987765 0.0209680109714 0.0139786739809
0 0.0614000227444 0.0546399888606 0.0228519067198 0.0152346044798
0 0.0506000229819 0.0436999891011 0.0373243258805 0.0248828839203
0 0.649400009817 0.579819977314 0.787500477355 0.525000318237
0 0.491400013291 0.464699979845 0.155038031108 0.103358687406
0 0.62700001031 0.816159972118 0.0232119264986 0.0154746176657
0 0.0816000223003 0.840479971584 0.0359962397275 0.0239974931516
0 0.727000008111 0.0242199895294 0.0610618871922 0.0407079247948
0 0.597600010956 0.0774399883593 0.0788861805236 0.0525907870157
