0 0.476000013629 0.708579974484 0.581523456491 0.387682304327
0 0.206800019548 0.662319975501 0.115487300968 0.0769915339784
0 0.0680000225993 0.5895599771 0.0906700760543 0.0604467173695
0 0.0446000231138 0.565839977622 0.101768163092 0.0678454420612
0 0.91580000396 0.907579970108 0.0405678676362 0.0270452450908
0 0.973800002685 0.95433996908 0.0306736060092 0.0204490706728
0 0.984200002456 0.869999970935 0.0233396499211 0.0155597666141
0 0.936800003499 0.858579971186 0.0924615677155 0.0616410451437
0 0.873400004892 0.894239970402 0.12081191336 0.0805412755735
0 0.319000017081 0.946539969252 0.0207550066889 0.0138366711259
0 0.425000014751 0.965399968837 0.0290263597004 0.0193509064669
0 0.342400016567 0.978059968559 0.0277643612671 0.0185095741781
0 0.276800018009 0.959519968967 0.0628203349935 0.041880223329
0 0.182800020075 0.971459968704 0.0451662076472 0.0301108050981
0 0.0890000221376 0.876399970794 0.0247618220345 0.0165078813563
0 0.0372000232765 0.898499970308 0.0251156089894 0.0167437393263
0 0.105200021781 0.843859971509 0.0305746722969 0.0203831148646
0 0.102400021843 0.860359971147 0.0458984160515 0.0305989440343
0 0.137600021069 0.957779969005 0.0245519836308 0.0163679890872
0 0.0396000232237 0.753619973493 0.0637520926953 0.0425013951302
0 0.0378000232633 0.782499972858 0.0211145317992 0.0140763545328
0 0.234400018941 0.776039973 0.0295499169056 0.0196999446037
0 0.20760001953 0.783979972826 0.0246055067691 0.0164036711794
0 0.260000018378 0.801899972432 0.0227835435246 0.0151890290164
0 0.282600017881 0.781819972873 0.0205076724083 0.0136717816055
0 0.144200020924 0.794119972603 0.029259942195 0.01950662813
0 0.0674000226125 0.822819971972 0.024269330015 0.0161795533433
0 0.163000020511 0.802199972425 0.0841783426585 0.0561188951057
0 0.0696000225641 0.804779972369 0.0205635699557 0.0137090466372
0 0.070200022551 0.701639974636 0.0248076283432 0.0165384188955
0 0.0654000226565 0.716699974305 0.0364487625272 0.0242991750182
0 0.109000021698 0.709039974473 0.026818258177 0.0178788387847
0 0.0414000231841 0.690299974885 0.0227749362916 0.0151832908611
0 0.119600021465 0.758259973391 0.0412999771067 0.0275333180712
0 0.250600018585 0.676519975188 0.0501030988215 0.033402065881
0 0.385200015626 0.716359974313 0.0320645150695 0.0213763433797
0 0.500600013088 0.803699972392 0.0208690772591 0.0139127181727
0 0.420000014861 0.836179971678 0.0336231167721 0.0224154111814
0 0.357400016237 0.815199972139 0.022377024901 0.0149180166007
0 0.688000008968 0.851299971346 0.0311525441101 0.0207683627401
0 0.697600008757 0.861139971129 0.0250623826523 0.0167082551015
0 0.704800008599 0.837779971643 0.0225061333955 0.0150040889303
0 0.844200005534 0.823679971953 0.0249343624286 0.0166229082857
0 0.86260000513 0.796819972544 0.0923204882418 0.0615469921612
0 0.832000005803 0.697479974728 0.0238093871868 0.0158729247912
0 0.803800006423 0.69553997477 0.0377622064909 0.0251748043273
0 0.876600004822 0.739799973797 0.0505043739584 0.0336695826389
0 0.844600005526 0.721219974206 0.0588354829321 0.039223655288
0 0.588400011158 0.833539971736 0.0242453880566 0.0161635920377
0 0.802400006453 0.658579975583 0.0631879726682 0.0421253151121
0 0.844000005539 0.64913997579 0.0243677690586 0.0162451793724
0 0.940600003415 0.759499973364 0.0211137403295 0.0140758268863
0 0.950000003208 0.633439976136 0.0426239080439 0.0284159386959
0 0.926600003723 0.690059974891 0.0257272171985 0.0171514781323
0 0.989600002338 0.561339977721 0.0229794322748 0.0153196215166
0 0.937400003485 0.581759977272 0.0201704073833 0.0134469382555
0 0.956400003068 0.539919978192 0.0215994059228 0.0143996039486
0 0.972000002725 0.521719978592 0.0478754084231 0.0319169389487
0 0.932000003604 0.481939979466 0.061651927852 0.0411012852347
0 0.914200003995 0.459639979957 0.0379068475782 0.0252712317188
0 0.751200007579 0.545559978068 0.0217446406124 0.0144964270749
0 0.826800005917 0.560599977737 0.0402478170771 0.0268318780514
0 0.692000008881 0.628879976236 0.0220052320104 0.0146701546736
0 0.581800011303 0.458979979971 0.0403377478215 0.026891831881
0 0.609800010688 0.531559978375 0.0276607776704 0.0184405184469
0 0.689800008929 0.514999978739 0.0709203348154 0.0472802232103
0 0.630000010244 0.481659979472 0.0895279852802 0.0596853235202
0 0.583000011277 0.508339978886 0.0309821802576 0.0206547868384
0 0.793200006656 0.524199978537 0.0645679000864 0.0430452667243
0 0.456600014056 0.500119979067 0.033440584073 0.0222937227153
0 0.474200013669 0.566479977608 0.0199276240535 0.0132850827023
0 0.464200013889 0.570679977515 0.0364535113454 0.0243023408969
0 0.328400016874 0.490619979275 0.0206945581907 0.0137963721272
0 0.366600016035 0.466019979816 0.0272266565411 0.0181511043608
0 0.559600011791 0.519299978645 0.0219877207434 0.0146584804956
0 0.759200007403 0.618459976465 0.0319574687928 0.0213049791952
0 0.284200017846 0.493539979211 0.0287964377532 0.0191976251688
0 0.201600019662 0.565999977618 0.0298338566597 0.0198892377731
0 0.179200020155 0.514119978759 0.0245757277218 0.0163838184812
0 0.0378000232633 0.466819979799 0.0367154878154 0.0244769918769
0 0.00900002389645 0.475899979599 0.02166569151 0.01444379434
0 0.236400018897 0.52817997845 0.0264829718263 0.0176553145508
0 0.256000018466 0.500719979053 0.0211475756591 0.0140983837727
0 0.151600020761 0.569339977545 0.0266344393397 0.0177562928931
0 0.0212000236282 0.513899978764 0.058356940566 0.038904627044
0 0.120800021438 0.453959980081 0.051306924232 0.0342046161547
0 0.0402000232105 0.410139981045 0.0323274808766 0.0215516539177
0 0.0300000234348 0.424219980735 0.0248253374777 0.0165502249852
0 0.0876000221684 0.375259981812 0.0402717590355 0.026847839357
0 0.176600020212 0.325179982913 0.0359093759281 0.0239395839521
0 0.224400019161 0.317079983091 0.0648045495261 0.0432030330174
0 0.241800018778 0.257679984397 0.0621156301612 0.0414104201075
0 0.230400019029 0.234759984901 0.0468782555375 0.0312521703583
0 0.168800020383 0.221439985193 0.0213965918128 0.0142643945418
0 0.145600020893 0.21793998527 0.0208162466568 0.0138774977712
0 0.140400021008 0.234439984908 0.020075628887 0.0133837525913
0 0.189600019926 0.260219984341 0.0274170050035 0.0182780033356
0 0.193000019851 0.2256799851 0.0254308117966 0.0169538745311
0 0.181200020111 0.244679984683 0.0502866208577 0.0335244139051
0 0.0882000221552 0.284759983801 0.0790787055276 0.0527191370184
0 0.154000020709 0.405719981142 0.0203880615502 0.0135920410335
0 0.211400019447 0.372739981867 0.0342523351819 0.0228348901213
0 0.204200019605 0.431999980564 0.0258841260661 0.0172560840441
0 0.11120002165 0.405559981146 0.0672898633112 0.0448599088741
0 0.178600020168 0.399659981275 0.0651397369432 0.0434264912954
0 0.18940001993 0.467759979778 0.035230393861 0.0234869292407
0 0.318800017085 0.366979981994 0.0219937556998 0.0146625037999
0 0.312600017222 0.386059981574 0.0588316245173 0.0392210830115
0 0.343200016549 0.247239984626 0.155417936563 0.103611957709
0 0.473600013682 0.334499982708 0.0351850822208 0.0234567214806
0 0.513600012803 0.338219982626 0.0606234129796 0.0404156086531
0 0.599600010912 0.334319982712 0.0278265905721 0.0185510603814
0 0.577600011396 0.340639982573 0.0201586342715 0.0134390895144
0 0.542800012161 0.311599983211 0.0239848955923 0.0159899303949
0 0.576200011426 0.29025998368 0.0467911938707 0.0311941292471
0 0.595000011013 0.270419984117 0.0300239083209 0.0200159388806
0 0.720000008265 0.317639983078 0.0266099037791 0.0177399358527
0 0.740600007812 0.360019982147 0.027875463826 0.0185836425507
0 0.360400016171 0.207739985495 0.0611029446828 0.0407352964552
0 0.312200017231 0.155679986639 0.0424669991763 0.0283113327842
0 0.480600013528 0.189719985891 0.0731003391646 0.048733559443
0 0.435600014518 0.167819986372 0.0391703300171 0.0261135533448
0 0.563200011712 0.229999985005 0.0287534015884 0.0191689343922
0 0.598600010934 0.163739986462 0.0489785193145 0.0326523462097
0 0.682400009092 0.183319986032 0.0340117283937 0.0226744855958
0 0.768200007205 0.373239981856 0.0407456515171 0.0271637676781
0 0.818400006102 0.390519981476 0.0218542591656 0.0145695061104
0 0.775800007038 0.309619983255 0.0719089794018 0.0479393196012
0 0.782800006884 0.337739982637 0.0219629873153 0.0146419915435
0 0.800600006493 0.259419984358 0.0544137395974 0.0362758263982
0 0.761800007346 0.264079984256 0.0570758479262 0.0380505652841
0 0.746200007689 0.242259984736 0.0298885670026 0.019925711335
0 0.704000008617 0.303659983386 0.0238851704104 0.0159234469402
0 0.861800005147 0.313739983164 0.0514941068156 0.0343294045437
0 0.879200004765 0.342319982536 0.0267313943777 0.0178209295851
0 0.853600005328 0.278579983937 0.0489900945589 0.0326600630392
0 0.972800002707 0.273099984058 0.0375945138486 0.0250630092324
0 0.921400003837 0.232599984948 0.0259220176779 0.0172813451186
0 0.935400003529 0.334579982706 0.0328761672447 0.0219174448298
0 0.874200004875 0.173359986251 0.0239944921624 0.0159963281082
0 0.900200004303 0.169119986344 0.0482744080845 0.032182938723
0 0.938000003472 0.213319985372 0.0623352630024 0.0415568420016
0 0.899600004316 0.186879985953 0.0589612276803 0.0393074851202
0 0.837200005688 0.165779986417 0.0417852469653 0.0278568313102
0 0.748400007641 0.153599986685 0.0211657794621 0.0141105196414
0 0.802800006445 0.207099985509 0.0734888518525 0.0489925679017
0 0.755000007495 0.193719985803 0.0852771004666 0.0568514003111
0 0.660600009571 0.136039987071 0.0256932829352 0.0171288552901
0 0.62560001034 0.146799986834 0.0258361432157 0.0172240954771
0 0.701400008674 0.17337998625 0.0466022304803 0.0310681536536
0 0.760200007381 0.159699986551 0.0618077484488 0.0412051656325
0 0.810400006277 0.167519986379 0.0303077491413 0.0202051660942
0 0.881200004721 0.145699986859 0.0312290198696 0.0208193465798
0 0.894600004426 0.137079987048 0.030108793446 0.020072528964
0 0.922800003806 0.122939987359 0.0361188185969 0.024079212398
0 0.981000002527 0.114219987551 0.0253684835579 0.0169123223719
0 0.872000004923 0.11287998758 0.0243600522291 0.0162400348194
0 0.875600004844 0.117819987472 0.0431284699763 0.0287523133175
0 0.751000007583 0.224359985129 0.0248300862959 0.0165533908639
0 0.382800015678 0.363459982071 0.0779684714088 0.0519789809392
0 0.830400005838 0.0567399888144 0.020087303065 0.0133915353767
0 0.822800006005 0.0890399881043 0.0222980757987 0.0148653838658
0 0.598200010943 0.0704399885132 0.0233953496011 0.015596899734
0 0.561000011761 0.0630599886755 0.0230443327901 0.0153628885267
0 0.57420001147 0.10149998783 0.0294761123562 0.0196507415708
0 0.553200011932 0.0963599879434 0.0221846977644 0.0147897985096
0 0.578200011382 0.122699987364 0.0591796733169 0.0394531155446
0 0.518400012697 0.102139987816 0.0630157290752 0.0420104860501
0 0.524400012565 0.0698199885269 0.0271034840694 0.0180689893796
0 0.448800014227 0.111419987612 0.0575035383642 0.0383356922428
0 0.443800014337 0.0361799892665 0.0848517844377 0.0565678562918
0 0.599600010912 0.032199989354 0.0260273820814 0.0173515880543
0 0.620200010459 0.0880799881254 0.0365019888644 0.0243346592429
0 0.541400012191 0.0177199896723 0.026544607529 0.0176964050193
0 0.385200015626 0.140839986965 0.0860203894466 0.0573469262977
0 0.204600019596 0.117599987476 0.0888198177681 0.0592132118454
0 0.119600021465 0.14653998684 0.0238617231206 0.0159078154137
0 0.0976000219486 0.0989999878853 0.0300902928418 0.0200601952279
0 0.348800016426 0.0946399879812 0.0255287561717 0.0170191707812
0 0.191000019895 0.722739974172 0.0793644260885 0.0529096173923
0 0.160000020577 0.691159974867 0.0345413205553 0.0230275470369
0 0.245200018704 0.564719977646 0.028544156787 0.019029437858
