0 0.448999999867 0.488179989542 0.303749271353 0.202499514235
0 0.476400001071 0.1597199751 0.113390903084 0.0755939353894
0 0.338799995021 0.27115998 0.24090162651 0.16060108434
0 0.0373999817683 0.987620011503 0.0356979569396 0.0237986379597
0 0.633800007992 0.983960011342 0.0239722336582 0.0159814891055
0 0.750400013119 0.906320007928 0.0243873595422 0.0162582396948
0 0.815400015977 0.904520007849 0.0252059371312 0.0168039580875
0 0.862400018044 0.905420007888 0.0314369806062 0.0209579870708
0 0.591200006119 0.887320007093 0.0221698591698 0.0147799061132
0 0.584800005838 0.90590000791 0.0208734317192 0.0139156211461
0 0.511200002602 0.896600007501 0.0438791818788 0.0292527879192
0 0.381799996912 0.986060011434 0.0226058600684 0.0150705733789
0 0.467800000693 0.976840011029 0.0554833156198 0.0369888770799
0 0.571400005249 0.846120005281 0.0228954390632 0.0152636260422
0 0.620400007403 0.850780005486 0.0232092568191 0.0154728378794
0 0.647200008582 0.873860006501 0.0215231294503 0.0143487529669
0 0.696800010762 0.841180005064 0.0340089604929 0.0226726403286
0 0.660600009171 0.835380004809 0.0338233608365 0.0225489072243
0 0.755000013322 0.736380000456 0.0365702555379 0.0243801703586
0 0.728000012134 0.794840003026 0.0249872936127 0.0166581957418
0 0.671200009637 0.806440003536 0.0233930756686 0.0155953837791
0 0.771200014034 0.799900003249 0.0344236906419 0.0229491270946
0 0.893600019416 0.783580002531 0.0501765109454 0.033451007297
0 0.98240002332 0.76786000184 0.0260226349796 0.0173484233197
0 0.954000022072 0.666759997394 0.0224065086251 0.0149376724167
0 0.938000021368 0.398799985612 0.0278240201308 0.0185493467538
0 0.77020001399 0.543279991965 0.022360108711 0.0149067391407
0 0.852200017595 0.64663999651 0.0223829624 0.0149219749334
0 0.49320000181 0.805020003474 0.0561288581347 0.0374192387565
0 0.413999998328 0.818280004057 0.0208149618914 0.0138766412609
0 0.437199999348 0.83132000463 0.030278664627 0.020185776418
0 0.417199998468 0.769040001892 0.0254969011981 0.016997934132
0 0.0643999829555 0.732940000304 0.0396637150561 0.0264424767041
0 0.024999981223 0.806180003525 0.0381790167387 0.0254526778258
0 0.130799985875 0.791880002896 0.0232283510269 0.0154855673512
0 0.324999994414 0.84768000535 0.0242455875232 0.0161637250154
0 0.243399990826 0.854340005642 0.0446287037322 0.0297524691548
0 0.0109999806075 0.587719993919 0.0290244818742 0.0193496545828
0 0.13659998613 0.641579996287 0.0264946477518 0.0176630985012
0 0.0539999824982 0.679759997966 0.0270235474123 0.0180156982748
0 0.332799994757 0.359759983895 0.0281658361291 0.0187772240861
0 0.911800020216 0.372039984435 0.0362289342082 0.0241526228054
0 0.881200018871 0.400539985689 0.040675806999 0.027117204666
0 0.860000017938 0.380319984799 0.0215637912087 0.0143758608058
0 0.841000017103 0.362099983998 0.027785238113 0.0185234920753
0 0.945200021685 0.343439983178 0.0585715316509 0.0390476877673
0 0.848400017428 0.329799982578 0.020963560337 0.0139757068913
0 0.928800020964 0.314699981914 0.0278284721481 0.0185523147654
0 0.897200019574 0.322759982269 0.0227855237017 0.0151903491345
0 0.836000016883 0.289759980818 0.0656546912457 0.0437697941638
0 0.762600013656 0.270519979972 0.0465496997494 0.0310331331662
0 0.761400013603 0.345599983273 0.0565140071019 0.0376760047346
0 0.989400023628 0.3644199841 0.020289524911 0.0135263499407
0 0.760600013568 0.380939984827 0.0575964409188 0.0383976272792
0 0.911000020181 0.418419986475 0.0477539209741 0.0318359473161
0 0.782200014518 0.420519986567 0.067356845877 0.044904563918
0 0.883800018985 0.459859988297 0.102926683651 0.0686177891005
0 0.938600021395 0.262879979636 0.0350637918023 0.0233758612015
0 0.638800008212 0.365919984166 0.0618348603643 0.0412232402429
0 0.85480001771 0.165899975371 0.0200849299806 0.0133899533204
0 0.908400020067 0.110739972946 0.0245120160278 0.0163413440185
0 0.934800021227 0.239239978596 0.0541217897822 0.0360811931881
0 0.873600018536 0.108859972863 0.0292813138081 0.0195208758721
0 0.835800016874 0.102659972591 0.0207680673087 0.0138453782058
0 0.987600023549 0.0848799718088 0.023835111524 0.0158900743493
0 0.809000015696 0.0424999699454 0.0236320995331 0.0157547330221
0 0.815800015995 0.0279199693043 0.0229727062976 0.0153151375317
0 0.789000014817 0.0206799689859 0.0251944608198 0.0167963072132
0 0.605800006761 0.0587199706586 0.0384759168287 0.0256506112191
0 0.593800006233 0.0762599714298 0.0363564597716 0.0242376398478
0 0.484000001406 0.109199972878 0.0244527547303 0.0163018364868
0 0.403199997853 0.0950599722565 0.0208152586925 0.0138768391284
0 0.572200005284 0.111359972973 0.0198415530325 0.0132277020217
0 0.642200008362 0.120899973393 0.043636398533 0.0290909323553
0 0.887600019152 0.0549599704932 0.0276080478227 0.0184053652151
0 0.893200019398 0.019999968956 0.0226645277636 0.0151096851758
0 0.542200003965 0.177139975866 0.0320846007292 0.0213897338195
0 0.553400004457 0.131559973861 0.0199230744168 0.0132820496112
0 0.609200006911 0.167519975443 0.0366023100628 0.0244015400418
0 0.480600001256 0.0391599697985 0.0344968026601 0.0229978684401
0 0.56780000509 0.0881399719522 0.0278704200449 0.0185802800299
0 0.0587999827092 0.123139973491 0.0664030258944 0.0442686839296
0 0.205799989173 0.0723999712601 0.0531357174073 0.0354238116049
0 0.0603999827796 0.042059969926 0.0341520186502 0.0227680124335
0 0.132199985937 0.0330399695294 0.0433353432268 0.0288902288179
0 0.172199987695 0.0334599695479 0.0362277470035 0.0241518313357
0 0.232599990351 0.0242999691451 0.0306215688962 0.0204143792641
0 0.486200001502 0.110999972957 0.0520800946281 0.0347200630854
0 0.0427999820057 0.389979985224 0.0248356282219 0.0165570854812
0 0.1017999846 0.36099998395 0.0242112575228 0.0161408383485
0 0.0499999823223 0.377759984687 0.0406469183532 0.0270979455688
0 0.3041999935 0.0376399697317 0.0277949336175 0.018529955745
0 0.319999994194 0.0479599701854 0.020484424337 0.0136562828913
0 0.155799986974 0.143239974375 0.054010687216 0.0360071248107
0 0.968600022714 0.0472999701564 0.0655151947022 0.0436767964681
