0 0.807800006335 0.086461988161 0.213107173505 0.142071449004
0 0.457000014047 0.272889984062 0.204858080579 0.136572053719
0 0.440200014416 0.725697974107 0.145970756382 0.0973138375879
0 0.566000011651 0.488627979319 0.162939866705 0.108626577803
0 0.488800013348 0.586457977168 0.165575460799 0.110383640532
0 0.429200014658 0.538713978218 0.163421673883 0.108947782589
0 0.0192000236722 0.140851986965 0.0234826091353 0.0156550727568
0 0.0772000223971 0.0800659883016 0.0468919083898 0.0312612722598
0 0.119000021478 0.0788239883289 0.0510741332071 0.0340494221381
0 0.16120002055 0.150499986753 0.0244475096307 0.0162983397538
0 0.115600021553 0.134629987102 0.149005053336 0.0993367022241
0 0.18940001993 0.131483987171 0.0851467058339 0.0567644705559
0 0.248600018629 0.168317986361 0.0201484440992 0.0134322960661
0 0.221400019227 0.0377699892315 0.0246786187825 0.0164524125217
0 0.561800011743 0.0986239878936 0.0722985803606 0.0481990535737
0 0.547200012064 0.178069986147 0.028876277259 0.019250851506
0 0.489000013344 0.159659986552 0.0244387045303 0.0162924696869
0 0.44320001435 0.141649986948 0.0293297893958 0.0195531929306
0 0.3636000161 0.163765986461 0.0255408260846 0.0170272173898
0 0.494200013229 0.169991986325 0.0266095080442 0.0177396720295
0 0.493200013251 0.180375986096 0.0315365058473 0.0210243372315
0 0.629600010252 0.0991219878827 0.02650918926 0.01767279284
0 0.622600010406 0.0315759893677 0.054771088166 0.0365140587773
0 0.65380000972 0.0355339892807 0.0205232050011 0.0136821366674
0 0.649200009821 0.043067989115 0.0203921178324 0.0135947452216
0 0.73840000786 0.0153959897234 0.039245321771 0.0261635478473
0 0.770200007161 0.0205239896107 0.0222994608706 0.0148663072471
0 0.681400009114 0.0337419893201 0.0233852583624 0.0155901722416
0 0.868800004994 0.0235859895433 0.0662096061073 0.0441397374049
0 0.886600004602 0.0503159889557 0.0258072545717 0.0172048363811
0 0.901000004286 0.033605989323 0.0255400346149 0.0170266897433
0 0.957600003041 0.0307199893865 0.0565778156188 0.0377185437459
0 0.947800003257 0.0602479887373 0.0294725507426 0.0196483671617
0 0.931800003608 0.172557986268 0.0341093759677 0.0227395839785
0 0.948600003239 0.116099987509 0.0199105085213 0.0132736723475
0 0.921600003833 0.319625983035 0.0245518846971 0.0163679231314
0 0.917800003916 0.312053983201 0.0239201929445 0.0159467952963
0 0.843000005561 0.178129986146 0.0215249088375 0.014349939225
0 0.82440000597 0.183711986023 0.0318406280787 0.0212270853858
0 0.783400006871 0.185461985984 0.0239497741244 0.015966516083
0 0.82620000593 0.209859985448 0.029343837983 0.0195625586553
0 0.799400006519 0.207889985491 0.0270755847625 0.0180503898417
0 0.831000005825 0.295363983568 0.0310682525873 0.0207121683915
0 0.820200006062 0.315977983115 0.0620702195873 0.0413801463916
0 0.863200005117 0.221033985202 0.0212450253656 0.0141633502437
0 0.89900000433 0.3348719827 0.0202067160557 0.0134711440371
0 0.674800009259 0.217709985275 0.0305284702533 0.0203523135022
0 0.63560001012 0.249719984572 0.128414969146 0.0856099794304
0 0.626600010318 0.299163983485 0.0359686372218 0.0239790914812
0 0.601600010868 0.275405984007 0.0697560828898 0.0465040552599
0 0.627600010296 0.339789982592 0.0939681302854 0.0626454201903
0 0.600200010899 0.306171983331 0.0477722205612 0.0318481470408
0 0.566600011637 0.311761983208 0.0535636022081 0.0357090681387
0 0.537000012288 0.376053981794 0.0273216329049 0.0182144219366
0 0.560400011774 0.401971981224 0.0783345261441 0.0522230174294
0 0.735800007918 0.348291982405 0.0319926891944 0.0213284594629
0 0.75980000739 0.360181982143 0.0449079906583 0.0299386604389
0 0.40320001523 0.210281985439 0.144015826228 0.0960105508187
0 0.366200016043 0.256295984427 0.0543923699155 0.0362615799437
0 0.32860001687 0.321937982984 0.0207752880999 0.0138501920666
0 0.243200018747 0.312733983186 0.0473918204377 0.0315945469585
0 0.291400017688 0.157497986599 0.0226347472214 0.0150898314809
0 0.213800019394 0.164185986452 0.0422730891003 0.0281820594002
0 0.187000019983 0.231733984967 0.0258313943975 0.0172209295983
0 0.154600020695 0.296411983545 0.0246480482654 0.0164320321769
0 0.303800017415 0.275617984002 0.0709062862283 0.0472708574855
0 0.122400021403 0.240301984779 0.0259638666381 0.0173092444254
0 0.060600022762 0.325031982916 0.0222497961471 0.0148331974314
0 0.0608000227576 0.202719985605 0.163827302103 0.109218201402
0 0.0572000228368 0.46860197976 0.0227855221988 0.0151903481326
0 0.0748000224498 0.470655979714 0.0203036710937 0.0135357807291
0 0.060600022762 0.490501979278 0.0427236332258 0.0284824221505
0 0.0838000222519 0.335509982686 0.0312075512541 0.0208050341694
0 0.201000019675 0.388167981528 0.031784829465 0.02118988631
0 0.142800020955 0.324123982936 0.0288076172627 0.0192050781751
0 0.362000016136 0.498645979099 0.0439632726401 0.0293088484268
0 0.283600017859 0.396835981337 0.0210346922934 0.0140231281956
0 0.200400019688 0.429421980621 0.0326234905436 0.0217489936957
0 0.518600012693 0.341853982546 0.0317768158343 0.0211845438895
0 0.464800013876 0.384099981617 0.0387157296094 0.0258104864063
0 0.506400012961 0.425957980697 0.0926483545642 0.0617655697095
0 0.447200014262 0.448789980195 0.0225680658994 0.0150453772662
0 0.424400014764 0.416415980907 0.0237131246848 0.0158087497898
0 0.372600015903 0.370825981909 0.102529952676 0.068353301784
0 0.362400016127 0.336077982673 0.0301988231241 0.0201325487494
0 0.446800014271 0.47178797969 0.0330161584475 0.0220107722983
0 0.667200009426 0.468633979759 0.0662965688404 0.0441977125602
0 0.686800008995 0.485109979397 0.0365555120027 0.0243703413352
0 0.770000007166 0.412451980994 0.0237619979386 0.0158413319591
0 0.755600007482 0.43856598042 0.0371385283689 0.0247590189126
0 0.714200008392 0.475063979617 0.0615770350318 0.0410513566879
0 0.777400007003 0.504235978976 0.0954517402341 0.0636344934894
0 0.79300000666 0.459997979949 0.0846943809015 0.056462920601
0 0.798600006537 0.406685981121 0.0203009009497 0.0135339339665
0 0.831600005811 0.53132797838 0.120981090008 0.0806540600054
0 0.84440000553 0.584007977222 0.0639322509853 0.0426215006569
0 0.723200008195 0.520801978612 0.0265221495763 0.0176814330509
0 0.68700000899 0.42810598065 0.0219625915805 0.0146417277203
0 0.909800004092 0.373385981853 0.0207342306093 0.0138228204062
0 0.938000003472 0.450209980164 0.0214149934832 0.0142766623222
0 0.988800002355 0.488417979324 0.0215615143111 0.014374342874
0 0.900200004303 0.502547979013 0.0475769254133 0.0317179502755
0 0.874000004879 0.512817978787 0.0708289200653 0.0472192800435
0 0.893000004461 0.535953978279 0.026173309307 0.0174488728713
0 0.989600002338 0.662105975505 0.0306825100433 0.0204550066955
0 0.989400002342 0.679035975133 0.0223246889672 0.0148831259782
0 0.94220000338 0.740915973773 0.0254234907019 0.0169489938013
0 0.94900000323 0.75512397346 0.0778832894826 0.0519221929884
0 0.943400003353 0.784909972805 0.0211225454299 0.0140816969532
0 0.853800005323 0.762571973297 0.0314614151597 0.0209742767731
0 0.917600003921 0.714591974351 0.0215951517732 0.0143967678488
0 0.959600002997 0.799387972487 0.0199760026388 0.0133173350925
0 0.974600002667 0.825431971915 0.0214088595931 0.0142725730621
0 0.920200003863 0.836963971661 0.0202142350178 0.0134761566785
0 0.920400003859 0.824855971927 0.0215153122674 0.0143435415116
0 0.903800004224 0.795065972582 0.0226104095282 0.0150736063521
0 0.809200006304 0.732655973954 0.0204271403666 0.0136180935777
0 0.972000002725 0.613885976565 0.0346873467146 0.0231248978097
0 0.897200004369 0.568891977555 0.0397333617735 0.026488907849
0 0.878600004778 0.581079977287 0.0372984052479 0.0248656034986
0 0.881600004712 0.607211976712 0.021228404502 0.014152269668
0 0.927600003701 0.621637976395 0.0284583812585 0.0189722541723
0 0.94720000327 0.660829975533 0.0218357585614 0.0145571723743
0 0.919600003877 0.665431975432 0.0342760792728 0.0228507195152
0 0.877200004809 0.692583974835 0.0245627674055 0.0163751782703
0 0.845200005512 0.634933976103 0.0261179064281 0.0174119376187
0 0.817000006132 0.610909976631 0.0303220945296 0.0202147296864
0 0.903200004237 0.609733976657 0.0339314931531 0.0226209954354
0 0.911000004066 0.586481977168 0.0442023954226 0.0294682636151
0 0.725600008142 0.727455974069 0.0216652957752 0.0144435305168
0 0.713600008406 0.671051975309 0.02136453729 0.01424302486
0 0.741800007786 0.652381975719 0.0232898862638 0.0155265908426
0 0.590400011114 0.598101976912 0.0328269971897 0.0218846647931
0 0.533800012359 0.622677976372 0.0242904028957 0.0161936019304
0 0.647400009861 0.659061975572 0.0235047702868 0.0156698468579
0 0.694400008828 0.763085973285 0.0224659663083 0.0149773108722
0 0.68840000896 0.77331397306 0.0231085407693 0.0154056938462
0 0.568600011593 0.68146197508 0.0243256232972 0.0162170821982
0 0.543400012148 0.652757975711 0.0268682197017 0.0179121464678
0 0.536200012306 0.663331975478 0.0204207096753 0.0136138064502
0 0.566200011646 0.79108197267 0.077876957725 0.0519179718167
0 0.545600012099 0.836401971673 0.0274991199846 0.0183327466564
0 0.494000013234 0.810055972253 0.0259810811041 0.0173207207361
0 0.612800010622 0.849903971377 0.0884713732336 0.058980915489
0 0.472600013704 0.677557975166 0.0212378032046 0.0141585354697
0 0.461000013959 0.672221975283 0.0225351209732 0.0150234139821
0 0.455000014091 0.650101975769 0.0201677361731 0.0134451574487
0 0.562200011734 0.719953974234 0.0200297236445 0.0133531490963
0 0.378800015766 0.752743973513 0.0208544350697 0.0139029567131
0 0.375400015841 0.748049973616 0.0207437282457 0.0138291521638
0 0.341000016597 0.744933973684 0.0394216216462 0.0262810810975
0 0.339800016624 0.713195974382 0.0231051770231 0.0154034513487
0 0.337400016676 0.702109974626 0.021617906527 0.0144119376847
0 0.309800017283 0.681301975083 0.0595252487738 0.0396834991825
0 0.182800020075 0.596897976939 0.0623015266065 0.041534351071
0 0.169600020366 0.613973976564 0.0237104534745 0.015806968983
0 0.126400021315 0.64598397586 0.0223193465468 0.0148795643645
0 0.154800020691 0.676243975194 0.0279071226139 0.0186047484093
0 0.177800020185 0.686377974972 0.0231769039645 0.0154512693096
0 0.11300002161 0.703587974593 0.0229197752463 0.0152798501642
0 0.212000019433 0.691799974852 0.0365503674497 0.0243669116331
0 0.183600020058 0.66415597546 0.0653654047408 0.0435769364939
0 0.214600019376 0.64278597593 0.0234897323625 0.015659821575
0 0.243000018752 0.691503974859 0.0640565117279 0.0427043411519
0 0.290800017701 0.712587974395 0.0230532368242 0.0153688245494
0 0.293200017648 0.725707974107 0.0202576669175 0.0135051112783
0 0.281000017916 0.731113973988 0.0225298774864 0.0150199183243
0 0.270000018158 0.713071974385 0.0674258971655 0.0449505981104
0 0.377000015806 0.719739974238 0.0641014276333 0.0427342850888
0 0.0284000234699 0.925433969716 0.0621936888602 0.0414624592401
0 0.0780000223795 0.879275970731 0.0405264144108 0.0270176096072
0 0.0558000228675 0.865287971038 0.0458232264302 0.0305488176201
0 0.147200020858 0.852377971322 0.0238638996622 0.0159092664415
0 0.0928000220541 0.917177969897 0.0216516429229 0.0144344286153
0 0.102000021852 0.928863969641 0.0241358684372 0.0160905789581
0 0.334800016734 0.969409968749 0.0467335155165 0.031155677011
0 0.279800017943 0.779871972916 0.0260915900606 0.0173943933738
0 0.217000019324 0.870695970919 0.0237798060068 0.0158532040045
0 0.329000016861 0.906823970125 0.0202841811524 0.0135227874349
0 0.358000016224 0.778109972955 0.0212099038978 0.0141399359318
0 0.445200014306 0.912487970001 0.0251042316125 0.0167361544084
0 0.499400013115 0.973281968664 0.0232083648849 0.0154722432566
0 0.534400012345 0.96071396894 0.0213155651024 0.014210376735
0 0.529400012455 0.865347971037 0.0271499829141 0.0180999886094
0 0.558000011827 0.814989972144 0.0610863238191 0.0407242158794
0 0.576600011418 0.860413971145 0.0218614813266 0.0145743208844
0 0.588000011167 0.869631970943 0.0237297455484 0.0158198303656
0 0.610200010679 0.879615970723 0.0228774316175 0.0152516210783
0 0.580800011325 0.878941970738 0.0285157628116 0.019010508541
0 0.581800011303 0.888751970522 0.02268747889 0.0151249859267
0 0.574600011462 0.897591970328 0.0208535446663 0.0139023631109
0 0.565400011664 0.905283970159 0.0220431236222 0.0146954157481
0 0.558600011813 0.91340996998 0.0200367479381 0.0133578319587
0 0.599200010921 0.952653969118 0.0243834005852 0.0162556003901
0 0.638200010063 0.894007970407 0.020876002619 0.0139173350793
0 0.605000010793 0.923033969769 0.0213798720154 0.0142532480103
0 0.674000009276 0.91980796984 0.0227649439867 0.0151766293245
0 0.6820000091 0.92570796971 0.0233803116768 0.0155868744512
0 0.656800009654 0.976763968587 0.019815037489 0.0132100249926
0 0.68700000899 0.893461970419 0.0897239729642 0.0598159819761
0 0.705000008595 0.860719971139 0.0995114851157 0.0663409900771
0 0.701000008683 0.872443970881 0.0280923265232 0.0187282176821
0 0.692000008881 0.894595970394 0.0274351098728 0.0182900732485
0 0.753000007539 0.835757971688 0.0207668787344 0.0138445858229
0 0.717800008313 0.815133972141 0.0281816636653 0.0187877757769
0 0.739600007834 0.907573970109 0.0262732323563 0.0175154882375
0 0.871800004928 0.932493969561 0.0441832022824 0.0294554681883
0 0.88580000462 0.955639969052 0.0253953935276 0.0169302623518
0 0.933000003582 0.937735969446 0.0222308008743 0.0148205339162
0 0.854800005301 0.84473197149 0.021766109228 0.0145107394853
0 0.945600003305 0.863065971087 0.0206760575865 0.013784038391
0 0.957000003054 0.839943971595 0.024803572061 0.0165357147074
0 0.977000002615 0.961735968918 0.020431790251 0.0136211935007
0 0.986400002408 0.838783971621 0.022469527922 0.0149796852813
0 0.983000002483 0.87792797076 0.0200992740442 0.0133995160295
0 0.870200004963 0.990221968292 0.0222572161755 0.014838144117
0 0.688800008951 0.98712196836 0.0292166092291 0.019477739486
0 0.333400016764 0.194067985795 0.0630065282399 0.04200435216
0 0.352800016338 0.180265986099 0.166559851235 0.111039900824
0 0.527400012499 0.360563982135 0.119682090366 0.0797880602443
0 0.63560001012 0.425403980709 0.135941845972 0.090627897315
0 0.862400005134 0.339969982588 0.0250941403739 0.0167294269159
0 0.728800008071 0.602805976809 0.0735107162029 0.0490071441353
0 0.332000016795 0.642117975945 0.169686156542 0.113124104361
0 0.253600018519 0.655887975642 0.0372975148445 0.0248650098963
0 0.0750000224454 0.863331971081 0.0295431894131 0.0196954596088
0 0.512400012829 0.874581970834 0.0378081117334 0.0252054078222
0 0.540800012205 0.749897973575 0.053129085344 0.0354193902293
0 0.643600009945 0.527847978457 0.136793665235 0.0911957768232
0 0.883400004673 0.789891972696 0.0556514003374 0.0371009335583
