0 0.499799991121 0.642359997925 0.550495865659 0.366997243773
0 0.364799994089 0.0961000099344 0.210587331855 0.14039155457
0 0.315799995166 0.301580005417 0.073404461396 0.0489363075973
0 0.802599984464 0.975859990593 0.0312474215401 0.0208316143601
0 0.718199986319 0.982539990446 0.0406258427916 0.0270838951944
0 0.810599984288 0.943279991309 0.0377397485382 0.0251598323588
0 0.882599982705 0.953759991078 0.0576877529364 0.0384585019576
0 0.943799981359 0.913839991956 0.0436603376133 0.0291068917422
0 0.923799981799 0.935099991489 0.0259508073881 0.0173005382588
0 0.949199981241 0.963199990871 0.0340746502347 0.0227164334898
0 0.890799982525 0.883559992622 0.0200172579968 0.0133448386645
0 0.85599998329 0.891899992438 0.0208957893614 0.0139305262409
0 0.980199980559 0.895519992359 0.0282713965423 0.0188475976949
0 0.830599983848 0.870259992914 0.027727953661 0.0184853024407
0 0.987799980392 0.705379996539 0.0229933819283 0.0153289212855
0 0.709599986508 0.862019993095 0.0209343735092 0.0139562490061
0 0.727199986121 0.870039992919 0.0199146637372 0.0132764424914
0 0.747199985682 0.871179992894 0.0204995598439 0.0136663732293
0 0.484799991451 0.967179990783 0.0403240949692 0.0268827299795
0 0.463799991912 0.988139990323 0.0353783986945 0.0235855991297
0 0.543199990167 0.973319990648 0.0443077598261 0.0295385065508
0 0.473999991688 0.881239992673 0.0213809602862 0.0142539735242
0 0.443199992365 0.882479992646 0.0255458717039 0.017030581136
0 0.415999992963 0.879019992722 0.0217730345878 0.0145153563919
0 0.420199992871 0.893079992413 0.0202350110974 0.0134900073983
0 0.438999992458 0.897539992314 0.0323645810187 0.0215763873458
0 0.372799993913 0.902239992211 0.0343037807122 0.0228691871415
0 0.321599995039 0.861939993097 0.0218837414118 0.0145891609412
0 0.347599994467 0.877119992763 0.0463003837243 0.0308669224829
0 0.302999995448 0.937379991439 0.0546428700749 0.0364285800499
0 0.0770000004162 0.855219993245 0.0293650097974 0.0195766731983
0 0.323399994999 0.784979994789 0.0222679999501 0.0148453333001
0 0.244599996731 0.792139994632 0.0241196433084 0.0160797622056
0 0.242799996771 0.843779993496 0.0372632837801 0.0248421891867
0 0.169799998376 0.87317999285 0.0476224349209 0.0317482899473
0 0.127599999304 0.849319993375 0.0451391987438 0.0300927991625
0 0.0622000007416 0.925799991693 0.0203109921884 0.0135406614589
0 0.0442000011373 0.93547999148 0.0212669886497 0.0141779924332
0 0.0176000017221 0.947259991221 0.0309062981003 0.0206041987336
0 0.0760000004382 0.957759990991 0.022311036115 0.0148740240766
0 0.199399997725 0.792579994622 0.0340766289089 0.022717752606
0 0.120599999458 0.931439991569 0.0282720890783 0.0188480593856
0 0.243399996758 0.824259993926 0.0374240510625 0.024949367375
0 0.29879999554 0.839359993594 0.0265588539835 0.0177059026557
0 0.0452000011153 0.718259996256 0.0215653727258 0.0143769151506
0 0.0890000001524 0.677839997145 0.0223356706093 0.0148904470729
0 0.0282000014891 0.647839997804 0.0266190056806 0.0177460037871
0 0.0566000008647 0.68213999705 0.0218490156788 0.0145660104525
0 0.0682000006096 0.782539994843 0.01990407783 0.01326938522
0 0.0938000000468 0.769099995138 0.024769538864 0.0165130259094
0 0.0362000013132 0.744659995676 0.0231719572788 0.0154479715192
0 0.1777999982 0.744719995674 0.023652181518 0.015768121012
0 0.402399993262 0.611219998609 0.0211335270719 0.0140890180479
0 0.489199991354 0.644339997881 0.0653152453487 0.0435434968991
0 0.626399988337 0.657659997588 0.0223981967154 0.0149321311436
0 0.459199992013 0.740679995763 0.0292141358862 0.0194760905908
0 0.426399992735 0.747419995615 0.0461967011939 0.0307978007959
0 0.464199991903 0.619499998427 0.0286571390864 0.0191047593909
0 0.488199991376 0.53206000035 0.0605559401878 0.0403706267919
0 0.362199994146 0.549859999958 0.0230779702522 0.0153853135015
0 0.71499998639 0.504960000945 0.0247871490648 0.0165247660432
0 0.7417999858 0.479600001503 0.0288708359048 0.0192472239365
0 0.784599984859 0.46198000189 0.0359429144566 0.023961942971
0 0.785799984833 0.449380002167 0.0396340323264 0.0264226882176
0 0.873399982907 0.482120001448 0.0209840382327 0.0139893588218
0 0.928799981689 0.573559999437 0.0474957008355 0.031663800557
0 0.934799981557 0.545480000055 0.0468773651341 0.031251576756
0 0.974599980682 0.526240000478 0.0212133665777 0.0141422443851
0 0.867999983026 0.503720000973 0.0482045608837 0.0321363739225
0 0.888599982573 0.359940004134 0.0402332738214 0.0268221825476
0 0.929999981663 0.347120004416 0.0243516428635 0.0162344285757
0 0.944599981342 0.337720004622 0.0314684394533 0.0209789596355
0 0.846999983488 0.231980006947 0.0204375284063 0.0136250189376
0 0.823599984002 0.257040006396 0.0455671859829 0.0303781239886
0 0.750999985598 0.20908000745 0.0257558090413 0.0171705393609
0 0.777599985013 0.275860005982 0.0335915569179 0.0223943712786
0 0.666799987449 0.204300007556 0.0220254144877 0.0146836096585
0 0.688799986966 0.13952000898 0.0266263267753 0.0177508845169
0 0.563399989723 0.204940007541 0.0309529948125 0.020635329875
0 0.54259999018 0.225840007082 0.0224515219863 0.0149676813242
0 0.53939999025 0.19498000776 0.034344442468 0.0228962949786
0 0.57079998956 0.192420007817 0.0370238641965 0.024682576131
0 0.602399988865 0.149460008761 0.0215522145421 0.0143681430281
0 0.482399991503 0.190160007866 0.0243701434677 0.0162467623118
0 0.741199985814 0.148700008778 0.0212585792842 0.0141723861895
0 0.492799991275 0.264380006235 0.0227225014242 0.0151483342828
0 0.746599985695 0.135580009066 0.0205000545125 0.0136667030083
0 0.661999987555 0.151140008724 0.0222646362039 0.0148430908026
0 0.804399984424 0.192180007822 0.0226303941381 0.0150869294254
0 0.808199984341 0.182100008044 0.02093892446 0.0139592829733
0 0.706599986574 0.382920003629 0.0427261065686 0.0284840710457
0 0.605199988804 0.34600000444 0.0277055946421 0.018470396428
0 0.514599990795 0.320280005006 0.0236699895862 0.0157799930575
0 0.494799991231 0.317760005061 0.0356916228275 0.0237944152183
0 0.48619999142 0.288500005704 0.0282130256521 0.0188086837681
0 0.487799991385 0.277480005947 0.0293102005208 0.0195401336806
0 0.659599987608 0.256260006413 0.0357909522746 0.0238606348497
0 0.429399992669 0.454420002057 0.0325658121894 0.0217105414596
0 0.320599995061 0.328660004821 0.0199595796425 0.0133063864284
0 0.472199991728 0.260680006316 0.0243553034109 0.0162368689406
0 0.514799990791 0.214400007334 0.0371431782534 0.0247621188356
0 0.504199991024 0.201300007622 0.0208758047515 0.0139172031677
0 0.501999991072 0.231080006967 0.0420261505546 0.028017433703
0 0.37519999386 0.311040005209 0.0278590408297 0.0185726938865
0 0.63219998821 0.385300003576 0.05949903134 0.0396660208933
0 0.474399991679 0.430060002592 0.0559132778737 0.0372755185825
0 0.322999995008 0.469120001733 0.0294457397066 0.0196304931377
0 0.351399994383 0.441740002335 0.0232153891785 0.015476926119
0 0.234999996943 0.43788000242 0.0226026926986 0.0150684617991
0 0.223799997189 0.446780002225 0.0343292066763 0.0228861377842
0 0.171399998341 0.592139999029 0.0291410238729 0.0194273492486
0 0.405799993187 0.500840001036 0.0255052099482 0.0170034732988
0 0.0590000008119 0.607379998694 0.0198026707749 0.0132017805166
0 0.0370000012956 0.510840000816 0.0232400236729 0.0154933491152
0 0.177599998204 0.315760005105 0.144898314941 0.0965988766275
0 0.193999997844 0.238060006813 0.0216223585441 0.0144149056961
0 0.195399997813 0.209860007433 0.0287573589369 0.0191715726246
0 0.105399999792 0.215840007302 0.03359907588 0.02239938392
0 0.131199999225 0.201420007619 0.0203740129631 0.0135826753087
0 0.11139999966 0.191740007832 0.0249045833812 0.0166030555875
0 0.183999998064 0.163460008453 0.0239191046736 0.0159460697824
0 0.0208000016518 0.377180003755 0.0242736830983 0.0161824553989
0 0.0550000008999 0.249280006567 0.0217962840102 0.0145308560068
0 0.0312000014231 0.25504000644 0.0224068039484 0.0149378692989
0 0.0600000007899 0.271360006081 0.0953795186242 0.0635863457494
0 0.0702000005657 0.208680007459 0.0247016703374 0.016467780225
0 0.363799994111 0.157920008575 0.0258119044562 0.0172079363041
0 0.376799993825 0.117640009461 0.0247440139663 0.0164960093108
0 0.404599993214 0.121520009376 0.0448221161961 0.0298814107974
0 0.421199992849 0.161600008494 0.0222146746792 0.0148097831195
0 0.324599994973 0.16908000833 0.0259923595473 0.0173282396982
0 0.420999992853 0.0655200106067 0.0248040667296 0.0165360444864
0 0.386199993618 0.0620200106836 0.0340807841249 0.0227205227499
0 0.125199999356 0.128320009226 0.0210792124639 0.0140528083093
0 0.219399997285 0.150460008739 0.02218964445 0.0147930963
0 0.596399988997 0.0909800100469 0.0310085955588 0.0206723970392
0 0.591399989107 0.101400009818 0.0236698906525 0.0157799271017
0 0.690999986917 0.0807400102721 0.0298641303756 0.0199094202504
0 0.641199988012 0.0614400106964 0.0331102444078 0.0220734962719
0 0.54439999014 0.0586600107575 0.0347630310044 0.023175354003
0 0.580999989336 0.0568600107971 0.0241426948633 0.0160951299089
0 0.828399983896 0.0534800108714 0.0276763102632 0.0184508735088
0 0.110799999673 0.0937400099863 0.021617213991 0.014411475994
0 0.16779999842 0.0618000106885 0.0219832687263 0.0146555124842
0 0.166599998446 0.09630000993 0.022280069863 0.0148533799087
0 0.0526000009526 0.0786000103191 0.0895713182462 0.0597142121641
0 0.0977999999589 0.0476800109989 0.0265151252827 0.0176767501885
0 0.109999999691 0.115780009502 0.207608437779 0.138405625186
0 0.118799999497 0.159720008536 0.0216329444513 0.0144219629675
0 0.136199999115 0.0251400114944 0.0330365387922 0.0220243591948
0 0.0166000017441 0.21636000729 0.0209803776854 0.0139869184569
0 0.532199990408 0.272200006063 0.594032635066 0.396021756711
0 0.324999994964 0.911639992005 0.0497922490977 0.0331948327318
0 0.266799996243 0.967959990766 0.0461325921483 0.0307550614322
0 0.575199989463 0.523980000527 0.0237707041053 0.0158471360702
