0 0.343799994551 0.661979997184 0.435609063594 0.29040606155
0 0.798599984552 0.775700002185 0.2929664467 0.195310977348
0 0.104399999814 0.652079996749 0.0933056639942 0.0622037800989
0 0.0444000011329 0.214599977513 0.11233427615 0.0748895223724
0 0.619599988487 0.186519976278 0.0915300018441 0.061020005254
0 0.1595999986 0.908260008013 0.0637888918291 0.0425259306909
0 0.182399998099 0.944500009607 0.0505654127237 0.0337102773725
0 0.261799996353 0.962580010402 0.0265817059178 0.0177211384474
0 0.120599999458 0.866460006175 0.0218814644932 0.0145876439576
0 0.314199995201 0.949860009842 0.0584259924436 0.0389506641981
0 0.0985999999413 0.861200005944 0.0227714721098 0.0151809824078
0 0.0844000002535 0.878800006718 0.0298229719843 0.0198819826342
0 0.156599998666 0.96436001048 0.0227172564391 0.0151448386249
0 0.253999996525 0.976700011023 0.0292473756845 0.0194982517424
0 0.674199987287 0.961200010341 0.0549582671247 0.0366388471663
0 0.625599988355 0.9898400116 0.0265420335019 0.0176946901683
0 0.551999989973 0.973360010876 0.0318386473045 0.0212257662696
0 0.523199990606 0.973700010891 0.0380641496701 0.0253761014538
0 0.415199992981 0.944500009607 0.02157862842 0.0143857532289
0 0.496799991187 0.882560006883 0.0489986985601 0.0326658011946
0 0.508399990932 0.822140004227 0.0609846159407 0.0406564133086
0 0.618199988518 0.84974000544 0.0653406670031 0.0435604475418
0 0.602999988852 0.873000006463 0.0340369542454 0.0226913043269
0 0.589399989151 0.886020007035 0.0256217521713 0.0170811692408
0 0.615599988575 0.891900007294 0.0208541368931 0.0139027588457
0 0.582999989292 0.899980007649 0.0391579607204 0.0261053088687
0 0.548999990039 0.908100008006 0.0270570823738 0.0180380561056
0 0.561199989771 0.920840008566 0.0374940936578 0.0249960640871
0 0.372799993913 0.891920007295 0.0542295214484 0.0361530166835
0 0.429599992664 0.861540005959 0.02011826799 0.0134121795446
0 0.684399987062 0.929160008932 0.0406110989899 0.027074067779
0 0.726399986139 0.907440007977 0.0370242574893 0.0246828399542
0 0.695199986825 0.885420007009 0.0244860921635 0.016324062519
0 0.728799986086 0.871260006386 0.0369770661117 0.0246513790337
0 0.778399984996 0.901720007726 0.0318000631593 0.0212000435045
0 0.928999981685 0.960680010318 0.0366803639283 0.0244535775651
0 0.987999980388 0.980640011196 0.0262376144894 0.0174917441466
0 0.90599998219 0.923480008683 0.0236855206169 0.0157903481194
0 0.606799988768 0.972280010828 0.0252464966256 0.0168309988605
0 0.622599988421 0.960780010323 0.0238792328126 0.0159194895917
0 0.779799984965 0.864800006102 0.0382101758197 0.0254734522266
0 0.620999988456 0.81562000394 0.0569974886668 0.0379983282841
0 0.826999983927 0.87748000666 0.0416520794414 0.0277680547924
0 0.813999984213 0.898380007579 0.036459247096 0.0243061663338
0 0.533799990373 0.946640009701 0.0549683583627 0.0366455746588
0 0.417999992919 0.912260008189 0.0219451777997 0.0146301194981
0 0.734199985967 0.94276000953 0.0452646437054 0.0301764311273
0 0.341399994603 0.809200003658 0.020690104809 0.0137934041158
0 0.362799994133 0.81904000409 0.0394171670294 0.0262781130861
0 0.151799998772 0.819000004088 0.0824956726397 0.0549971187205
0 0.171799998332 0.732180000271 0.0225613369189 0.0150408922713
0 0.208799997519 0.742220000712 0.0483708652636 0.032247245636
0 0.23419999696 0.671079997584 0.0207870598406 0.0138580408078
0 0.433799992572 0.788260002737 0.0240403958192 0.0160269316032
0 0.299599995522 0.775840002191 0.0320737137893 0.0213824772698
0 0.466599991851 0.772620002049 0.0206128375849 0.0137418926296
0 0.450999992194 0.816320003971 0.0410063391442 0.0273375612325
0 0.480599991543 0.759540001474 0.0262233680358 0.0174822465102
0 0.256999996459 0.842340005115 0.028701261629 0.0191341756813
0 0.455199992101 0.731320000233 0.0338084173852 0.02253894641
0 0.0582000008295 0.73192000026 0.0213907533129 0.0142605031492
0 0.0734000004953 0.683639998137 0.0225010862921 0.0150007251841
0 0.0444000011329 0.486619989474 0.0369997219303 0.0246664829138
0 0.166199998455 0.615059995121 0.0305871359273 0.0203914252964
0 0.220599997259 0.579119993541 0.0297638096283 0.019842541061
0 0.308599995324 0.515439990741 0.0368912905889 0.024594195348
0 0.253199996542 0.470679988773 0.0498363702463 0.0332242490222
0 0.0394000012428 0.367999984258 0.0350002717379 0.0233335160309
0 0.310199995289 0.473879988913 0.0392775715706 0.0261850494408
0 0.126999999317 0.455279988096 0.0364392624875 0.0242928432606
0 0.0632000007196 0.519099990902 0.0444465608929 0.0296310425496
0 0.271799996133 0.576499993426 0.0265504428668 0.017700296412
0 0.31059999528 0.579799993571 0.0300291498271 0.0200194345384
0 0.455199992101 0.642419996324 0.0356818260366 0.0237878855933
0 0.47479999167 0.67575999779 0.0298540371679 0.019902692758
0 0.473799991692 0.717439999623 0.0297668765732 0.019844585691
0 0.516599990751 0.694779998626 0.0222832342721 0.0148554904945
0 0.493199991266 0.534419991575 0.0277284465007 0.0184856322197
0 0.430999992633 0.510619990529 0.03386194052 0.0225746285023
0 0.427599992708 0.546699992115 0.024633503385 0.0164223366731
0 0.604199988826 0.638779996164 0.0381128250533 0.0254085517114
0 0.27059999616 0.501819990142 0.0258519709045 0.0172346484064
0 0.402399993262 0.470239988753 0.0388553225146 0.0259035500516
0 0.382999993689 0.481259989238 0.0235214885328 0.0156809933894
0 0.388199993574 0.515399990739 0.0197897091534 0.0131931403057
0 0.49939999113 0.446659987716 0.0366543443637 0.0244362311875
0 0.509199990914 0.501679990136 0.0377638858732 0.025175925576
0 0.540799990219 0.513079990637 0.0298656124115 0.0199104095875
0 0.465999991864 0.480499989204 0.0503617082237 0.0335744743635
0 0.617999988522 0.538039991735 0.0449250042937 0.0299500048379
0 0.52259999062 0.714119999477 0.0425998643421 0.0283999114345
0 0.521999990633 0.739740000603 0.0630026656698 0.0420017798834
0 0.699799986724 0.684419998171 0.0330061639656 0.0220041107617
0 0.799999984521 0.683579998134 0.063330037302 0.0422200276526
0 0.914399982006 0.691599998487 0.0315480790108 0.0210320540611
0 0.948199981263 0.705459999096 0.0285075494332 0.019005034209
0 0.70679998657 0.651759996735 0.0683682362653 0.0455788271831
0 0.570999989555 0.719919999732 0.0213024055137 0.0142016046125
0 0.863199983131 0.635599996024 0.0436277855444 0.0290851922813
0 0.723799986196 0.611199994951 0.0635502637309 0.0423668452816
0 0.784199984868 0.653879996828 0.0626283005274 0.0417522031054
0 0.546999990083 0.562559992813 0.0440714042808 0.0293809381251
0 0.670599987366 0.576539993427 0.0394251806595 0.0262834555066
0 0.819399984094 0.849100005412 0.045625158129 0.0304167740922
0 0.950199981219 0.865120006116 0.0644569911437 0.0429713302634
0 0.987799980392 0.932120009062 0.0332909941043 0.0221939975334
0 0.972799980722 0.804880003468 0.0258373287161 0.0172248869468
0 0.949399981236 0.732300000276 0.0535939713229 0.0357293165719
0 0.936599981518 0.605459994699 0.0264772319246 0.017651489114
0 0.866999983048 0.618199995259 0.0296255003077 0.0197503348411
0 0.920799981865 0.493659989783 0.0748331581987 0.0498887754229
0 0.847999983466 0.589439993995 0.0272421873372 0.0181614594226
0 0.847599983474 0.568159993059 0.0263172561225 0.0175448385722
0 0.868999983004 0.567239993018 0.0412725697463 0.0275150483123
0 0.783999984873 0.458459988235 0.0344940279658 0.0229960201606
0 0.588799989164 0.546059992087 0.0380555424377 0.0253703632984
0 0.674399987282 0.417159986419 0.0361345466739 0.0240896993714
0 0.802799984459 0.428819986932 0.0385521896403 0.0257014614554
0 0.576199989441 0.455699988114 0.0262929184309 0.0175286134434
0 0.565199989683 0.468299988668 0.0225232474422 0.0150154992851
0 0.0282000014891 0.0327599695171 0.0207003939144 0.0138002635198
0 0.278999995975 0.17381997572 0.0264828711458 0.017655248595
0 0.478799991582 0.0484399702066 0.035554597291 0.023703066424
0 0.721599986244 0.097619972369 0.0374274123401 0.0249516098725
0 0.964199980911 0.176039975817 0.0338375038947 0.0225583374176
0 0.829399983874 0.354359983658 0.0246449796948 0.0164299875469
0 0.978599980594 0.376339984624 0.0258764075298 0.017250939491
0 0.986799980414 0.391139985275 0.0341755603671 0.0227837084141
0 0.894799982437 0.337719982926 0.0211313491365 0.0140875670202
0 0.87419998289 0.402899985792 0.0288589619559 0.0192393092395
0 0.911199982076 0.443679987585 0.0357010191755 0.0238006810201
0 0.9737999807 0.0130999686526 0.0338454185911 0.0225636138823
0 0.968199980823 0.125519973596 0.0227393186554 0.0151595467702
0 0.942599981386 0.786220002647 0.0442590815206 0.0295060562932
