0 0.068000000614 0.593619998996 0.121656807263 0.0811045381751
0 0.197599997765 0.548099999997 0.0789238742679 0.0526159161786
0 0.921599981847 0.878959992723 0.154858961089 0.103239307393
0 0.706999986565 0.909859992044 0.105056719687 0.0700378131244
0 0.730999986038 0.781359994869 0.121707263456 0.0811381756373
0 0.593399989063 0.85223999331 0.103745847999 0.0691638986663
0 0.943999981355 0.779419994911 0.0744742316264 0.0496494877509
0 0.630999988236 0.705279996541 0.0686830478469 0.0457886985646
0 0.421999992831 0.694819996771 0.0673143988718 0.0448762659146
0 0.364799994089 0.665999997405 0.108817190089 0.0725447933924
0 0.210399997483 0.755099995446 0.0952424954327 0.0634949969552
0 0.106799999761 0.729119996017 0.141136855202 0.0940912368013
0 0.0614000007592 0.934059991512 0.0992156733161 0.0661437822108
0 0.371199993948 0.889259992497 0.188241174272 0.125494116181
0 0.20919999751 0.976799990572 0.0353406060165 0.023560404011
0 0.254599996512 0.899599992269 0.033880641225 0.02258709415
0 0.287999995777 0.888699992509 0.0249161586256 0.016610772417
0 0.224799997167 0.937839991428 0.038823468422 0.0258823122814
0 0.151999998767 0.946639991235 0.0565323061112 0.0376882040741
0 0.187999997976 0.828519993832 0.0450786513119 0.0300524342079
0 0.0967999999809 0.850479993349 0.0308509941552 0.0205673294368
0 0.133199999181 0.89957999227 0.0859562804011 0.0573041869341
0 0.0944000000336 0.827079993864 0.0308966025965 0.0205977350644
0 0.264599996292 0.843399993505 0.133499172617 0.0889994484116
0 0.278199995993 0.808099994281 0.0258378250888 0.0172252167258
0 0.44659999229 0.876879992769 0.0204494004518 0.0136329336345
0 0.480399991547 0.880279992694 0.0553794315625 0.0369196210417
0 0.225399997154 0.906779992111 0.0550317784977 0.0366878523318
0 0.237999996877 0.933939991514 0.0203268215823 0.0135512143882
0 0.547399990074 0.907679992092 0.0892061539143 0.0594707692762
0 0.592799989076 0.920739991804 0.0267267444932 0.0178178296621
0 0.854799983316 0.980099990499 0.0472505430966 0.0315003620644
0 0.717999986324 0.873339992847 0.0620499381763 0.0413666254509
0 0.867999983026 0.905599992137 0.0224680439163 0.0149786959442
0 0.856199983285 0.872399992867 0.0359383635058 0.0239589090039
0 0.820599984068 0.922719991761 0.132467293999 0.0883115293325
0 0.795599984618 0.955559991039 0.0420561274694 0.0280374183129
0 0.956199981087 0.960599990928 0.0230534346916 0.0153689564611
0 0.975199980669 0.924319991726 0.0611005702737 0.0407337135158
0 0.915999981971 0.825499993898 0.026033021303 0.0173553475353
0 0.809199984319 0.607819998684 0.0527132669515 0.0351421779676
0 0.86099998318 0.556279999817 0.0256464872893 0.0170976581929
0 0.807999984345 0.636479998054 0.0305051218972 0.0203367479315
0 0.798799984547 0.654679997654 0.0265063201823 0.0176708801216
0 0.863199983131 0.651699997719 0.0283144327072 0.0188762884714
0 0.89919998234 0.660359997529 0.0239745075525 0.015983005035
0 0.912199982054 0.685239996982 0.0255196542702 0.0170131028468
0 0.899399982335 0.699919996659 0.0350747711317 0.0233831807545
0 0.938999981465 0.697779996706 0.0208682857894 0.0139121905263
0 0.889599982551 0.736139995863 0.0315382866541 0.0210255244361
0 0.895799982415 0.778599994929 0.0256694399105 0.0171129599404
0 0.655199987704 0.777459994954 0.0437667902876 0.0291778601918
0 0.876799982832 0.801639994423 0.0683469700264 0.0455646466843
0 0.825399983962 0.717939996263 0.192695169997 0.128463446665
0 0.808399984336 0.80083999444 0.109376165563 0.0729174437085
0 0.616999988544 0.656859997606 0.0275019890623 0.0183346593749
0 0.604199988826 0.730779995981 0.0347853900234 0.0231902600156
0 0.573399989503 0.707779996486 0.0268281515482 0.0178854343655
0 0.575199989463 0.724059996128 0.0492324821538 0.0328216547692
0 0.546199990101 0.683459997021 0.0217682857696 0.0145121905131
0 0.69539998682 0.625019998306 0.0204036930768 0.0136024620512
0 0.695999986807 0.594179998984 0.0274737929543 0.0183158619695
0 0.677399987216 0.610939998615 0.0333787505028 0.0222525003352
0 0.637599988091 0.607219998697 0.0370934145962 0.0247289430641
0 0.604399988821 0.609799998641 0.115887982502 0.0772586550015
0 0.540799990219 0.598359998892 0.0286039127492 0.0190692751661
0 0.66219998755 0.607259998696 0.0264361761804 0.0176241174536
0 0.624399988381 0.570359999508 0.111247991398 0.0741653275989
0 0.719199986297 0.565919999605 0.123477187568 0.0823181250452
0 0.569599989586 0.544740000071 0.0253707590333 0.0169138393555
0 0.545799990109 0.55477999985 0.0206514230922 0.0137676153948
0 0.543199990167 0.537380000233 0.0233606238681 0.0155737492454
0 0.423599992796 0.62891999822 0.139824994178 0.0932166627852
0 0.319999995074 0.599059998877 0.0198393751822 0.0132262501214
0 0.282799995892 0.613959998549 0.0435171805317 0.0290114536878
0 0.235399996934 0.629659998204 0.0256389683272 0.0170926455514
0 0.246399996692 0.641399997946 0.0213301083581 0.0142200722388
0 0.294999995623 0.701599996622 0.0357489054469 0.0238326036312
0 0.26739999623 0.692299996827 0.0276809601477 0.0184539734318
0 0.377799993803 0.719059996238 0.0775420671091 0.0516947114061
0 0.432999992589 0.73491999589 0.0433254469974 0.0288836313316
0 0.570599989564 0.76947999513 0.0297695497467 0.0198463664978
0 0.490399991327 0.731679995961 0.0225570842573 0.0150380561715
0 0.490599991323 0.755539995436 0.0288418483271 0.0192278988847
0 0.510199990892 0.768679995148 0.0399451788514 0.0266301192343
0 0.536399990316 0.838799993606 0.020514300967 0.0136762006447
0 0.500399991108 0.811279994211 0.0358231057311 0.0238820704874
0 0.470599991763 0.779159994917 0.0389621734866 0.0259747823244
0 0.442599992378 0.779079994919 0.0434357580865 0.0289571720577
0 0.307599995346 0.680719997081 0.0207919089636 0.0138612726424
0 0.232999996986 0.718019996261 0.0206095741319 0.0137397160879
0 0.260199996388 0.757059995403 0.0225125640868 0.0150083760579
0 0.441399992405 0.810699994224 0.0968677784573 0.0645785189716
0 0.185799998024 0.707779996486 0.0577121895633 0.0384747930422
0 0.237999996877 0.771139995093 0.0470550500812 0.0313700333875
0 0.214399997395 0.782179994851 0.0223386386207 0.0148924257471
0 0.218399997307 0.727399996055 0.0260283714185 0.0173522476124
0 0.15139999878 0.686419996956 0.0298205995423 0.0198803996948
0 0.226799997123 0.685099996985 0.11787951813 0.0785863454197
0 0.0336000013703 0.704839996551 0.0444401331331 0.0296267554221
0 0.0376000012824 0.735059995887 0.0208800589012 0.0139200392674
0 0.0474000010669 0.755559995436 0.0331216217847 0.0220810811898
0 0.0586000008207 0.778439994933 0.0311663948298 0.0207775965532
0 0.0997999999149 0.798039994502 0.0223524893404 0.0149016595603
0 0.15459999871 0.630619998183 0.027874078754 0.0185827191693
0 0.0956000000073 0.648779997784 0.031286995025 0.0208579966833
0 0.0368000013 0.631739998158 0.0334297013646 0.0222864675764
0 0.121199999444 0.584179999204 0.0288400675203 0.0192267116802
0 0.121999999427 0.593359999002 0.159458389371 0.106305592914
0 0.228199997092 0.570599999502 0.0200659333832 0.0133772889221
0 0.0714000005393 0.536040000262 0.0399636794556 0.0266424529704
0 0.0866000002051 0.526820000465 0.0258718582858 0.0172479055238
0 0.122799999409 0.524920000507 0.0534272715527 0.0356181810351
0 0.0528000009482 0.429080002614 0.0992918522746 0.066194568183
0 0.0270000015154 0.390040003472 0.0206646802096 0.0137764534731
0 0.153799998728 0.499060001075 0.0447833341809 0.0298555561206
0 0.196799997782 0.511040000812 0.0214910735079 0.0143273823386
0 0.258599996424 0.519800000619 0.0600759138161 0.0400506092107
0 0.231599997017 0.506640000909 0.0244190167216 0.0162793444811
0 0.284999995843 0.565959999604 0.0296286681405 0.019752445427
0 0.366599994049 0.580799999278 0.0305379678897 0.0203586452598
0 0.348399994449 0.585959999165 0.0211254145075 0.0140836096717
0 0.331799994814 0.614439998539 0.028586104681 0.0190574031206
0 0.395599993412 0.557619999788 0.0202326366883 0.0134884244589
0 0.347399994471 0.500100001052 0.0296054187181 0.0197369458121
0 0.334399994757 0.508700000863 0.0668331852955 0.0445554568637
0 0.291199995707 0.47430000162 0.0232840491748 0.0155226994499
0 0.188799997958 0.45654000201 0.0211093872461 0.0140729248308
0 0.209399997505 0.445800002246 0.027262470545 0.0181749803633
0 0.195799997804 0.423500002736 0.0416845324462 0.0277896882975
0 0.129999999251 0.445100002262 0.0320379019009 0.0213586012673
0 0.132199999203 0.456340002014 0.0820807500917 0.0547205000611
0 0.0674000006272 0.468200001754 0.0211126520586 0.0140751013724
0 0.143799998948 0.406480003111 0.0201112450234 0.0134074966823
0 0.166999998438 0.431880002552 0.0701047252918 0.0467364835278
0 0.136599999106 0.419920002815 0.023176706097 0.015451137398
0 0.171599998336 0.384020003604 0.0230798499927 0.0153865666618
0 0.198599997743 0.385020003582 0.0222810592002 0.0148540394668
0 0.393199993464 0.452100002108 0.0218703853607 0.0145802569071
0 0.204999997602 0.461660001897 0.0468999220204 0.0312666146803
0 0.24239999678 0.488020001318 0.0298138720498 0.0198759146999
0 0.274199996081 0.590939999055 0.0416466408344 0.0277644272229
0 0.413999993007 0.537480000231 0.0346103762865 0.023073584191
0 0.488599991367 0.511480000802 0.0226925245093 0.0151283496729
0 0.431399992625 0.456180002018 0.0229130477539 0.0152753651693
0 0.523599990598 0.483160001425 0.0416431781545 0.0277621187697
0 0.560999989775 0.528220000434 0.021761954012 0.0145079693414
0 0.480599991543 0.428080002636 0.022324095365 0.0148827302433
0 0.668799987405 0.519160000633 0.0328691429511 0.0219127619674
0 0.660599987586 0.512260000785 0.0300470588096 0.0200313725397
0 0.580999989336 0.457180001996 0.0831447821668 0.0554298547778
0 0.428799992682 0.383640003613 0.0232409140763 0.0154939427175
0 0.401799993275 0.40330000318 0.0314790253605 0.020986016907
0 0.511399990866 0.40512000314 0.0621881485723 0.0414587657149
0 0.596799988988 0.421800002774 0.0219741668248 0.0146494445499
0 0.651599987783 0.428460002627 0.0307095189467 0.0204730126311
0 0.622799988417 0.449880002156 0.0995065384301 0.0663376922867
0 0.246999996679 0.421900002772 0.0213877867124 0.0142585244749
0 0.445199992321 0.492420001221 0.0825522681642 0.0550348454428
0 0.499799991121 0.526560000471 0.0472996142179 0.0315330761453
0 0.794399984644 0.559379999749 0.0228352858561 0.0152235239041
0 0.823999983993 0.523760000532 0.021510662383 0.0143404415886
0 0.830799983844 0.488520001307 0.0567702416891 0.0378468277927
0 0.897399982379 0.464020001846 0.0368049238913 0.0245366159275
0 0.749799985624 0.433620002514 0.0241165763633 0.0160777175755
0 0.700599986706 0.463100001866 0.0494663614496 0.0329775742997
0 0.829799983866 0.452140002107 0.0327833674226 0.0218555782817
0 0.796199984604 0.42378000273 0.0336550723611 0.0224367149074
0 0.777399985018 0.411540002999 0.0209029125887 0.0139352750591
0 0.823599984002 0.406900003101 0.0217854013018 0.0145236008679
0 0.832599983804 0.396980003319 0.0279965586898 0.0186643724598
0 0.802999984455 0.381360003663 0.0202409471201 0.0134939647468
0 0.67039998737 0.396840003323 0.0204855112568 0.0136570075045
0 0.614799988593 0.399000003275 0.0246387484965 0.016425832331
0 0.882599982705 0.144540008869 0.060081454104 0.040054302736
0 0.856199983285 0.175600008187 0.0790420011203 0.0526946674136
0 0.814999984191 0.152060008704 0.0261446185304 0.0174297456869
0 0.796199984604 0.228060007033 0.0232259750857 0.0154839833905
0 0.807999984345 0.176700008162 0.051419708664 0.034279805776
0 0.80319998445 0.203540007572 0.0351876544974 0.0234584363316
0 0.825999983949 0.217600007263 0.0596198294027 0.0397465529351
0 0.771599985145 0.215260007315 0.0458029450192 0.0305352966794
0 0.951799981183 0.311340005202 0.0395975257866 0.0263983505244
0 0.857599983254 0.352160004305 0.0462210388871 0.0308140259247
0 0.848599983452 0.394080003383 0.0765385824659 0.0510257216439
0 0.805599984398 0.395380003355 0.0227297235851 0.0151531490568
0 0.815799984173 0.350340004345 0.0775924243686 0.0517282829124
0 0.776999985026 0.350680004337 0.0290984823766 0.0193989882511
0 0.722599986222 0.346160004437 0.0373069135472 0.0248712756981
0 0.745799985712 0.304260005358 0.0831842567179 0.0554561711453
0 0.800999984499 0.272240006062 0.0273613053235 0.0182408702157
0 0.817199984143 0.248400006586 0.0212697587937 0.0141798391958
0 0.925599981759 0.287860005718 0.0322016371946 0.0214677581298
0 0.840199983637 0.30464000535 0.0348919416315 0.023261294421
0 0.878599982793 0.271820006071 0.0250011426844 0.0166674284563
0 0.864599983101 0.298520005484 0.0224356925924 0.0149571283949
0 0.978599980594 0.288900005696 0.0233711108416 0.015580740561
0 0.674999987269 0.268260006149 0.0297902268926 0.0198601512617
0 0.665599987476 0.289540005682 0.037934054349 0.025289369566
0 0.610599988685 0.284880005784 0.0245072655929 0.0163381770619
0 0.584199989265 0.355440004233 0.0512002736902 0.0341335157935
0 0.512399990844 0.330860004773 0.0469074409826 0.0312716273217
0 0.485799991429 0.352860004289 0.0377292615647 0.0251528410431
0 0.606999988764 0.257520006386 0.04570915586 0.0304727705733
0 0.607399988755 0.232680006932 0.0484895889087 0.0323263926058
0 0.698399986755 0.256040006418 0.0312476194075 0.0208317462717
0 0.719799986284 0.28004000589 0.0370274258101 0.0246849505401
0 0.688999986961 0.318480005045 0.0235751121562 0.0157167414375
0 0.692799986878 0.279200005909 0.0253975700693 0.0169317133795
0 0.688999986961 0.30188000541 0.0378127616178 0.0252085077452
0 0.649399987832 0.346180004436 0.0212273162311 0.0141515441541
0 0.614399988601 0.341080004548 0.0357813557045 0.0238542371363
0 0.548999990039 0.275820005983 0.0925116281739 0.0616744187826
0 0.4779999916 0.28596000576 0.0871787053495 0.0581191368997
0 0.641599988003 0.203100007582 0.114214024091 0.0761426827274
0 0.584799989252 0.214440007333 0.0205283495542 0.0136855663695
0 0.528199990496 0.177980008134 0.0763361640907 0.0508907760604
0 0.460799991978 0.233440006915 0.0472830922879 0.0315220615253
0 0.461399991965 0.254320006456 0.0327558638506 0.0218372425671
0 0.444199992343 0.267220006172 0.0354283602192 0.0236189068128
0 0.424399992778 0.202100007604 0.0222908536377 0.0148605690918
0 0.39519999342 0.193300007797 0.0225319550944 0.0150213033963
0 0.325399994955 0.228860007016 0.0463738914725 0.0309159276483
0 0.411399993064 0.236420006849 0.0937025922018 0.0624683948012
0 0.288599995764 0.204240007557 0.0541144651179 0.0360763100786
0 0.321599995039 0.179220008107 0.0332172906845 0.0221448604563
0 0.215799997365 0.171680008273 0.0363469597373 0.0242313064916
0 0.355799994287 0.231660006954 0.0228952396857 0.0152634931238
0 0.390399993526 0.328840004818 0.0205792014823 0.0137194676548
0 0.287199995795 0.283200005821 0.0214063862503 0.0142709241668
0 0.124399999374 0.24958000656 0.0207446186491 0.0138297457661
0 0.151999998767 0.283560005813 0.0216935908169 0.0144623938779
0 0.250799996595 0.293620005592 0.0223578317608 0.0149052211739
0 0.258199996432 0.308620005262 0.0200626685707 0.0133751123805
0 0.338599994665 0.276020005979 0.034124413892 0.0227496092613
0 0.181399998121 0.333520004715 0.0289978667913 0.0193319111942
0 0.256599996468 0.399100003273 0.065300009557 0.0435333397047
0 0.146799998882 0.25778000638 0.0360914139586 0.0240609426391
0 0.101599999875 0.362200004084 0.0199365280876 0.0132910187251
0 0.0596000007987 0.375460003793 0.0252636138229 0.0168424092153
0 0.0946000000292 0.210440007421 0.0524093425875 0.034939561725
0 0.155199998697 0.365720004007 0.0320026814993 0.0213351209996
0 0.152999998745 0.386780003544 0.0211418375038 0.0140945583358
0 0.0784000003854 0.0205400115956 0.0385012413213 0.0256674942142
0 0.298999995535 0.0860800101547 0.030593568636 0.020395712424
0 0.322999995008 0.136620009044 0.0234823123341 0.0156548748894
0 0.395599993412 0.125100009297 0.0541522577959 0.0361015051973
0 0.433799992572 0.117900009455 0.0680577867856 0.0453718578571
0 0.401199993289 0.0716200104726 0.0815146513902 0.0543431009268
0 0.432199992607 0.0571600107905 0.0737794201653 0.0491862801102
0 0.52619999054 0.0702400105029 0.0651086717575 0.0434057811717
0 0.501799991077 0.0308400113691 0.0203424531089 0.0135616354059
0 0.471799991736 0.0290400114087 0.0261109810682 0.0174073207122
0 0.445199992321 0.0231800115375 0.0383627341242 0.0255751560828
0 0.489799991341 0.0482400109866 0.0433050666526 0.0288700444351
0 0.332599994797 0.0328600113247 0.0417754525277 0.0278503016852
0 0.314999995184 0.0481000109897 0.0242496422062 0.0161664281375
0 0.228199997092 0.135800009062 0.0225411559296 0.0150274372864
0 0.204399997615 0.134640009087 0.0244130806988 0.0162753871326
0 0.667399987436 0.113440009553 0.0267467291031 0.0178311527354
0 0.709199986517 0.107020009694 0.031983191558 0.0213221277054
0 0.596399988997 0.0744800104097 0.0202762664554 0.0135175109703
0 0.684799987054 0.0678800105548 0.0613075395997 0.0408716930665
0 0.648599987849 0.0156400117033 0.0205919639311 0.0137279759541
0 0.639999988038 0.0589800107505 0.0855756824101 0.0570504549401
0 0.757999985444 0.0992800098645 0.0214818726727 0.0143212484485
0 0.730999986038 0.0762600103706 0.0414444203266 0.0276296135511
0 0.879399982775 0.0866200101428 0.0403036156908 0.0268690771272
0 0.897199982384 0.0700800105064 0.0463140365766 0.0308760243844
0 0.939399981456 0.0665800105834 0.0267916450084 0.0178610966723
0 0.849999983422 0.127480009244 0.025082070461 0.0167213803073
0 0.825599983958 0.115000009519 0.0213198192521 0.0142132128347
0 0.410199993091 0.769319995133 0.046687610274 0.031125073516
0 0.561399989767 0.56253999968 0.0252649988949 0.0168433325966
0 0.778999984983 0.49748000111 0.0311227650627 0.0207485100418
0 0.603199988848 0.372220003864 0.0446408696352 0.0297605797568
0 0.149199998829 0.033940011301 0.0268822682888 0.0179215121926
