0 0.893400019407 0.161700008492 0.110641542337 0.0737610233598
0 0.862400018044 0.207020007496 0.108313631781 0.0722090830915
0 0.727800012126 0.0712200104814 0.136124891297 0.0907499215456
0 0.525600003235 0.123860009324 0.172362336195 0.114908216551
0 0.646800008564 0.365360004015 0.0791378783267 0.0527585820714
0 0.580800005662 0.390920003453 0.0842852021859 0.0561901310845
0 0.505600002355 0.47472000161 0.0988456742713 0.0658971118345
0 0.79840001523 0.717599996271 0.157300665857 0.104867103655
0 0.880800018853 0.681659997061 0.10056019573 0.0670401260653
0 0.3405999951 0.911599992005 0.103493580685 0.0689957159062
0 0.0809999836854 0.00930001184269 0.0235547349186 0.0157031555767
0 0.375199996622 0.0290800114078 0.0224513270805 0.0149675503998
0 0.296399993157 0.0307600113709 0.0239658045472 0.0159772019777
0 0.784600014623 0.0287600114149 0.0372281672231 0.0248187765118
0 0.956800022195 0.0273400114461 0.0239262310571 0.0159508196527
0 0.980600023241 0.128520009222 0.0199243618692 0.0132829070367
0 0.989000023611 0.213360007356 0.0221070377165 0.0147380241723
0 0.969400022749 0.208760007458 0.0201313312225 0.0134208865965
0 0.962400022441 0.252060006506 0.0205189535582 0.0136793014699
0 0.94600002172 0.206240007513 0.0302568022707 0.0201712001834
0 0.723600011941 0.117880009456 0.0788146618462 0.0525431044319
0 0.668000009496 0.0939200099823 0.0437547261465 0.0291698155071
0 0.733400012372 0.153740008667 0.0434116239872 0.0289410807493
0 0.66740000947 0.200980007629 0.0479856269084 0.031990415829
0 0.787800014764 0.204460007552 0.0250338930454 0.0166892609295
0 0.820600016206 0.204360007554 0.0402013235354 0.0268008805892
0 0.798000015212 0.226660007064 0.0425709841234 0.0283806542104
0 0.707400011229 0.209200007448 0.0505218918898 0.0336812590384
0 0.63080000786 0.204440007552 0.0549041612514 0.0366027717534
0 0.633400007975 0.129760009194 0.11057921409 0.073719471198
0 0.494400001863 0.202240007601 0.071571328083 0.047714215575
0 0.551400004369 0.218840007236 0.0440474710396 0.0293649787563
0 0.449599999893 0.22774000704 0.0593805165857 0.0395870084462
0 0.33239999474 0.208100007472 0.0248621440983 0.016574761639
0 0.337799994977 0.222120007164 0.0330370378187 0.0220246904265
0 0.291199992928 0.233320006918 0.0216570871339 0.014438057137
0 0.332999994766 0.246920006619 0.0397099197219 0.0264732780685
0 0.377199996709 0.240260006765 0.0580892336033 0.0387261531813
0 0.353599995672 0.202780007589 0.0223076753114 0.01487178256
0 0.383599996991 0.180820008072 0.021497507035 0.0143316704114
0 0.376599996683 0.0734600104321 0.0218532727111 0.0145688475132
0 0.361399996015 0.0739800104207 0.0224459846593 0.0149639887859
0 0.355199995742 0.133100009121 0.0539619164518 0.0359746085951
0 0.263999991732 0.0891800100865 0.0374967722872 0.0249978465427
0 0.242199990773 0.122040009364 0.0225399716984 0.0150266468078
0 0.291999992963 0.116640009483 0.0216067298677 0.0144044856284
0 0.273199992137 0.215280007314 0.0294619687218 0.0196413111857
0 0.163999987335 0.219320007225 0.0209123140499 0.0139415417804
0 0.113599985119 0.114540009529 0.0213530637961 0.0142353749252
0 0.0545999825246 0.0803200102813 0.0214348819869 0.0142899203821
0 0.167599987493 0.0594800107395 0.0304975080243 0.0203316706752
0 0.196599988768 0.254720006447 0.0283133481712 0.0188755642025
0 0.0237999811703 0.246040006638 0.0341065113891 0.0227376727597
0 0.0199999810032 0.0525400108921 0.0507646752517 0.0338431146023
0 0.0281999813637 0.110940009608 0.0270337393683 0.0180224917235
0 0.0165999808537 0.122300009358 0.0351777657665 0.0234518422975
0 0.0533999824718 0.448540002186 0.0217440498784 0.0144960322962
0 0.0983999844505 0.466240001797 0.0501742387792 0.0334494903133
0 0.137399986165 0.42562000269 0.0443204291877 0.029546950843
0 0.0957999843362 0.441580002339 0.0356099082785 0.0237399372866
0 0.115999985224 0.433580002515 0.0324503608278 0.0216335724583
0 0.0697999831929 0.419780002818 0.0320328605071 0.0213552389295
0 0.166999987467 0.25868000636 0.0340183614399 0.0226789061308
0 0.145999986543 0.297760005501 0.0525204520744 0.0350136324069
0 0.186599988329 0.319580005021 0.0198789512893 0.0132526333188
0 0.353799995681 0.313040005165 0.0410338508337 0.0273558987515
0 0.375999996657 0.28280000583 0.0233714107257 0.0155809394561
0 0.42679999889 0.283040005824 0.0395610244653 0.0263740145707
0 0.511000002593 0.295820005543 0.0309568573109 0.0206379035127
0 0.481000001274 0.304320005357 0.0328610347215 0.021907355036
0 0.420599998618 0.343800004489 0.0214270662226 0.0142847098729
0 0.22619999007 0.475820001586 0.0226771927753 0.0151181275198
0 0.231599990307 0.446800002224 0.0670002931736 0.0446668591697
0 0.349199995478 0.483860001409 0.0337461947616 0.0224974616906
0 0.38699999714 0.48336000142 0.0379371262985 0.0252914158642
0 0.426599998882 0.480860001475 0.0371387311354 0.0247591524573
0 0.380199996841 0.438920002397 0.0234847887748 0.0156565248173
0 0.364399996147 0.449120002173 0.0255939568642 0.0170626367841
0 0.347399995399 0.432680002535 0.0228429067652 0.0152286035057
0 0.369999996393 0.41698000288 0.0349090617686 0.0232727063108
0 0.427199998908 0.376880003761 0.021900859833 0.014600572259
0 0.460400000368 0.390680003458 0.0260214494912 0.01734763185
0 0.485000001449 0.400780003236 0.0306548126476 0.0204365404171
0 0.53640000371 0.361800004093 0.0343526584976 0.0229017708212
0 0.527800003331 0.437680002425 0.0198331449745 0.0132220957776
0 0.590000006066 0.365140004019 0.0348076547002 0.023205101603
0 0.772200014078 0.445560002251 0.0272162720915 0.0181441801976
0 0.606400006788 0.468960001737 0.021359593422 0.0142397280088
0 0.58280000575 0.475440001594 0.0233274841516 0.0155516550754
0 0.784000014597 0.304220005359 0.0235175358379 0.0156783561912
0 0.792800014984 0.307120005295 0.0213922415513 0.0142614934269
0 0.772000014069 0.317900005058 0.0228540862761 0.0152360565125
0 0.766000013805 0.324440004914 0.0242214492933 0.0161476317972
0 0.781000014465 0.395560003351 0.0342861750342 0.0228574485152
0 0.832600016734 0.408900003057 0.0257553177702 0.0171702107143
0 0.874200018563 0.430760002577 0.0219135233498 0.014609014603
0 0.97260002289 0.341100004548 0.0254069721234 0.0169379802985
0 0.95420002208 0.473700001633 0.0275187124897 0.0183458071164
0 0.942400021562 0.67897999712 0.0230840082537 0.0153893378208
0 0.883400018967 0.573599999436 0.0701958525004 0.0467972319137
0 0.953600022054 0.496440001133 0.01990605913 0.0132707052114
0 0.877200018695 0.498340001091 0.0223513050842 0.0149008690734
0 0.848600017437 0.552339999904 0.0216140509634 0.0144093663586
0 0.841400017121 0.564019999647 0.0342306732143 0.0228204473044
0 0.894200019442 0.547000000021 0.0199805562252 0.0133203699382
0 0.957200022212 0.695359996759 0.0258198225591 0.0172132139041
0 0.947200021773 0.725439996098 0.0551731620505 0.0367821056077
0 0.830000016619 0.688439996912 0.0207438299158 0.0138292190317
0 0.817200016056 0.660539997525 0.0215189756534 0.0143459828227
0 0.801200015353 0.585299999179 0.0573583112409 0.0382388716385
0 0.806000015564 0.542240000126 0.0288236483262 0.0192157642834
0 0.786400014702 0.533580000316 0.0262509757339 0.017500649335
0 0.769400013955 0.481840001454 0.0271747199269 0.0181164787564
0 0.75020001311 0.485880001365 0.0226027946139 0.0150685287488
0 0.732800012345 0.592679999017 0.026615744379 0.0177438284157
0 0.74360001282 0.599739998862 0.0413213522393 0.0275475663426
0 0.736200012495 0.625319998299 0.0339068631315 0.0226045739301
0 0.76520001377 0.651279997729 0.0209966055839 0.0139977361327
0 0.783800014588 0.659159997555 0.0211925932937 0.0141283945973
0 0.885400019055 0.656959997604 0.0257639250043 0.01717594887
0 0.646800008564 0.569839999519 0.0223136113349 0.0148757399088
0 0.642600008379 0.547380000013 0.0201700143091 0.0134466753192
0 0.626200007658 0.599279998872 0.0205981005384 0.0137320661199
0 0.578200005548 0.55341999988 0.029171993973 0.0194479946993
0 0.537200003745 0.536380000255 0.0249817549722 0.0166545022163
0 0.583800005794 0.506360000915 0.0269313429627 0.0179542274576
0 0.546800004167 0.565519999614 0.0409837903687 0.0273225251104
0 0.670200009593 0.686099996963 0.0598866615243 0.039924438383
0 0.694000010639 0.70487999655 0.100710574993 0.0671403789003
0 0.620200007394 0.732799995936 0.0979599206288 0.0653066094452
0 0.542000003956 0.679239997114 0.0237687285664 0.0158458179992
0 0.523200003129 0.629719998203 0.0430600135275 0.0287066737917
0 0.466800000649 0.615259998521 0.0212006069254 0.0141337370181
0 0.339799995065 0.673399997242 0.105448511097 0.0702990027613
0 0.408199998073 0.626159998281 0.0334769960951 0.0223179959247
0 0.381399996894 0.627359998254 0.0198450170215 0.0132300104751
0 0.326399994476 0.507240000895 0.0203788634032 0.0135859080394
0 0.281799992515 0.506680000908 0.0282760501568 0.0188506988612
0 0.310999993799 0.605659998732 0.0220246259233 0.0146830829805
0 0.513400002698 0.551039999932 0.0352714560043 0.023514302452
0 0.289799992866 0.558299999773 0.0309302441388 0.0206201613991
0 0.225799990052 0.544180000083 0.026846952495 0.0178979671495
0 0.283199992576 0.635799998069 0.0224454899907 0.0149636590069
0 0.193399988628 0.636759998048 0.020315545819 0.0135436963194
0 0.440799999506 0.646179997841 0.0380214178324 0.0253476102164
0 0.474000000966 0.629759998202 0.031508907498 0.0210059369465
0 0.190799988513 0.694679996774 0.0402796790458 0.0268531175928
0 0.253599991275 0.696039996745 0.0297517456031 0.0198344957606
0 0.222399989903 0.696119996743 0.0223477434701 0.0148984946641
0 0.26259999167 0.703399996583 0.0203808420777 0.0135872271556
0 0.288199992796 0.707319996497 0.028008731231 0.0186724862558
0 0.33059999466 0.716379996297 0.0440271896259 0.0293514578147
0 0.38699999714 0.728679996027 0.0256280889995 0.0170853915394
0 0.141999986368 0.492100001228 0.0215438080184 0.0143625377317
0 0.178199987959 0.568979999538 0.021298353446 0.0141989013608
0 0.11499998518 0.581139999271 0.02145249219 0.0143016605167
0 0.121199985453 0.632179998149 0.0295995855336 0.0197330557209
0 0.147599986614 0.644899997869 0.0252739062629 0.0168492697306
0 0.0787999835887 0.599579998865 0.0276181408836 0.018412092708
0 0.0213999810647 0.585479999175 0.0300405331472 0.0200270207773
0 0.00719998044036 0.569039999537 0.0209158756641 0.0139439161897
0 0.145399986517 0.685439996978 0.0316693780004 0.0211129172744
0 0.148799986667 0.710099996435 0.042248460179 0.0281656382617
0 0.102199984618 0.676539997173 0.0366983771241 0.0244655831358
0 0.116999985268 0.687559996931 0.0245593079652 0.0163728708969
0 0.0951999843098 0.692099996831 0.0225766761104 0.0150511164143
0 0.121999985488 0.706759996509 0.0310150303413 0.0206766855305
0 0.0719999832897 0.714979996328 0.027407313115 0.0182715408716
0 0.0529999824542 0.710319996431 0.0328522296199 0.0219014849687
0 0.0353999816803 0.73627999586 0.0206903067704 0.0137935369372
0 0.11499998518 0.743199995708 0.0450588705132 0.0300392450276
0 0.0987999844681 0.722199996169 0.0237777315354 0.0158518199781
0 0.203799989085 0.804199994367 0.0237945502687 0.0158630324662
0 0.195799988733 0.789079994699 0.034383130085 0.0229220852115
0 0.194199988663 0.779199994916 0.0312482171318 0.0208321433805
0 0.126799985699 0.778859994924 0.10423360495 0.0694890653837
0 0.0791999836062 0.739659995786 0.044628607742 0.029752403199
0 0.0425999819969 0.762879995275 0.0499167142923 0.0332778073333
0 0.0841999838261 0.843199993509 0.100089271198 0.0667261763978
0 0.0421999819793 0.81041999423 0.0313903848951 0.0209269218831
0 0.294999993095 0.881679992663 0.0466520992252 0.0311013974322
0 0.258999991512 0.844019993491 0.0379927270521 0.0253284830308
0 0.261399991618 0.754679995455 0.0278497447345 0.0185664952651
0 0.281399992497 0.732419995945 0.0322688174419 0.0215125435424
0 0.308599993693 0.763819995254 0.0279663875966 0.018644257168
0 0.177199987915 0.835499993678 0.0206898121018 0.0137932071581
0 0.365999996217 0.866339993 0.0361998500824 0.0241332317966
0 0.322199994291 0.822339993968 0.0256394663779 0.0170929764579
0 0.368599996331 0.780719994883 0.0304073794006 0.02027158493
0 0.334799994845 0.759859995341 0.0267157663753 0.0178105097421
0 0.320199994203 0.744399995681 0.028697309959 0.0191315387109
0 0.353599995672 0.737679995829 0.0403269693665 0.0268846444711
0 0.37379999656 0.749419995571 0.033951680109 0.0226344519131
0 0.1631999873 0.925979991689 0.0215981226336 0.0143987474727
0 0.0409999819266 0.919219991838 0.0550639392178 0.0367092903906
0 0.0205999810296 0.882219992651 0.0422515271245 0.0281676828918
0 0.316999994062 0.858899993164 0.0222610775268 0.0148407173724
0 0.481000001274 0.843899993494 0.0264071920861 0.0176047935629
0 0.496200001942 0.776659994972 0.0207844916769 0.0138563268707
0 0.502000002197 0.765639995214 0.0259006514126 0.0172670998029
0 0.518000002901 0.787039994744 0.032433344227 0.0216222280586
0 0.618200007306 0.779259994915 0.0235805566209 0.0157203700438
0 0.534000003604 0.719279996234 0.0310241322441 0.0206827534652
0 0.442399999576 0.747559995612 0.0305414345984 0.020360955056
0 0.536200003701 0.73579999587 0.0400921007027 0.0267280653722
0 0.498800002056 0.750599995545 0.0546484175716 0.0364322759781
0 0.445999999735 0.864119993049 0.0487355445461 0.0324903608878
0 0.515200002777 0.848359993396 0.0369539229366 0.0246359469995
0 0.579600005609 0.838339993616 0.0208373222862 0.0138915472746
0 0.581400005688 0.757499995393 0.0267118090263 0.0178078715096
0 0.804400015494 0.735539995876 0.0209693988094 0.0139795982843
0 0.782600014535 0.7253599961 0.0338477007637 0.0225651323542
0 0.822000016268 0.780099994896 0.0485866492895 0.03239109739
0 0.631600007896 0.797259994519 0.0640863981627 0.0427242626239
0 0.629000007781 0.829319993814 0.0373311572311 0.0248874365126
0 0.595000006286 0.856939993207 0.0205615939938 0.0137077284251
0 0.580200005635 0.862619993082 0.0448363685651 0.0298909104052
0 0.617200007262 0.866899992988 0.0248541304665 0.0165694192182
0 0.689800010455 0.862219993091 0.0465450529345 0.031030033243
0 0.778200014342 0.882019992656 0.0237108523371 0.0158072338488
0 0.700200010912 0.772519995063 0.073418123933 0.0489454127271
0 0.734200012407 0.740779995761 0.0605798901374 0.0403865907612
0 0.781400014482 0.7799599949 0.0307790734065 0.0205193809176
0 0.737400012548 0.829459993811 0.0478312902969 0.0318875247615
0 0.70060001093 0.821919993977 0.0288109848094 0.0192073219394
0 0.851600017569 0.825679993894 0.0638841776282 0.0425894489431
0 0.806200015573 0.847939993405 0.111072893379 0.0740485907024
0 0.832600016734 0.888779992507 0.0202523271686 0.0135015505552
0 0.790800014896 0.902439992207 0.0250832609743 0.0167221728799
0 0.754200013286 0.896319992341 0.0359511306971 0.0239674188839
0 0.728600012161 0.907939992086 0.021538564531 0.0143590420736
0 0.641200008318 0.908819992067 0.0392956842141 0.0261971210815
0 0.592400006172 0.903139992191 0.0337589572122 0.0225059699904
0 0.634400008019 0.88771999253 0.0423945852913 0.0282630549967
0 0.774400014175 0.928799991627 0.0535713261044 0.0357142150473
0 0.79180001494 0.957079991005 0.0326457549352 0.021763835188
0 0.770800014016 0.964959990832 0.0213382237373 0.0142254815533
0 0.798600015239 0.976859990571 0.0417158999358 0.0278105981229
0 0.853000017631 0.968879990746 0.0742026683745 0.0494684423203
0 0.730000012222 0.944459991283 0.0381426116459 0.0254284060868
0 0.726800012082 0.961259990914 0.0289716531793 0.0193144341789
0 0.567400005073 0.919399991834 0.0359161081583 0.0239440705263
0 0.582200005723 0.943419991306 0.034745425387 0.0231636153969
0 0.69220001056 0.956339991022 0.0375640472204 0.0250426964952
0 0.823000016312 0.945099991269 0.041472028303 0.0276480170451
0 0.91280002026 0.915579991918 0.179100712224 0.119400466941
0 0.979800023206 0.982899990438 0.0265814143763 0.0177209417487
0 0.958800022283 0.974679990619 0.0272550541118 0.0181700348761
0 0.945600021702 0.857239993201 0.0204989689457 0.0136659783958
0 0.91780002048 0.860199993135 0.0244998487963 0.0163332314536
0 0.881200018871 0.858419993175 0.0202030581734 0.0134687045606
0 0.929800021008 0.833279993727 0.0237631882778 0.0158421244737
0 0.908200020058 0.817999994063 0.0302109959559 0.0201406626422
0 0.946600021746 0.813039994172 0.0380509990163 0.0253673310044
0 0.873400018528 0.77631999498 0.0261024762122 0.0174016496604
0 0.897600019592 0.776639994973 0.0200360580451 0.0133573711491
0 0.924800020788 0.75127999553 0.0281143924496 0.0187429270636
0 0.949600021878 0.76399999525 0.0367092598339 0.0244728382752
0 0.978200023136 0.699499996668 0.0326959143339 0.021797274785
0 0.930400021034 0.889499992491 0.0577699744718 0.0385133137744
0 0.593000006198 0.969959990722 0.0372503283775 0.0248335506138
0 0.615000007166 0.986759990353 0.0232814799694 0.0155209856226
0 0.340799995109 0.983279990429 0.0446280141396 0.0297520074641
0 0.322999994326 0.964879990834 0.0281517893978 0.0187678583607
0 0.283199992576 0.909199992058 0.0400699395482 0.0267132912702
0 0.450199999919 0.922059991775 0.0284211859318 0.0189474560381
0 0.236799990536 0.92455999172 0.0239564058433 0.0159709361755
0 0.785200014649 0.183780008007 0.114452469435 0.0763016412576
0 0.65080000874 0.060640010714 0.145001225129 0.0966674770437
0 0.397999997624 0.339900004574 0.0219854481681 0.0146569644787
