0 0.209400019491 0.476399989024 0.126264141914 0.084176100161
0 0.638600010055 0.773280002078 0.184825970335 0.123217321684
0 0.577600011396 0.314539981907 0.273570493695 0.182380341159
0 0.668400009399 0.977020011037 0.0210191583142 0.0140127731337
0 0.958400003024 0.860040005893 0.0214498167352 0.0142998787666
0 0.941000003406 0.899820007642 0.0235291064281 0.0156860719867
0 0.924800003762 0.866700006186 0.117170155685 0.0781134422752
0 0.849200005424 0.855080005675 0.135059348351 0.0900395715062
0 0.864800005081 0.8124400038 0.0295348770333 0.0196899193209
0 0.810200006282 0.864840006104 0.0276249618446 0.0184166424444
0 0.909600004097 0.97460001093 0.0559950923606 0.0373300640358
0 0.972600002711 0.903560007807 0.0253708562936 0.0169139053113
0 0.913200004017 0.931700009044 0.0290795841196 0.0193863906917
0 0.881000004725 0.929260008937 0.0259966119823 0.0173310757979
0 0.827200005908 0.927540008861 0.0349594121175 0.0233062762822
0 0.755400007487 0.90750000798 0.0260080882921 0.0173387266717
0 0.701400008674 0.915880008348 0.0379105056251 0.0252736720837
0 0.595600011 0.94730000973 0.0864522293985 0.0576348234004
0 0.857000005253 0.952500009959 0.0762396986928 0.0508264691475
0 0.76300000732 0.924360008721 0.0567007864834 0.0378005268154
0 0.708000008529 0.865260006123 0.103002849027 0.068668570547
0 0.611800010644 0.870140006337 0.0500433395587 0.0333622285729
0 0.582000011299 0.829360004544 0.028184234083 0.0187894906279
0 0.562200011734 0.926760008827 0.08484613962 0.0565640968107
0 0.48960001333 0.937920009317 0.0381156941308 0.0254104644298
0 0.430800014623 0.894780007421 0.0220369882786 0.014691326488
0 0.457800014029 0.946640009701 0.0424368215951 0.0282912162627
0 0.381400015709 0.886560007059 0.0232589184778 0.0155059466746
0 0.518400012697 0.827720004472 0.0284316672809 0.0189544461041
0 0.537800012271 0.805360003489 0.051733522987 0.0344890175994
0 0.493200013251 0.781580002443 0.0236153766195 0.0157435854514
0 0.488200013361 0.798600003191 0.024557522299 0.0163716826125
0 0.415200014966 0.774980002153 0.0539141207946 0.035942749567
0 0.407800015129 0.797340003136 0.0291551694708 0.0194367809292
0 0.633400010169 0.842900005139 0.038871349775 0.0259142348925
0 0.474200013669 0.865860006149 0.0429039865535 0.0286026595888
0 0.294600017617 0.864340006082 0.0226562143426 0.0151041438913
0 0.267400018215 0.887240007089 0.0239553128323 0.0159702096082
0 0.245000018708 0.897000007518 0.0407076582867 0.0271384406477
0 0.206400019557 0.87226000643 0.0338830133993 0.0225886770894
0 0.215000019367 0.881960006857 0.0229608312225 0.0153072218246
0 0.287400017776 0.928040008883 0.0857324866895 0.057154994896
0 0.22900001906 0.897300007531 0.0590883536033 0.0393922383337
0 0.24580001869 0.923580008687 0.0920596929045 0.0613731326509
0 0.262400018325 0.873040006465 0.0295559499126 0.019703967908
0 0.172200020308 0.929280008938 0.101668233337 0.067778826695
0 0.0670000226213 0.984480011365 0.0360082083317 0.0240054738044
0 0.0452000231006 0.881440006834 0.0291801996983 0.0194534677486
0 0.00920002389205 0.885600007017 0.0208216866376 0.0138811253406
0 0.213200019407 0.969000010684 0.0740080510931 0.0493387039829
0 0.169800020361 0.849080005411 0.0441388770681 0.0294259199862
0 0.0132000238041 0.733360000323 0.0311431433534 0.0207620969383
0 0.018800023681 0.81608000396 0.0258121006211 0.0172080682157
0 0.0370000232809 0.813780003859 0.0212308764445 0.0141539185632
0 0.0520000229511 0.814620003896 0.0222638432658 0.0148425631561
0 0.0724000225026 0.822040004222 0.0346620173981 0.0231080131228
0 0.0322000233864 0.78152000244 0.0609607729176 0.0406405179589
0 0.0526000229379 0.737800000518 0.0253372188337 0.0168914803366
0 0.115600021553 0.75398000123 0.0202035488444 0.0134690334513
0 0.0252000235403 0.702379998961 0.0242953479789 0.0161968997209
0 0.021800023615 0.678319997903 0.0444104500903 0.0296069686796
0 0.0368000232853 0.661079997145 0.0206716042061 0.0137810703797
0 0.0948000220101 0.654419996852 0.0221210819285 0.014747388925
0 0.086800022186 0.649619996641 0.0223002508695 0.0148668348936
0 0.112800021614 0.631159995829 0.0261784521334 0.0174523025733
0 0.11620002154 0.648859996607 0.0367266649026 0.0244844448833
0 0.183000020071 0.681559998045 0.0269288642912 0.0179525773782
0 0.186000020005 0.7055399991 0.0332099673994 0.0221399797265
0 0.271800018119 0.794600003016 0.0233304475471 0.0155536327239
0 0.261000018356 0.804500003451 0.0200347679424 0.0133565128426
0 0.286600017793 0.717039999605 0.042248253952 0.0281655044923
0 0.175600020234 0.657279996978 0.0273549717617 0.0182366490439
0 0.504400013005 0.733880000346 0.0204303048979 0.0136202041636
0 0.500600013088 0.741780000693 0.0373880367252 0.0249253594608
0 0.398800015327 0.742860000741 0.0200559397554 0.0133706273855
0 0.342000016575 0.709959999294 0.0239195977646 0.0159463995615
0 0.454800014095 0.645299996451 0.0331113304948 0.0220742217858
0 0.46280001392 0.659959997095 0.0211646897953 0.0141097941275
0 0.437800014469 0.737460000503 0.0206999981796 0.0137999996966
0 0.378600015771 0.678139997895 0.0636018081916 0.0424012082576
0 0.317200017121 0.720759999769 0.0425176504327 0.028345102158
0 0.316000017147 0.697939998765 0.0503752621413 0.0335835103093
0 0.211000019455 0.674439997732 0.0274075055594 0.0182716715781
0 0.572800011501 0.646959996524 0.0239406706439 0.0159604481486
0 0.557800011831 0.619539995318 0.0227294252849 0.0151529511893
0 0.539400012235 0.582979993711 0.0281563347779 0.01877089109
0 0.812600006229 0.773840002103 0.0619262669516 0.0412841806907
0 0.747200007667 0.786620002665 0.0420560257618 0.0280373523571
0 0.793800006642 0.689459998393 0.0259559502292 0.0173039679608
0 0.873200004897 0.675659997786 0.0203987450457 0.0135991642608
0 0.866600005042 0.727980000086 0.0229315468456 0.0152876989054
0 0.88080000473 0.740920000655 0.0199234675235 0.0132823125584
0 0.894400004431 0.754720001262 0.0410184090563 0.0273456078411
0 0.929200003666 0.763800001661 0.067021253862 0.044680838855
0 0.948000003252 0.766800001793 0.0520092512249 0.0346728364368
0 0.852400005354 0.611879994981 0.0379133747026 0.0252755848021
0 0.828600005877 0.718899999687 0.129538847573 0.086359237411
0 0.966600002843 0.80972000368 0.0441243338134 0.0294162244824
0 0.989000002351 0.802840003378 0.0288194874073 0.0192129928721
0 0.878600004778 0.667279997417 0.0299487167243 0.0199658124664
0 0.928200003688 0.622559995451 0.162131567582 0.10808771885
0 0.982400002496 0.539419991795 0.0233961395277 0.0155974273805
0 0.908200004127 0.565539992944 0.0271024929447 0.0180683298215
0 0.944200003336 0.464179988487 0.0492395031998 0.0328263376316
0 0.893400004453 0.450499987885 0.0235490910367 0.0156993950599
0 0.92400000378 0.384219984971 0.078050284441 0.0520335263926
0 0.966400002848 0.358799983853 0.0654626522623 0.0436417710533
0 0.883600004668 0.341239983081 0.0258466284844 0.0172310867928
0 0.864600005086 0.429979986983 0.0387858710532 0.0258572490743
0 0.924600003767 0.559579992682 0.0241523887741 0.0161015935781
0 0.711800008445 0.548219992182 0.0292652826853 0.0195101897436
0 0.720600008252 0.431879987067 0.0389477265958 0.0259651527764
0 0.617600010516 0.486359989462 0.0288250276948 0.0192166863973
0 0.739400007838 0.406699985959 0.0255134197636 0.0170089476309
0 0.809200006304 0.52429999113 0.0230105948765 0.0153403975961
0 0.784400006849 0.565519992943 0.0271505747257 0.0181003843443
0 0.727600008098 0.447559987756 0.116324272501 0.0775495201154
0 0.86760000502 0.534019991558 0.0325329640512 0.0216886441313
0 0.77480000706 0.50517999029 0.167733193999 0.111822136708
0 0.701800008665 0.395479985466 0.0227142884279 0.0151428599507
0 0.705000008595 0.41057998613 0.0240029988785 0.0160020003077
0 0.761400007355 0.407739986005 0.0267444518637 0.0178296357518
0 0.786000006814 0.463659988464 0.0222249623194 0.0148166425235
0 0.656200009668 0.518359990869 0.0507180674316 0.0338120471845
0 0.690400008916 0.522179991037 0.0309833654186 0.0206555783081
0 0.461000013959 0.440119987429 0.0265307550594 0.0176871712062
0 0.441800014381 0.446999987731 0.0244895548432 0.0163263709723
0 0.4910000133 0.516379990782 0.0235412752739 0.0156941845511
0 0.539000012244 0.522799991064 0.0213563243833 0.0142375505279
0 0.498400013137 0.538959991775 0.0228146072055 0.0152097391402
0 0.433000014575 0.541179991873 0.0213914458488 0.0142609648398
0 0.426200014724 0.568819993088 0.0221450238852 0.0147633502306
0 0.324600016958 0.474499988941 0.0454243227064 0.0302828838016
0 0.328800016866 0.578579993517 0.0585095914249 0.039006396856
0 0.290000017719 0.580579993605 0.0236434737919 0.0157623169009
0 0.305600017376 0.542859991946 0.0279492665319 0.0186328455835
0 0.264200018286 0.60001999446 0.0739053579065 0.049270241854
0 0.271800018119 0.506499990348 0.0223736596791 0.0149157741032
0 0.271400018128 0.46537998854 0.0200108259856 0.013340551537
0 0.253400018523 0.41967998653 0.0366561251704 0.0244374183921
0 0.261800018339 0.488319989548 0.02695953374 0.0179730236787
0 0.162400020524 0.598459994391 0.0243946774194 0.0162631193522
0 0.0946000220145 0.557779992603 0.0201615020194 0.0134410022328
0 0.0160000237426 0.596579994309 0.0238484644302 0.0158989773354
0 0.188200019957 0.59501999424 0.0247828932806 0.0165219299435
0 0.106200021759 0.459679988289 0.0268620840398 0.0179080572077
0 0.0700000225553 0.427379986869 0.0242216423681 0.0161477626438
0 0.304400017402 0.4826799893 0.0220282821125 0.0146855223769
0 0.0862000221992 0.383039984919 0.0501098230089 0.033406550876
0 0.0562000228587 0.378839984734 0.0267262480619 0.0178174998831
0 0.0260000235227 0.35167998354 0.0266537296556 0.0177691542757
0 0.0414000231841 0.471159988794 0.0807641349224 0.0538427601661
0 0.13940002103 0.477199989059 0.0663726444874 0.0442484325767
0 0.0180000236986 0.193999976607 0.0226153547222 0.0150769041425
0 0.072200022507 0.193179976571 0.04096270938 0.0273084747212
0 0.129600021245 0.193059976566 0.0210076820044 0.01400512226
0 0.0542000229027 0.245279978862 0.0281128039474 0.0187418705344
0 0.107800021724 0.298499981202 0.0293283034558 0.0195522035934
0 0.131000021214 0.329339982558 0.037690674931 0.025127118278
0 0.0296000234436 0.263739979673 0.0207188945174 0.013812597256
0 0.129800021241 0.248559979006 0.0418273899679 0.0278849284844
0 0.225400019139 0.324199982332 0.033171086453 0.0221140590939
0 0.214800019372 0.374379984538 0.027659786509 0.0184398588889
0 0.0760000224234 0.239659978615 0.0910569008634 0.0607046045794
0 0.225200019143 0.217819977654 0.0495380851236 0.0330253922606
0 0.177800020185 0.296659981121 0.0213286229457 0.0142190829016
0 0.189000019939 0.216939977616 0.0281785948617 0.0187857311468
0 0.308200017318 0.262579979622 0.0536042604283 0.0357361759759
0 0.366400016039 0.246919978934 0.0969793692884 0.0646529171232
0 0.296000017587 0.200479976892 0.0644851872498 0.0429901276687
0 0.25220001855 0.140059974235 0.0200063739689 0.0133375835256
0 0.384600015639 0.340679983057 0.0305176844659 0.0203451243191
0 0.408400015116 0.227799978093 0.0240193229399 0.0160128830161
0 0.666800009435 0.21249997742 0.0480627857041 0.0320418592494
0 0.705400008586 0.332319982689 0.0461510897086 0.0307673951684
0 0.741200007799 0.340319983041 0.0285138811904 0.0190092553807
0 0.717200008326 0.356639983758 0.0450938841294 0.0300625914024
0 0.657800009632 0.288939980781 0.0720439202336 0.0480292833235
0 0.511800012842 0.297659981165 0.0248484863275 0.0165656586443
0 0.462600013924 0.306839981569 0.0277212243402 0.0184808174457
0 0.466000013849 0.320199982156 0.0269367789876 0.0179578538429
0 0.481000013519 0.351339983525 0.0349300288069 0.0232866874071
0 0.557600011835 0.247559978962 0.115653501976 0.0771023397361
0 0.409000015102 0.279959980387 0.0327251922414 0.0218167962665
0 0.629200010261 0.381879984868 0.0246153985168 0.0164102667602
0 0.831400005816 0.282659980505 0.022499107618 0.0149994060679
0 0.655800009676 0.176519975838 0.0308481230429 0.0205654167184
0 0.846800005477 0.189859976425 0.0731749303573 0.0487832901224
0 0.835800005719 0.157399974998 0.0514339517262 0.0342893034123
0 0.874800004862 0.113259973057 0.0238224448656 0.0158816309579
0 0.908800004114 0.122639973469 0.0235909399942 0.0157272943668
0 0.937400003485 0.139279974201 0.0547415033755 0.0364943379907
0 0.871600004932 0.136519974079 0.0810459970499 0.0540306682636
0 0.676600009219 0.322619982262 0.0250607980599 0.0167071998086
0 0.918400003903 0.299299981237 0.0311631279619 0.0207754200115
0 0.97720000261 0.293999981004 0.0292389663195 0.0194926454987
0 0.92400000378 0.266359979789 0.0303048780649 0.0202032533758
0 0.883600004668 0.25843997944 0.0207777600723 0.0138518409618
0 0.890000004527 0.304619981471 0.0551265533581 0.036751037996
0 0.945600003305 0.257359979393 0.0363765385181 0.0242510272782
0 0.981200002522 0.138079974148 0.022931744713 0.015287830817
0 0.918800003894 0.108959972868 0.0199635356743 0.0133090246607
0 0.868800004994 0.0996599724587 0.0212139587808 0.01414264012
0 0.606600010758 0.121459973417 0.0490555854409 0.0327037257842
0 0.557000011849 0.0775999714887 0.0208143655434 0.0138762446108
0 0.535600012319 0.153779974838 0.0235350424505 0.0156900293352
0 0.335600016716 0.0197999689472 0.0406997435902 0.0271331641831
0 0.264600018277 0.0616199707861 0.0206670532556 0.0137780364125
0 0.280000017938 0.0905799720595 0.0537263446212 0.0358175654432
0 0.22900001906 0.0254999691979 0.022553224355 0.015035483895
0 0.245400018699 0.0331199695329 0.0256996129977 0.0171330764618
0 0.236600018893 0.0690199711115 0.0456707665674 0.0304471797197
0 0.347400016457 0.160039975114 0.032252981664 0.0215019891942
0 0.110400021667 0.111439972977 0.0271028886795 0.0180685936447
0 0.0734000224806 0.0459599700975 0.0491867715346 0.0327911831859
0 0.18260002008 0.0272799692761 0.0253802549957 0.0169201711131
0 0.147600020849 0.0230399690897 0.032316200302 0.0215441349556
0 0.175400020238 0.0805799716198 0.0797991355569 0.0531994272134
0 0.960600002975 0.58227999368 0.0516590259066 0.0344393528759
0 0.66700000943 0.475659988992 0.0582141753796 0.0388094528128
0 0.127400021293 0.595639994267 0.0225645027974 0.0150430028571
0 0.0794000223487 0.209839977303 0.0312801665358 0.0208534457326
