0 0.134000021148 0.578399993509 0.0939889001659 0.06265927091
0 0.383600015661 0.248399978999 0.166823993244 0.111216002831
0 0.196800019768 0.758260001418 0.110469375797 0.0736462553887
0 0.180400020128 0.790180002821 0.101052865687 0.0673685815682
0 0.193000019851 0.833860004742 0.113004057337 0.0753360431937
0 0.294200017626 0.86406000607 0.380914553729 0.253943052568
0 0.743800007742 0.261359979569 0.207527298448 0.138351541424
0 0.568600011593 0.331699982662 0.161279748376 0.107519839342
0 0.914000004 0.386079985053 0.155794863731 0.103863249338
0 0.891800004488 0.516579990791 0.13015817257 0.0867721207701
0 0.937800003477 0.529239991348 0.0925971997276 0.0617314705566
0 0.874000004879 0.560619992727 0.0944780284069 0.0629853564255
0 0.708200008524 0.41967998653 0.0829593749184 0.0553062535934
0 0.870000004967 0.414099986285 0.3156113826 0.210407602278
0 0.6138000106 0.504139990244 0.0816697740644 0.054446519634
0 0.503600013023 0.49721998994 0.141974814381 0.0946498824964
0 0.442800014359 0.44901998782 0.0596909588048 0.0397939751612
0 0.463200013911 0.669079997496 0.15435636765 0.102904251887
0 0.735400007926 0.85748000578 0.354474520877 0.236316362838
0 0.575800011435 0.528499991315 0.917286607252 0.611524445168
0 0.0134000237997 0.029459969372 0.0253265339935 0.0168843571093
0 0.0532000229247 0.0786599715353 0.0255961283416 0.0170640866865
0 0.0290000234567 0.062799970838 0.0284585772489 0.0189723860839
0 0.018800023681 0.0774399714817 0.0234334375347 0.0156222927202
0 0.175600020234 0.0444399700307 0.0417407240417 0.0278271511965
0 0.204400019601 0.0123599686201 0.0202293705416 0.0134862479172
0 0.218200019297 0.0518199703552 0.0212492781137 0.0141661863435
0 0.260200018374 0.0697399711431 0.0256233351106 0.0170822245338
0 0.292800017657 0.0514799703402 0.0232370541289 0.015491370441
0 0.357600016232 0.0322399694942 0.0359854535794 0.0239903039686
0 0.444200014328 0.0780999715107 0.0200566322914 0.0133710890762
0 0.531200012416 0.120499973375 0.0218475302322 0.0145650211154
0 0.539600012231 0.107979972825 0.0220347128034 0.0146898095045
0 0.556000011871 0.112939973043 0.0201222253383 0.013414817777
0 0.715600008362 0.0744199713489 0.0504214641819 0.0336143116717
0 0.680400009136 0.0149199687327 0.0224013611167 0.0149342417295
0 0.807000006352 0.0648999709303 0.0280971724219 0.0187314495167
0 0.640800010006 0.0533799704238 0.0205615899253 0.013707727521
0 0.637400010081 0.115819973169 0.039098600497 0.0260657353838
0 0.7912000067 0.0668599710165 0.0207919075922 0.0138612726424
0 0.708800008511 0.0275599692884 0.0374199923122 0.0249466631868
0 0.822400006014 0.0646399709189 0.0336223230848 0.0224148835349
0 0.825800005939 0.0477399701758 0.0224220382612 0.0149480264934
0 0.835800005719 0.0400199698363 0.0226809477691 0.0151206328433
0 0.866000005055 0.0903799720507 0.0275193995806 0.0183462675971
0 0.903400004233 0.0740199713313 0.058595268014 0.0390635145858
0 0.845000005517 0.0968399723347 0.0200075611733 0.0133383749953
0 0.925200003754 0.145199974461 0.0298095170004 0.0198730126443
0 0.892000004483 0.282279980489 0.0250842453482 0.0167228313351
0 0.844000005539 0.306139981538 0.0418130445806 0.0278753648923
0 0.682600009087 0.326519982434 0.0513738000331 0.034249202281
0 0.662200009536 0.212199977407 0.0235039772669 0.0156693192114
0 0.676800009215 0.152799974795 0.0268077694354 0.017871847469
0 0.907400004145 0.245519978872 0.260119467067 0.173412989482
0 0.589400011136 0.252999979201 0.0647878254556 0.0431918864858
0 0.641600009989 0.251539979137 0.0587805708448 0.0391870498145
0 0.560800011765 0.180979976034 0.0218663276362 0.014577552719
0 0.700600008691 0.346539983314 0.0679437117341 0.0452958108102
0 0.645200009909 0.443679987585 0.0395491445928 0.0263660981342
0 0.572200011514 0.451319987921 0.0231148710023 0.0154099150179
0 0.359600016188 0.345579983272 0.0209716701355 0.0139811143458
0 0.351000016377 0.356119983735 0.0212697573908 0.0141798391958
0 0.387400015577 0.277419980275 0.0203476952536 0.0135651310638
0 0.456200014065 0.297419981154 0.025595633673 0.0170637569075
0 0.430600014627 0.296439981111 0.0230546203755 0.0153697479308
0 0.417000014926 0.180459976012 0.0220064177635 0.0146709461433
0 0.368600015991 0.184159976174 0.0284291939383 0.0189527972089
0 0.279600017947 0.299899981263 0.0216010863712 0.0144007251973
0 0.251800018558 0.311359981767 0.0402207065872 0.02681380616
0 0.318200017099 0.302799981391 0.0418621156986 0.0279080789731
0 0.247600018651 0.171159975603 0.0301413406493 0.0200942284249
0 0.119400021469 0.202839976996 0.0434700852175 0.0289800587231
0 0.20260001964 0.241639978702 0.173559399929 0.115706274251
0 0.217200019319 0.269539979928 0.14288599381 0.0952573354896
0 0.30220001745 0.273019980081 0.0467956428013 0.0311970972585
0 0.306000017367 0.162019975201 0.0236964033245 0.0157976032583
0 0.310600017266 0.149579974654 0.0259104407246 0.017273628289
0 0.0808000223179 0.241079978677 0.0368772420027 0.0245848296233
0 0.0894000221288 0.268179979869 0.0238432209438 0.0158954816776
0 0.101400021865 0.294019981005 0.0312370314401 0.0208246890002
0 0.204400019601 0.358999983862 0.0236649424061 0.0157766293113
0 0.215000019367 0.373139984484 0.0204788813474 0.0136525884654
0 0.226200019121 0.384759984995 0.0413396467988 0.0275597663502
0 0.0634000227005 0.356479983751 0.0284822224046 0.0189881495221
0 0.0568000228456 0.374479984543 0.0300038227984 0.0200025498515
0 0.14120002099 0.47949998916 0.0275618421403 0.0183745626388
0 0.141400020986 0.407999986017 0.0225019766954 0.0150013187864
0 0.12620002132 0.395719985477 0.0306987331473 0.020465823448
0 0.451200014175 0.528819991329 0.0542161653982 0.0361441126494
0 0.265400018259 0.411579986174 0.0218918525323 0.0145945693175
0 0.18940001993 0.468439988674 0.0290184430895 0.0193456300023
0 0.677600009197 0.558099992617 0.0237195538116 0.0158130369174
0 0.648600009835 0.594399994213 0.0803326850318 0.0535551268868
0 0.609800010688 0.598559994396 0.0436066137314 0.0290710777384
0 0.561800011743 0.593479994172 0.0291947429531 0.0194631632524
0 0.51600001275 0.594599994221 0.0214300299941 0.014286687605
0 0.538600012253 0.578859993529 0.0433188155815 0.0288792122924
0 0.581800011303 0.603759994624 0.0207106830198 0.0138071229239
0 0.760000007386 0.583619993739 0.0478086250141 0.0318724187782
0 0.824200005974 0.437939987333 0.0245696911448 0.0163797951769
0 0.71660000834 0.454079988043 0.0323296552859 0.0215531049455
0 0.663400009509 0.460939988344 0.0282692181362 0.0188461466671
0 0.63560001012 0.466559988592 0.0327127265945 0.0218084858347
0 0.982600002492 0.427119986857 0.0480908828765 0.0320605906989
0 0.797400006563 0.401419985727 0.0296960400399 0.0197973613324
0 0.778600006977 0.404939985882 0.0304234006443 0.0202822684339
0 0.837200005688 0.39351998538 0.0394529810308 0.0263019890887
0 0.931600003613 0.374579984547 0.0542108229781 0.0361405510357
0 0.962800002927 0.62731999566 0.0206474643819 0.0137649771625
0 0.973600002689 0.822140004227 0.0245716698189 0.016381114293
0 0.89080000451 0.789180002777 0.03340674654 0.0222711658289
0 0.929600003657 0.844680005218 0.0287775395161 0.0191850276094
0 0.894400004431 0.828560004509 0.060609657196 0.0404064407957
0 0.824800005961 0.848040005365 0.0424229708763 0.0282819824496
0 0.734600007944 0.80176000333 0.0326630618742 0.021775376019
0 0.71660000834 0.692179998512 0.029492632341 0.0196617561908
0 0.632400010191 0.73694000048 0.0404546848012 0.0269697916463
0 0.634000010156 0.763980001669 0.0396759776035 0.0264506534803
0 0.926600003723 0.626819995638 0.0572062387859 0.0381374950393
0 0.89760000436 0.607599994793 0.0564268390523 0.0376178951826
0 0.57560001144 0.694419998611 0.0496069429828 0.0330712975031
0 0.591000011101 0.771900002017 0.0306602479358 0.0204401666387
0 0.483600013462 0.796240003088 0.0252574782669 0.0168383199552
0 0.555000011892 0.74762000095 0.0401634239716 0.026775617747
0 0.522400012609 0.874460006527 0.0662074251989 0.0441382863771
0 0.301200017472 0.878000006683 0.0216069234599 0.01440461659
0 0.403400015225 0.753240001197 0.0246999868352 0.0164666589762
0 0.367000016026 0.731720000251 0.0419968634058 0.0279979107838
0 0.307800017327 0.691579998486 0.0364749775552 0.0243166533073
0 0.270600018145 0.718599999674 0.0342393726073 0.0228262499104
0 0.539000012244 0.6509599967 0.0286441768808 0.01909611918
0 0.557600011835 0.774740002142 0.0388287093478 0.0258858079392
0 0.0566000228499 0.771300001991 0.064577591331 0.0430517303935
0 0.111800021636 0.766520001781 0.0640918268359 0.0427278873754
0 0.0966000219705 0.793520002968 0.0299205206182 0.0199470150611
0 0.100200021891 0.801920003337 0.0288075164289 0.0192050122193
0 0.0248000235491 0.814120003874 0.0283662721015 0.0189108493149
0 0.0416000231797 0.824960004351 0.0316674919936 0.0211116627215
0 0.0766000224102 0.846620005303 0.020514299614 0.0136762006447
0 0.305200017384 0.669819997529 0.0260872352567 0.0173914913182
0 0.0856000222124 0.66029999711 0.0328595442137 0.021906364254
0 0.121800021417 0.892680007328 0.0261779574648 0.0174519727943
0 0.151800020757 0.903320007796 0.0463416360258 0.0308944260549
0 0.300600017486 0.822320004234 0.0237325141271 0.0158216771282
0 0.128200021276 0.95480001006 0.0204274358204 0.0136182914451
0 0.442200014372 0.971740010805 0.0414993257998 0.0276662190246
0 0.538400012257 0.926940008835 0.0201546755937 0.013436451282
0 0.495400013203 0.92546000877 0.0307860916094 0.0205240624266
0 0.684400009048 0.881880006853 0.0360210697134 0.0240140480595
0 0.89080000451 0.908480008023 0.0271496843223 0.018099790742
0 0.89080000451 0.982660011285 0.037846000849 0.0252306688968
