0 0.438599999409 0.8078799723 0.340715877841 0.227143903579
0 0.478400001159 0.254899984458 0.594623347766 0.396415539031
0 0.895000019477 0.939259969412 0.0203547235742 0.0135698148211
0 0.893400019407 0.825919971904 0.0267392136682 0.0178261412697
0 0.71880001173 0.950119969173 0.0241559551672 0.0161039690493
0 0.546600004158 0.91843996987 0.0242745767038 0.0161830500685
0 0.689800010455 0.872679970876 0.0231026077941 0.0154017375135
0 0.149599986702 0.983259968445 0.0439506149226 0.0293004080158
0 0.0197999809944 0.923239969764 0.0225182062788 0.0150121365291
0 0.170399987616 0.947939969221 0.0227941324386 0.0151960872901
0 0.164199987344 0.939959969397 0.0221885591061 0.0147923717618
0 0.268799991943 0.980159968513 0.0300281664316 0.0200187763007
0 0.202599989032 0.925179969722 0.0198445223529 0.013229680696
0 0.185599988285 0.888539970527 0.0282818872466 0.0188545902541
0 0.285199992664 0.8306399718 0.0229857670645 0.015323843699
0 0.118199985321 0.897599970328 0.0280286169098 0.0186857433741
0 0.266999991864 0.789759972699 0.0241865256883 0.0161243493954
0 0.103999984697 0.920919969815 0.0379484047431 0.0252989348268
0 0.34399999525 0.896299970356 0.0411624646765 0.0274416413078
0 0.155199986948 0.832859971751 0.0747205864264 0.0498137209987
0 0.0621999828587 0.81791997208 0.0359233303203 0.0239488853006
0 0.175199987827 0.750679973558 0.051578108341 0.0343854032928
0 0.0651999829907 0.727959974057 0.0239650130774 0.0159766743312
0 0.778000014333 0.792779972632 0.0338527463837 0.0225684961006
0 0.845200017288 0.795419972574 0.0450869676912 0.0300579764783
0 0.910400020155 0.77649997299 0.0380117223273 0.0253411465468
0 0.84820001742 0.762519973298 0.0532483074913 0.0354988693195
0 0.815400015977 0.741339973763 0.0284131723 0.0189421136173
0 0.730000012222 0.731859973972 0.0248909338123 0.0165939547804
0 0.853600017657 0.708559974484 0.026481788115 0.0176545242456
0 0.943800021623 0.66917997535 0.0378911221162 0.0252607464114
0 0.933000021148 0.642219975943 0.0272016299001 0.0181344187374
0 0.76860001392 0.701159974647 0.0231239774787 0.015415983969
0 0.689400010437 0.725239974117 0.035343974425 0.0235626480626
0 0.638400008195 0.717979974277 0.0325209995076 0.0216806649085
0 0.585400005864 0.699679974679 0.0392536373809 0.0261690898612
0 0.725600012029 0.672959975267 0.0481200778411 0.0320800497782
0 0.792400014966 0.681819975072 0.0292939792562 0.0195293182161
0 0.80340001545 0.656779975622 0.0305676520356 0.0203784333463
0 0.848400017428 0.642919975927 0.0209053886892 0.0139369248736
0 0.696000010727 0.705199974558 0.0224854592157 0.0149903051551
0 0.738200012583 0.807279972314 0.0331965189839 0.0221310111963
0 0.640600008291 0.794559972593 0.0265071151486 0.0176714089336
0 0.725200012011 0.840499971583 0.051299708838 0.0341998036364
0 0.568800005134 0.801119972449 0.0603046565136 0.0402031016908
0 0.764400013735 0.827239971875 0.0311970683959 0.0207980442255
0 0.92600002084 0.747479973628 0.0283020697265 0.0188680452399
0 0.930800021052 0.759439973365 0.0366352574074 0.0244235033274
0 0.988200023575 0.748019973616 0.0273615068002 0.0182410033304
0 0.840800017094 0.627359976269 0.0327067970437 0.0218045299243
0 0.732200012319 0.650779975754 0.042076315497 0.0280508751479
0 0.754400013295 0.631779976172 0.0209555480879 0.0139703644705
0 0.952400022001 0.556259977832 0.0528042929322 0.035202859633
0 0.91620002041 0.526559978485 0.0227804795845 0.015186985388
0 0.79340001501 0.593359977017 0.0262228785559 0.0174819178842
0 0.831400016681 0.570439977521 0.0244125892506 0.016275058427
0 0.759800013533 0.582599977253 0.0263540646756 0.0175693752916
0 0.825800016435 0.599339976885 0.023212819964 0.0154752122887
0 0.814800015951 0.397239981328 0.0221367178341 0.014757810916
0 0.586400005908 0.407719981098 0.0334612656328 0.0223075089505
0 0.664800009355 0.371299981899 0.0248556144724 0.0165704085554
0 0.67400000976 0.363559982069 0.0267121058274 0.0178080693771
0 0.374399996586 0.432339980557 0.0274255169205 0.0182836767411
0 0.430599999057 0.459279979964 0.0346189880861 0.0230793238685
0 0.514000002725 0.472519979673 0.0199528547821 0.0133019023107
0 0.489800001661 0.502739979009 0.0475112396956 0.031674157708
0 0.417199998468 0.500339979062 0.0324562968513 0.0216375298071
0 0.423399998741 0.477039979574 0.0598674683816 0.0399116429553
0 0.380599996859 0.4621999799 0.0233350031148 0.0155566677171
0 0.323799994361 0.454899980061 0.0273449848681 0.0182299887097
0 0.289399992849 0.466819979799 0.0456213087415 0.0304142038217
0 0.646400008546 0.505359978951 0.0336238137434 0.0224158743505
0 0.690200010472 0.582119977264 0.0212934067597 0.0141956035702
0 0.575600005433 0.533239978338 0.0246137215141 0.0164091465938
0 0.611200006999 0.534639978308 0.0268131171609 0.0178754102616
0 0.670200009593 0.620319976424 0.0253614626098 0.0169076406247
0 0.696000010727 0.633719976129 0.0323485580245 0.0215657039273
0 0.638600008203 0.605199976756 0.0373411495373 0.0248940980496
0 0.613800007113 0.592159977043 0.0227091483686 0.0151394312472
0 0.576000005451 0.60501997676 0.0310390712366 0.0206927127929
0 0.450999999954 0.583979977223 0.0201210421151 0.013414027192
0 0.44839999984 0.565079977638 0.0398232977711 0.0265488634297
0 0.488800001617 0.556259977832 0.0513403705991 0.0342269114753
0 0.399799997703 0.573839977446 0.0206783357896 0.0137855562839
0 0.414399998345 0.592059977045 0.0240952098599 0.0160634721804
0 0.367799996296 0.59367997701 0.0199646278954 0.0133097510524
0 0.418399998521 0.648219975811 0.0468226609676 0.0312151052529
0 0.374599996595 0.632539976155 0.0530354021145 0.035356932411
0 0.312799993878 0.570599977517 0.0225740048999 0.0150493356073
0 0.338199994995 0.557119977813 0.0350867467392 0.02339116295
0 0.257999991468 0.570379977522 0.0207407629703 0.0138271744015
0 0.188199988399 0.574479977432 0.0218950227432 0.0145966808661
0 0.14319998642 0.57637997739 0.0335858231929 0.0223905473185
0 0.0265999812934 0.622099976385 0.0404477674451 0.0269651765182
0 0.0947999842922 0.629899976213 0.0787677672604 0.0525118413768
0 0.0547999825334 0.658679975581 0.0197963416287 0.0131975602153
0 0.0649999829819 0.675799975204 0.0222268464578 0.0148178966612
0 0.127799985743 0.676319975193 0.0291435010601 0.0194289994253
0 0.3223999943 0.689879974895 0.045094981323 0.0300633188991
0 0.427399998917 0.704079974582 0.0328217580325 0.0218811705785
0 0.414399998345 0.682419975059 0.022456174833 0.0149707822346
0 0.455200000139 0.686499974969 0.021049139392 0.0140327586691
0 0.525400003226 0.587879977137 0.0248351351913 0.0165567557022
0 0.173999987775 0.479219979526 0.0256484693469 0.0170989784368
0 0.222999989929 0.462579979892 0.0310894285027 0.0207262843015
0 0.0495999823047 0.533019978343 0.0371530765256 0.0247687160501
0 0.0257999812582 0.525499978509 0.0208817435288 0.0139211614344
0 0.276799992295 0.499339979084 0.0699386248146 0.0466257468012
0 0.229799990228 0.517759978679 0.0209065758939 0.0139377163433
0 0.201399988979 0.688359974928 0.0494562767348 0.0329708489819
0 0.190599988505 0.80245997242 0.0227634629838 0.0151756409883
0 0.0285999813813 0.43083998059 0.080532942787 0.0536886249836
0 0.0407999819178 0.382119981661 0.0280423686976 0.0186949112321
0 0.0381999818034 0.371319981898 0.034657176504 0.0231047828121
0 0.27759999233 0.415699980923 0.0645477261237 0.0430318145776
0 0.416999998459 0.384919981599 0.0228621988416 0.0152414648891
0 0.379399996806 0.387839981535 0.0384577155609 0.0256384753496
0 0.11679998526 0.387759981537 0.0412114368706 0.0274742894349
0 0.194199988663 0.327939982852 0.0233888230613 0.0155925476791
0 0.154999986939 0.399419981281 0.0319577698096 0.0213051784679
0 0.439599999453 0.326499982884 0.0211217567464 0.0140811702355
0 0.667600009479 0.235399984887 0.020588899702 0.0137259322293
0 0.583400005776 0.191639985849 0.0244969797183 0.016331318735
0 0.553400004457 0.190639985871 0.0206645840018 0.0137763884259
0 0.766600013832 0.308439983281 0.0552402391162 0.0368268236485
0 0.737400012548 0.292979983621 0.0333428419636 0.022228559843
0 0.779400014394 0.284959983797 0.0222685964899 0.0148457300141
0 0.732600012337 0.278939983929 0.0405436342249 0.0270290877005
0 0.616200007218 0.309799983251 0.0516027428386 0.0344018262901
0 0.621600007456 0.365539982025 0.0198652984352 0.0132435314167
0 0.613600007104 0.339699982593 0.0355773590829 0.0237182378243
0 0.773000014113 0.264739984242 0.045771292269 0.0305141928334
0 0.870600018405 0.262679984287 0.0219437970698 0.0146291970816
0 0.785600014667 0.0862399881659 0.0767732633586 0.0511821721966
0 0.933600021175 0.0980999879051 0.0235192177112 0.01567947744
0 0.945200021685 0.134619987102 0.0250992882378 0.0167328577216
0 0.801800015379 0.154159986673 0.0198601538815 0.0132401017144
0 0.901800019776 0.109499987655 0.0279620345127 0.0186413551123
0 0.933600021175 0.0361599892669 0.0224929781788 0.0149953177969
0 0.903200019838 0.0530199888962 0.0626408775026 0.0417605822474
0 0.737400012548 0.0255599894999 0.0390061052002 0.0260040684183
0 0.69220001056 0.0372799892423 0.0321020151811 0.0214013420425
0 0.539400003841 0.0653399886254 0.0246296498439 0.0164197654796
0 0.15479998693 0.0142199897493 0.022545511987 0.0150303403333
0 0.37039999641 0.0321799893544 0.0246792156402 0.0164528093417
0 0.309199993719 0.00999998984204 0.0235949020111 0.0157299336366
0 0.230599990263 0.0437999890989 0.0222561308405 0.0148374195817
0 0.176599987889 0.0746399884209 0.0250500192426 0.0167000117269
0 0.195399988716 0.0837599882204 0.0306962658785 0.0204641759026
0 0.422799998715 0.134179987112 0.0321097320116 0.0214064865959
0 0.485200001458 0.145259986868 0.0260181846783 0.0173454553081
0 0.4816000013 0.0899399880845 0.02843335478 0.0189555686031
0 0.356799995812 0.0787999883294 0.0448043140381 0.029869540722
0 0.300399993333 0.0702599885172 0.0332789307771 0.0221859523881
0 0.288399992805 0.0442399890893 0.0235649250923 0.0157099490254
0 0.242399990782 0.131039987181 0.0203237573182 0.0135491706518
0 0.282399992541 0.140019986984 0.0282147112471 0.0188098062574
0 0.260599991582 0.202139985618 0.0261190970781 0.0174127302369
0 0.239599990659 0.187839985932 0.0236383339165 0.0157588882383
0 0.245399990914 0.174239986231 0.0199397955304 0.0132931961435
0 0.369399996366 0.168479986358 0.0203776761985 0.0135851165696
0 0.363399996103 0.0433199891095 0.0223187558886 0.014879169611
0 0.208799989305 0.10153998783 0.0308951226663 0.0205967470857
0 0.240599990703 0.106419987722 0.0273850530268 0.0182567008137
0 0.259799991547 0.111199987617 0.0235678931041 0.0157119276998
0 0.0823999837469 0.127679987255 0.0214775224225 0.0143183473373
0 0.0627999828851 0.122639987366 0.0203449291354 0.0135632851957
0 0.0967999843801 0.0881799881232 0.0315750941602 0.0210500613851
0 0.0391999818474 0.0811599882776 0.0411315973542 0.0274210630943
0 0.343399995223 0.05875998877 0.0331963211164 0.0221308792846
0 0.435999999295 0.0494999889736 0.0402667187278 0.0268444773813
0 0.631000007869 0.0836799882222 0.0300804034385 0.0200536009697
0 0.689400010437 0.0828199882411 0.0512481643672 0.034165440658
0 0.0625999828763 0.0448399890761 0.0235321780293 0.0156881176515
0 0.102999984653 0.0328599893395 0.021538564531 0.0143590420736
0 0.0379999817947 0.0629999886768 0.0338503719743 0.0225669131611
0 0.205199989147 0.121259987396 0.021758593136 0.0145057278006
0 0.0267999813022 0.166179986408 0.0243420495045 0.0162280319326
0 0.0899999840811 0.19111998586 0.0405643113735 0.0270428724653
0 0.105199984749 0.281879983865 0.0356015978456 0.0237343969983
0 0.0149999807833 0.198459985699 0.0208863934139 0.0139242613576
0 0.0965999843713 0.22205998518 0.037975116849 0.0253167428962
0 0.0649999829819 0.0195199896327 0.0229953636359 0.0153302414128
0 0.462800000473 0.518779978656 0.643571797688 0.429047836827
0 0.258199991477 0.718459974266 0.0689530470433 0.045968694997
0 0.987600023549 0.788579972725 0.0209534704797 0.0139689793984
0 0.665000009364 0.775699973008 0.0332900113543 0.0221933394391
0 0.606400006788 0.756119973438 0.0205750489804 0.0137166984156
0 0.0727999833248 0.742819973731 0.0439524946633 0.0293016611763
0 0.615800007201 0.164439986447 0.0216354206481 0.0144236128141
0 0.542200003965 0.136279987066 0.0231964958994 0.0154643295796
0 0.757800013445 0.166979986391 0.0212031792023 0.0141354518692
