0 0.109799984952 0.306319983327 0.22347446669 0.148982967967
0 0.821200016232 0.899419970288 0.222678050201 0.148452023676
0 0.599600006489 0.899579970284 0.122490834615 0.0816605510239
0 0.414199998336 0.67279997527 0.376254850638 0.250836550548
0 0.173799987766 0.557699977801 0.153919111127 0.102612733983
0 0.914200020322 0.978759968544 0.0441645096366 0.0294430044825
0 0.821400016241 0.886159970579 0.0457479439099 0.0304986272617
0 0.834000016795 0.937939969441 0.0249060706723 0.0166040460197
0 0.886400019099 0.854319971279 0.0852309096659 0.0568206026963
0 0.569600005169 0.88203997067 0.152551847043 0.101701224654
0 0.492200001766 0.904919970167 0.0514227823923 0.0342818526671
0 0.660600009171 0.928099969657 0.0331813821239 0.0221209199569
0 0.709200011308 0.93797996944 0.0298778861029 0.0199185894215
0 0.703000011035 0.924279969741 0.046547031609 0.0310313523593
0 0.78680001472 0.974939968628 0.0263770172999 0.0175846770401
0 0.732600012337 0.989779968301 0.0286025314502 0.0190683530425
0 0.552000004396 0.990579968284 0.0244892628877 0.0163261741816
0 0.550000004308 0.980499968505 0.0247346185264 0.0164897445967
0 0.617400007271 0.943619969316 0.0220743895872 0.0147162587542
0 0.435399999269 0.963879968871 0.0302727306005 0.0201818190692
0 0.287799992778 0.915739969929 0.0300640793739 0.0200427182606
0 0.266799991855 0.935439969496 0.0276219003652 0.0184145990289
0 0.454200000095 0.907299970115 0.021359593422 0.0142397280088
0 0.416599998442 0.91659996991 0.0237559661159 0.0158373096993
0 0.395999997536 0.888479970528 0.056123717283 0.0374158090542
0 0.273199992137 0.927899969662 0.0598245311448 0.0398830181327
0 0.245799990932 0.93753996945 0.0230895485423 0.0153930313463
0 0.216599989648 0.945539969274 0.0232108412895 0.0154738931724
0 0.10839998489 0.897619970327 0.0252540205842 0.0168360126123
0 0.0679999831138 0.909859970058 0.0200326942984 0.0133551286514
0 0.0635999829203 0.928839969641 0.0200714763187 0.0133809833299
0 0.041599981953 0.891819970455 0.0544464938382 0.0362976601648
0 0.127399985726 0.970679968721 0.0267216034651 0.0178144011351
0 0.100399984538 0.907879970102 0.0209346730719 0.0139564477941
0 0.142999986412 0.920619969822 0.0205205364978 0.0136803567629
0 0.0693999831753 0.811339972224 0.0213262527565 0.0142175009
0 0.0431999820233 0.833059971747 0.0375568250585 0.0250378817209
0 0.100399984538 0.856899971223 0.0229812161131 0.0153208097316
0 0.2427999908 0.856819971224 0.0570538921682 0.0380359256034
0 0.166799987458 0.823539971956 0.0351930015602 0.0234619994927
0 0.201199988971 0.87113997091 0.0677029204906 0.0451352773501
0 0.0243999811967 0.805039972363 0.0442633444282 0.0295088943392
0 0.10339998467 0.658219975591 0.115694087688 0.0771293867046
0 0.0411999819354 0.665899975422 0.036823033618 0.0245486874595
0 0.079399983615 0.711759974414 0.0570332150196 0.0380221408386
0 0.167399987484 0.697979974717 0.204138859419 0.13609256397
0 0.243799990844 0.767719973183 0.0254273524709 0.0169515671958
0 0.208199989278 0.744539973693 0.0202955612065 0.0135303732453
0 0.18299998817 0.752459973519 0.0263619793736 0.0175746517566
0 0.243199990817 0.811719972216 0.0210678378661 0.0140452243177
0 0.209199989322 0.777759972963 0.0386315421163 0.0257543597122
0 0.166999987467 0.719419974245 0.0303354545823 0.0202236350544
0 0.32399999437 0.82925997183 0.144452142954 0.0963014222843
0 0.318199994115 0.805879972344 0.0680719432859 0.0453812925308
0 0.360199995962 0.794279972599 0.0803648543877 0.0535765660581
0 0.374999996613 0.756419973432 0.0740848383077 0.0493898889476
0 0.409199998117 0.784199972821 0.0209610883765 0.013974057996
0 0.463600000509 0.862099971108 0.0318592318192 0.0212394864786
0 0.255599991363 0.800139972471 0.126886460029 0.0845909677736
0 0.463200000491 0.699879974675 0.0200646498917 0.0133764323789
0 0.4816000013 0.688219974931 0.0294500966747 0.0196333964882
0 0.577000005495 0.783859972829 0.0323684437032 0.0215789610456
0 0.563800004914 0.7942599726 0.0199930218746 0.0133286803706
0 0.552400004413 0.814039972165 0.0392944970094 0.0261963296118
0 0.421999998679 0.84199997155 0.0501960041987 0.033464000592
0 0.465800000605 0.777979972958 0.0377383684444 0.0251589106369
0 0.545200004097 0.766779973204 0.0212112917678 0.0141408602458
0 0.533400003578 0.779739972919 0.0315743026904 0.0210495337386
0 0.63580000808 0.827539971868 0.0229190857337 0.0152793894813
0 0.650000008705 0.801679972437 0.0349552638183 0.0233035076752
0 0.656000008968 0.80969997226 0.0736509149886 0.0491006067539
0 0.726000012046 0.768499973166 0.022134244491 0.0147561620207
0 0.650400008722 0.767939973179 0.0245467433821 0.0163644945087
0 0.677200009901 0.716439974311 0.0225649029971 0.0150432676726
0 0.717200011659 0.689799974896 0.0237104566022 0.0158069700256
0 0.682600010138 0.747039973638 0.0531874632502 0.0354583064948
0 0.771400014043 0.794879972586 0.0590539363586 0.0393692883091
0 0.80340001545 0.818199972074 0.0279451168457 0.0186300766684
0 0.859400017912 0.796459972551 0.019930198959 0.0132867984297
0 0.779800014412 0.75969997336 0.0249754232137 0.0166502810443
0 0.645200008494 0.667139975395 0.0381183728832 0.0254122469127
0 0.6226000075 0.652639975713 0.0315367078748 0.0210244705298
0 0.661600009215 0.60911997667 0.0497196383115 0.0331464233548
0 0.624600007588 0.606539976727 0.0367763368997 0.024517556316
0 0.857200017815 0.745079973681 0.026935893914 0.017957261425
0 0.879800018809 0.754059973484 0.0225953745845 0.0150635820628
0 0.814000015916 0.699159974691 0.0246955397049 0.0164636920507
0 0.846000017323 0.674199975239 0.0357221980567 0.0238147971338
0 0.863400018088 0.67281997527 0.02382937494 0.0158862489122
0 0.739800012653 0.671039975309 0.045110810719 0.0300738718291
0 0.937000021324 0.771819973093 0.0377927819933 0.0251951863337
0 0.962800022459 0.764099973263 0.0227995737935 0.0151997148598
0 0.948400021825 0.70373997459 0.0391193843156 0.0260795878237
0 0.987200023531 0.767499973188 0.0224621108566 0.0149747395834
0 0.965400022573 0.679099975132 0.0700978091786 0.0467318697035
0 0.924000020753 0.681419975081 0.0989812134749 0.0659874712977
0 0.936400021298 0.635899976081 0.0379851091552 0.0253234044333
0 0.913400020286 0.618819976457 0.0614190459953 0.0409460279629
0 0.989200023619 0.496659979143 0.0318842620517 0.0212561732992
0 0.85640001778 0.59091997707 0.100175343539 0.0667835579546
0 0.684400010217 0.558899977774 0.0315205816775 0.0210137197324
0 0.643000008397 0.542159978142 0.0334102158305 0.0222734757513
0 0.822600016294 0.487759979338 0.0216573839351 0.0144382550044
0 0.779200014386 0.449079980189 0.0381739736368 0.0254493140793
0 0.702800011026 0.508539978881 0.0651218385316 0.0434145561576
0 0.933000021148 0.500659979055 0.0342560991817 0.0228373979482
0 0.958000022248 0.490819979271 0.0308340805578 0.0205560523494
0 0.985600023461 0.527279978469 0.0381787224556 0.0254524799583
0 0.92780002092 0.530019978409 0.0503978289983 0.0335985504495
0 0.966800022634 0.550259977964 0.0442113052887 0.0294742015818
0 0.913400020286 0.468939979752 0.0720205861296 0.0480137209196
0 0.890600019284 0.411059981025 0.0471362808768 0.0314241851786
0 0.893600019416 0.432219980559 0.0701143311107 0.0467428843242
0 0.858400017868 0.449759980174 0.0256113691999 0.0170742450071
0 0.832600016734 0.424619980727 0.03205126218 0.0213675067107
0 0.829600016602 0.40491998116 0.0499261129962 0.0332840731355
0 0.686200010296 0.439059980409 0.0969494115587 0.0646329367762
0 0.520600003015 0.537939978235 0.0230333541864 0.0153555684448
0 0.607400006831 0.58545997719 0.0227553504183 0.0151702326116
0 0.61260000706 0.56317997768 0.0232900872035 0.0155267237782
0 0.480400001247 0.645999975859 0.0243499642025 0.0162333083976
0 0.404599997914 0.542979978124 0.0253783802768 0.0169189190687
0 0.416399998433 0.521439978598 0.0617943016153 0.0411961983597
0 0.297999993227 0.509879978852 0.0275162391466 0.0183441582211
0 0.540600003894 0.468679979758 0.070904020106 0.0472693436196
0 0.502600002223 0.424299980734 0.0639003038255 0.0426001997406
0 0.523800003156 0.401419981237 0.0238313536145 0.0158875680285
0 0.567400005073 0.413379980974 0.0620268948034 0.0413512604749
0 0.485800001485 0.453999980081 0.051297928031 0.0341986164317
0 0.648000008617 0.395479981367 0.141498971254 0.094332641281
0 0.679800010015 0.390879981468 0.101584159787 0.0677227687248
0 0.543800004035 0.377559981761 0.04911010763 0.0327400695939
0 0.239199990642 0.485499979388 0.0414972564029 0.0276648357773
0 0.227199990114 0.617919976477 0.0317679159908 0.0211786092637
0 0.189999988478 0.637679976042 0.0232767311506 0.0155178197436
0 0.117999985312 0.624219976338 0.0229721142104 0.0153147417968
0 0.103799984688 0.450479980158 0.0288001020996 0.0192000668
0 0.0571999826389 0.47949997952 0.0216845907095 0.0144563928529
0 0.0169999808713 0.545079978078 0.029392022578 0.0195946804263
0 0.338599995012 0.51495997874 0.055828400113 0.0372189309539
0 0.350199995522 0.436959980455 0.211191844695 0.140794553844
0 0.233799990404 0.448759980196 0.0391799317555 0.0261199527809
0 0.161399987221 0.447159980231 0.085150575481 0.0567670465765
0 0.0171999808801 0.570219977525 0.0512665660401 0.0341777084392
0 0.0295999814253 0.501739979031 0.0281220103465 0.0187480056611
0 0.124399985594 0.293539983608 0.027592418115 0.0183949441968
0 0.0885999840196 0.330799982789 0.0200441706105 0.0133627795257
0 0.226999990105 0.248719984594 0.0566781418795 0.0377854254275
0 0.266799991855 0.257399984403 0.0354952440909 0.0236634944999
0 0.325199994423 0.402479981213 0.0381326193396 0.0254217445497
0 0.383799997 0.354579982266 0.0787699438023 0.0525132924047
0 0.435599999277 0.322859982964 0.0502252885814 0.0334835235125
0 0.407799998055 0.296919983534 0.0213644411745 0.0142429598436
0 0.224399989991 0.368319981964 0.0360821189493 0.0240547443797
0 0.287199992752 0.381299981679 0.082928919746 0.0552859428509
0 0.678400009953 0.355039982256 0.023572246188 0.0157148297555
0 0.739600012644 0.36943998194 0.0934597222667 0.0623064774016
0 0.777800014324 0.327639982859 0.0266844043843 0.0177896017496
0 0.643200008406 0.319459983038 0.0279322554614 0.0186215024127
0 0.650200008713 0.338359982623 0.0210414225614 0.0140276141158
0 0.524600003191 0.29755998352 0.131832156956 0.0878880988409
0 0.457800000253 0.232479984951 0.0584039417834 0.0389359586209
0 0.493400001819 0.21703998529 0.0259315187349 0.0172876780164
0 0.429199998996 0.209459985457 0.0257819309423 0.0171879528279
0 0.369999996393 0.284679983803 0.0546423826143 0.0364282526736
0 0.378599996771 0.228459985039 0.0781473538691 0.0520982324766
0 0.356999995821 0.192239985835 0.0409338288374 0.0272892174251
0 0.422599998706 0.173759986242 0.0223192505572 0.0148794993901
0 0.513600002707 0.18067998609 0.0723115502156 0.0482076969642
0 0.518800002936 0.222639985167 0.0233678491116 0.0155785650469
0 0.564400004941 0.229219985022 0.0208511730077 0.0139007810883
0 0.536200003701 0.246439984644 0.0550433610029 0.0366955715816
0 0.868400018308 0.276839983975 0.0469719519591 0.031314632574
0 0.874000018554 0.317159983089 0.0324331463596 0.021622096147
0 0.796400015142 0.351779982328 0.0201679367009 0.0134452902471
0 0.977200023092 0.273639984046 0.0263694983368 0.0175796643984
0 0.933600021175 0.30799998329 0.128107302199 0.0854048624999
0 0.801000015344 0.289499983697 0.0318625955659 0.0212417289762
0 0.733400012372 0.23205998496 0.0200065757949 0.0133377163169
0 0.845400017296 0.228839985031 0.141595926305 0.0943972779772
0 0.69560001071 0.175779986197 0.17414314325 0.116095421176
0 0.564200004932 0.204519985565 0.0228592308299 0.0152394862148
0 0.881400018879 0.114459987545 0.0215134353648 0.0143422892972
0 0.83980001705 0.126679987277 0.0213364429302 0.0142242943487
0 0.813600015898 0.133619987124 0.020009444873 0.0133396290355
0 0.862400018044 0.0289399894256 0.0340454692806 0.0226969780234
0 0.898800019645 0.0199399896235 0.0232502169122 0.0155001435858
0 0.778800014368 0.0763799883827 0.0295675310067 0.0197116860377
0 0.915400020374 0.0311599893768 0.0392738198608 0.026182544847
0 0.753200013242 0.041659989146 0.0217531517812 0.0145021002309
0 0.934800021227 0.127479987259 0.0393325864936 0.0262217225996
0 0.712800011466 0.0279399894476 0.0303110179522 0.0202073439687
0 0.666600009435 0.0387599892097 0.0636169576362 0.0424113022936
0 0.743800012829 0.0530799888949 0.0232388395338 0.0154925586674
0 0.661400009206 0.109019987665 0.0318322229122 0.0212214805418
0 0.616400007227 0.114199987551 0.02784272044 0.0185618124024
0 0.574200005372 0.106719987716 0.0243837995365 0.0162558652855
0 0.729000012178 0.123259987352 0.0501805705376 0.0334537114853
0 0.494200001854 0.0645999886416 0.0301439188902 0.0200959446013
0 0.461800000429 0.0687999885493 0.0262076427622 0.0174717606891
0 0.444399999664 0.0160199897097 0.0316433584306 0.0210955708957
0 0.609200006911 0.0419999891385 0.0204161614176 0.0136107733807
0 0.549200004272 0.0251999895079 0.0310981346706 0.020732088413
0 0.516200002821 0.0395799891917 0.028843534005 0.0192290214017
0 0.425399998829 0.0288999894265 0.0229992220511 0.0153328136895
0 0.41359999831 0.0103399898346 0.0240251647824 0.0160167754652
0 0.4998000021 0.117279987483 0.0324630243446 0.0216420148023
0 0.376599996683 0.157719986594 0.0211700364043 0.014113356672
0 0.284399992629 0.124479987325 0.0221797540046 0.0147865016945
0 0.281199992488 0.0499999889626 0.0282872296677 0.018858151868
0 0.133199985981 0.0269399894696 0.0268923630749 0.0179282408675
0 0.318399994124 0.0430599891152 0.0207069276362 0.0138046175137
0 0.321799994273 0.0235199895448 0.0233339148438 0.0155559422032
0 0.343599995232 0.0155199897207 0.0234897354611 0.0156598226079
0 0.25439999131 0.14565998686 0.0281274517014 0.0187516332308
0 0.246799990976 0.117619987476 0.031541654561 0.0210277683204
0 0.363599996111 0.109839987647 0.18262769953 0.121751791657
0 0.304799993526 0.157599986597 0.0274466887377 0.0182977912849
0 0.0513999823839 0.151139986739 0.0400284863173 0.0266856557848
0 0.0461999821552 0.183059986037 0.0394493282895 0.0262995504584
0 0.0703999832193 0.0351599892889 0.0940681646772 0.0627121056485
0 0.140399986297 0.052939988898 0.0302263306833 0.0201508857932
0 0.295599993121 0.176639986178 0.048140260321 0.0320935047639
0 0.237599990571 0.170779986307 0.0325251547241 0.0216834350526
0 0.219399989771 0.192799985823 0.0421114369695 0.0280742894613
0 0.820600016206 0.563319977677 0.257731258407 0.171820827606
0 0.781600014491 0.247879984612 0.0792315685645 0.0528210422258
0 0.326599994485 0.338119982628 0.0353030158627 0.0235353423562
0 0.661600009215 0.0866199881575 0.0811363395775 0.054090889484
