0 0.631400007887 0.339479983004 0.0891725223336 0.0594483482224
0 0.660600009171 0.375159984573 0.128685066667 0.085790044445
0 0.369999996393 0.897340007533 0.204212056907 0.136141371271
0 0.176799987898 0.443859987593 0.134642855211 0.0897619034742
0 0.236599990527 0.0610399707606 0.0499014752073 0.0332676501382
0 0.120399985418 0.0766399714465 0.0222820500069 0.0148547000046
0 0.147799986623 0.12037997337 0.033500243311 0.0223334955407
0 0.251999991204 0.13221997389 0.0311306818129 0.0207537878753
0 0.238199990598 0.127859973699 0.0287640883264 0.0191760588843
0 0.295999993139 0.0676199710499 0.0221340451636 0.0147560301091
0 0.295999993139 0.0235199691108 0.0570086756957 0.0380057837971
0 0.685200010252 0.055999970539 0.0280813467333 0.0187208978222
0 0.548600004246 0.0560599705416 0.023525547918 0.015683698612
0 0.528800003375 0.156179974944 0.0258320886372 0.0172213924248
0 0.521800003068 0.143219974374 0.0322031233243 0.0214687488829
0 0.568400005117 0.117779973255 0.0321034970695 0.0214023313797
0 0.644800008476 0.111479972978 0.0626778745819 0.0417852497212
0 0.675400009821 0.0757799714087 0.0477021786392 0.0318014524261
0 0.625800007641 0.153459974824 0.0318718932339 0.0212479288226
0 0.609200006911 0.0769999714623 0.0241877112977 0.0161251408651
0 0.950800021931 0.0183799688848 0.021667473746 0.0144449824973
0 0.725000012002 0.067939971064 0.0304810830155 0.0203207220104
0 0.787400014746 0.103019972606 0.0364857661421 0.0243238440947
0 0.717400011668 0.120319973367 0.1298485272 0.0865656848001
0 0.790000014861 0.0814999716602 0.0202006824316 0.0134671216211
0 0.841800017138 0.113019973046 0.0320116865785 0.0213411243857
0 0.831800016698 0.13151997386 0.0246194580464 0.0164129720309
0 0.981800023294 0.0973199723558 0.045657713341 0.0304384755607
0 0.967200022652 0.0894399720093 0.0342313634926 0.0228209089951
0 0.957800022239 0.108279972838 0.0352145667897 0.0234763778598
0 0.940200021465 0.0938599722037 0.0202897227785 0.0135264818523
0 0.930400021034 0.113959973087 0.0284684743748 0.0189789829165
0 0.919000020533 0.0841199717754 0.0353770159559 0.0235846773039
0 0.898000019609 0.0943999722274 0.0232876123244 0.0155250748829
0 0.937600021351 0.174179975735 0.0272487205562 0.0181658137041
0 0.949400021869 0.1824799761 0.0330879865049 0.0220586576699
0 0.981400023276 0.200999976915 0.0393184363776 0.0262122909184
0 0.964800022547 0.197099976743 0.0429106207721 0.0286070805148
0 0.81160001581 0.255779979323 0.0212384971414 0.0141589980943
0 0.694000010639 0.270579979974 0.0384314955889 0.0256209970593
0 0.64240000837 0.251799979148 0.0714090720637 0.0476060480425
0 0.781400014482 0.259519979488 0.115895904843 0.0772639365621
0 0.81160001581 0.365439984145 0.0317428836646 0.0211619224431
0 0.803800015467 0.337979982938 0.0220594491397 0.0147062994265
0 0.743800012829 0.332999982719 0.0234604495311 0.0156402996874
0 0.911000020181 0.344039983204 0.0202605373315 0.0135070248876
0 0.922200020673 0.355259983698 0.0213219972 0.0142146648
0 0.869800018369 0.394259985412 0.0214785103431 0.0143190068954
0 0.951400021957 0.359499983884 0.020162197215 0.01344146481
0 0.643600008423 0.30481998148 0.0392515571838 0.0261677047892
0 0.646000008529 0.284599980591 0.050261791811 0.0335078612073
0 0.587000005934 0.277139980263 0.0277263725504 0.0184842483669
0 0.575800005442 0.290019980829 0.0213072560759 0.014204837384
0 0.577000005495 0.263359979657 0.0219412233458 0.0146274822305
0 0.541800003947 0.30141998133 0.021494042937 0.014329361958
0 0.496000001933 0.304439981463 0.0200526775883 0.0133684517256
0 0.560400004765 0.28161998046 0.0241283510664 0.0160855673776
0 0.473800000957 0.28731998071 0.105398047945 0.0702653652969
0 0.566400005029 0.219419977725 0.0667516683193 0.0445011122129
0 0.480400001247 0.209719977298 0.0311588779228 0.0207725852819
0 0.437799999374 0.233779978356 0.0200493138419 0.0133662092279
0 0.474000000966 0.178719975935 0.081800872015 0.0545339146767
0 0.515400002786 0.188959976385 0.0617404775966 0.0411603183977
0 0.609200006911 0.235079978413 0.0279240421204 0.0186160280803
0 0.580600005653 0.182079976083 0.0348221956611 0.0232147971074
0 0.674600009786 0.193479976584 0.123515779862 0.0823438532415
0 0.386799997132 0.242399978735 0.0498007606816 0.0332005071211
0 0.368199996314 0.220199977759 0.0374290002167 0.0249526668112
0 0.417799998495 0.150839974709 0.0491750049104 0.0327833366069
0 0.324799994405 0.13607997406 0.0244656161137 0.0163104107425
0 0.295199993104 0.233379978338 0.0222568219086 0.0148378812724
0 0.270199992005 0.221999977838 0.0276603837599 0.01844025584
0 0.251199991169 0.18611997626 0.0268600099752 0.0179066733168
0 0.268799991943 0.237719978529 0.0198200844155 0.0132133896104
0 0.354999995733 0.273359980096 0.0304325065596 0.0202883377064
0 0.269799991987 0.156839974973 0.032733012322 0.0218220082147
0 0.282799992559 0.299179981232 0.0221355291694 0.0147570194463
0 0.315599994001 0.314819981919 0.0231942188939 0.0154628125959
0 0.216599989648 0.332879982714 0.0302822262408 0.0201881508272
0 0.355999995777 0.330479982608 0.0496833263574 0.0331222175716
0 0.345199995302 0.301379981328 0.0243818192539 0.0162545461693
0 0.387399997158 0.338999982983 0.0344618790574 0.0229745860382
0 0.375999996657 0.315879981966 0.0201821818262 0.0134547878841
0 0.412999998284 0.357179983782 0.0248924161764 0.0165949441176
0 0.43679999933 0.35507998369 0.0206840725815 0.013789381721
0 0.420999998635 0.0820599716848 0.0589472819148 0.0392981879432
0 0.14319998642 0.236659978483 0.0206909979418 0.0137939986279
0 0.142599986394 0.214979977529 0.0201314288285 0.0134209525523
0 0.0149999807833 0.163279975256 0.0369935929205 0.0246623952803
0 0.164399987353 0.222179977846 0.0555387185023 0.0370258123349
0 0.15479998693 0.260399979527 0.055314732563 0.0368764883754
0 0.0729999833336 0.279639980373 0.0250493250544 0.0166995500363
0 0.0461999821552 0.449259987831 0.0197969339253 0.0131979559502
0 0.0345999816452 0.40193998575 0.0205209308792 0.0136806205862
0 0.0897999840723 0.398279985589 0.02027300298 0.01351533532
0 0.10839998489 0.450619987891 0.0488453577595 0.0325635718397
0 0.0913999841427 0.439359987396 0.0518207893512 0.0345471929008
0 0.0435999820409 0.500319990076 0.0295772245609 0.0197181497073
0 0.100599984547 0.529479991358 0.060706818103 0.0404712120686
0 0.139399986253 0.517679990839 0.0303637476251 0.0202424984167
0 0.110199984969 0.350279983479 0.0269682434635 0.0179788289757
0 0.0669999830698 0.387999985137 0.0220794337509 0.0147196225006
0 0.332599994748 0.452059987954 0.0268360680152 0.0178907120101
0 0.347399995399 0.43013998699 0.0319859638116 0.0213239758744
0 0.314599993957 0.425659986793 0.0325163474779 0.0216775649853
0 0.259999991556 0.464419988497 0.0319574709006 0.0213049806004
0 0.287999992787 0.417679986442 0.0326212172198 0.0217474781465
0 0.308199993675 0.407559985997 0.0278544917161 0.0185696611441
0 0.301799993394 0.363539984062 0.0206581519472 0.0137721012981
0 0.345999995338 0.382939984915 0.0364659793983 0.0243106529322
0 0.355399995751 0.410479986126 0.030443290335 0.02029552689
0 0.264799991767 0.325579982393 0.0441495677322 0.0294330451548
0 0.292799992998 0.381659984858 0.0389402127708 0.0259601418472
0 0.259999991556 0.506699990356 0.0251706177936 0.0167804118624
0 0.276399992277 0.491279989678 0.0337928892511 0.0225285928341
0 0.296199993148 0.46605998857 0.0207754873376 0.0138503248917
0 0.359799995944 0.494919989839 0.0202459940748 0.0134973293832
0 0.406599998002 0.464859988517 0.0242354962839 0.0161569975226
0 0.44339999962 0.505279990294 0.128324947931 0.0855499652875
0 0.545200004097 0.532159991476 0.0257104990969 0.0171403327312
0 0.414199998336 0.557659992597 0.101430805823 0.0676205372154
0 0.301599993385 0.5372599917 0.0215416300557 0.0143610867038
0 0.334799994845 0.520439990961 0.023048885261 0.0153659235074
0 0.464600000552 0.381279984842 0.0247865570974 0.0165243713982
0 0.38879999722 0.408239986027 0.0308106312327 0.0205404208218
0 0.51640000283 0.452859987989 0.341173918486 0.227449278991
0 0.254799991327 0.373779984512 0.0208293072806 0.0138862048537
0 0.538200003789 0.355519983709 0.0469182278517 0.0312788185678
0 0.487400001555 0.363439984057 0.0241549642368 0.0161033094912
0 0.54800000422 0.482159989277 0.0324423450563 0.0216282300375
0 0.603200006647 0.535479991622 0.0255657590663 0.0170438393775
0 0.629600007808 0.526579991231 0.0381762465945 0.025450831063
0 0.737600012556 0.553959992435 0.0822102597432 0.0548068398288
0 0.708200011264 0.57387999331 0.0291846555649 0.0194564370433
0 0.577000005495 0.440619987451 0.021865143316 0.0145767622107
0 0.665600009391 0.470739988775 0.0234842925573 0.0156561950382
0 0.877400018704 0.429099986944 0.0213278342895 0.014218556193
0 0.911000020181 0.41511998633 0.0417474570407 0.0278316380271
0 0.881600018888 0.338439982958 0.0266211839781 0.0177474559854
0 0.960000022335 0.439979987423 0.0891718297976 0.0594478865317
0 0.98580002347 0.37237998445 0.0215648794796 0.0143765863197
0 0.983200023356 0.665279997329 0.0313360682131 0.0208907121421
0 0.960000022335 0.604559994659 0.0775204057391 0.0516802704927
0 0.950600021922 0.633879995949 0.0201991984258 0.0134661322839
0 0.934200021201 0.570719993171 0.0442622532379 0.0295081688252
0 0.799400015274 0.633659995939 0.0593356956947 0.0395571304631
0 0.649000008661 0.68529999821 0.0269448951059 0.0179632634039
0 0.647600008599 0.627739995679 0.0198670779319 0.0132447186213
0 0.628800007772 0.620379995355 0.0213793787569 0.0142529191713
0 0.793800015028 0.723379999884 0.0284607575447 0.0189738383631
0 0.778000014333 0.623699995501 0.0315564925385 0.0210376616923
0 0.786600014711 0.608559994835 0.0215876342349 0.0143917561566
0 0.599000006462 0.619839995331 0.0241456644672 0.0160971096448
0 0.412399998257 0.62571999559 0.0208292083469 0.0138861388979
0 0.433599999189 0.704159999039 0.0483411915287 0.0322274610191
0 0.346399995355 0.598139994377 0.100119934049 0.0667466226996
0 0.285999992699 0.55157999233 0.020269144565 0.0135127630433
0 0.195399988716 0.594239994206 0.0573976830778 0.0382651220519
0 0.15659998701 0.613159995038 0.0492004308761 0.0328002872508
0 0.252999991248 0.53815999174 0.0464341451658 0.0309560967772
0 0.154199986904 0.711419999358 0.194032766584 0.129355177723
0 0.0257999812582 0.835780004826 0.0760128537326 0.0506752358217
0 0.331599994704 0.839420004986 0.0281999682621 0.0187999788414
0 0.118599985339 0.838120004929 0.0420489080817 0.0280326053878
0 0.121999985488 0.765560001739 0.0535457976716 0.0356971984477
0 0.115999985224 0.785160002601 0.0225863701258 0.0150575800839
0 0.131399985902 0.790540002837 0.0280150611417 0.0186767074278
0 0.0947999842922 0.785700002624 0.0342407621959 0.0228271747973
0 0.060999982806 0.797560003146 0.0240783895385 0.0160522596923
0 0.140799986315 0.904400007844 0.0318178754235 0.021211916949
0 0.237999990589 0.819780004123 0.0959243529042 0.0639495686028
0 0.223799989964 0.774080002113 0.120331103455 0.0802207356368
0 0.322599994309 0.777620002269 0.0468601537588 0.0312401025059
0 0.402399997818 0.89932000762 0.0232918664743 0.0155279109829
0 0.331199994687 0.932020009058 0.0386497433725 0.0257664955817
0 0.363199996094 0.779020002331 0.0575385646934 0.0383590431289
0 0.356599995804 0.740060000617 0.0220599438083 0.0147066292055
0 0.357599995848 0.754720001262 0.0603009919886 0.0402006613257
0 0.322999994326 0.740480000636 0.0257898439393 0.0171932292929
0 0.428199998952 0.81950000411 0.0846405665446 0.0564270443631
0 0.538800003815 0.878720006714 0.0287743774332 0.0191829182888
0 0.551600004378 0.853300005597 0.0221718378442 0.0147812252295
0 0.592000006154 0.873240006473 0.0256738936209 0.0171159290806
0 0.448999999867 0.778000002286 0.057184085179 0.0381227234527
0 0.467800000693 0.80426000344 0.0324145446813 0.0216096964542
0 0.636600008115 0.893040007344 0.0258737397328 0.0172491598219
0 0.591400006128 0.807620003588 0.0641379384033 0.0427586256022
0 0.733800012389 0.8033400034 0.0244977695723 0.0163318463815
0 0.702200011 0.907980008001 0.0839552526747 0.0559701684498
0 0.693000010595 0.779060002332 0.059384470018 0.0395896466787
0 0.807400015626 0.87498000655 0.0238529195934 0.0159019463956
0 0.909600020119 0.78720000269 0.0259001550357 0.0172667700238
0 0.831000016663 0.856180005723 0.0198219641562 0.0132146427708
0 0.721600011853 0.83928000498 0.0227027161791 0.0151351441194
0 0.980400023232 0.890840007247 0.0228955379969 0.015263691998
0 0.900200019706 0.823540004288 0.0433780825933 0.0289187217289
0 0.711800011422 0.951720009924 0.0272451589423 0.0181634392949
0 0.351199995566 0.972680010846 0.0286451699965 0.0190967799977
0 0.0951999843098 0.980520011191 0.0327057066156 0.0218038044104
0 0.417999998503 0.193239976573 0.0665538998155 0.0443692665437
0 0.924800020788 0.384239984972 0.0317494132901 0.0211662755267
0 0.958400022265 0.382339984888 0.0199846111898 0.0133230741266
0 0.754600013304 0.189139976393 0.450944836801 0.300629891201
