0 0.0350000233248 0.23431997838 0.0934045976999 0.062269735907
0 0.662600009527 0.10651997276 0.128782994061 0.0858553350367
0 0.907000004154 0.300779981302 0.107636903802 0.0717579406011
0 0.628600010274 0.402219985762 0.0787783375813 0.0525188951848
0 0.856600005262 0.246819978929 0.0890999921645 0.0593999986941
0 0.371200015933 0.016019968781 0.0455601586844 0.0303734411262
0 0.51600001275 0.0165999688065 0.0261759787907 0.0174506536781
0 0.576600011418 0.0236999691187 0.0396192885901 0.0264128608022
0 0.407800015129 0.0182799688804 0.0251161020014 0.0167440691053
0 0.399400015313 0.0330599695303 0.0274382739419 0.0182921838344
0 0.540400012213 0.0220399690457 0.0227345698376 0.0151563808914
0 0.115000021566 0.0297999693869 0.0226043730809 0.0150695830478
0 0.151000020775 0.0188199689041 0.0420447473194 0.028029833395
0 0.201400019666 0.0254599691961 0.0351735046566 0.023449004651
0 0.221200019231 0.013699968679 0.0208865871486 0.0139243923508
0 0.235000018928 0.0195999689384 0.0345506180455 0.0230337468828
0 0.250000018598 0.122479973462 0.0266368119919 0.0177578758325
0 0.214400019381 0.119839973346 0.0441480779028 0.0294320538764
0 0.0748000224498 0.062459970823 0.0254552467446 0.0169701656157
0 0.115600021553 0.18723997631 0.0327499256678 0.0218332852186
0 0.129000021258 0.171899975635 0.0232545653948 0.015503044619
0 0.21580001935 0.210839977347 0.0198210711381 0.0132140482969
0 0.282000017894 0.20475997708 0.0362385259986 0.0241590189258
0 0.240200018813 0.196899976734 0.0462964233223 0.0308642842505
0 0.239400018831 0.159459975088 0.0424438458882 0.0282958991251
0 0.0832000222651 0.111019972958 0.0253362294966 0.0168908207785
0 0.045000023105 0.0477199701749 0.0304716802927 0.0203144548683
0 0.172800020295 0.0657999709699 0.0302607536321 0.0201738370853
0 0.341600016584 0.143759974398 0.0323183768435 0.0215455859834
0 0.401200015274 0.192819976555 0.032824818483 0.0218832137653
0 0.33680001669 0.167039975421 0.029873527108 0.0199156860522
0 0.343000016553 0.196939976736 0.0588130211003 0.0392086833196
0 0.180000020137 0.228519978125 0.0427107690262 0.0284738478955
0 0.322800016997 0.10219997257 0.0512356885799 0.0341571279728
0 0.278200017978 0.123399973503 0.0465261473869 0.0310174336371
0 0.347000016465 0.0687599711 0.0202649866756 0.0135099920081
0 0.357000016246 0.108199972834 0.0221356251832 0.0147570844288
0 0.472200013713 0.0698799711493 0.0478944994706 0.0319296684197
0 0.513200012811 0.0885599719706 0.0443755264922 0.0295836862794
0 0.606600010758 0.118999973309 0.0442943019198 0.0295295365609
0 0.518600012693 0.143459974385 0.0351043499963 0.0234029015411
0 0.585200011229 0.0941199722151 0.220316458585 0.146877648744
0 0.456600014056 0.0912599720894 0.0231721536179 0.0154481034308
0 0.43460001454 0.168899975503 0.0229020646013 0.0152680440746
0 0.489000013344 0.14653997452 0.0268970076379 0.017931339608
0 0.397400015357 0.0894399720093 0.0898436768303 0.059895788504
0 0.400400015291 0.130979973836 0.072926903557 0.0486179389113
0 0.533200012372 0.0661999709875 0.0335995683325 0.022399713699
0 0.546200012086 0.0436399699955 0.0351556965896 0.0234371326055
0 0.52100001264 0.219859977744 0.0453080756022 0.030205385727
0 0.467400013818 0.203219977012 0.0444523979815 0.0296349339423
0 0.467200013823 0.226219978024 0.0371165626368 0.0247443767232
0 0.425200014746 0.260899979549 0.0343638312091 0.022909222317
0 0.390200015516 0.287219980706 0.0420772965085 0.0280515328559
0 0.312800017217 0.277559980281 0.0278410330578 0.0185606899294
0 0.336000016707 0.277359980272 0.0478817370226 0.0319211601205
0 0.213600019398 0.268059979863 0.036385640419 0.0242570952126
0 0.149000020819 0.304279981456 0.0339799684309 0.0226533137814
0 0.148400020832 0.277819980293 0.0235003167198 0.0156668788465
0 0.490200013317 0.317639982043 0.0238644916905 0.0159096621763
0 0.433400014566 0.283739980553 0.0359542894621 0.023969527889
0 0.394200015428 0.243139978768 0.0361844092616 0.0241229410988
0 0.382200015692 0.243219978771 0.0843016085038 0.0562010760426
0 0.461800013942 0.304479981465 0.0353762198196 0.0235841481019
0 0.44140001439 0.299379981241 0.0396749882665 0.0264499939222
0 0.568600011593 0.296599981118 0.0334859924383 0.0223239964313
0 0.650600009791 0.294319981018 0.0373885313938 0.0249256892398
0 0.689600008933 0.326819982447 0.0427537062545 0.0285024727162
0 0.636600010098 0.347259983346 0.0257523446629 0.0171682309076
0 0.606600010758 0.332379982692 0.0199716482382 0.0133144330369
0 0.512000012838 0.295919981088 0.031704691067 0.0211364621054
0 0.544800012117 0.245679978879 0.0357256536682 0.0238171040163
0 0.550200011998 0.267879979855 0.0240601825604 0.0160401227649
0 0.507200012943 0.241959978716 0.0255753522634 0.0170502359668
0 0.620000010463 0.252219979167 0.0249675035755 0.0166450034815
0 0.594400011026 0.242459978738 0.057219298035 0.038146201206
0 0.638400010059 0.241779978708 0.0327759452324 0.0218506315961
0 0.6638000095 0.244799978841 0.0250675255519 0.0167116848035
0 0.705000008595 0.234839978403 0.0456542446385 0.0304361650998
0 0.614000010595 0.185679976241 0.133944365488 0.0892962495483
0 0.53920001224 0.117619973248 0.0551224970762 0.0367483338079
0 0.772400007113 0.159219975078 0.038939910833 0.0259599422676
0 0.741200007799 0.246079978897 0.0436781428006 0.0291187637876
0 0.820800006049 0.278919980341 0.0248350313435 0.0165566886544
0 0.790000006726 0.299399981241 0.0280493874421 0.0186995928614
0 0.756000007473 0.280679980418 0.0681540447924 0.0454360328584
0 0.786600006801 0.240599978656 0.0329745051798 0.0219830049031
0 0.796600006581 0.138419974163 0.0287041307065 0.0191360883998
0 0.97220000272 0.143199974373 0.0301391641078 0.0200927773971
0 0.978800002575 0.204119977052 0.0472061187463 0.0314707479065
0 0.975000002659 0.229139978152 0.0517507374518 0.0345004939101
0 0.835200005732 0.0292799693641 0.029966623725 0.0199777504677
0 0.896800004378 0.0295199693746 0.0416816606194 0.027787775579
0 0.986400002408 0.270979979992 0.0231914456905 0.0154609648134
0 0.950200003204 0.0535199704299 0.0522198810843 0.0348132563524
0 0.919200003885 0.0784799715274 0.0318154968174 0.0212103326105
0 0.973000002703 0.450579987889 0.0289623476784 0.0193082330591
0 0.959600002997 0.460219988313 0.0314713064552 0.0209808723539
0 0.84760000546 0.48175998926 0.0409387674232 0.0272925134156
0 0.6320000102 0.286919980693 0.0342501563812 0.0228334390935
0 0.593600011044 0.28299998052 0.0658494830516 0.0438996582632
0 0.76480000728 0.339639983011 0.050517232009 0.033678156894
0 0.785600006823 0.369739984334 0.0301941712482 0.0201294488264
0 0.770600007152 0.389079985185 0.0221312721001 0.0147541823732
0 0.844200005534 0.352999983598 0.0878674760587 0.058578321236
0 0.93400000356 0.384539984985 0.0680143504 0.0453429032573
0 0.891600004492 0.4280999869 0.0475479346995 0.0316986252237
0 0.887400004585 0.48357998934 0.0457382393547 0.0304921615809
0 0.85120000538 0.42945998696 0.12856830792 0.085712210933
0 0.46640001384 0.427019986853 0.0269709111161 0.0179806085967
0 0.44320001435 0.418439986476 0.0200017240847 0.0133344836026
0 0.17760002019 0.406859985966 0.0204727474576 0.0136484992053
0 0.0318000233952 0.385739985038 0.0203421549661 0.0135614375385
0 0.0278000234831 0.364139984088 0.0452090429628 0.0301393639631
0 0.0658000226477 0.37327998449 0.025397964129 0.0169319772028
0 0.115400021557 0.492019989711 0.0240314917857 0.0160209955805
0 0.325600016936 0.517039990811 0.0204849163034 0.0136566117697
0 0.292000017675 0.521079990989 0.0220711204071 0.0147140812419
0 0.527600012495 0.505439990301 0.0203750009564 0.0135833348668
0 0.885600004624 0.622119995432 0.0271821345778 0.0181214242471
0 0.945800003301 0.546919992125 0.0259712849536 0.017314191111
0 0.90900000411 0.547019992129 0.0299772096316 0.0199848077391
0 0.875600004844 0.526999991249 0.0486607410214 0.0324404961539
0 0.874200004875 0.553199992401 0.0320904335855 0.0213936238014
0 0.87080000495 0.570639993168 0.0408781210616 0.0272520825052
0 0.858600005218 0.589939994017 0.0507464614052 0.0338309765015
0 0.920600003855 0.581459993644 0.0203503664636 0.0135669118706
0 0.969000002791 0.496919989926 0.0286002503155 0.0190668348012
0 0.960200002984 0.521759991019 0.0473490779511 0.0315660540493
0 0.893000004461 0.658259997021 0.0344212127584 0.0229474766858
0 0.94720000327 0.809780003683 0.0469565090068 0.0313043414026
0 0.836400005706 0.830720004604 0.0239103969299 0.0159402656713
0 0.844200005534 0.77264000205 0.0223519931976 0.0149013297812
0 0.812000006242 0.885780007025 0.024962952625 0.0166419695143
0 0.787000006792 0.853520005606 0.0288402634855 0.0192268435918
0 0.781200006919 0.870040006333 0.0343391967164 0.0228927993208
0 0.577800011391 0.722919999864 0.0229684491179 0.0153123004218
0 0.337200016681 0.901700007725 0.0333101872433 0.0222067929602
0 0.396000015388 0.829540004552 0.0327620945136 0.021841397783
0 0.372400015907 0.826500004418 0.0287074944525 0.0191383308973
0 0.243000018752 0.732200000272 0.0255323161014 0.0170215451902
0 0.0970000219617 0.867280006211 0.025492445818 0.0169949649996
0 0.0910000220937 0.887800007114 0.024852344742 0.0165682309208
0 0.0660000226433 0.918000008442 0.0226807499017 0.0151205009317
0 0.060600022762 0.89772000755 0.0258097262122 0.0172064852763
0 0.348200016439 0.936420009252 0.0201049119398 0.0134032755105
0 0.414200014988 0.904200007835 0.0222274356621 0.0148182914187
0 0.489200013339 0.964200010473 0.0230435398005 0.0153623608802
0 0.685400009026 0.926220008803 0.0208067476481 0.0138711660136
0 0.505000012992 0.812160003788 0.0202874446268 0.0135249639766
0 0.509800012886 0.982380011272 0.0275412639295 0.0183608438307
0 0.774200007073 0.960620010316 0.0199540380386 0.0133026929031
0 0.765400007267 0.970680010758 0.0214440785803 0.0142960533298
0 0.739200007843 0.969660010713 0.0273308319375 0.0182205558267
0 0.807800006335 0.944420009603 0.0463662705185 0.0309108490511
0 0.647600009857 0.957520010179 0.0335974907246 0.0223983286271
0 0.810200006282 0.839520004991 0.0257900384047 0.0171933600705
0 0.864000005099 0.823400004282 0.0337944677327 0.0225296466411
0 0.980200002544 0.978520011103 0.0306712295771 0.0204474877334
0 0.96220000294 0.946220009682 0.0442336555582 0.0294891056505
0 0.672200009316 0.310239981718 0.0268831569191 0.0179221057948
0 0.690400008916 0.302619981383 0.0263097371608 0.0175398259308
0 0.73480000794 0.510579990527 0.0331843435696 0.0221228971722
0 0.440200014416 0.980640011196 0.0578030068987 0.0385353404741
0 0.504600013001 0.639779996208 0.968212732267 0.645475197417
