0 0.710599986486 0.719119996237 0.178045065889 0.118696710593
0 0.0963999999897 0.724059996129 0.207657904635 0.13843860309
0 0.511799990857 0.307100005295 0.0649008120281 0.0432672080187
0 0.518199990716 0.352760004292 0.121871493418 0.0812476622788
0 0.444999992326 0.35102000433 0.070588709012 0.0470591393413
0 0.0822000003019 0.417680002864 0.130496534451 0.086997689634
0 0.599399988931 0.624599998315 0.100962842674 0.0673085617828
0 0.53119999043 0.615159998523 0.119852256351 0.0799015042343
0 0.548599990048 0.0204200115982 0.0277374512974 0.0184916341983
0 0.637399988096 0.0358800112583 0.0231471249171 0.0154314166114
0 0.66539998748 0.015700011702 0.0246456738563 0.0164304492375
0 0.689399986952 0.0134200117521 0.0380124098491 0.0253416065661
0 0.847399983479 0.0472600110081 0.0208134765128 0.0138756510086
0 0.885399982643 0.0825200102329 0.0226833236741 0.0151222157827
0 0.735399985941 0.081560010254 0.0210772337897 0.0140514891931
0 0.945799981315 0.0811400102633 0.0215827850592 0.0143885233728
0 0.726599986135 0.224600007109 0.040119598986 0.026746399324
0 0.965399980884 0.177920008136 0.0551810694695 0.0367873796463
0 0.984399980467 0.068280010546 0.0274698356058 0.0183132237372
0 0.983999980476 0.126160009273 0.0290979877081 0.0193986584721
0 0.954999981113 0.149900008752 0.0227942283655 0.0151961522437
0 0.879799982766 0.161400008499 0.0276624595435 0.0184416396957
0 0.975999980651 0.155380008631 0.0387975477894 0.0258650318596
0 0.950199981219 0.233140006922 0.023582730052 0.0157218200347
0 0.825599983958 0.187800007918 0.0749124090379 0.0499416060252
0 0.684599987058 0.236900006839 0.0325095189071 0.0216730126047
0 0.573599989498 0.18816000791 0.0208431566265 0.013895437751
0 0.579399989371 0.203040007583 0.0200200281407 0.0133466854271
0 0.597999988962 0.15454000865 0.0204387156109 0.0136258104073
0 0.482199991508 0.212560007374 0.031221006239 0.0208140041593
0 0.663399987524 0.203480007574 0.0338346370488 0.0225564246992
0 0.639199988056 0.205200007536 0.0354094638802 0.0236063092535
0 0.616199988562 0.20910000745 0.0406146632821 0.0270764421881
0 0.523999990589 0.236940006838 0.022748323123 0.0151655487487
0 0.416999992941 0.227600007043 0.0276915460549 0.0184610307033
0 0.415399992976 0.246240006634 0.0207118715904 0.0138079143936
0 0.32879999488 0.0424400111141 0.0264649658906 0.0176433105937
0 0.207599997545 0.135760009062 0.0261670764831 0.0174447176554
0 0.175399998253 0.113020009562 0.0408846533828 0.0272564355885
0 0.404599993214 0.066780010579 0.052598602779 0.035065735186
0 0.361199994168 0.231320006962 0.0204350550635 0.0136233700424
0 0.386399993614 0.227340007049 0.0373316469752 0.0248877646502
0 0.215799997365 0.247620006603 0.0224974272288 0.0149982848192
0 0.152599998754 0.200980007629 0.0333861705312 0.0222574470208
0 0.138799999057 0.157820008577 0.0252881493836 0.0168587662557
0 0.075600000447 0.216420007289 0.0421802892782 0.0281201928521
0 0.118399999506 0.190180007866 0.0293845986724 0.0195897324483
0 0.0730000005041 0.312680005173 0.0257679778879 0.0171786519253
0 0.158999998613 0.277940005937 0.028631812056 0.019087874704
0 0.222199997224 0.284560005791 0.0477770683131 0.0318513788754
0 0.213599997413 0.30734000529 0.0217518627734 0.0145012418489
0 0.149199998829 0.33966000458 0.029709299116 0.0198061994107
0 0.114199999598 0.337480004628 0.0226595795832 0.0151063863888
0 0.129199999269 0.366200003996 0.0202487628834 0.0134991752556
0 0.120999999449 0.347220004413 0.0288215669161 0.0192143779441
0 0.175599998248 0.364560004032 0.0231305040534 0.0154203360356
0 0.145799998904 0.390280003467 0.0295227101347 0.0196818067565
0 0.160599998578 0.449460002166 0.0300914800464 0.0200609866976
0 0.255399996494 0.411800002994 0.0208856981228 0.0139237987485
0 0.362799994133 0.266100006197 0.0289173347495 0.0192782231664
0 0.458599992027 0.263440006255 0.0282060013586 0.0188040009057
0 0.342599994577 0.331180004766 0.0381436948853 0.0254291299235
0 0.293399995659 0.355800004225 0.0359943599869 0.0239962399913
0 0.319599995083 0.389460003485 0.0263470369056 0.0175646912704
0 0.322999995008 0.42288000275 0.0278092771725 0.018539518115
0 0.483799991473 0.267240006172 0.0265963498605 0.017730899907
0 0.571399989547 0.275720005985 0.0228429037519 0.0152286025013
0 0.562199989749 0.270900006091 0.0253545339045 0.016903022603
0 0.614599988597 0.280880005872 0.0230332522143 0.0153555014762
0 0.408799993121 0.382780003632 0.0520029228976 0.0346686152651
0 0.298199995553 0.437580002427 0.0206261949956 0.0137507966637
0 0.334999994744 0.459560001944 0.0201246010745 0.0134164007164
0 0.383799993671 0.456400002013 0.0198884463034 0.0132589642023
0 0.380999993733 0.365060004021 0.0275298883691 0.0183532589128
0 0.37519999386 0.348440004387 0.0282180712715 0.0188120475143
0 0.350399994405 0.354100004262 0.0280423649985 0.018694909999
0 0.538399990272 0.449340002168 0.0218753320463 0.0145835546975
0 0.655799987691 0.325320004895 0.0333694507339 0.0222463004893
0 0.640999988016 0.317460005068 0.0480585347244 0.0320390231496
0 0.616199988562 0.375760003786 0.0208774866247 0.0139183244164
0 0.597599988971 0.388280003511 0.0204193246033 0.0136128830689
0 0.668799987405 0.360980004111 0.0210851484866 0.0140567656578
0 0.692799986878 0.275560005989 0.0203979549214 0.0135986366143
0 0.679799987163 0.33102000477 0.0210952397253 0.0140634931502
0 0.623199988408 0.484440001397 0.0360428375059 0.0240285583373
0 0.386799993605 0.47882000152 0.0220149275142 0.0146766183428
0 0.711199986473 0.437540002428 0.0249330762904 0.0166220508602
0 0.689999986939 0.462400001881 0.0417419139993 0.0278279426662
0 0.710399986491 0.47566000159 0.0232294377656 0.0154862918438
0 0.68039998715 0.482200001446 0.0221205887189 0.0147470591459
0 0.739199985858 0.477100001558 0.0371744413065 0.024782960871
0 0.722199986231 0.489620001283 0.0223044075562 0.0148696050375
0 0.797999984565 0.301600005416 0.0205665379671 0.0137110253114
0 0.656599987674 0.413420002958 0.0244603710133 0.0163069140089
0 0.919799981887 0.441280002345 0.024199878549 0.016133252366
0 0.982599980506 0.287720005722 0.0278394519547 0.0185596346365
0 0.943399981368 0.615379998518 0.022287292024 0.0148581946827
0 0.957599981056 0.729519996008 0.0871109357566 0.0580739571711
0 0.891399982511 0.730259995992 0.0602210495719 0.0401473663813
0 0.836399983721 0.684839996991 0.072280574425 0.0481870496166
0 0.825999983949 0.734979995888 0.0776259628971 0.0517506419314
0 0.894599982441 0.588539999108 0.0350988120238 0.0233992080158
0 0.853799983338 0.628599998227 0.0222021100978 0.0148014067319
0 0.832599983804 0.63573999807 0.0286184560049 0.0190789706699
0 0.803399984446 0.621319998387 0.0280296025496 0.0186864016998
0 0.836199983725 0.560619999722 0.0319213579879 0.0212809053253
0 0.825799983954 0.571239999488 0.0367353734916 0.0244902489944
0 0.743799985756 0.521240000588 0.0340732651627 0.0227155101085
0 0.740999985818 0.590339999068 0.0573348563849 0.0382232375899
0 0.673399987304 0.636979998043 0.0819292825782 0.0546195217188
0 0.743799985756 0.617499998471 0.0561236109459 0.0374157406306
0 0.771599985145 0.633219998126 0.0302654055125 0.0201769370083
0 0.600399988909 0.52886000042 0.0372336036664 0.0248224024443
0 0.472199991728 0.569619999524 0.0266927112962 0.0177951408641
0 0.408799993121 0.593479998999 0.0204362422681 0.0136241615121
0 0.412399993042 0.561299999707 0.0252292838248 0.0168195225499
0 0.422199992827 0.541760000136 0.0241221166512 0.0160814111008
0 0.406199993179 0.512980000769 0.0256243261378 0.0170828840918
0 0.384399993658 0.495080001163 0.024197800941 0.016131867294
0 0.379199993772 0.548019999999 0.0340957231154 0.0227304820769
0 0.359599994203 0.645519997855 0.0367484327416 0.0244989551611
0 0.530399990448 0.673899997231 0.0452830483614 0.0301886989076
0 0.603599988839 0.678379997133 0.0253129817453 0.0168753211636
0 0.691999986895 0.750439995549 0.0239071336945 0.0159380891296
0 0.5325999904 0.726019996085 0.0290854231266 0.0193902820844
0 0.485399991437 0.709839996441 0.0257776733917 0.0171851155945
0 0.492199991288 0.688799996904 0.0212286023694 0.0141524015796
0 0.435599992532 0.742419995725 0.0228010547917 0.0152007031944
0 0.449199992233 0.748019995602 0.0240938216095 0.0160625477396
0 0.383799993671 0.760159995335 0.0331317130234 0.0220878086823
0 0.375799993847 0.778459994933 0.0334956901507 0.0223304601005
0 0.294599995632 0.764539995239 0.0228337029167 0.0152224686111
0 0.478199991596 0.78491999479 0.0406173344923 0.0270782229949
0 0.439599992444 0.783279994827 0.0414155316826 0.0276103544551
0 0.571199989551 0.698479996691 0.0692029445047 0.0461352963365
0 0.517399990734 0.699239996674 0.0293260299148 0.0195506866099
0 0.482599991499 0.663379997463 0.0545963712302 0.0363975808201
0 0.405599993192 0.670059997316 0.0810187956245 0.0540125304163
0 0.449399992229 0.669599997326 0.0238940744445 0.015929382963
0 0.438999992458 0.703439996582 0.0254173568118 0.0169449045412
0 0.400799993297 0.741859995737 0.0317801795805 0.021186786387
0 0.379799993759 0.729859996001 0.0442127834624 0.0294751889749
0 0.489799991341 0.720019996217 0.0610521916884 0.0407014611256
0 0.574999989468 0.764559995238 0.0452235892003 0.0301490594669
0 0.600999988896 0.746959995625 0.0424745181384 0.0283163454256
0 0.705199986605 0.741059995755 0.0211676592026 0.0141117728018
0 0.754599985519 0.791099994655 0.0209809712877 0.0139873141918
0 0.45799999204 0.632879998133 0.0560755291618 0.0373836861079
0 0.464399991899 0.589019999097 0.0251949538266 0.0167966358844
0 0.362599994137 0.636539998053 0.0977604573429 0.0651736382286
0 0.344799994529 0.660139997534 0.0353286350373 0.0235524233582
0 0.376199993838 0.585839999167 0.0245001423656 0.0163334282437
0 0.556999989863 0.552879999892 0.0560263591068 0.0373509060712
0 0.213199997422 0.571239999488 0.0224850605148 0.0149900403432
0 0.242999996767 0.579299999311 0.0245469380115 0.016364625341
0 0.232199997004 0.484340001399 0.0300443875993 0.0200295917329
0 0.258799996419 0.556999999801 0.0228108492292 0.0152072328195
0 0.0598000007943 0.536520000252 0.0228939535475 0.0152626356983
0 0.0456000011065 0.541640000139 0.0291820813635 0.019454720909
0 0.0326000013923 0.616439998495 0.0204426729594 0.0136284486396
0 0.0878000001787 0.63529999808 0.020137858192 0.0134252387947
0 0.0967999999809 0.645939997846 0.021791535192 0.014527690128
0 0.248999996635 0.616719998488 0.0564748256244 0.0376498837496
0 0.29059999572 0.632039998152 0.0449453876015 0.0299635917343
0 0.284599995852 0.665559997415 0.0796845755813 0.0531230503875
0 0.206199997576 0.631439998165 0.0391145314034 0.026076354269
0 0.170799998354 0.627539998251 0.0519853126968 0.0346568751312
0 0.127599999304 0.636799998047 0.038399240664 0.025599493776
0 0.225399997154 0.660439997527 0.0686485199813 0.0457656799876
0 0.114199999598 0.554359999859 0.0212281077008 0.0141520718005
0 0.321399995043 0.586659999149 0.112525225623 0.0750168170822
0 0.420399992866 0.612279998586 0.0253250516582 0.0168833677722
0 0.194999997822 0.798979994481 0.0229930851271 0.0153287234181
0 0.0396000012384 0.838279993617 0.0216585682828 0.0144390455218
0 0.0850000002403 0.854279993266 0.0227791904413 0.0151861269608
0 0.0720000005261 0.841699993542 0.039660645495 0.02644043033
0 0.248599996644 0.890499992469 0.0391067156402 0.0260711437601
0 0.194399997835 0.869919992922 0.0529689116639 0.0353126077759
0 0.1595999986 0.840799993562 0.025522127613 0.017014751742
0 0.149199998829 0.875939992789 0.0220609316904 0.0147072877936
0 0.0979999999545 0.826139993884 0.0223733643537 0.0149155762358
0 0.146799998882 0.813199994169 0.0372153009296 0.0248102006198
0 0.275199996059 0.90775999209 0.0265372864343 0.0176915242895
0 0.355399994295 0.835039993689 0.0933365374665 0.062224358311
0 0.443399992361 0.817979994064 0.0295691100457 0.0197127400305
0 0.46979999178 0.812379994187 0.0211587551685 0.014105836779
0 0.458999992018 0.806219994322 0.0224172909219 0.0149448606146
0 0.577199989419 0.85905999316 0.031938176719 0.0212921178126
0 0.436399992515 0.852339993308 0.0224397488746 0.0149598325831
0 0.422799992814 0.834319993704 0.0258857090055 0.017257139337
0 0.564999989687 0.923939991734 0.0405351205774 0.0270234137183
0 0.767199985242 0.860399993131 0.020631537416 0.0137543582774
0 0.942599981386 0.84407999349 0.0377739796026 0.0251826530684
0 0.94739998128 0.901539992227 0.024872330991 0.016581553994
0 0.853199983351 0.879919992702 0.0381055064723 0.0254036709816
0 0.796999984587 0.764139995247 0.0224809052989 0.0149872701992
0 0.891399982511 0.789559994688 0.0628382419954 0.0418921613303
0 0.939599981452 0.808379994275 0.0267236775481 0.0178157850321
0 0.986399980423 0.902199992212 0.0291084746816 0.0194056497877
0 0.991199980317 0.928759991628 0.0208008129977 0.0138672086651
0 0.861999983158 0.927739991651 0.0265054297789 0.0176702865193
0 0.971999980739 0.967959990766 0.0221287012833 0.0147524675222
0 0.950999981201 0.951699991124 0.0325498838617 0.0216999225745
0 0.925999981751 0.952039991116 0.0241329993595 0.0160886662397
0 0.942999981377 0.978479990535 0.0210013516324 0.0140009010883
0 0.872599982925 0.966059990808 0.0404313391133 0.0269542260755
0 0.903799982239 0.981699990464 0.0373848733124 0.0249232488749
0 0.567399989635 0.965459990821 0.0499824986263 0.0333216657509
0 0.528599990488 0.96869999075 0.0273075843177 0.0182050562118
0 0.513999990809 0.951819991121 0.0213424750722 0.0142283167148
0 0.425599992752 0.980659990487 0.0384349557341 0.0256233038227
0 0.315799995166 0.978299990539 0.0203764863059 0.0135843242039
0 0.667399987436 0.928999991623 0.0232781131521 0.0155187421014
0 0.271799996133 0.976459990579 0.0238864565486 0.0159243043657
0 0.232999996986 0.972039990677 0.0287864454482 0.0191909636322
0 0.105799999783 0.934379991505 0.0272442667419 0.0181628444946
0 0.190199997927 0.979499990513 0.0236425849479 0.0157617232986
