0 0.824600005965 0.808360003621 0.28244385776 0.188295917593
0 0.656000009672 0.844020005189 0.371969957395 0.247979987953
0 0.451000014179 0.484819989394 0.104279093831 0.0695194004723
0 0.586000011211 0.964860010502 0.0816855045236 0.0544570066075
0 0.350200016395 0.962860010414 0.0355016677585 0.0236677800667
0 0.436000014509 0.924220008715 0.0238001847818 0.015866790901
0 0.460200013977 0.908240008012 0.0364526185377 0.0243017472947
0 0.338000016663 0.932500009079 0.0298945010536 0.0199296686835
0 0.358800016206 0.888460007143 0.027664832128 0.0184432226351
0 0.397600015353 0.885920007031 0.0224578522627 0.0149719024959
0 0.39320001545 0.918080008445 0.0426136161272 0.0284090792919
0 0.263800018295 0.913240008232 0.0425553441745 0.0283702313209
0 0.194200019825 0.899200007615 0.0344425824388 0.0229617231403
0 0.248000018642 0.885820007027 0.0587950151659 0.0391966793625
0 0.220200019253 0.93048000899 0.0511961150976 0.0341307456495
0 0.060600022762 0.928100008886 0.0293688662751 0.0195792454748
0 0.0364000232941 0.904160007833 0.0687064906051 0.0458043300911
0 0.293800017635 0.856280005728 0.058091695452 0.0387277995223
0 0.315200017165 0.883200006911 0.0420430654464 0.0280287121462
0 0.133800021153 0.879040006728 0.0316901478122 0.0211267666016
0 0.29220001767 0.974060010907 0.0279521356094 0.018634758302
0 0.178400020172 0.826160004403 0.0209749349478 0.0139832908875
0 0.165400020458 0.848760005397 0.0504923007152 0.0336615360303
0 0.0554000228763 0.652839996782 0.0221431441448 0.0147620970702
0 0.0784000223707 0.633819995946 0.0303394059282 0.0202262719528
0 0.0386000232457 0.612639995015 0.0300986012885 0.0200657355158
0 0.0320000233908 0.714819999508 0.0222064617165 0.0148043087874
0 0.049000023017 0.724579999937 0.0205084625254 0.013672309252
0 0.057600022828 0.734940000392 0.020890148762 0.0139267667599
0 0.0340000233468 0.69941999883 0.0243027680068 0.0162018464065
0 0.200200019693 0.649619996641 0.029579694002 0.019719797302
0 0.23900001884 0.689939998414 0.0637581234466 0.0425054184345
0 0.464400013884 0.741240000669 0.0230195978437 0.0153463995747
0 0.491400013291 0.698539998792 0.0880665306746 0.0587110243221
0 0.374200015867 0.777120002247 0.0333662826544 0.0222441899034
0 0.420400014852 0.729520000154 0.0528126918489 0.0352084635548
0 0.153800020713 0.561539992768 0.0303270392149 0.0202180274768
0 0.0928000220541 0.53611999165 0.0472367881951 0.0314911942071
0 0.0176000237074 0.493699989785 0.0416532666459 0.0277688462621
0 0.249200018616 0.565359992936 0.0219710984306 0.0146473999198
0 0.23400001895 0.593359994167 0.0463871455304 0.0309247657266
0 0.302600017442 0.549959992259 0.0257407694193 0.017160514078
0 0.335600016716 0.568959993094 0.0447308963631 0.0298205995423
0 0.422000014817 0.78378000254 0.0259996789271 0.017333120428
0 0.494000013234 0.611779994977 0.0303769018026 0.0202512692041
0 0.984200002456 0.856920005756 0.033057114824 0.0220380780029
0 0.901800004268 0.608839994848 0.0203971621064 0.0135981089678
0 0.849000005429 0.576079993407 0.0219934574481 0.0146623059325
0 0.711000008463 0.643379996366 0.0792194829751 0.0528129921334
0 0.584200011251 0.618639995279 0.030626214741 0.0204174778407
0 0.596600010978 0.647659996555 0.0268639637802 0.017909310368
0 0.517600012715 0.569519993119 0.0318717900959 0.0212478614654
0 0.498600013132 0.58023999359 0.0306368006475 0.0204245351121
0 0.478600013572 0.596719994315 0.0216061319902 0.0144040889435
0 0.658000009628 0.507339990385 0.0515625655436 0.034375045963
0 0.710000008485 0.570559993164 0.0281264567988 0.0187509724359
0 0.605800010776 0.519539990921 0.0201678337766 0.0134452234045
0 0.609600010692 0.532119991474 0.0314474634321 0.0209649770042
0 0.443800014337 0.558559992637 0.0405365029758 0.0270243370996
0 0.62560001034 0.578619993519 0.0277373505343 0.0184915682425
0 0.449400014214 0.594019994196 0.0241693064378 0.0161128720213
0 0.537000012288 0.645879996476 0.0503312366423 0.0335541599746
0 0.288000017763 0.488379989551 0.0225587646425 0.0150391774203
0 0.158200020616 0.442859987549 0.0696779206615 0.0464519501714
0 0.25220001855 0.461879988386 0.0485725910896 0.0323817295288
0 0.294600017617 0.386419985068 0.0202730003058 0.0135153344286
0 0.462200013933 0.401339985724 0.0236945235841 0.0157963500979
0 0.5228000126 0.435459987224 0.0444682273745 0.0296454868716
0 0.696800008775 0.468159988662 0.041759125711 0.0278394189768
0 0.631200010217 0.451079987911 0.0468215634322 0.0312143776802
0 0.526400012521 0.403619985824 0.0393695799169 0.0262463883424
0 0.324000016971 0.593799994186 0.0253103088658 0.0168735403567
0 0.362600016122 0.489619989605 0.0197925782308 0.0131950530242
0 0.19580001979 0.477499989073 0.0462923670404 0.0308615800624
0 0.214600019376 0.366939984211 0.0488343696749 0.0325562485972
0 0.1544000207 0.382559984898 0.0274565766774 0.0183043856589
0 0.121000021434 0.224799977961 0.0324764729052 0.0216509833648
0 0.236400018897 0.255079979293 0.0215174873899 0.0143449925394
0 0.255200018484 0.17745997588 0.0219490362142 0.0146326917746
0 0.070200022551 0.0864999718801 0.0265293699875 0.0176862478249
0 0.287800017767 0.119119973314 0.0390190577976 0.0260127069141
0 0.0598000227796 0.0751599713814 0.0235775839439 0.0157183903327
0 0.331400016808 0.130979973836 0.0277064832181 0.0184709900303
0 0.523200012592 0.185699976242 0.0355636991919 0.0237091343584
0 0.33360001676 0.152119974765 0.0343354372355 0.0228902930001
0 0.0280000234787 0.299659981253 0.0274653817773 0.0183102557258
0 0.321800017019 0.372099984438 0.0228667452684 0.0152444978511
0 0.297000017565 0.266419979791 0.0254101329748 0.0169400897672
0 0.468400013796 0.275699980199 0.0225207740995 0.0150138503899
0 0.551600011967 0.318719982091 0.0567473842588 0.0378315920011
0 0.581000011321 0.306959981574 0.0255883125788 0.0170588761777
0 0.316400017138 0.225759978003 0.0256469802663 0.0170979879719
0 0.289000017741 0.21157997738 0.0307848054713 0.0205232050011
0 0.624400010367 0.395619985472 0.037552167743 0.0250347801465
0 0.723600008186 0.425619986791 0.065664773823 0.0437765187693
0 0.800400006497 0.467519988634 0.0404075923573 0.0269383966816
0 0.853800005323 0.45447998806 0.0398929392201 0.0265952945675
0 0.833800005763 0.311499981773 0.0288055377548 0.0192036931031
0 0.894800004422 0.367919984254 0.057051902205 0.0380346039786
0 0.93080000363 0.391379985286 0.0309298422838 0.0206198962159
0 0.818600006097 0.373299984491 0.0439715801718 0.0293143887146
0 0.809800006291 0.482599989297 0.0396870581786 0.0264580405308
0 0.758400007421 0.478259989106 0.0212253361569 0.0141502250379
0 0.804000006418 0.503119990199 0.0474384150873 0.0316256121441
0 0.553000011936 0.383659984946 0.0247084951339 0.0164723311757
0 0.429400014654 0.251799979148 0.0824255286424 0.0549503560525
0 0.951800003169 0.550739992293 0.0322287429061 0.0214858300212
0 0.897000004374 0.338119982944 0.0800225278643 0.0533483554282
0 0.956400003068 0.11377997308 0.0220930836897 0.0147287234313
0 0.77480000706 0.0434999699893 0.0277905768679 0.0185270524673
0 0.544600012121 0.163239975254 0.0260650741066 0.0173767172172
0 0.719000008287 0.224959977968 0.0205005478289 0.0136670327874
0 0.436600014496 0.0782799715186 0.0230546203755 0.0153697479308
0 0.222000019214 0.0239199691284 0.0285361412742 0.0190240954375
0 0.0620000227312 0.946060009675 0.0206979205718 0.0137986146246
0 0.0534000229203 0.978260011091 0.0199321736896 0.0132881166695
0 0.636800010094 0.0814399716576 0.0758489105552 0.0505659437053
0 0.100400021887 0.781360002433 0.0346051305173 0.0230700885331
0 0.0782000223751 0.797520003144 0.0260259952929 0.017350664673
0 0.161400020546 0.663519997252 0.0256387687687 0.0170925136398
0 0.410600015067 0.673879997707 0.0545955761596 0.0363970531736
0 0.331600016804 0.821140004183 0.0417476494011 0.0278317681031
0 0.41500001497 0.823940004306 0.0499061185089 0.033270747867
0 0.851400005376 0.814220003878 0.0229258086907 0.0152838734685
0 0.692400008872 0.590499994041 0.0435526948618 0.0290351318229
0 0.920000003868 0.216859977612 0.0620858470189 0.0413905674092
