0 0.104999984741 0.454599980067 0.089546003028 0.0596973314146
0 0.157799987062 0.574059977441 0.335780074286 0.223853368093
0 0.89460001946 0.603999976783 0.21845753748 0.145638348714
0 0.79840001523 0.546319978051 0.0628988966581 0.0419325950064
0 0.696000010727 0.741079973769 0.110301210322 0.0735341353648
0 0.675400009821 0.896479970353 0.105999571947 0.070666376637
0 0.68060001005 0.928959969638 0.0941933158397 0.0627955397514
0 0.899400019671 0.966099968822 0.0203457206052 0.0135638128422
0 0.880600018844 0.961939968913 0.0226108082457 0.0150738711696
0 0.918000020489 0.91433996996 0.0205659470777 0.0137106304808
0 0.755000013322 0.953259969104 0.0202494580905 0.0134996378366
0 0.765800013796 0.981579968482 0.0469226829639 0.0312817865794
0 0.600000006506 0.966079968822 0.021549744042 0.0143664950804
0 0.421799998671 0.953579969097 0.0614387338066 0.0409591531696
0 0.460800000385 0.924639969733 0.0382348178779 0.025489876904
0 0.485400001467 0.961899968914 0.029167640889 0.0194450926435
0 0.46500000057 0.949019969197 0.0258593960492 0.0172395962291
0 0.579800005618 0.924919969727 0.0469038855561 0.031269254975
0 0.583000005759 0.889599970504 0.0257535369631 0.0171690235097
0 0.424399998785 0.903019970209 0.0296767538394 0.0197845012547
0 0.543400004017 0.86383997107 0.079767294687 0.0531781929506
0 0.568400005117 0.840579971582 0.03339240776 0.022261603705
0 0.491200001722 0.886279970577 0.0520100529856 0.0346733663702
0 0.418999998547 0.87883997074 0.0422516260582 0.0281677488477
0 0.35059999554 0.883559970637 0.0328099849192 0.0218733218368
0 0.315399993992 0.902879970212 0.0329842072094 0.0219894700226
0 0.415599998398 0.88931997051 0.0997726832772 0.0665151177977
0 0.0579999826741 0.946959969243 0.020438718307 0.013625811306
0 0.0779999835535 0.945039969285 0.0304909783985 0.0203273175916
0 0.0755999834479 0.962459968902 0.0212341454583 0.0141560960385
0 0.247999991028 0.925979969704 0.0293476013353 0.0195650662665
0 0.0875999839756 0.90159997024 0.0224899112334 0.0149932731667
0 0.220799989832 0.942359969344 0.0350740832224 0.023382720606
0 0.362999996085 0.968499968769 0.0647596421633 0.043173091928
0 0.186999988346 0.859059971175 0.0204468308725 0.0136312196826
0 0.251399991178 0.905999970143 0.0610503200011 0.0407002106497
0 0.135999986104 0.926639969689 0.0614808795736 0.0409872503457
0 0.0289999813989 0.870779970918 0.029516975873 0.0196779826175
0 0.0117999806426 0.84337997152 0.022648501995 0.0150990003341
0 0.1813999881 0.904619970174 0.0340163827653 0.0226775870145
0 0.0145999807657 0.800819972456 0.0373552970601 0.0249035297308
0 0.0499999823223 0.770719973117 0.0634227507335 0.0422818310336
0 0.132399985945 0.762499973298 0.0434792946553 0.0289861945251
0 0.105199984749 0.754259973479 0.046725310182 0.0311502047334
0 0.0183999809328 0.660179975548 0.0214335958485 0.0142890629565
0 0.0629999828939 0.723719974151 0.0473460203744 0.0315640115011
0 0.0805999836678 0.743999973705 0.0351312669156 0.0234208430657
0 0.226999990105 0.768139973174 0.0299295295075 0.0199530183556
0 0.192199988575 0.785059972802 0.0330861089465 0.0220574045095
0 0.246999990985 0.813019972187 0.0527582887499 0.0351721901802
0 0.302999993447 0.79243997264 0.0940014833463 0.0626676514309
0 0.373399996542 0.837819971642 0.0221273191302 0.0147515451138
0 0.339399995047 0.85109997135 0.0209854260729 0.0139902831259
0 0.457000000218 0.824799971928 0.0551554529136 0.0367702995172
0 0.542000003956 0.784199972821 0.0258289244618 0.0172192818388
0 0.439599999453 0.705779974545 0.0289610672706 0.019307376907
0 0.486200001502 0.738479973826 0.0559783836406 0.0373189199657
0 0.419399998565 0.802299972423 0.0467651804733 0.0311767849259
0 0.588200005987 0.715619974329 0.0269773471449 0.0179848969104
0 0.537400003754 0.686739974964 0.0309134254055 0.020608948911
0 0.512400002654 0.67735997517 0.0200588128019 0.0133725409859
0 0.441199999524 0.688399974927 0.0242117537883 0.0161411681276
0 0.494000001845 0.679739975118 0.0223825681414 0.0149217111101
0 0.838600016997 0.762819973291 0.0235093243387 0.0156728818588
0 0.844200017244 0.773659973053 0.0222894715059 0.0148596466905
0 0.572200005284 0.784219972821 0.147689254445 0.0984594964696
0 0.707000011211 0.782139972866 0.0286455676207 0.0190970438209
0 0.526000003252 0.655939975641 0.0208667056026 0.0139111361509
0 0.560200004756 0.625899976301 0.0202423348623 0.0134948890181
0 0.525800003243 0.63641997607 0.0250003545125 0.0166669019091
0 0.600200006515 0.639559976001 0.0204492052819 0.0136328026221
0 0.666800009443 0.62775997626 0.0287772484091 0.0191848310074
0 0.729400012196 0.667219975393 0.0243793475189 0.016252897274
0 0.540400003885 0.708499974485 0.0270654970942 0.0180436635393
0 0.958000022248 0.867399970992 0.0199745212679 0.0133163466337
0 0.948400021825 0.839499971605 0.0211917028902 0.014127800995
0 0.882200018915 0.781839972873 0.028716404168 0.0191442681827
0 0.973400022925 0.551519977937 0.0269545923881 0.0179697270735
0 0.95100002194 0.534159978318 0.0233130398277 0.0155420255267
0 0.771000014025 0.557399977807 0.0203450280691 0.0135633511515
0 0.792400014966 0.51043997884 0.0271816452876 0.0181210956632
0 0.769400013955 0.514139978758 0.0241429948492 0.0160953288379
0 0.739000012618 0.505939978939 0.0257231643095 0.0171487750752
0 0.921600020647 0.50589997894 0.0222066639779 0.0148044416755
0 0.930200021025 0.523939978543 0.0235915382644 0.015727691139
0 0.716000011607 0.553059977903 0.0332513282677 0.0221675507164
0 0.692600010578 0.5622599777 0.0233377732591 0.0155585144799
0 0.604000006682 0.478859979534 0.0266351353892 0.0177567557549
0 0.708600011281 0.485939979378 0.0332658715253 0.0221772462208
0 0.695000010683 0.528199978449 0.0843227970015 0.0562151942933
0 0.87460001858 0.437719980438 0.0435198574827 0.0290132364082
0 0.650400008722 0.426699980681 0.0221206905706 0.0147471260744
0 0.706200011176 0.60957997666 0.0461000490381 0.0307333639984
0 0.733600012381 0.589359977105 0.0287081926688 0.0191387938502
0 0.71380001151 0.602659976812 0.0240278359929 0.0160185562721
0 0.580600005653 0.519119978649 0.0506766242362 0.0337844139292
0 0.573600005345 0.496619979144 0.0325541423056 0.0217027601057
0 0.539000003824 0.504939978961 0.0298147663861 0.0198765096131
0 0.617000007254 0.61459997655 0.0744919505872 0.049661297116
0 0.574600005389 0.612999976585 0.0200839419681 0.0133892937623
0 0.556400004589 0.551599977935 0.0523299057195 0.034886601512
0 0.606600006796 0.456019980036 0.06799556645 0.0453303746435
0 0.462000000438 0.453959980081 0.0339957056168 0.0226638022497
0 0.356999995821 0.558359977786 0.0264237140182 0.0176158081836
0 0.339799995065 0.593539977013 0.0705418237377 0.04702787939
0 0.0167999808625 0.580099977308 0.0216427417437 0.0144284935442
0 0.241399990738 0.281019983884 0.0244620561132 0.0163080363332
0 0.103199984662 0.225819985097 0.022736750878 0.0151578329189
0 0.10019998453 0.240439984776 0.0306919127945 0.0204612738468
0 0.0753999834392 0.230799984988 0.0273176791599 0.0182117849054
0 0.121799985479 0.329179982825 0.0199371243198 0.0132914153365
0 0.16979998759 0.345019982477 0.0202071144561 0.0134714087489
0 0.346199995346 0.353179982297 0.0352504820546 0.0235003198197
0 0.317999994106 0.372459981873 0.0386466789762 0.0257644509515
0 0.322799994317 0.411119981023 0.0739777920169 0.0493185247584
0 0.356799995812 0.313659983166 0.0343110073993 0.0228740034242
0 0.321999994282 0.316999983093 0.0296363888795 0.0197575912832
0 0.322799994317 0.336319982668 0.0519570245089 0.0346380140547
0 0.178399987968 0.307359983304 0.0287256050045 0.0191504020732
0 0.44839999984 0.402939981203 0.0212125779062 0.0141417176714
0 0.501000002153 0.416539980904 0.0313118315172 0.020874552968
0 0.539800003859 0.387259981548 0.0201530966421 0.0134353968753
0 0.270799992031 0.253479984489 0.0654650396246 0.0436433568712
0 0.558400004677 0.267819984174 0.0204443575293 0.0136295707873
0 0.549800004299 0.287219983747 0.0384042913493 0.0256028592109
0 0.635600008071 0.244419984688 0.0269541966532 0.0179694632503
0 0.618400007315 0.331799982767 0.0289806561483 0.0193204361579
0 0.640200008274 0.402299981217 0.069446528465 0.0462976825898
0 0.721000011827 0.403579981189 0.0222369376978 0.0148246241541
0 0.697800010806 0.326499982884 0.0452317077313 0.030154469832
0 0.667600009479 0.340959982566 0.0339009271079 0.0226006165813
0 0.694600010666 0.352779982306 0.0270058400578 0.0180038921844
0 0.709800011334 0.364079982057 0.0232411150095 0.0154940756511
0 0.686400010305 0.366519982004 0.0216263187453 0.0144175448793
0 0.794800015072 0.371519981894 0.0323530100421 0.0215686719388
0 0.782000014509 0.417799980876 0.037970071229 0.0253133791498
0 0.860200017947 0.291219983659 0.0219016513028 0.0146010999055
0 0.702800011026 0.297199983528 0.020609774718 0.0137398489058
0 0.707800011246 0.255139984453 0.0210723888175 0.0140482582851
0 0.723600011941 0.26617998421 0.0376908802562 0.0251272518469
0 0.818600016118 0.25345998449 0.0224215480292 0.0149476977002
0 0.74860001304 0.242379984733 0.0397443486583 0.0264962306913
0 0.459600000333 0.374999981817 0.0342128651438 0.0228085752582
0 0.638200008186 0.303599983387 0.0294506902771 0.0196337922231
0 0.798600015239 0.26391998426 0.0369225609456 0.0246150390069
0 0.761800013621 0.271019984103 0.0351003006596 0.0234001988963
0 0.896600019548 0.250859984547 0.0400233417636 0.0266822260825
0 0.831800016698 0.337979982631 0.0387132613733 0.0258088392133
0 0.987000023523 0.198299985702 0.0324618371399 0.0216412233326
0 0.9592000223 0.0374999892374 0.0564593004792 0.0376395311703
0 0.910400020155 0.046799989033 0.0372664545747 0.0248443014112
0 0.893000019389 0.0266399894762 0.022491494173 0.0149943284597
0 0.836200016892 0.0817799882639 0.123606807036 0.082404532589
0 0.80840001567 0.151159986739 0.0449079965822 0.0299386624135
0 0.863400018088 0.195739985758 0.0264772371636 0.0176514902782
0 0.762800013665 0.167219986386 0.0525388537473 0.035025900188
0 0.607400006831 0.117319987483 0.0257514593549 0.0171676384376
0 0.814800015951 0.204859985558 0.0307980686818 0.0205320444336
0 0.741000012706 0.0865399881593 0.0627704806827 0.0418469843617
0 0.693200010604 0.117219987485 0.0384799756491 0.0256533154074
0 0.7636000137 0.1983999857 0.048707843103 0.0324718932603
0 0.581200005679 0.159339986559 0.0574638735258 0.0383092464905
0 0.52640000327 0.160519986533 0.0477863743857 0.0318575808226
0 0.496400001951 0.147739986814 0.0549548153188 0.0366365411295
0 0.46500000057 0.128899987228 0.042548822969 0.0283658801084
0 0.554800004519 0.0988399878889 0.0218264616716 0.014550973488
0 0.570000005187 0.122739987363 0.020051194905 0.0133674623884
0 0.538200003789 0.135019987093 0.0229471829116 0.0152981209321
0 0.658000009056 0.194679985782 0.0242053230961 0.0161368809998
0 0.513400002698 0.20021998566 0.0561588387555 0.0374392233677
0 0.318799994142 0.168259986363 0.0226055647582 0.0150703755115
0 0.435999999295 0.0708999885031 0.0414716325681 0.0276477532218
0 0.412799998275 0.0848399881967 0.021329319702 0.0142195455302
0 0.385599997079 0.0412799891543 0.0221822273477 0.0147881505898
0 0.390199997281 0.0200599896209 0.0230144578448 0.0153429708846
0 0.325999994458 0.0758799883936 0.0401774805076 0.0267849852384
0 0.437799999374 0.0918799880419 0.0220621218052 0.0147080802334
0 0.426999998899 0.106899987712 0.031096551731 0.02073103312
0 0.346999995382 0.105719987738 0.0233694320512 0.0155796203399
0 0.604000006682 0.0263999894815 0.0488656423948 0.0325770927812
0 0.561400004809 0.0178999896683 0.0289433581338 0.0192955708166
0 0.517400002874 0.00993998984335 0.0210493372595 0.0140328905808
0 0.132199985937 0.0851399881901 0.0200902737265 0.0133935149343
0 0.0343999816364 0.118479987457 0.029244710261 0.0194964722215
0 0.099799984512 0.0429599891174 0.0244534488791 0.0163022981775
0 0.100999984565 0.026059989489 0.0210356844054 0.0140237886786
0 0.20619998919 0.0252799895061 0.0204928350547 0.0136618891354
0 0.295399993113 0.0225799895655 0.021863759686 0.0145758388293
0 0.28259999255 0.0297599894076 0.0285335746437 0.0190223818412
0 0.163799987326 0.0745999884218 0.0540062387607 0.0360041567991
0 0.190399988496 0.0953999879645 0.0499414477236 0.0332942962864
0 0.160999987203 0.0367399892541 0.0468918156416 0.0312612083659
0 0.237199990554 0.0475599890163 0.0640623572675 0.0427082353615
0 0.386799997132 0.108279987681 0.0493230130068 0.0328820065025
0 0.13499998606 0.187139985948 0.0203604617303 0.0135736402583
0 0.730600012249 0.944139969305 0.0411127010127 0.0274084655341
0 0.244199990861 0.857779971203 0.114939223364 0.0766261438552
