0 0.119599985383 0.0589399706682 0.0967460963723 0.0644973975815
0 0.587600005961 0.300659981297 0.353714756676 0.235809837784
0 0.816000016004 0.691659998489 0.114478184653 0.0763187897689
0 0.908800020084 0.677899997884 0.1668625994 0.111241732934
0 0.0631999829027 0.0381999697563 0.101359573546 0.0675730490304
0 0.181999988126 0.034439969591 0.0816348612349 0.0544232408233
0 0.174399987792 0.0567599705724 0.0549651997346 0.0366434664898
0 0.176599987889 0.0879399719434 0.0343180294303 0.0228786862868
0 0.140999986324 0.0850799718176 0.0713382355211 0.0475588236807
0 0.203999989094 0.0616599707878 0.019976795426 0.0133178636174
0 0.240999990721 0.0845799717956 0.0206384641371 0.0137589760914
0 0.209199989322 0.0873799719188 0.0234454116058 0.0156302744039
0 0.586000005891 0.104779972684 0.0277808850294 0.0185205900196
0 0.656200008977 0.077719971494 0.0212855895915 0.014190393061
0 0.801600015371 0.0524599703833 0.0299913611077 0.0199942407385
0 0.668600009522 0.0544199704695 0.0367252846752 0.0244835231168
0 0.757400013427 0.0908599720718 0.0501194261897 0.0334129507931
0 0.836200016892 0.172199975648 0.0346801268409 0.0231200845606
0 0.71380001151 0.126139973623 0.0619112371952 0.0412741581301
0 0.768000013893 0.121159973404 0.0512837771258 0.0341891847505
0 0.769000013937 0.132499973903 0.0266939991951 0.0177959994634
0 0.851000017543 0.226399978032 0.0693789521547 0.0462526347698
0 0.835800016874 0.19179997651 0.0313310225934 0.0208873483956
0 0.736400012504 0.198999976827 0.0256296702486 0.0170864468324
0 0.822000016268 0.123359973501 0.0435437965722 0.0290291977148
0 0.876200018651 0.126899973656 0.0309334079777 0.0206222719851
0 0.908000020049 0.129979973792 0.0223909760313 0.0149273173542
0 0.922200020673 0.0752599713858 0.0406783792757 0.0271189195172
0 0.929800021008 0.0939599722081 0.0311174246946 0.0207449497964
0 0.905200019926 0.11173997299 0.0297155338998 0.0198103559332
0 0.952000021984 0.144159974415 0.0549034650941 0.0366023100628
0 0.912200020234 0.159919975108 0.055477973199 0.036985315466
0 0.886600019108 0.175939975813 0.1148066446 0.0765377630664
0 0.913800020304 0.244719978837 0.102940534371 0.0686270229142
0 0.981600023285 0.281799980468 0.0202373868413 0.0134915912275
0 0.911800020216 0.0348199696077 0.0332049261605 0.0221366174403
0 0.898800019645 0.0223999690616 0.0275700572747 0.0183800381831
0 0.341799995153 0.190179976439 0.0489683323719 0.0326455549146
0 0.216599989648 0.283579980546 0.0324158308196 0.0216105538798
0 0.447999999823 0.246399978911 0.0611293640158 0.0407529093439
0 0.250399991134 0.312019981796 0.0206872384605 0.013791492307
0 0.16479998737 0.306799981567 0.027692735086 0.0184618233906
0 0.141999986368 0.285279980621 0.0210786202519 0.0140524135013
0 0.139399986253 0.174379975744 0.0285668144912 0.0190445429942
0 0.0447999820937 0.208099977227 0.0199738274145 0.013315884943
0 0.0629999828939 0.11173997299 0.0353089495574 0.0235392997049
0 0.0349999816627 0.493959989796 0.046447105483 0.0309647369887
0 0.284399992629 0.43627998726 0.0396843922033 0.0264562614689
0 0.210599989384 0.388199985146 0.0667014099902 0.0444676066601
0 0.127599985734 0.427819986888 0.0267926361127 0.0178617574085
0 0.322599994309 0.418559986481 0.0783944851443 0.0522629900962
0 0.292399992981 0.483099989319 0.0416269557712 0.0277513038475
0 0.256599991407 0.39783998557 0.0620962432493 0.0413974954995
0 0.273799992163 0.462059988394 0.0350995068748 0.0233996712498
0 0.204199989103 0.469899988738 0.0204677045385 0.013645136359
0 0.226999990105 0.42877998693 0.0515796878786 0.0343864585858
0 0.28919999284 0.394339985416 0.0332349030773 0.0221566020515
0 0.379999996833 0.522559991054 0.0551816667113 0.0367877778075
0 0.364199996138 0.544099992001 0.0254759272497 0.0169839514998
0 0.339599995056 0.530279991393 0.0211332316646 0.0140888211098
0 0.311999993843 0.537179991697 0.0638834808787 0.0425889872525
0 0.310199993763 0.453019987996 0.0595483042563 0.0396988695042
0 0.724800011994 0.491279989678 0.0220130492256 0.0146753661504
0 0.741200012715 0.508059990416 0.0652988266593 0.0435325511062
0 0.795600015107 0.444039987601 0.0559680908417 0.0373120605612
0 0.862200018035 0.484379989375 0.0319369916208 0.0212913277472
0 0.938800021403 0.426519986831 0.100692760281 0.0671285068541
0 0.909200020102 0.518199990862 0.0311470058765 0.0207646705844
0 0.981200023268 0.659339997068 0.0246258887381 0.0164172591587
0 0.923600020735 0.531659991454 0.0470570318592 0.0313713545728
0 0.824600016382 0.560579992726 0.0707139637557 0.0471426425038
0 0.86640001822 0.608979994854 0.0595539434782 0.0397026289855
0 0.851800017578 0.586059993846 0.0597929673428 0.0398619782285
0 0.77180001406 0.657939997007 0.0462411254805 0.030827416987
0 0.755400013339 0.696699998711 0.0745854380383 0.0497236253588
0 0.679400009997 0.642479996327 0.0635224717389 0.0423483144926
0 0.70720001122 0.632759995899 0.0849163937525 0.0566109291683
0 0.700400010921 0.551999992348 0.0371055858901 0.0247370572601
0 0.66240000925 0.562439992807 0.0242780377829 0.0161853585219
0 0.584200005811 0.612519995009 0.0274989239309 0.0183326159539
0 0.600600006532 0.542499991931 0.0432401689893 0.0288267793262
0 0.68060001005 0.724599999938 0.0677064776391 0.0451376517594
0 0.797800015203 0.750900001094 0.020512224712 0.0136748164747
0 0.646000008529 0.797400003139 0.0207445210836 0.0138296807224
0 0.693600010622 0.78400000255 0.0581364211558 0.0387576141039
0 0.61920000735 0.696519998703 0.0857752373651 0.0571834915767
0 0.576400005468 0.747820000959 0.076013744136 0.050675829424
0 0.599000006462 0.809860003687 0.0859006853205 0.057267123547
0 0.578600005565 0.810100003697 0.0596727628745 0.0397818419163
0 0.546600004158 0.801340003312 0.0298712555731 0.0199141703821
0 0.543000004 0.823920004305 0.033661010604 0.022440673736
0 0.547600004202 0.76628000177 0.097349493123 0.064899662082
0 0.579200005592 0.700819998892 0.0967202746717 0.0644801831144
0 0.502600002223 0.705699999107 0.128443668394 0.0856291122625
0 0.505400002346 0.795640003061 0.0230926139647 0.0153950759765
0 0.472400000895 0.824240004319 0.0310189856445 0.020679323763
0 0.435599999277 0.724959999953 0.110164674515 0.0734431163435
0 0.390599997299 0.660659997126 0.0406479076904 0.0270986051269
0 0.534000003604 0.573599993298 0.0706976396921 0.0471317597947
0 0.553000004439 0.560099992705 0.0504237463086 0.0336158308724
0 0.573800005354 0.55021999227 0.0426885145735 0.0284590097157
0 0.509400002522 0.610059994901 0.149749044729 0.099832696486
0 0.468000000702 0.558139992618 0.0615615064994 0.0410410043329
0 0.428399998961 0.642079996309 0.0400198764437 0.0266799176291
0 0.399999997712 0.588559993956 0.031857448911 0.021238299274
0 0.15479998693 0.623159995477 0.0207019795846 0.013801319723
0 0.111999985048 0.944560009609 0.0261224591018 0.0174149727345
0 0.161599987229 0.907820007994 0.0397540415413 0.0265026943609
0 0.199199988883 0.78242000248 0.0205618894388 0.0137079262925
0 0.163599987317 0.726160000006 0.0318660561445 0.0212440374297
0 0.140399986297 0.724179999919 0.0319868542151 0.0213245694767
0 0.273999992172 0.737100000487 0.0326706840792 0.0217804560528
0 0.473400000939 0.905620007897 0.0290910642669 0.0193940428446
0 0.454000000086 0.928020008882 0.0442775879643 0.0295183919762
0 0.373999996569 0.948080009764 0.0199378155409 0.0132918770272
0 0.413399998301 0.843100005148 0.0328190846573 0.0218793897715
0 0.565800005002 0.931800009048 0.11640343482 0.0776022898803
0 0.510800002584 0.921680008603 0.0754914730347 0.0503276486898
0 0.508800002496 0.897700007549 0.0446262303892 0.0297508202595
0 0.437199999348 0.838100004928 0.251429163523 0.167619442349
0 0.520800003024 0.827620004468 0.0802035871256 0.0534690580837
0 0.698600010842 0.819840004125 0.0693882519243 0.0462588346162
0 0.745600012908 0.864940006108 0.083750064142 0.0558333760947
0 0.706000011167 0.871620006402 0.0659012340728 0.0439341560486
0 0.795400015098 0.896840007511 0.0360752901429 0.0240501934286
0 0.302999993447 0.72988000017 0.0289534474642 0.0193022983094
0 0.756800013401 0.967700010627 0.0232238000758 0.0154825333839
0 0.790400014878 0.803200003394 0.0367449724852 0.0244966483235
0 0.910400020155 0.816960003999 0.0227446640758 0.0151631093839
0 0.889000019214 0.742220000712 0.022270771563 0.014847181042
0 0.845200017288 0.73808000053 0.0279464011409 0.0186309340939
0 0.834600016822 0.793300002958 0.0693101932202 0.0462067954801
0 0.893000019389 0.913000008222 0.0748052687614 0.0498701791742
0 0.9842000234 0.826600004423 0.03522149215 0.0234809947667
0 0.271799992075 0.963180010428 0.0225402670129 0.0150268446752
0 0.221599989868 0.966300010565 0.0655910768645 0.0437273845763
0 0.403799997879 0.147719974572 0.165974174606 0.110649449737
0 0.3587999959 0.0934599721861 0.0670242307145 0.0446828204763
0 0.652000008793 0.0906799720639 0.174877219957 0.116584813305
0 0.359199995918 0.310899981747 0.261287908598 0.174191939065
0 0.28919999284 0.406359985944 0.0495672771053 0.0330448514035
0 0.810800015775 0.639159996181 0.0681427753388 0.0454285168925
