0 0.760599985387 0.663539997459 0.243598543617 0.162399029078
0 0.674599987278 0.0675200105627 0.0872300519461 0.0581533679641
0 0.297199995575 0.979919990503 0.0358734629906 0.0239156419937
0 0.24419999674 0.970419990712 0.0267784868247 0.0178523245498
0 0.216599997347 0.947139991224 0.0246717923563 0.0164478615709
0 0.571399989547 0.934739991497 0.0248916230649 0.0165944153766
0 0.883999982674 0.980559990489 0.0200375394078 0.0133583596052
0 0.941599981408 0.764079995249 0.0339494990887 0.0226329993925
0 0.869999982982 0.695679996752 0.0207358135487 0.0138238756992
0 0.824999983971 0.771479995086 0.0229918979226 0.0153279319484
0 0.929799981667 0.82269999396 0.0236096400218 0.0157397600145
0 0.866799983052 0.836999993645 0.0227188408768 0.0151458939179
0 0.852399983369 0.819799994024 0.0203710449517 0.0135806966345
0 0.729399986073 0.852979993294 0.0215172909417 0.0143448606278
0 0.712599986442 0.843259993508 0.023854698827 0.0159031325513
0 0.517199990738 0.790939994658 0.0262624485817 0.0175082990545
0 0.39339999346 0.782279994849 0.0401863792418 0.0267909194945
0 0.334199994762 0.771199995092 0.0349196430709 0.0232797620473
0 0.211799997453 0.768039995162 0.01998589601 0.0133239306733
0 0.857999983246 0.736059995865 0.04399977918 0.02933318612
0 0.132199999203 0.821559993985 0.033817026848 0.0225446845654
0 0.512799990835 0.840219993575 0.0313923594286 0.020928239619
0 0.300199995509 0.834099993709 0.0391464869925 0.026097657995
0 0.185399998033 0.881399992669 0.0247639985761 0.0165093323841
0 0.022200001621 0.827119993863 0.0341844666553 0.0227896444369
0 0.0944000000336 0.920739991804 0.0426679335458 0.0284452890306
0 0.167999998416 0.595459998956 0.0473526426876 0.0315684284584
0 0.205399997593 0.622019998372 0.0338227650033 0.0225485100022
0 0.381799993715 0.555759999829 0.0310634048354 0.0207089365569
0 0.32379999499 0.570919999495 0.0351178072965 0.023411871531
0 0.610399988689 0.504420000957 0.0341444974355 0.0227629982904
0 0.614399988601 0.487820001322 0.0218043965746 0.0145362643831
0 0.739599985849 0.501240001027 0.0569653389697 0.0379768926464
0 0.824399983984 0.582259999246 0.0344773104435 0.022984873629
0 0.830799983844 0.666319997398 0.0220883363287 0.0147255575525
0 0.898799982349 0.526620000469 0.028104099635 0.0187360664233
0 0.901999982278 0.513700000753 0.0261830048108 0.0174553365405
0 0.863599983123 0.50064000104 0.0336710006888 0.0224473337925
0 0.878599982793 0.485820001366 0.0246323178052 0.0164215452034
0 0.918999981905 0.44606000224 0.0495615356807 0.0330410237872
0 0.82779998391 0.424880002706 0.0332057154401 0.0221371436268
0 0.868399983017 0.408620003064 0.0284920187206 0.0189946791471
0 0.83459998376 0.394560003373 0.0360352196101 0.0240234797401
0 0.983199980493 0.164300008435 0.0270558969538 0.0180372646359
0 0.827999983905 0.372160003865 0.0413069024666 0.0275379349777
0 0.762999985334 0.353180004282 0.0452682083045 0.0301788055364
0 0.898999982344 0.348960004375 0.042433064913 0.028288709942
0 0.897199982384 0.325820004884 0.0372012523425 0.024800834895
0 0.81139998427 0.316060005098 0.0301042424952 0.0200694949968
0 0.939999981443 0.28098000587 0.0280485978224 0.0186990652149
0 0.877999982806 0.270560006099 0.0394055943848 0.0262703962566
0 0.865799983074 0.240740006754 0.0315635147507 0.0210423431671
0 0.753799985537 0.235400006872 0.0308294266059 0.0205529510706
0 0.826999983927 0.211460007398 0.0416143884442 0.0277429256295
0 0.77639998504 0.191400007839 0.0238490596054 0.0158993730703
0 0.861399983171 0.172200008261 0.025672704723 0.017115136482
0 0.665199987484 0.214860007323 0.0227381329507 0.0151587553005
0 0.494199991244 0.245360006653 0.0233818946162 0.0155879297441
0 0.419999992875 0.267100006175 0.0334150591752 0.0222767061168
0 0.386799993605 0.242180006723 0.0438537530207 0.0292358353471
0 0.480399991547 0.219460007222 0.0319755736622 0.0213170491081
0 0.489799991341 0.230540006979 0.032557699625 0.0217051330833
0 0.550199990013 0.305320005335 0.0255023408706 0.0170015605804
0 0.49439999124 0.290400005663 0.0306906226077 0.0204604150718
0 0.258599996424 0.335820004664 0.0211336260056 0.0140890840038
0 0.651599987783 0.36694000398 0.027613487356 0.0184089915706
0 0.196999997778 0.190660007855 0.0259648559753 0.0173099039835
0 0.353999994326 0.150920008729 0.0281388253679 0.018759216912
0 0.321399995043 0.1340400091 0.0246764422408 0.0164509614939
0 0.161999998547 0.0796000102971 0.0297661860005 0.0198441240003
0 0.189599997941 0.0886800100975 0.0328288769302 0.0218859179535
0 0.133999999163 0.119360009423 0.0263763212845 0.0175842141896
0 0.092200000082 0.105980009717 0.037965713137 0.0253104754246
0 0.225199997158 0.102980009783 0.0373568750719 0.0249045833812
0 0.2823999959 0.116940009476 0.0417324163629 0.0278216109086
0 0.499199991134 0.13450000909 0.0281672193434 0.0187781462289
0 0.0606000007767 0.237560006824 0.103288774249 0.0688591828326
0 0.240399996824 0.171480008277 0.0595246551715 0.0396831034477
0 0.579999989358 0.194260007776 0.0596057808155 0.0397371872104
0 0.39839999335 0.15954000854 0.0412572377431 0.027504825162
0 0.590199989133 0.125480009288 0.0460144652959 0.0306763101973
0 0.686999987005 0.157940008575 0.0227437721723 0.0151625147815
0 0.744799985734 0.146520008826 0.0522835978392 0.0348557318928
0 0.798599984552 0.1522600087 0.0229784429377 0.0153189619585
0 0.933199981592 0.150480008739 0.0213295147559 0.0142196765039
0 0.964999980893 0.157860008577 0.0240540502571 0.0160360335048
0 0.850399983413 0.104740009744 0.0265075073869 0.0176716715913
0 0.755399985501 0.0819400102457 0.0383596671791 0.0255731114527
0 0.701199986693 0.12860000922 0.0283428266826 0.0188952177884
0 0.764799985295 0.120380009401 0.0217490926295 0.0144993950863
0 0.730399986051 0.10720000969 0.0372604147024 0.0248402764683
0 0.911599982067 0.113380009554 0.0395872366805 0.0263914911203
0 0.962999980937 0.0463000110292 0.0360466959207 0.0240311306138
0 0.823399984006 0.0373400112262 0.0285634488609 0.0190422992406
0 0.879999982762 0.0425600111115 0.0233817956825 0.0155878637883
0 0.875199982868 0.0205600115951 0.0269218417737 0.0179478945158
0 0.745599985717 0.0314800113551 0.0437368133728 0.0291578755819
0 0.49439999124 0.107440009685 0.0458052204946 0.030536813663
0 0.481399991525 0.0797400102941 0.0540541155534 0.0360360770356
0 0.902999982256 0.0705800104954 0.0375184338239 0.025012289216
0 0.7599999854 0.0578400107755 0.0370097166756 0.0246731444504
0 0.387999993579 0.021020011585 0.0353207203403 0.0235471468935
0 0.406999993161 0.0413600111378 0.0281107281937 0.0187404854624
0 0.483999991468 0.0350400112768 0.0226607667877 0.0151071778585
0 0.478199991596 0.0434600110917 0.0345615030326 0.0230410020217
0 0.554799989912 0.00822001186644 0.0200727598093 0.0133818398729
0 0.935199981548 0.0891400100874 0.0457124206725 0.030474947115
0 0.179399998165 0.0279400114329 0.0337309545184 0.0224873030123
0 0.0838000002667 0.0609800107065 0.0238043415675 0.015869561045
0 0.0316000014143 0.0575200107826 0.04412077511 0.0294138500733
0 0.0118000018496 0.0399200111695 0.0234425409818 0.0156283606545
0 0.611399988667 0.742339995727 0.0356316689979 0.0237544459986
0 0.611999988654 0.852599993303 0.0341488505189 0.0227659003459
0 0.357399994252 0.908959992063 0.0209470370244 0.0139646913496
0 0.397599993368 0.898079992303 0.0413601288038 0.0275734192025
0 0.591399989107 0.604199998764 0.132623609264 0.0884157395094
0 0.897599982375 0.630679998181 0.0301259089782 0.0200839393188
0 0.936999981509 0.611899998594 0.0229806194794 0.0153204129863
