0 0.0550000008999 0.911400008151 0.106632726689 0.0710884891483
0 0.529599990466 0.588159993938 0.161833777128 0.107889191868
0 0.135999999119 0.670499997559 0.315133532801 0.210089035724
0 0.309199995311 0.865320006125 0.0246942486803 0.0164628335393
0 0.211799997453 0.858920005844 0.0245780015761 0.0163853354648
0 0.0312000014231 0.864860006105 0.0250546641702 0.0167031105485
0 0.398599993346 0.865500006133 0.0479145830129 0.0319430574488
0 0.501399991086 0.870980006374 0.0271831239149 0.0181220838052
0 0.451199992189 0.889140007173 0.0322141007177 0.0214760685616
0 0.114199999598 0.823180004272 0.0218487174366 0.0145658125851
0 0.179799998156 0.612599995013 0.0357146720269 0.0238097829216
0 0.359999994194 0.810040003695 0.0330348547403 0.0220232379461
0 0.416799992946 0.807620003588 0.0226726373378 0.0151150925555
0 0.470799991758 0.776640002226 0.0297275009583 0.0198183352794
0 0.48299999149 0.731360000235 0.036869723041 0.0245798169819
0 0.512599990839 0.714519999494 0.0239305794059 0.0159537206562
0 0.541999990193 0.837180004888 0.0430141987016 0.0286761343591
0 0.623599988399 0.848040005365 0.0304958201169 0.0203305480855
0 0.233199996982 0.792380002918 0.0202410447188 0.0134940307026
0 0.212199997444 0.748200000975 0.0489155942473 0.0326103983157
0 0.095200000016 0.723719999899 0.0443375359492 0.029558359249
0 0.165999998459 0.712579999409 0.0389440660487 0.0259627124115
0 0.192199997883 0.685419998215 0.0234178060092 0.0156118717025
0 0.195399997813 0.671859997619 0.0221722306543 0.0147814880778
0 0.0402000012252 0.666639997389 0.0430199368566 0.028679959796
0 0.0536000009306 0.856060005718 0.026307659553 0.0175384408588
0 0.244399996736 0.894660007415 0.0315006897658 0.021000461229
0 0.272199996125 0.846840005313 0.041089443457 0.0273929641114
0 0.981799980524 0.914040008267 0.040509197273 0.0270061332966
0 0.899999982322 0.90500000787 0.0243445180306 0.0162296797575
0 0.669599987388 0.957780010191 0.0239906321653 0.0159937558317
0 0.543399990162 0.864460006087 0.0203639203813 0.0135759478163
0 0.666599987454 0.813980003868 0.0241409124642 0.0160939427043
0 0.753599985541 0.809320003663 0.0230694604314 0.015379641302
0 0.789999984741 0.862900006019 0.0258525645068 0.0172350441413
0 0.645599987915 0.84588000527 0.0773394457655 0.051559633911
0 0.405399993196 0.829420004547 0.0350163979319 0.0233442668277
0 0.903199982252 0.766020001759 0.0222297111373 0.0148198084023
0 0.926999981729 0.775620002181 0.0367062845592 0.0244708579868
0 0.849799983426 0.735880000434 0.0241000528438 0.0160667029556
0 0.842999983575 0.759840001487 0.0248597647699 0.0165731776064
0 0.973599980704 0.724979999954 0.0223389339484 0.0148926236145
0 0.262999996327 0.827060004443 0.0232973047557 0.0155315375282
0 0.906399982182 0.512739990622 0.0205165750892 0.0136777176283
0 0.808399984336 0.594899994235 0.0374120776157 0.0249413867222
0 0.938799981469 0.560879992739 0.110371431428 0.0735809591386
0 0.899399982335 0.448399987793 0.0362229934068 0.0241486638639
0 0.771799985141 0.484219989368 0.0497468352427 0.0331645590158
0 0.861999983158 0.475239988973 0.0457005456128 0.030467032418
0 0.986399980423 0.460439988322 0.0300250935451 0.0200167303503
0 0.632599988201 0.500259990073 0.0419659960896 0.0279773325717
0 0.650599987805 0.421879986627 0.0505466153196 0.033697745769
0 0.425199992761 0.479779989173 0.0268926545549 0.0179284375524
0 0.428799992682 0.451679987937 0.051852540235 0.0345683624367
0 0.278999995975 0.481199989235 0.0459507489545 0.0306338346568
0 0.623599988399 0.522559991054 0.0290606877818 0.0193737931324
0 0.115999999559 0.574799993351 0.0280086267553 0.0186724190684
0 0.1231999994 0.56591999296 0.0369928955046 0.024661931963
0 0.13959999904 0.541539991888 0.0358586205687 0.0239057486225
0 0.320799995056 0.518239990864 0.0374643146123 0.0249762113889
0 0.279399995966 0.443619987583 0.0474560252869 0.031637352278
0 0.048400001045 0.453219988005 0.0441254220842 0.0294169499963
0 0.0382000012692 0.544399992014 0.025714650921 0.0171431017447
0 0.267999996217 0.553959992435 0.033875395504 0.0225835984922
0 0.435799992528 0.376979984653 0.064140205418 0.0427601397656
0 0.523799990593 0.344999983246 0.0464153416366 0.0309435631319
0 0.286999995799 0.363599984064 0.0471984019173 0.0314656033535
0 0.377599993807 0.401879985747 0.0249068572139 0.0166045725711
0 0.419199992893 0.392879985352 0.0259901812914 0.0173267886704
0 0.780799984943 0.310619981735 0.0484839464893 0.0323226331247
0 0.873599982903 0.277679980286 0.0333753845553 0.0222502578377
0 0.891199982516 0.248139978987 0.0718021262568 0.0478680873284
0 0.97879998059 0.384599984988 0.052749473211 0.0351663177934
0 0.983599980484 0.192199976528 0.0292238294626 0.01948255426
0 0.891399982511 0.106299972751 0.0239264241903 0.0159509505122
0 0.791799984701 0.0906799720639 0.0212885547949 0.0141923707993
0 0.737399985897 0.0574599706032 0.0413093730848 0.0275395838729
0 0.911399982072 0.0644399709101 0.0207822120891 0.0138548089732
0 0.897799982371 0.027299969277 0.0210482448237 0.0140321641413
0 0.893999982454 0.0405399698592 0.0244379114488 0.0162919420404
0 0.291399995703 0.0707799711889 0.0366669089443 0.0244446075751
0 0.307799995342 0.0407599698689 0.023901987565 0.0159346594276
0 0.528599990488 0.0310599694423 0.0343471114128 0.0228980757855
0 0.619999988478 0.0759799714175 0.0472558824003 0.031503923678
0 0.698999986741 0.102939972603 0.0442782746595 0.0295188517199
0 0.82779998391 0.14903997463 0.0411323806853 0.0274215889321
0 0.705199986605 0.151819974752 0.0352868826834 0.0235245900072
0 0.812599984244 0.197959976781 0.0266156401789 0.0177437612896
0 0.802799984459 0.217019977619 0.0235428582132 0.015695239844
0 0.51119999087 0.0578999706225 0.0405628193415 0.0270418813446
0 0.666399987458 0.0351399696217 0.0353013270044 0.0235342195551
0 0.626599988333 0.023479969109 0.0324008875541 0.0216005931274
0 0.620599988465 0.0505799703006 0.020509253995 0.0136728368985
0 0.574399989481 0.0904599720542 0.0258918411879 0.0172612285971
0 0.0500000010098 0.0600199707157 0.0244279191445 0.0162852805038
0 0.0876000001831 0.0471599701503 0.0287619079906 0.0191746065917
0 0.0954000000116 0.0304199694142 0.0304079669862 0.0202719793279
0 0.346599994489 0.0222999690572 0.0235211917317 0.015680795522
0 0.420999992853 0.715159999523 0.0353285337735 0.0235523574024
0 0.479399991569 0.817620004028 0.034349386888 0.0228995927691
0 0.146599998886 0.402579985778 0.0337244226691 0.0224829499289
0 0.0174000017265 0.305979981531 0.0220579622242 0.0147053091194
0 0.128599999282 0.294719981036 0.0252690535105 0.0168460367847
0 0.066000000658 0.369259984313 0.0202622165318 0.0135081452455
0 0.0356000013264 0.345519983269 0.0311319638446 0.020754643932
0 0.201799997672 0.424799986755 0.0386689314131 0.025779289309
0 0.257199996454 0.151119974721 0.0294461334993 0.019630756961
0 0.0820000003063 0.0928599721597 0.0390944452814 0.0260629652399
0 0.619199988496 0.226859978052 0.0223200376106 0.0148800260552
0 0.813199984231 0.118439973284 0.0253030867052 0.0168687255827
