0 0.253000018532 0.0717999712337 0.129855435431 0.0865702959971
0 0.219800019262 0.730780000209 0.129480476686 0.0863203234842
0 0.749200007623 0.867660006228 0.379824304292 0.253216219562
0 0.617200010525 0.966680010582 0.0762775903021 0.050851730222
0 0.842200005578 0.343199983167 0.10980948798 0.0732063301483
0 0.696800008775 0.300179981276 0.162332403005 0.108221609141
0 0.480400013533 0.340199983035 0.340570377877 0.227046933559
0 0.681600009109 0.428899986936 0.0977297814462 0.065153191928
0 0.0518000229555 0.959840010281 0.047260334417 0.0315068916894
0 0.364400016083 0.967420010615 0.0383063393817 0.0255375612721
0 0.24720001866 0.955220010078 0.0213013172429 0.0142008790986
0 0.850800005389 0.73556000042 0.037111121283 0.0247407491538
0 0.762800007324 0.761200001547 0.0324846844028 0.0216564576969
0 0.699600008713 0.748700000997 0.0365049544681 0.0243366379172
0 0.791400006695 0.905320007884 0.039182298412 0.0261215339975
0 0.566400011642 0.911920008174 0.0324003928855 0.0216002633484
0 0.612000010639 0.743800000782 0.031859324449 0.0212395510335
0 0.534800012337 0.808040003607 0.0631404803218 0.0420936563242
0 0.55420001191 0.837800004915 0.0362882896526 0.0241921946973
0 0.522600012605 0.841300005069 0.0277827611052 0.0185218419584
0 0.478000013585 0.886940007076 0.026065271974 0.0173768491288
0 0.422800014799 0.880520006794 0.0241402199283 0.0160934810137
0 0.492600013264 0.935280009201 0.032011286621 0.0213408591549
0 0.337600016672 0.909620008073 0.0217159484036 0.0144772998906
0 0.316400017138 0.898040007564 0.0291091652976 0.0194061114784
0 0.302800017437 0.885000006991 0.0326461442105 0.0217640975758
0 0.262800018317 0.911320008148 0.021058237128 0.0140388256779
0 0.21760001931 0.904880007865 0.0405755817895 0.0270503896438
0 0.263600018299 0.858140005809 0.0271790676329 0.018119379617
0 0.454200014109 0.787920002722 0.042707801015 0.0284718692212
0 0.340600016606 0.746760000912 0.0328114624328 0.0218743097312
0 0.325600016936 0.748140000973 0.035536789224 0.0236911943786
0 0.261000018356 0.785020002594 0.0284323598169 0.0189549077948
0 0.274800018053 0.746840000916 0.0265657775912 0.0177105195623
0 0.317400017116 0.810360003709 0.0475624779543 0.0317083207275
0 0.286400017798 0.81040000371 0.0299198280822 0.0199465533704
0 0.288800017745 0.842840005137 0.0553268941122 0.0368845985075
0 0.399400015313 0.778840002323 0.0772568361212 0.0515045608112
0 0.138200021056 0.816420003975 0.0254034054828 0.0169356047722
0 0.160200020572 0.83200000466 0.0317792870811 0.0211861927847
0 0.192000019873 0.869460006307 0.0697403478298 0.0464935682864
0 0.517400012719 0.766220001768 0.0234145411969 0.0156096951608
0 0.521200012636 0.729980000174 0.0232486293724 0.0154990872705
0 0.462200013933 0.715459999536 0.0919410713914 0.0612940516369
0 0.441000014399 0.703999999032 0.052458014514 0.0349720119826
0 0.404600015199 0.737040000485 0.0421425927543 0.0280950636892
0 0.384000015652 0.719139999698 0.03667106416 0.0244473777191
0 0.34360001654 0.712999999428 0.0224622053457 0.0149748045515
0 0.325800016932 0.708199999217 0.0236818600697 0.0157879077545
0 0.170000020357 0.710079999299 0.0734235507597 0.0489490370683
0 0.116800021526 0.701079998903 0.0611285644825 0.0407523790095
0 0.0938000220321 0.730220000185 0.0265400548277 0.0176933710521
0 0.3318000168 0.683539998132 0.0428245427878 0.0285496970749
0 0.488800013348 0.74922000102 0.0385448685461 0.0256965807256
0 0.271400018128 0.68893999837 0.0273869273486 0.01825795277
0 0.189200019935 0.943240009551 0.0200604907059 0.0133736613527
0 0.0190000236766 0.897460007538 0.026154708044 0.0174364731794
0 0.144600020915 0.894060007389 0.0218033068657 0.0145355388692
0 0.132600021179 0.902520007761 0.0215257978212 0.0143505328273
0 0.125600021333 0.890400007228 0.0202343172268 0.0134895457076
0 0.0824000222827 0.755240001285 0.0506629613575 0.0337753097994
0 0.0690000225773 0.785480002615 0.0508654786531 0.0339103213387
0 0.114600021575 0.818260004056 0.0266962711491 0.0177975152732
0 0.0292000234523 0.825540004376 0.021880870891 0.0145872482228
0 0.0454000230962 0.845620005259 0.0548530016618 0.0365686701865
0 0.188800019944 0.803860003423 0.0197930728994 0.0131953828032
0 0.0184000236898 0.706099999124 0.0338126715346 0.0225417825098
0 0.0332000233644 0.715759999549 0.0283899172571 0.0189266127531
0 0.0750000224454 0.72033999975 0.0245809695873 0.016387314139
0 0.0346000233336 0.682939998106 0.0448832542699 0.0299221714868
0 0.0524000229423 0.588819993967 0.0473227615853 0.0315485098044
0 0.046000023083 0.565419992938 0.0229761659469 0.0153174449749
0 0.152000020753 0.614499995097 0.019949190287 0.0132994610685
0 0.0552000228807 0.666179997369 0.0291049111483 0.0194032753786
0 0.0716000225202 0.650359996673 0.142272604835 0.094848409479
0 0.127200021298 0.651459996722 0.0284468041379 0.0189645373428
0 0.100800021878 0.593219994161 0.068523661117 0.0456824437577
0 0.108400021711 0.534719991589 0.0737103595726 0.0491402429561
0 0.0884000221508 0.511639990574 0.0517203648042 0.034480245477
0 0.0310000234128 0.494459989818 0.0457526836757 0.0305017911289
0 0.240400018809 0.605199994688 0.0206413304921 0.0137608879024
0 0.237400018875 0.554619992464 0.0298660081463 0.0199106734108
0 0.396800015371 0.61981999533 0.0233980192681 0.0155986805409
0 0.431600014605 0.63367999594 0.0217209940226 0.0144806636368
0 0.352000016355 0.638819996166 0.0529025236537 0.0352683514286
0 0.262800018317 0.665379997334 0.0364495515929 0.0242997026646
0 0.220600019244 0.631239995833 0.046216188087 0.0308107940901
0 0.279200017956 0.579859993573 0.0450838918251 0.0300559298658
0 0.282600017881 0.546679992114 0.0373365911983 0.0248910624406
0 0.479000013563 0.575839993397 0.0198216647403 0.0132144440318
0 0.519800012666 0.646799996517 0.0480088668344 0.0320059133339
0 0.494800013216 0.640839996255 0.0300248956777 0.0200165984387
0 0.480400013533 0.660319997111 0.0347460121142 0.023164009604
0 0.583200011273 0.63163999585 0.0938683989123 0.0625789367357
0 0.670400009355 0.615959995161 0.0306166181716 0.0204110801273
0 0.688600008955 0.654099996838 0.0212461122351 0.0141640757576
0 0.766000007254 0.664739997306 0.0531037548111 0.0354025055424
0 0.792600006669 0.656179996929 0.02447718813 0.0163181264962
0 0.760200007381 0.631039995824 0.0316969742379 0.0211313175524
0 0.598400010938 0.552459992369 0.0515515839022 0.0343677248682
0 0.534000012354 0.551539992328 0.0260006682642 0.0173337799861
0 0.533200012372 0.577839993485 0.0254315026552 0.0169543362217
0 0.422200014812 0.548019992173 0.0840422043274 0.0560281399136
0 0.562600011725 0.53407999156 0.0239937980439 0.0159958664176
0 0.594000011035 0.524139991123 0.0364917962852 0.0243278657947
0 0.65520000969 0.743640000775 0.0278317332895 0.0185544900834
0 0.958400003024 0.633279995922 0.0217506741343 0.0145004503792
0 0.896400004387 0.619959995337 0.0336102531727 0.0224068369263
0 0.884000004659 0.589619994003 0.0232639640968 0.0155093104208
0 0.899600004316 0.551519992327 0.0297762752753 0.0198508514928
0 0.884600004646 0.557759992602 0.0354705036412 0.0236470039871
0 0.766000007254 0.553199992401 0.0511498141234 0.0340998783313
0 0.896600004382 0.66097999714 0.0302845966552 0.0201897324351
0 0.878800004774 0.682199998073 0.0326866080962 0.0217910735014
0 0.846000005495 0.654499996855 0.0296479582589 0.0197653068096
0 0.844600005526 0.668679997479 0.0500567945427 0.0333711985628
0 0.810800006269 0.681599998047 0.0289074394717 0.0192716275855
0 0.953800003125 0.549779992251 0.0550394916971 0.0366929968848
0 0.982000002505 0.420739986577 0.0242135298042 0.0161423542675
0 0.940600003415 0.398239985587 0.0231889723479 0.0154593159182
0 0.933600003569 0.407779986007 0.0220047358905 0.0146698248946
0 0.973200002698 0.357419983793 0.0349572355759 0.0233048252544
0 0.958200003028 0.331539982655 0.0599829121703 0.039988610751
0 0.911400004057 0.329299982556 0.0229393626084 0.0152929094142
0 0.919800003872 0.312959981838 0.0364053282264 0.0242702204184
0 0.877200004809 0.504919990278 0.0221172235139 0.0147448166485
0 0.842000005583 0.494879989837 0.0589462848019 0.0392975257932
0 0.744600007724 0.509299990471 0.0560358530473 0.0373572378288
0 0.729200008063 0.48357998934 0.0242695262817 0.0161796852549
0 0.770200007161 0.455999988127 0.0253278201317 0.0168852145348
0 0.78980000673 0.391539985293 0.0402300063555 0.0268200060059
0 0.771200007139 0.407139985979 0.0513404593743 0.0342269751736
0 0.813400006211 0.47039998876 0.0228870266781 0.0152580187917
0 0.68520000903 0.485379989419 0.027705493881 0.0184703304722
0 0.578800011369 0.502799990185 0.0577273226138 0.0384848842809
0 0.549400012016 0.520139990947 0.0256444079899 0.0170962731209
0 0.47140001373 0.491859989704 0.0224947545349 0.0149965040124
0 0.48960001333 0.506819990362 0.0401159357928 0.0267439589591
0 0.531600012407 0.49517998985 0.0452130992448 0.0301420681512
0 0.47140001373 0.529219991347 0.0231763088336 0.0154508735748
0 0.431600014605 0.480739989215 0.0265377793525 0.0176918540686
0 0.40320001523 0.504179990246 0.0292904118465 0.0195269425189
0 0.496200013185 0.461799988382 0.0803597928671 0.0535731987782
0 0.470600013748 0.441579987493 0.0277338878546 0.0184892597892
0 0.528800012469 0.417199986421 0.0263134966417 0.0175423322515
0 0.500000013102 0.389859985219 0.0349450667301 0.02329671269
0 0.504400013005 0.376119984615 0.0227831462871 0.0151887651932
0 0.458400014016 0.395079985448 0.0358127153292 0.0238751451275
0 0.458200014021 0.417579986438 0.0401470009764 0.0267646690829
0 0.407000015146 0.420599986571 0.0258662173581 0.0172441460428
0 0.365200016065 0.416999986412 0.0197910942253 0.0131940636871
0 0.350600016386 0.424619986747 0.0238049335997 0.0158699567798
0 0.525200012548 0.368199984267 0.0428487815457 0.0285658562479
0 0.581600011308 0.367019984215 0.0202105731375 0.0134737163136
0 0.47960001355 0.318679982089 0.0246703067235 0.0164468722338
0 0.2954000176 0.344019983203 0.0273912804317 0.0182608548255
0 0.336000016707 0.456599988154 0.0684395674671 0.0456263813207
0 0.575800011435 0.416799986404 0.0621889359403 0.0414592933613
0 0.522200012614 0.465759988556 0.021701009414 0.0144673405635
0 0.401400015269 0.340519983049 0.0242004705551 0.0161336481008
0 0.185400020018 0.447559987756 0.0229807168974 0.0153204789421
0 0.165000020467 0.414139986287 0.0246096603619 0.0164064413234
0 0.237800018866 0.435959987246 0.0345940499423 0.0230627014826
0 0.0650000226653 0.488999989578 0.0209814645724 0.0139876439708
0 0.156000020665 0.348099983383 0.0217264353764 0.0144842912062
0 0.0682000225949 0.418639986484 0.0199368235738 0.0132912165925
0 0.221200019231 0.474779988953 0.0933318814262 0.062221258388
0 0.1180000215 0.381159984836 0.147255895591 0.0981706035359
0 0.262400018325 0.316299981985 0.020499855293 0.0136665710967
0 0.272600018101 0.275999980212 0.0216175093664 0.0144116738615
0 0.380200015736 0.318579982085 0.0450651933547 0.030043464218
0 0.270200018154 0.242999978761 0.0206908962787 0.0137939317623
0 0.183800020053 0.508759990447 0.285471229155 0.190314165322
0 0.0366000232897 0.216939977616 0.0268949300301 0.017929954536
0 0.0122000238261 0.194579976632 0.0205363618304 0.0136909087899
0 0.0154000237557 0.110859972951 0.0204874885798 0.0136583266207
0 0.44320001435 0.253559979226 0.0315714273654 0.0210476196318
0 0.419000014882 0.250939979111 0.0273978100563 0.0182652079089
0 0.454000014113 0.233659978351 0.0208779799162 0.0139186541955
0 0.330600016826 0.233439978341 0.0367890920709 0.0245260629982
0 0.259600018387 0.184219976177 0.0214315139996 0.0142876769421
0 0.144800020911 0.0716599712275 0.0235711532531 0.0157141032051
0 0.104400021799 0.075239971385 0.0237205431487 0.0158136964755
0 0.376000015828 0.0741399713366 0.0222046809098 0.0148031215829
0 0.311400017248 0.137039974102 0.0237589294265 0.015839287329
0 0.503200013031 0.242499978739 0.0226377137397 0.0150918101552
0 0.535400012323 0.238459978562 0.0366309960091 0.0244206656168
0 0.620000010463 0.263459979661 0.0253933142448 0.0169288772798
0 0.466600013836 0.177639975888 0.0221185096521 0.014745674074
0 0.417800014909 0.149619974655 0.0798614637915 0.0532409793725
0 0.55240001195 0.16267997523 0.0472053272767 0.0314702202601
0 0.425400014742 0.196979976738 0.0563396784575 0.0375597881156
0 0.415600014957 0.115799973168 0.029635492612 0.0197569963778
0 0.405400015181 0.0961199723031 0.032489334287 0.0216595576199
0 0.441600014386 0.0785199715292 0.0241193449164 0.0160795643381
0 0.449800014205 0.10469997268 0.0329588736543 0.0219725838854
0 0.631000010222 0.143839974401 0.0209623703672 0.0139749144998
0 0.529800012447 0.16949997553 0.0516892006869 0.0344594693974
0 0.480400013533 0.222139977844 0.0209916547441 0.0139944374191
0 0.827800005895 0.108259972837 0.0209020208067 0.0139346814569
0 0.89260000447 0.235959978452 0.0317784956114 0.0211856651383
0 0.942400003375 0.181039976037 0.0228065935753 0.0152043967197
0 0.981800002509 0.155019974893 0.0235943037402 0.0157295368643
0 0.942400003375 0.289859980822 0.0314852561077 0.0209901721229
0 0.920400003859 0.137159974108 0.0257012948707 0.0171341977106
0 0.951200003182 0.16085997515 0.0401329523902 0.0267553033581
0 0.946800003279 0.10581997273 0.071346536542 0.0475643608318
0 0.93900000345 0.0626799708327 0.0414587629804 0.0276391771433
0 0.838800005653 0.0598799707096 0.0214270619829 0.0142847089308
0 0.554800011897 0.0519799703622 0.0234190921474 0.015612729128
0 0.48460001344 0.0382599697589 0.0238540047177 0.0159026708607
0 0.525200012548 0.0783199715204 0.028654861721 0.0191032424073
0 0.0770000224014 0.042059969926 0.0218511907793 0.0145674614803
0 0.0386000232457 0.0151399687423 0.0203257319709 0.0135504888743
0 0.385600015617 0.892800007334 0.0909052354926 0.0606034943255
0 0.551600011967 0.866440006174 0.0268089566399 0.0178726389387
0 0.544600012121 0.887460007099 0.0548072942898 0.0365381986031
0 0.347800016448 0.813460003845 0.0613345444578 0.0408896990021
0 0.147600020849 0.187579976325 0.0200007347477 0.0133338240445
