0 0.118799985347 0.486819989482 0.105358474458 0.0702389829719
0 0.59440000626 0.553019992393 0.159290212566 0.106193475044
0 0.902600019812 0.39737998555 0.125662641559 0.0837750943729
0 0.831400016681 0.275579980194 0.114507864769 0.0763385765126
0 0.652600008819 0.963120010426 0.021804991615 0.0145366610767
0 0.70380001107 0.986080011435 0.0264912840053 0.0176608560036
0 0.677400009909 0.977340011051 0.0483388171194 0.0322258780796
0 0.60100000655 0.945680009659 0.0338257352457 0.0225504901638
0 0.330999994678 0.965300010521 0.0424941098162 0.0283294065441
0 0.384999997052 0.938920009361 0.029127966544 0.0194186443627
0 0.281799992515 0.948260009772 0.0387007931714 0.0258005287809
0 0.516600002839 0.921040008575 0.0336701125061 0.0224467416707
0 0.548200004228 0.903600007808 0.0412525905794 0.027501727053
0 0.448999999867 0.906340007929 0.0272221073858 0.0181480715905
0 0.487200001546 0.882200006867 0.0256053325538 0.0170702217025
0 0.312999993887 0.868420006262 0.0624824804873 0.0416549869915
0 0.369399996366 0.881300006828 0.0256821051196 0.0171214034131
0 0.340799995109 0.85384000562 0.0472947695853 0.0315298463902
0 0.368999996349 0.846660005305 0.0239794558197 0.0159863038798
0 0.312799993878 0.838660004953 0.0223186554828 0.0148791036552
0 0.540000003868 0.857600005786 0.064519031088 0.043012687392
0 0.472800000913 0.865260006123 0.0234076189253 0.0156050792835
0 0.396399997554 0.875320006565 0.0357465333955 0.0238310222636
0 0.147999986631 0.959900010284 0.0482906363984 0.0321937575989
0 0.145199986508 0.937280009289 0.0426211407111 0.0284140938074
0 0.0847999838525 0.894420007405 0.0609667169822 0.0406444779881
0 0.0711999832545 0.929000008925 0.0337716185016 0.0225144123344
0 0.040599981909 0.81948000411 0.0580087966586 0.0386725311058
0 0.0253999812406 0.796040003079 0.0490430273296 0.0326953515531
0 0.0253999812406 0.720219999745 0.0629582527408 0.0419721684939
0 0.313799993922 0.689239998383 0.0248627360608 0.0165751573739
0 0.198199988839 0.735020000396 0.0280426636492 0.0186951090995
0 0.154999986939 0.714219999481 0.051161297182 0.0341075314547
0 0.107799984864 0.702339998959 0.0247220523127 0.0164813682085
0 0.242599990791 0.687279998297 0.0230345398718 0.0153563599145
0 0.124199985585 0.675119997762 0.0395206568988 0.0263471045992
0 0.167399987484 0.752540001166 0.0407252738584 0.0271501825723
0 0.42519999882 0.778800002321 0.0449419278858 0.0299612852572
0 0.427199998908 0.731640000247 0.0354873270523 0.0236582180349
0 0.162399987265 0.780340002389 0.036641982484 0.0244279883227
0 0.133799986007 0.789280002782 0.0474568230167 0.0316378820111
0 0.155199986948 0.84246000512 0.0577155571162 0.0384770380775
0 0.372399996498 0.74854000099 0.0291036288492 0.0194024192328
0 0.423799998758 0.754840001267 0.0545956822951 0.03639712153
0 0.0931999842218 0.870400006349 0.0344013316215 0.022934221081
0 0.148599986658 0.872180006427 0.0461925490246 0.0307950326831
0 0.265399991794 0.833080004708 0.0571379820661 0.0380919880441
0 0.359199995918 0.917040008399 0.0230734208233 0.0153822805489
0 0.285799992691 0.71645999958 0.0431879319858 0.0287919546572
0 0.535200003657 0.739060000573 0.0531096978393 0.0354064652262
0 0.669600009566 0.775180002162 0.0277389371326 0.0184926247551
0 0.716200011615 0.808600003631 0.0332720032218 0.0221813354812
0 0.748200013023 0.819760004122 0.0261034638278 0.0174023092185
0 0.731600012293 0.834760004781 0.0418173042461 0.0278782028307
0 0.794600015063 0.812600003807 0.0244242618192 0.0162828412128
0 0.843400017209 0.828740004517 0.0240911519882 0.0160607679921
0 0.609800006937 0.877140006645 0.0342547118503 0.0228364745668
0 0.648200008625 0.867860006237 0.0395777416545 0.026385161103
0 0.660600009171 0.835500004814 0.0381522057009 0.0254348038006
0 0.564200004932 0.815340003928 0.0538098517669 0.0358732345113
0 0.642800008388 0.788720002757 0.0521880313153 0.0347920208769
0 0.701600010974 0.788200002734 0.0264523041201 0.0176348694134
0 0.616600007236 0.899120007611 0.0368271864055 0.0245514576037
0 0.727200012099 0.898420007581 0.0218775100309 0.0145850066873
0 0.790400014878 0.862480006 0.027702232723 0.0184681551486
0 0.91440002033 0.877680006669 0.0354256913455 0.0236171275637
0 0.756000013366 0.787120002687 0.0722301229957 0.0481534153305
0 0.610600006972 0.910840008127 0.0377009690096 0.0251339793397
0 0.835000016839 0.861620005963 0.0599189099668 0.0399459399778
0 0.938200021377 0.95366001001 0.030706750828 0.0204711672187
0 0.973200022916 0.648319996584 0.0304992868198 0.0203328578799
0 0.936200021289 0.68303999811 0.0200494127756 0.0133662751837
0 0.886400019099 0.657299996978 0.0728129415329 0.048541961022
0 0.958200022256 0.62025999535 0.0206211507363 0.0137474338242
0 0.977200023092 0.612299995 0.0272044971839 0.0181363314559
0 0.960000022335 0.741820000695 0.0360542172608 0.0240361448405
0 0.860800017974 0.73488000039 0.0487998482489 0.0325332321659
0 0.66080000918 0.652579996771 0.0205296370465 0.0136864246977
0 0.510800002584 0.625299995571 0.0449662655806 0.0299775103871
0 0.542800003991 0.658079997013 0.0354243062735 0.0236162041823
0 0.587200005943 0.638559996154 0.0263686061941 0.017579070796
0 0.804400015494 0.65983999709 0.0598551966519 0.0399034644346
0 0.577200005504 0.609179994863 0.0469808528957 0.0313205685971
0 0.433199999172 0.602279994559 0.032353106842 0.0215687378946
0 0.440799999506 0.648839996606 0.0235578003103 0.0157052002069
0 0.447199999787 0.579879993574 0.0538619898367 0.0359079932245
0 0.479200001194 0.659119997058 0.036903365369 0.0246022435793
0 0.698200010824 0.572259993239 0.0203301866695 0.0135534577796
0 0.115999985224 0.568779993086 0.0367606040128 0.0245070693419
0 0.0935999842394 0.627379995663 0.0213044859318 0.0142029906212
0 0.402199997809 0.502279990162 0.050772586601 0.0338483910673
0 0.207199989234 0.638079996133 0.0464941979331 0.0309961319554
0 0.286599992726 0.618059995253 0.0765427427303 0.0510284951535
0 0.255599991363 0.568319993066 0.134787298441 0.0898581989605
0 0.165399987396 0.654459996854 0.0475380475998 0.0316920317332
0 0.0639999829379 0.330859982625 0.0340981987072 0.0227321324715
0 0.196599988768 0.358079983822 0.0559334640402 0.0372889760268
0 0.274599992198 0.38351998494 0.0638836787461 0.0425891191641
0 0.319799994186 0.431799987063 0.0383849967411 0.0255899978274
0 0.214799989569 0.438439987355 0.0650971008067 0.0433980672045
0 0.581800005706 0.475639988991 0.0203706505604 0.013580433707
0 0.621600007456 0.50041999008 0.0330490066197 0.0220326710798
0 0.749200013066 0.531919991465 0.0249704748805 0.0166469832537
0 0.783000014553 0.461959988389 0.0398205250004 0.0265470166669
0 0.673600009742 0.467759988644 0.0218906682155 0.0145937788103
0 0.654400008898 0.466939988608 0.0868685538911 0.0579123692607
0 0.716600011633 0.389459985201 0.0328750811421 0.0219167207614
0 0.529000003384 0.330039982589 0.0330257571958 0.0220171714639
0 0.393599997431 0.311579981777 0.0202914046517 0.0135276031011
0 0.27599999226 0.442339987527 0.0283141377735 0.018876091849
0 0.829800016611 0.452919987992 0.0304538762429 0.0203025841619
0 0.470800000825 0.386839985086 0.142491267121 0.0949941780804
0 0.966600022626 0.550079992264 0.0232795986932 0.0155197324621
0 0.915800020392 0.499819990054 0.0284654074295 0.0189769382863
0 0.83660001691 0.470639988771 0.0480889105458 0.0320592736972
0 0.969400022749 0.490299989635 0.0590198003306 0.0393465335538
0 0.718000011695 0.266539979797 0.0252369033852 0.0168246022568
0 0.690200010472 0.257619979404 0.0345220307584 0.0230146871722
0 0.746200012935 0.249599979052 0.0261337375457 0.0174224916972
0 0.764200013726 0.0957199722855 0.0380313086966 0.0253542057977
0 0.778600014359 0.150759974706 0.0735334758067 0.0490223172045
0 0.859400017912 0.125979973616 0.0402244713741 0.0268163142494
0 0.258999991512 0.26365997967 0.0282618018363 0.0188412012242
0 0.348999995469 0.262219979607 0.026960328766 0.0179735525107
0 0.308199993675 0.24433997882 0.0260014631637 0.0173343087758
0 0.317599994089 0.232379978294 0.0215895139756 0.014393009317
0 0.341599995144 0.210539977334 0.0207624280867 0.0138416187245
0 0.600800006541 0.211239977365 0.0311585811216 0.0207723874144
0 0.427199998908 0.267859979855 0.0273513148225 0.0182342098817
0 0.324999994414 0.281319980446 0.0236443673143 0.0157629115428
0 0.200399988935 0.23159997826 0.0280326713436 0.0186884475624
0 0.173199987739 0.21795997766 0.022079730552 0.014719820368
0 0.162599987273 0.184679976197 0.0255737726975 0.0170491817984
0 0.304399993508 0.115719973165 0.0201133239579 0.0134088826386
0 0.443799999638 0.232259978289 0.0694714551818 0.0463143034545
0 0.46840000072 0.212619977426 0.0273423118541 0.0182282079027
0 0.129199985805 0.225519977993 0.0361251527372 0.0240834351581
0 0.026999981311 0.132499973903 0.059987767835 0.0399918452233
0 0.0121999806602 0.0955999722802 0.0205099492364 0.013673299491
0 0.307999993667 0.0341599695786 0.0201795106158 0.0134530070772
0 0.324599994397 0.0601599707219 0.0202174022301 0.0134782681534
0 0.489600001652 0.104579972675 0.034906289322 0.023270859548
0 0.499400002083 0.119099973314 0.0214133130225 0.014275542015
0 0.403199997853 0.0313799694564 0.0219282630286 0.0146188420191
0 0.854200017683 0.0203999689736 0.0203060468421 0.0135373645614
0 0.875400018616 0.0673199710367 0.0263314071158 0.0175542714105
0 0.492400001775 0.0525399703868 0.101749372397 0.0678329149316
0 0.20619998919 0.064279970903 0.040337750482 0.0268918336547
0 0.730200012231 0.904720007858 0.140938997073 0.0939593313822
0 0.610800006981 0.276919980253 0.0491840078788 0.0327893385859
0 0.458800000297 0.838060004927 0.133944383157 0.0892962554379
