0 0.339000016641 0.431559987053 0.14960952845 0.0997396922119
0 0.451200014175 0.469779988733 0.109165429556 0.0727769578372
0 0.56920001158 0.663599997255 0.18055500226 0.120370009446
0 0.532200012394 0.618259995262 0.382889270495 0.255259530499
0 0.369600015969 0.631339995837 0.125324271709 0.0835495199835
0 0.462400013928 0.749020001011 0.112304596038 0.07486973563
0 0.463200013911 0.829860004566 0.157316464125 0.104877649667
0 0.649200009821 0.168339975479 0.259629745223 0.173086508232
0 0.917600003921 0.571939993225 0.1193971534 0.0795981075168
0 0.0494000230082 0.193199976572 0.0201235114764 0.0134156752025
0 0.0594000227884 0.144339974423 0.101504992722 0.0676699996115
0 0.0230000235887 0.142339974335 0.0387973473631 0.025864899948
0 0.049000023017 0.0473399701582 0.0640985543279 0.0427323723704
0 0.202800019636 0.0367999696947 0.0203016910804 0.013534461613
0 0.191600019882 0.0519999703631 0.0377961382613 0.0251974271695
0 0.152200020748 0.0456199700826 0.0385315124959 0.0256876766915
0 0.237200018879 0.111319972971 0.0604468123164 0.0402978775355
0 0.204200019605 0.0774999714843 0.0700793936393 0.0467195988409
0 0.180400020128 0.134959974011 0.107003728086 0.0713358234289
0 0.098400021931 0.113359973061 0.035971800728 0.023981202067
0 0.259600018387 0.160239975122 0.0243964582261 0.0162643065568
0 0.116600021531 0.130599973819 0.0542220024868 0.036148004042
0 0.129000021258 0.148459974604 0.0227221041906 0.0151480704595
0 0.134200021144 0.119959973351 0.0276350530825 0.0184233699368
0 0.301600017464 0.0854599718343 0.102169827225 0.0681132226423
0 0.289200017736 0.118459973285 0.0235897527897 0.0157265028971
0 0.303800017415 0.141879974315 0.0445730971025 0.0297154000282
0 0.329200016857 0.143099974369 0.0318070874524 0.0212047263668
0 0.448400014236 0.151739974749 0.0451488912697 0.0300992628317
0 0.492000013278 0.142199974329 0.0336797046341 0.0224531379036
0 0.499000013124 0.0880399719478 0.0438390090061 0.0292260079317
0 0.593800011039 0.03873996978 0.0678887045937 0.0452591393809
0 0.571600011528 0.0766799714483 0.0231954030388 0.0154636030458
0 0.549600012011 0.0492999702444 0.0713486141498 0.0475657459038
0 0.533600012363 0.12607997362 0.094170047781 0.0627800359947
0 0.669600009373 0.064459970911 0.0788329489869 0.0525553027909
0 0.700800008687 0.0561799705469 0.0378979410445 0.025265295696
0 0.636600010098 0.0493199702452 0.0319703280668 0.0213135534503
0 0.731000008023 0.0529199704035 0.0247758689875 0.0165172470811
0 0.863000005121 0.0598999707104 0.0233509268241 0.0155672855762
0 0.86760000502 0.103199972614 0.0258030976539 0.0172020662372
0 0.750800007588 0.157739975013 0.0203055494949 0.0135370338895
0 0.855200005293 0.137759974134 0.0297616330868 0.0198410900332
0 0.754000007517 0.0906199720612 0.101383304264 0.0675888739675
0 0.78800000677 0.111119972963 0.0240723514062 0.0160482353293
0 0.826000005934 0.109339972884 0.0974896693424 0.0649931171816
0 0.942000003384 0.127799973696 0.0424759993426 0.0283173347627
0 0.916600003943 0.133199973933 0.0234972497749 0.0156648342164
0 0.965600002865 0.118079973269 0.0283560819298 0.0189040558667
0 0.976000002637 0.0526199703903 0.0553307525267 0.0368871707841
0 0.92400000378 0.0794599715705 0.0252682620408 0.0168455091383
0 0.902800004246 0.0451799700632 0.0200697904742 0.0133798611986
0 0.89260000447 0.0930999721703 0.048545878989 0.0323639214606
0 0.98860000236 0.166219975385 0.030768085675 0.0205120584696
0 0.841600005592 0.15267997479 0.0274206637423 0.0182804437006
0 0.950000003208 0.042559969948 0.0272618751446 0.0181745846285
0 0.817200006128 0.246279978906 0.0230979533386 0.0153986365747
0 0.812600006229 0.265179979737 0.0802664983826 0.0535110024511
0 0.978000002593 0.327899982495 0.0546074482042 0.0364049678706
0 0.942600003371 0.252679979187 0.125077926782 0.0833852900212
0 0.859000005209 0.280919980429 0.0759443815812 0.0506295910601
0 0.808400006321 0.296499981114 0.0923870645367 0.0615913804201
0 0.886200004611 0.322079982239 0.0293984474531 0.0195989662614
0 0.87260000491 0.359259983873 0.0458662595699 0.0305775083967
0 0.842000005583 0.369839984339 0.0402433624058 0.02682891004
0 0.935200003534 0.373819984514 0.0202170038283 0.0134780034412
0 0.978200002588 0.365159984133 0.05255615675 0.0350374401443
0 0.934200003556 0.390019985226 0.0365892459853 0.0243928322657
0 0.908200004127 0.430539987008 0.0347522449377 0.0231681648199
0 0.892200004479 0.451899987947 0.0533355564836 0.0355570400009
0 0.856400005266 0.44583998768 0.0343440444679 0.0228960311554
0 0.850000005407 0.198959976825 0.0289819365521 0.0193212923091
0 0.866000005055 0.207419977197 0.0244501792283 0.0163001205606
0 0.828200005886 0.214679977516 0.024142693271 0.0160951299089
0 0.661800009544 0.179419975966 0.0297805294246 0.0198536875925
0 0.63880001005 0.194419976625 0.0231353502794 0.0154235678702
0 0.699200008722 0.269239979915 0.0289230709972 0.0192820486032
0 0.578800011369 0.186919976296 0.0379674914396 0.0253116626292
0 0.578400011378 0.238259978553 0.0341652712617 0.0227768490101
0 0.450200014197 0.243139978768 0.0341100662539 0.0227400456691
0 0.378600015771 0.211219977364 0.0199015042408 0.013267670369
0 0.387400015577 0.193779976597 0.0269214442633 0.0179476306926
0 0.282000017894 0.188099976347 0.100487954228 0.0669919739037
0 0.22080001924 0.223799977917 0.020957720483 0.0139718145769
0 0.269400018171 0.26297997964 0.0339132871133 0.0226088595667
0 0.404200015208 0.336079982854 0.146188400907 0.0974589403659
0 0.277000018004 0.32847998252 0.0231937211658 0.015462481797
0 0.478200013581 0.304779981478 0.0478396901977 0.031893128902
0 0.252800018536 0.305539981511 0.0365842003663 0.0243894685195
0 0.203000019631 0.348899983418 0.0197896102197 0.0131930743499
0 0.0714000225246 0.444539987623 0.0469947963509 0.0313298663003
0 0.0766000224102 0.477459989071 0.0260158051212 0.0173438712247
0 0.0406000232017 0.498319989988 0.021211188637 0.0141407933574
0 0.0690000225773 0.415839986361 0.0230435398005 0.0153623608802
0 0.0936000220365 0.320259982159 0.0427746802001 0.0285164553476
0 0.228000019082 0.296259981103 0.023157016761 0.0154380121922
0 0.140600021003 0.346399983308 0.0589335223539 0.0392890174939
0 0.26400001829 0.42195998663 0.224857515677 0.149905020338
0 0.163600020498 0.473459988895 0.0839885822589 0.0559923918656
0 0.1726000203 0.498759990007 0.116332187197 0.0775547965801
0 0.188200019957 0.542699991939 0.0727762275233 0.0485174882155
0 0.232200018989 0.557919992609 0.0549230467255 0.0366153668986
0 0.106000021764 0.507579990395 0.0295381418456 0.0196920958625
0 0.125800021329 0.528199991302 0.0291116386403 0.0194077603736
0 0.102600021839 0.526639991233 0.0217925230918 0.0145283496861
0 0.0948000220101 0.544339992012 0.0299957102345 0.0199971414753
0 0.118400021491 0.543219991962 0.03714841929 0.0247656144934
0 0.139600021025 0.533299991526 0.0221049557344 0.0147366381282
0 0.28040001793 0.525899991201 0.0223450678382 0.0148967128746
0 0.296000017587 0.544079992 0.036869723041 0.0245798169819
0 0.31040001727 0.557799992603 0.0335047898424 0.0223365280348
0 0.285000017829 0.587879993926 0.0317880921809 0.0211920628517
0 0.374000015872 0.49745998995 0.0962178765555 0.0641452552678
0 0.400800015283 0.569339993111 0.0793731270201 0.0529154215035
0 0.425000014751 0.512039990591 0.100765957941 0.0671773097246
0 0.455200014087 0.588739993964 0.0623832417383 0.0415888305686
0 0.492400013269 0.5645399929 0.0448079657199 0.0298719791168
0 0.518000012706 0.574939993357 0.0321495959416 0.0214330653747
0 0.484800013436 0.601139994509 0.0436742843861 0.0291161915111
0 0.521600012627 0.476639989035 0.0552182649033 0.0368121790302
0 0.346200016483 0.557019992569 0.105261505528 0.0701743416473
0 0.513800012798 0.421519986611 0.0682058860542 0.0454705937019
0 0.631800010204 0.421219986598 0.021076045195 0.0140506977234
0 0.633400010169 0.464799988514 0.0243645026392 0.0162430028308
0 0.660600009571 0.349239983433 0.0526173967139 0.0350782667895
0 0.677800009193 0.381639984858 0.0384756149521 0.0256504116599
0 0.674600009263 0.412319986207 0.0206261936352 0.0137507966637
0 0.7184000083 0.465879988562 0.0618651259215 0.0412434200012
0 0.762600007328 0.433899987155 0.0539185728114 0.0359457175784
0 0.742200007777 0.445939987685 0.0256569725706 0.0171046495085
0 0.700600008691 0.304219981453 0.0266897415245 0.0177931621899
0 0.468200013801 0.651159996708 0.0515915531194 0.0343943710147
0 0.491400013291 0.690499998438 0.0314427146142 0.0209618111254
0 0.471000013739 0.666859997399 0.164723630672 0.109815761024
0 0.377800015788 0.81108000374 0.0481829901565 0.0321219955563
0 0.261400018347 0.777000002242 0.078838291407 0.0525588644046
0 0.212000019433 0.718879999686 0.0278840692198 0.018589380706
0 0.234400018941 0.632299995879 0.0214184547505 0.0142789707754
0 0.223200019187 0.645659996467 0.0402884761756 0.0268589858886
0 0.18260002008 0.624979995557 0.0255575441963 0.0170383639213
0 0.265800018251 0.657579996991 0.0536395797613 0.0357597221994
0 0.204000019609 0.695899998676 0.13383949576 0.0892263363916
0 0.246000018686 0.729640000159 0.0224357900463 0.0149571943507
0 0.29860001753 0.78014000238 0.141059677603 0.094039791271
0 0.258600018409 0.844340005203 0.0656517145739 0.0437678126027
0 0.336000016707 0.642959996348 0.118435517781 0.0789570170615
0 0.135000021126 0.627839995683 0.0209647447761 0.0139764974392
0 0.0292000234523 0.621759995416 0.0332740764407 0.0221827190902
0 0.14300002095 0.662859997223 0.0312324804896 0.0208216550331
0 0.0542000229027 0.589019993976 0.0259395272341 0.0172930192966
0 0.0496000230038 0.90660000794 0.0231511796723 0.0154341207995
0 0.200200019693 0.874320006521 0.0268924566875 0.0179283056408
0 0.170400020348 0.768720001878 0.13059545955 0.0870636454422
0 0.271800018119 0.94548000965 0.0223493219875 0.0148995489744
0 0.173200020286 0.951000009893 0.0672024014772 0.0448016039397
0 0.0700000225553 0.978020011081 0.0326587087911 0.0217724739635
0 0.222000019214 0.919360008501 0.022917992928 0.0152786629597
0 0.391200015494 0.903040007784 0.02035293874 0.0135686267216
0 0.352400016347 0.958420010219 0.0236781005889 0.0157854014338
0 0.37680001581 0.932620009084 0.0709462507687 0.047297503632
0 0.363000016114 0.973120010865 0.0414182001611 0.0276121352619
0 0.298000017543 0.919820008522 0.0203590726297 0.0135727159817
0 0.591800011083 0.794520003012 0.033197303885 0.0221315373831
0 0.570400011554 0.730380000192 0.0373044377439 0.0248696268029
0 0.623200010393 0.931140009019 0.0244912367162 0.016327492221
0 0.750400007597 0.807820003597 0.0373913015375 0.0249275360025
0 0.870600004954 0.881520006838 0.0486072178866 0.0324048140617
0 0.73160000801 0.906620007941 0.0477906190796 0.0318604148211
0 0.70340000863 0.841920005096 0.0634635978047 0.0423090679936
0 0.614000010595 0.967180010604 0.0200781998392 0.0133854674423
0 0.570800011545 0.978020011081 0.0394831558111 0.0263221056102
0 0.663400009509 0.90364000781 0.0249950071457 0.0166633391961
0 0.938400003463 0.921900008613 0.0441118681665 0.0294079140506
0 0.553600011923 0.958500010222 0.0224016579178 0.0149344395969
0 0.538400012257 0.981680011242 0.0470544533754 0.0313696376526
0 0.799800006511 0.919200008494 0.122300857663 0.0815339104862
0 0.0396000232237 0.68757999831 0.0661505383181 0.0441003617874
0 0.531400012411 0.903600007808 0.137193348384 0.0914622382882
0 0.47780001359 0.302299981369 0.55674547154 0.371163672174
0 0.877000004813 0.921940008615 0.147685267874 0.0984568517433
