0 0.277199996015 0.921679969799 0.108219630467 0.0721464203112
0 0.675199987265 0.334499982708 0.669024388941 0.446016259294
0 0.389799993539 0.980179968512 0.0246371655571 0.016424777038
0 0.682399987106 0.95435996908 0.0263422880875 0.0175615253916
0 0.418599992906 0.966019968824 0.0457769254529 0.0305179503019
0 0.311399995263 0.957739969006 0.0430425955141 0.028695063676
0 0.0878000001787 0.966419968815 0.0290770137611 0.0193846758407
0 0.136999999097 0.804439972376 0.0501037913575 0.0334025275717
0 0.159999998591 0.774539973033 0.0296954483963 0.0197969655975
0 0.315999995162 0.681199975086 0.0239003072683 0.0159335381789
0 0.158999998613 0.689019974914 0.0206051221149 0.0137367480766
0 0.124999999361 0.690259974886 0.0399471575256 0.0266314383504
0 0.194999997822 0.693839974808 0.0269603269878 0.0179735513252
0 0.155799998684 0.71511997434 0.0318096618268 0.0212064412178
0 0.173999998284 0.861599971119 0.0207078153082 0.0138052102054
0 0.191199997905 0.878479970748 0.0280255462674 0.0186836975116
0 0.216799997343 0.85975997116 0.0276641414166 0.0184427609444
0 0.26239999634 0.857159971217 0.0223722760828 0.0149148507219
0 0.263999996305 0.867379970992 0.0305389572268 0.0203593048179
0 0.542199990189 0.896099970361 0.0247193794719 0.0164795863146
0 0.580599989344 0.881199970688 0.0214251836556 0.0142834557704
0 0.514599990795 0.845999971462 0.0475092547541 0.0316728365027
0 0.503399991042 0.777619972966 0.0220222486089 0.0146814990726
0 0.260199996388 0.81337997218 0.0249626574703 0.0166417716469
0 0.287199995795 0.801039972451 0.0210374624373 0.0140249749582
0 0.317799995122 0.793479972617 0.0212934039509 0.0141956026339
0 0.268999996195 0.83201997177 0.0235623497073 0.0157082331382
0 0.23739999689 0.83791997164 0.0207521376113 0.0138347584075
0 0.232999996986 0.75011997357 0.0319035499197 0.0212690332798
0 0.396799993385 0.808159972294 0.0272049900582 0.0181366600388
0 0.603799988834 0.818679972063 0.0255559629426 0.0170373086284
0 0.487599991389 0.810819972236 0.0304319109502 0.0202879406334
0 0.434399992559 0.83607997168 0.0318718911318 0.0212479274212
0 0.396399993394 0.780299972907 0.0554410672652 0.0369607115102
0 0.340999994612 0.759379973367 0.0431861483305 0.0287907655537
0 0.445999992304 0.757019973419 0.036184807383 0.024123204922
0 0.54939999003 0.773979973046 0.021204660411 0.014136440274
0 0.519199990694 0.744079973703 0.0200894796067 0.0133929864045
0 0.468399991811 0.727639974065 0.0363152020157 0.0242101346771
0 0.482199991508 0.739559973802 0.0235603710331 0.0157069140221
0 0.643199987968 0.808159972294 0.0226306909392 0.0150871272928
0 0.55939998981 0.790739972677 0.0221902380523 0.0147934920349
0 0.700799986702 0.760339973346 0.0207208745582 0.0138139163721
0 0.720799986262 0.858439971189 0.0286040116829 0.0190693411219
0 0.813999984213 0.816459972112 0.0199450363868 0.0132966909246
0 0.953199981153 0.805419972355 0.0212562048751 0.0141708032501
0 0.956399981082 0.847359971432 0.0276668126269 0.0184445417512
0 0.959999981003 0.88703997056 0.0213026047861 0.0142017365241
0 0.920799981865 0.858959971177 0.0219693190729 0.0146462127153
0 0.815999984169 0.79697997254 0.0291456737574 0.0194304491716
0 0.806599984376 0.77833997295 0.0301032531581 0.0200688354387
0 0.82639998394 0.892779970434 0.054926117293 0.0366174115287
0 0.89599998241 0.90113997025 0.0198109812067 0.0132073208045
0 0.922599981825 0.888819970521 0.0231340656671 0.0154227104447
0 0.898599982353 0.878559970747 0.021465944345 0.0143106295634
0 0.889999982542 0.865499971034 0.0217079362052 0.0144719574701
0 0.888599982573 0.854199971282 0.0198363082371 0.0132242054914
0 0.867399983039 0.836839971664 0.0829169378275 0.0552779585517
0 0.294999995623 0.844419971497 0.0463602386202 0.0309068257468
0 0.158599998622 0.87701997078 0.0555508836858 0.0370339224572
0 0.668399987414 0.987399968354 0.0223708910109 0.0149139273406
0 0.840999983619 0.924519969736 0.0230714406272 0.0153809604181
0 0.831999983817 0.931259969588 0.0206776405259 0.013785093684
0 0.867599983035 0.962699968897 0.0230932060439 0.0153954706959
0 0.838599983672 0.981139968491 0.0233319330915 0.015554622061
0 0.880799982744 0.983079968449 0.0333473885161 0.022231592344
0 0.810399984292 0.91161997002 0.0374268212064 0.0249512141376
0 0.905399982204 0.969039968757 0.0258478173937 0.0172318782625
0 0.614999988588 0.893279970423 0.0286605028326 0.0191070018884
0 0.438199992475 0.922479969781 0.0335173566337 0.0223449044224
0 0.738999985862 0.933699969534 0.0699223904601 0.0466149269734
0 0.634799988153 0.939879969398 0.0474142783904 0.0316095189269
0 0.614399988601 0.908139970096 0.0562185873097 0.0374790582065
0 0.899399982335 0.954499969077 0.0281783988528 0.0187855992352
0 0.928199981702 0.748459973607 0.0226197092971 0.0150798061981
0 0.944399981346 0.719519974243 0.0565169713858 0.0376779809239
0 0.569599989586 0.730179974009 0.0426688239492 0.0284458826328
0 0.98059998055 0.688059974935 0.0447655261127 0.0298436840751
0 0.953599981144 0.594679976988 0.0260680438371 0.0173786958914
0 0.772599985123 0.524239978536 0.0388830265168 0.0259220176779
0 0.750399985611 0.703519974595 0.0458673508658 0.0305782339106
0 0.648999987841 0.710859974433 0.0375478171365 0.025031878091
0 0.407399993152 0.644899975884 0.0406570069109 0.0271046712739
0 0.535799990329 0.580719977295 0.0485288655924 0.0323525770616
0 0.582199989309 0.679579975121 0.0293664938031 0.0195776625354
0 0.217999997316 0.654419975674 0.0507897977182 0.0338598651454
0 0.0254000015506 0.439119980408 0.0257665928159 0.017177728544
0 0.0442000011373 0.430799980591 0.0307489934979 0.0204993289986
0 0.0610000007679 0.469279979745 0.0603150365985 0.040210024399
0 0.0598000007943 0.501499979036 0.0357369344677 0.0238246229785
0 0.49799999116 0.0774199883598 0.0199188189531 0.0132792126354
0 0.134999999141 0.0192399896389 0.0322903807345 0.0215269204897
0 0.0936000000512 0.0340999893122 0.0636408912028 0.0424272608019
0 0.280799995936 0.0358999892726 0.0283526211201 0.0189017474134
0 0.661599987564 0.0347999892968 0.0212217759432 0.0141478506288
0 0.723599986201 0.942439969342 0.0335826528837 0.0223884352558
0 0.674599987278 0.844679971491 0.0229647900854 0.0153098600569
