0 0.0663999830434 0.225540007089 0.0868311626724 0.0578874379636
0 0.146399986561 0.260460006321 0.114809620184 0.0765397417408
0 0.10019998453 0.317700005062 0.0814971508736 0.0543314303323
0 0.148399986649 0.0980000098926 0.207395757656 0.138263829318
0 0.563600004906 0.248440006585 0.178251860861 0.118834566069
0 0.462800000473 0.180540008078 0.182978914255 0.121985934791
0 0.68060001005 0.34192000453 0.225655955332 0.150437293633
0 0.404799997923 0.445740002247 0.220966496753 0.14731098812
0 0.328799994581 0.422620002756 0.146222067299 0.0974813717701
0 0.760400013559 0.0619800106845 0.115643631488 0.0770957492402
0 0.850000017499 0.360380004124 0.21336541864 0.142243603045
0 0.751400013163 0.547100000019 0.469265413792 0.312843588561
0 0.332599994748 0.774079995029 0.37050284385 0.247001879609
0 0.434199999216 0.683139997028 0.136275270559 0.0908501743806
0 0.125199985629 0.959519990952 0.0320797550929 0.0213865019847
0 0.153999986895 0.953179991091 0.0264368722037 0.0176245803067
0 0.0241999811879 0.961359990911 0.048710712181 0.0324738059788
0 0.102599984635 0.926559991676 0.0230520526604 0.0153680340934
0 0.0879999839932 0.941499991348 0.0307357404348 0.0204904922718
0 0.129799985831 0.925459991701 0.031912952832 0.0212753004848
0 0.255599991363 0.988339990318 0.0225370036866 0.0150246681334
0 0.207199989234 0.952019991117 0.0205125228661 0.0136750143421
0 0.188399988408 0.939819991385 0.0271395984544 0.0180930644429
0 0.281999992523 0.926719991673 0.0283614299617 0.0189076187274
0 0.271399992057 0.959719990947 0.0253487001593 0.0168991323249
0 0.279799992427 0.969579990731 0.0261995301967 0.0174663523125
0 0.223999989973 0.955759991035 0.028265167447 0.0188434437218
0 0.203199989059 0.931679991564 0.0248209876686 0.016547324021
0 0.246199990949 0.969859990725 0.0282479529788 0.0188319674104
0 0.736000012486 0.96367999086 0.0213504915192 0.014233660074
0 0.465600000596 0.923939991734 0.0343813492779 0.0229208980069
0 0.488800001617 0.926759991672 0.0247627157044 0.0165084760474
0 0.496200001942 0.944779991276 0.0361435567927 0.0240957029392
0 0.522400003094 0.95687999101 0.030035586461 0.0200237229866
0 0.546800004167 0.911659992004 0.0355745889386 0.0237163910615
0 0.639800008256 0.897959992305 0.0242234279678 0.0161489509134
0 0.641600008335 0.91777999187 0.023041763553 0.0153611746889
0 0.692400010569 0.900179992256 0.0268741592694 0.017916104998
0 0.683600010182 0.927039991666 0.0320384997294 0.0213589984109
0 0.765600013788 0.932119991554 0.05714184425 0.0380945603207
0 0.616600007236 0.975919990591 0.0514742279295 0.0343161496896
0 0.596400006348 0.984079990412 0.0325567145825 0.0217044749568
0 0.604800006717 0.952519991106 0.0342297828108 0.0228198537021
0 0.579200005592 0.956459991019 0.0246009590635 0.016400638294
0 0.923400020726 0.948379991197 0.0210843597982 0.0140562389384
0 0.897800019601 0.94003999138 0.0313532847481 0.0209021884534
0 0.903800019864 0.926059991687 0.0274027621637 0.0182685069042
0 0.977600023109 0.946779991232 0.0499973452784 0.0333315613205
0 0.933400021166 0.905899992131 0.0320894505979 0.0213929656543
0 0.926600020867 0.904259992167 0.0902672298854 0.0601781492878
0 0.969000022731 0.897599992313 0.0213011235903 0.0142007481236
0 0.970000022775 0.872659992861 0.021236420934 0.0141576130222
0 0.917200020454 0.83995999358 0.0441997300428 0.0294664847517
0 0.962200022432 0.791039994656 0.0927320647172 0.0618213724006
0 0.938000021368 0.772939995054 0.0461364566491 0.0307576357374
0 0.92940002099 0.75899999536 0.0248929124869 0.0165952738967
0 0.911400020199 0.72033999621 0.0620461868799 0.0413641218584
0 0.861400018 0.73399999591 0.0839553571458 0.0559702344056
0 0.832000016707 0.719559996227 0.0976942835764 0.0651295180886
0 0.769400013955 0.735679995873 0.0732876303493 0.0488584170104
0 0.737200012539 0.784519994799 0.106674299953 0.0711161952783
0 0.763200013682 0.768139995159 0.034004609652 0.0226697382728
0 0.736600012512 0.831479993767 0.0311477994007 0.0207651982309
0 0.721400011844 0.862619993082 0.0222765111879 0.0148510064791
0 0.681000010068 0.858219993179 0.0344835478162 0.0229890303612
0 0.541000003912 0.89181999244 0.0265995192481 0.0177330116624
0 0.518200002909 0.901919992218 0.0209804793867 0.0139869853353
0 0.696800010762 0.811099994215 0.0427543083164 0.028502870331
0 0.643000008397 0.754839995452 0.0239899443762 0.0159932951959
0 0.626600007676 0.779439994911 0.0216914171366 0.0144609438039
0 0.541400003929 0.799999994459 0.020343642997 0.0135624277701
0 0.745200012891 0.901199992234 0.0216726197288 0.0144484121996
0 0.569800005178 0.714699996334 0.0877210715314 0.0584807104971
0 0.482200001326 0.705479996537 0.0258866028236 0.0172577340775
0 0.663400009294 0.718319996255 0.103236352999 0.0688242307936
0 0.700800010938 0.748239995597 0.0322704993152 0.0215136647912
0 0.691400010525 0.777319994958 0.0356227696628 0.0237485115422
0 0.748200013023 0.653759997674 0.12648281043 0.0843218680586
0 0.809600015722 0.682999997031 0.0362726653042 0.0241817752746
0 0.637600008159 0.670659997303 0.0261935941732 0.0174623949637
0 0.421599998662 0.827859993846 0.024301882412 0.0162012538728
0 0.315399993992 0.887579992533 0.0239791606001 0.0159861060124
0 0.333799994801 0.908159992081 0.0589064261742 0.0392709481926
0 0.279599992418 0.847939993405 0.0401500758657 0.0267667154784
0 0.387799997176 0.777739994948 0.0221009038255 0.0147339349119
0 0.432399999137 0.857099993204 0.041235774567 0.0274905145648
0 0.25939999153 0.803699994378 0.0227495133285 0.0151663412187
0 0.216599989648 0.817539994073 0.0381376649596 0.0254251082961
0 0.253199991257 0.923699991739 0.0215110609554 0.0143407063577
0 0.201999989006 0.915099991928 0.0327399398417 0.0218266251215
0 0.202799989041 0.895339992363 0.0302555161323 0.0201703427578
0 0.183999988214 0.888059992523 0.0233093792799 0.0155395851617
0 0.160599987185 0.86499999303 0.0362140965389 0.0241427294336
0 0.144599986482 0.923799991737 0.020708807377 0.0138058706741
0 0.0743999833952 0.853519993282 0.0364734018328 0.0243155996181
0 0.142799986403 0.840919993559 0.0330611776477 0.0220407836448
0 0.157999987071 0.841379993549 0.0317784029656 0.0211856005798
0 0.1813999881 0.833299993727 0.0209313093252 0.0139542052964
0 0.248199991037 0.751519995525 0.0342382911112 0.022825525902
0 0.238799990624 0.742599995721 0.0358316187569 0.0238877442624
0 0.110599984987 0.775019995008 0.0211116655064 0.0140744427426
0 0.0631999829027 0.798939994482 0.0204845246218 0.0136563488472
0 0.0149999807833 0.833559993721 0.0265741922144 0.0177161269744
0 0.066799983061 0.752319995507 0.124016392659 0.0826775896527
0 0.101199984574 0.706019996525 0.0225689592799 0.0150459718609
0 0.0407999819178 0.670859997298 0.0234229551965 0.0156153024344
0 0.0219999810911 0.621979998373 0.0244176348706 0.0162784221734
0 0.0421999819793 0.877899992746 0.0316441499004 0.0210960985422
0 0.152399986825 0.617899998462 0.0241961222597 0.0161307471092
0 0.168399987528 0.688659996907 0.078738383944 0.0524922525005
0 0.226799990096 0.665719997411 0.0217730374599 0.0145153573493
0 0.136799986139 0.587019999141 0.0210539871446 0.0140359905039
0 0.132199985937 0.549539999965 0.0443943326805 0.0295962198349
0 0.169199987564 0.582599999239 0.0339310029604 0.0226206671483
0 0.182399988144 0.55207999991 0.0411127999464 0.0274085314899
0 0.226599990087 0.549639999963 0.0388264415551 0.0258842926628
0 0.0525999824366 0.520520000603 0.0372564622685 0.0248376398741
0 0.0427999820057 0.515560000712 0.036228441929 0.0241522930264
0 0.0169999808713 0.503080000987 0.0201497328954 0.0134331543776
0 0.0851999838701 0.470060001713 0.0213679038549 0.014245268297
0 0.072599983316 0.456260002016 0.023230133366 0.0154867545559
0 0.0915999841515 0.437120002437 0.0274427313887 0.0182951530524
0 0.137599986174 0.451380002123 0.0304722799244 0.0203148519431
0 0.189199988443 0.519100000635 0.0223785118587 0.0149190069218
0 0.279599992418 0.581879999254 0.0229310567144 0.0152873701347
0 0.297599993209 0.547140000018 0.0223223175027 0.0148815440203
0 0.316399994036 0.550539999943 0.0263212186788 0.0175474779619
0 0.342399995179 0.613439998561 0.0234772698117 0.0156515121755
0 0.385799997088 0.702579996601 0.0201796108805 0.013453073033
0 0.522800003112 0.667079997381 0.109219864705 0.0728132383341
0 0.453800000078 0.603359998782 0.0312632550581 0.0208421686641
0 0.406599998002 0.563199999665 0.067827379117 0.0452182497623
0 0.429199998996 0.526300000476 0.0508386776782 0.0338924495501
0 0.457600000245 0.534980000285 0.0675115826659 0.0450077188087
0 0.507600002443 0.517860000662 0.0416757328433 0.027783820063
0 0.532600003542 0.535020000285 0.0444472622235 0.0296315061946
0 0.645200008494 0.564839999629 0.0213502936518 0.0142335281624
0 0.649800008696 0.574139999425 0.0265914066826 0.0177276032858
0 0.616800007245 0.608219998675 0.0337077095425 0.0224718048795
0 0.60600000677 0.649119997776 0.0859231489418 0.0572820955164
0 0.558600004686 0.631579998162 0.0446048636479 0.029736573804
0 0.568200005108 0.643339997903 0.0328741929069 0.0219161271591
0 0.545400004105 0.589639999084 0.0239614514633 0.0159742999219
0 0.473400000939 0.594559998976 0.0255066973185 0.0170044637575
0 0.487000001537 0.582659999237 0.033544369962 0.022362911833
0 0.526000003252 0.576459999374 0.0291116444005 0.0194077616536
0 0.59940000648 0.585439999176 0.0321828440346 0.0214552279413
0 0.470800000825 0.486060001361 0.0561075910858 0.0374050582568
0 0.443199999612 0.485800001367 0.0765245439732 0.051016359284
0 0.430999999075 0.462200001886 0.0357735446602 0.0238490282005
0 0.367399996279 0.518800000641 0.145139732345 0.0967598151813
0 0.538400003798 0.459940001935 0.0788118917019 0.0525412576692
0 0.308599993693 0.532880000332 0.0294232856352 0.019615522463
0 0.524600003191 0.714659996335 0.0234418515381 0.0156278999946
0 0.573600005345 0.602699998797 0.0312410939036 0.020827394562
0 0.673000009716 0.549639999963 0.0317961121025 0.0211974066702
0 0.658200009065 0.532900000331 0.0256990244805 0.017132681857
0 0.714600011545 0.516420000694 0.0253889661854 0.0169259763406
0 0.716600011633 0.511620000799 0.075604856063 0.0504032340509
0 0.659800009136 0.492240001225 0.0652308634969 0.043487239463
0 0.629800007816 0.468260001752 0.0426252987386 0.0284168639515
0 0.77180001406 0.583699999214 0.0524015337366 0.0349343535203
0 0.802000015388 0.623139998347 0.0240564278396 0.0160376175019
0 0.438199999392 0.576979999362 0.023342126343 0.0155614165356
0 0.481000001274 0.560919999715 0.0262942097718 0.017529472025
0 0.629600007808 0.552359999903 0.214335958485 0.142890629565
0 0.832600016734 0.577719999346 0.0619360736436 0.0412907130391
0 0.862000018026 0.599039998877 0.0558314670585 0.0372209755841
0 0.884000018994 0.61527999852 0.0622311929462 0.0414874592278
0 0.910200020146 0.625319998299 0.0789658325784 0.0526438849134
0 0.960800022371 0.647939997802 0.0928761122212 0.0619174040636
0 0.895000019477 0.667639997369 0.0242201631549 0.0161467743716
0 0.934800021227 0.687379996935 0.0588219367728 0.0392146219288
0 0.964000022511 0.700619996644 0.0317033122681 0.0211355401181
0 0.983800023382 0.471040001691 0.0225271103141 0.0150180725522
0 0.977400023101 0.429520002604 0.0225668816716 0.0150445867888
0 0.90620001997 0.442260002324 0.0286550652583 0.0191033755789
0 0.941200021509 0.346180004436 0.0436111733111 0.0290741136231
0 0.95760002223 0.423520002736 0.065673789785 0.0437825236356
0 0.882800018941 0.467540001768 0.0643721187614 0.0429147430104
0 0.888400019187 0.308920005255 0.0425947282175 0.0283964836054
0 0.872000018466 0.299040005473 0.040666015243 0.0271106750406
0 0.782000014509 0.289820005675 0.0284413684117 0.0189609110239
0 0.926600020867 0.333300004719 0.0316790735054 0.021119380944
0 0.917000020445 0.349580004362 0.0211174036625 0.0140782681798
0 0.88960001924 0.26052000632 0.0315541202104 0.0210360787528
0 0.387199997149 0.345800004445 0.0205243949131 0.0136829290396
0 0.353399995663 0.301020005429 0.0241870203569 0.0161246791744
0 0.372799996516 0.280580005879 0.0207871628875 0.0138581076776
0 0.219799989789 0.379400003706 0.0250147988364 0.0166765314577
0 0.265399991794 0.403500003176 0.0942334829321 0.0628223178112
0 0.255599991363 0.35102000433 0.0798445619264 0.0532297044401
0 0.213799989525 0.318180005052 0.0645446591783 0.0430297699474
0 0.393399997422 0.334880004685 0.0274891313058 0.0183260863285
0 0.327599994529 0.317240005073 0.0291157006833 0.0194104658419
0 0.306799993614 0.277940005937 0.0245242854264 0.0163495225393
0 0.262999991688 0.284660005789 0.0602911025933 0.0401940657445
0 0.224399989991 0.277760005941 0.0425799870924 0.0283866561894
0 0.185599988285 0.298160005492 0.0746449021265 0.0497632648022
0 0.299399993289 0.260980006309 0.0334185262634 0.0222790160395
0 0.306399993596 0.299280005467 0.121412457009 0.0809416326675
0 0.203599989076 0.203700007569 0.115795000087 0.0771966616334
0 0.116999985268 0.225500007089 0.0387150421804 0.0258100264179
0 0.0877999839844 0.258780006358 0.0507077883597 0.0338051900101
0 0.0433999820321 0.385300003576 0.0251202621876 0.0167468403538
0 0.0277999813462 0.395500003352 0.0214532836598 0.0143021881632
0 0.0509999823663 0.4251400027 0.091782103087 0.0611880646889
0 0.019199980968 0.475000001604 0.0238504478235 0.0159002975003
0 0.0261999812758 0.289040005693 0.0641366564952 0.0427577681767
0 0.0199999810032 0.23048000698 0.0592653577295 0.0395102358804
0 0.0297999814341 0.181320008061 0.0254706854425 0.0169804558417
0 0.0305999814693 0.201900007608 0.0283173055202 0.018878202435
0 0.10019998453 0.194520007771 0.0311034770917 0.0207356500269
0 0.0643999829555 0.181760008051 0.0222174477539 0.014811630859
0 0.360999995997 0.0781400103292 0.0499388754467 0.0332925814353
0 0.338199994995 0.105240009733 0.0229453031709 0.0152968677717
0 0.365199996182 0.104780009744 0.0245846349989 0.0163897555849
0 0.419199998556 0.0906800100535 0.0232173709154 0.0154782462561
0 0.434399999225 0.101880009807 0.035031739588 0.0233544915183
0 0.550800004343 0.229860006994 0.0282899008783 0.0188599326749
0 0.554000004483 0.114660009526 0.0224827880051 0.0149885243482
0 0.648800008652 0.148840008775 0.0353210218007 0.0235473463141
0 0.658200009065 0.125300009292 0.0422247160849 0.0281498088667
0 0.588000005978 0.0655800106054 0.0410001144333 0.0273334078194
0 0.626000007649 0.0257000114821 0.0320280127545 0.0213520070947
0 0.605400006744 0.0172800116673 0.0218506015006 0.0145670667063
0 0.736400012504 0.0630800106603 0.0201910871926 0.0134607239073
0 0.744400012855 0.113540009551 0.0326633651383 0.0217755753227
0 0.764200013726 0.124420009312 0.0262481066558 0.0174987366164
0 0.694200010648 0.127420009246 0.0208397956293 0.0138931961699
0 0.762600013656 0.0196600116149 0.0203800506079 0.0135866995091
0 0.602400006612 0.0425400111119 0.0481281904065 0.0320854581548
0 0.602200006603 0.0829600102233 0.0309951446625 0.0206634284122
0 0.800400015318 0.0993800098623 0.126692549928 0.0844616943811
0 0.816400016021 0.129380009203 0.0353474371054 0.023564956516
0 0.658800009092 0.164360008434 0.0264469634437 0.0176313077996
0 0.571600005257 0.155700008624 0.0847719561143 0.0565146336821
0 0.6226000075 0.153520008672 0.0357369391818 0.0238246245498
0 0.612000007034 0.101020009826 0.0231340687187 0.0154227114619
0 0.753800013269 0.224660007108 0.0218058834567 0.014537254679
0 0.877000018686 0.148120008791 0.0233938686813 0.0155959114256
0 0.815800015995 0.202680007591 0.0210800067143 0.0140533368826
0 0.83660001691 0.201900007608 0.0262659147264 0.0175106086627
0 0.946600021746 0.209580007439 0.0254537677755 0.0169691773978
0 0.91120002019 0.22318000714 0.0235847118374 0.0157231401879
0 0.963200022476 0.151500008716 0.0284437428211 0.0189624939634
0 0.963600022494 0.138520009002 0.0250997829064 0.0167331875006
0 0.927600020911 0.149780008754 0.0306554062499 0.020436936152
0 0.954400022089 0.113420009554 0.0855425509006 0.0570283635057
0 0.845000017279 0.156960008596 0.0321090394755 0.0214060249052
0 0.127799985743 0.781399994868 0.0204598901242 0.0136399258498
0 0.240399990694 0.619999998416 0.0503025558209 0.0335350350021
0 0.239199990642 0.560099999733 0.144877557973 0.0965850322781
0 0.670000009584 0.202120007603 0.158214813479 0.105476535362
