0 0.16459999849 0.69259199853 0.106931506481 0.071287675689
0 0.152599998754 0.76740000182 0.0801707305555 0.0534471572288
0 0.116199999554 0.457263988183 0.1013308694 0.0675539173892
0 0.615399988579 0.728358000103 0.122988446918 0.0819923033529
0 0.0596000007987 0.966839410589 0.036619618633 0.0244130806988
0 0.0674000006272 0.93614920924 0.0338159363468 0.0225439590515
0 0.0268000015198 0.951919409933 0.0257266218994 0.0171510823975
0 0.0260000015374 0.918348608457 0.0232969090208 0.0155312737049
0 0.0312000014231 0.897114607523 0.0231210048921 0.015414004278
0 0.0570000008559 0.812328403795 0.0273561589662 0.0182374405136
0 0.144199998939 0.973648610888 0.0206565662828 0.0137710450968
0 0.160599998578 0.888730407155 0.0209181470007 0.0139454322536
0 0.224399997176 0.876534606618 0.0238828933598 0.0159219299566
0 0.225799997145 0.890884807249 0.0232604024834 0.0155069360117
0 0.228599997083 0.917004208398 0.0411905537042 0.0274603709473
0 0.17279999831 0.953048609983 0.0364079994365 0.0242720012252
0 0.205199997598 0.981082551215 0.0284531358951 0.0189687585145
0 0.100999999889 0.841249205067 0.0329203884427 0.021946927076
0 0.225599997149 0.818746604077 0.0237866308641 0.0158577549553
0 0.224399997176 0.852277605552 0.0376106375631 0.0250737600292
0 0.211199997466 0.839177204976 0.0321444513889 0.0214296356726
0 0.0644000006932 0.809404603667 0.06049469623 0.0403298001466
0 0.0302000014451 0.78265200249 0.0792512406946 0.0528341639478
0 0.107599999743 0.782708002493 0.0290056806415 0.019337121703
0 0.144399998934 0.729444000151 0.0292151232965 0.0194767501489
0 0.125799999343 0.752702001173 0.0606535837614 0.0404357251745
0 0.0364000013088 0.838174804932 0.0263450564938 0.0175633721543
0 0.228199997092 0.97482801094 0.0225632166593 0.0150421454316
0 0.320199995069 0.98711003148 0.0280451332927 0.0186967567616
0 0.315199995179 0.958489010222 0.0245470353262 0.0163646912968
0 0.291399995703 0.826127604402 0.0351371959866 0.0234247988694
0 0.236599996907 0.829464004549 0.0457082624418 0.030472176971
0 0.19779999776 0.805723803505 0.0727754360536 0.048516960569
0 0.245599996709 0.775076002157 0.0384871901957 0.0256581284894
0 0.365999994062 0.781702002448 0.0233321294201 0.0155547539726
0 0.345799994507 0.73943200059 0.0286475406268 0.0190983616775
0 0.343199994564 0.764356001686 0.0263161678517 0.0175441130583
0 0.335999994722 0.757920001403 0.0261289852805 0.0174193246692
0 0.320399995065 0.740682000645 0.0209339763936 0.0139559851829
0 0.402199993267 0.769338001905 0.0380281378012 0.0253520935396
0 0.400999993293 0.796252003088 0.0247723073741 0.016514872672
0 0.284999995843 0.853433005603 0.020848794473 0.0138991972321
0 0.371599993939 0.807781803595 0.0210897969801 0.0140598655807
0 0.424599992774 0.794426003008 0.0288353168002 0.0192235458014
0 0.398999993337 0.822304204234 0.0201134202385 0.01340894771
0 0.414399992998 0.720989999779 0.0259261711838 0.0172841152625
0 0.370799993957 0.75195000114 0.0236289305372 0.0157526213971
0 0.401999993271 0.755270001286 0.0912968150998 0.0608645474142
0 0.430199992651 0.684319998167 0.0521449882691 0.0347633278056
0 0.273599996094 0.733442000326 0.0320465070202 0.0213643394226
0 0.262599996336 0.892366807314 0.0918520310562 0.0612346914096
0 0.248799996639 0.96207681038 0.0567430311757 0.0378286899455
0 0.368199994014 0.904331807841 0.0240510806595 0.0160340548305
0 0.415199992981 0.92455840873 0.0237475520503 0.0158317024111
0 0.36699999404 0.967370810612 0.0330879821402 0.022058656215
0 0.33019999485 0.930310008983 0.117760789908 0.0785071984499
0 0.52119999065 0.988305451533 0.0232364605266 0.0154909747061
0 0.480399991547 0.889524207189 0.0205139038792 0.0136759368215
0 0.462799991934 0.836483604857 0.0227200265828 0.0151466853876
0 0.462199991947 0.84973460544 0.0210967223395 0.0140644824873
0 0.505199991002 0.807386803578 0.0306960619372 0.0204640426412
0 0.522799990615 0.804973003472 0.0294814528322 0.0196543031845
0 0.566199989661 0.900642607678 0.0204827397619 0.0136551607419
0 0.544599990136 0.985873891426 0.0243406596161 0.016227107481
0 0.569399989591 0.825484204374 0.0258009211124 0.0172006152094
0 0.584399989261 0.844236005198 0.0452836389769 0.0301890946424
0 0.603799988834 0.851844605533 0.0544569700379 0.0363046490864
0 0.581999989314 0.79561800306 0.0219162891576 0.0146108604021
0 0.642599987981 0.888320207137 0.026674109999 0.0177827411722
0 0.635799988131 0.841589805082 0.0311128696394 0.020741914461
0 0.637799988087 0.799094003213 0.0346510357568 0.0231006920281
0 0.618199988518 0.914266008277 0.0304536743583 0.0203024509112
0 0.788799984767 0.875464406571 0.0277237966166 0.0184825322967
0 0.69539998682 0.835822004828 0.0201699113844 0.0134466084765
0 0.782999984895 0.815007803913 0.0772988829461 0.0515325920296
0 0.693399986864 0.810435203712 0.0315753847136 0.0210502578641
0 0.743399985765 0.864928406108 0.0237832671181 0.0158555124578
0 0.711199986473 0.792300002914 0.0355903123588 0.0237268764708
0 0.865199983087 0.869934406328 0.0479970937235 0.0319980645928
0 0.830999983839 0.870337806346 0.0526290708911 0.0350860495749
0 0.932799981601 0.912321808192 0.0609932231731 0.040662151464
0 0.95879998103 0.878453806703 0.0612213642984 0.0408142455576
0 0.881199982736 0.91638100837 0.0373608299562 0.0249072216136
0 0.955199981109 0.761162001545 0.0768695106633 0.0512463438222
0 0.827199983923 0.828323004498 0.0740801737645 0.049386785767
0 0.818599984112 0.818836804081 0.0342746919402 0.0228497961339
0 0.81959998409 0.770786001968 0.0375530581464 0.0250353737488
0 0.784399984864 0.859333005862 0.0572727222361 0.0381818173424
0 0.923599981803 0.654177996841 0.0200387252906 0.0133591510749
0 0.763399985325 0.585049993802 0.024882618456 0.0165884133981
0 0.92419998179 0.733360000323 0.0621827031168 0.0414551381454
0 0.717399986337 0.687551998309 0.0449889154676 0.0299926122899
0 0.628399988294 0.674649997741 0.0324899278892 0.0216599533547
0 0.696599986794 0.743438000766 0.0228229176368 0.015215279428
0 0.709799986504 0.735484000416 0.0258929294587 0.017261954111
0 0.618399988513 0.614701995105 0.0296856520008 0.0197904359725
0 0.559999989797 0.649699996644 0.0230403739219 0.0153602502944
0 0.56079998978 0.659107997058 0.0262611607113 0.0175074416289
0 0.546599990092 0.666787997396 0.0230711423044 0.0153807625507
0 0.580999989336 0.673423997687 0.0502603011753 0.0335068696602
0 0.669399987392 0.622193995435 0.0202958539918 0.0135305702203
0 0.654199987726 0.605055994681 0.0233236211214 0.0155490817731
0 0.745599985717 0.615653995147 0.0414733062352 0.0276488726471
0 0.565999989665 0.595093994243 0.0239094075929 0.0159396061132
0 0.660599987586 0.677263997856 0.0857615731989 0.0571743859036
0 0.566799989648 0.764832001707 0.0218944248087 0.0145962841685
0 0.551999989973 0.762760001616 0.0227980852766 0.0151987245202
0 0.544199990145 0.67938599795 0.0252472880952 0.0168315265069
0 0.556999989863 0.708645999236 0.0785677077219 0.0523784752692
0 0.5143999908 0.668977997492 0.027092995309 0.0180619980639
0 0.514799990791 0.604763994668 0.0228473542621 0.0152315705127
0 0.500599991103 0.607937994808 0.0241422975361 0.0160948660856
0 0.487599991389 0.6168559952 0.0206124418501 0.0137416288064
0 0.486799991407 0.658519997032 0.0208404840417 0.0138936569442
0 0.472799991714 0.672383997642 0.0436362938431 0.0290908644808
0 0.448799992242 0.659573997078 0.0427351067178 0.0284900730243
0 0.429599992664 0.633165995917 0.0429227839575 0.0286151911924
0 0.355799994287 0.570661993169 0.0249772980123 0.0166515331065
0 0.36519999408 0.594959994237 0.0198850812457 0.0132567217048
0 0.390599993522 0.660009997098 0.0387867614566 0.0258578426765
0 0.371199993948 0.670379997554 0.023585300773 0.0157235348857
0 0.379999993755 0.641335996277 0.0683035336218 0.0455356920845
0 0.525399990558 0.679333997947 0.0230168277 0.015344552812
0 0.497599991169 0.672097997629 0.0218351635189 0.0145567766394
0 0.538399990272 0.690605998443 0.0254478267167 0.0169652189301
0 0.34519999452 0.680273997989 0.0536684684033 0.0357789812954
0 0.315199995179 0.65300799679 0.0262305901963 0.0174870612842
0 0.235599996929 0.695425998655 0.0285858059944 0.0190572052532
0 0.210399997483 0.686879998279 0.0198898300636 0.0132598875836
0 0.26239999634 0.671845997618 0.0278549827103 0.0185699896984
0 0.270199996169 0.656537996945 0.0254310079867 0.0169540064427
0 0.135399999132 0.661313997155 0.0258953038676 0.0172635370504
0 0.14959999882 0.608135994817 0.0235577972028 0.015705199171
0 0.296199995597 0.601645994531 0.0297820134302 0.0198546769297
0 0.289199995751 0.626739995635 0.0310004809497 0.0206669886629
0 0.309599995302 0.574113993321 0.0263483213061 0.0175655486959
0 0.32879999488 0.572413993246 0.032681265676 0.0217875118877
0 0.316799995144 0.618057995253 0.0225781556488 0.0150521047587
0 0.308999995316 0.608253994822 0.0233659647474 0.015577310859
0 0.22739999711 0.740146000621 0.033560390585 0.022373595199
0 0.114799999585 0.684655998181 0.0646217157637 0.0430811466839
0 0.0194000016825 0.562813992824 0.0198653934382 0.013243596499
0 0.141799998992 0.5759239934 0.0231109136541 0.0154072767856
0 0.132599999194 0.563799992867 0.0198711315932 0.0132474219359
0 0.0216000016342 0.523979991116 0.0201174765204 0.0134116518982
0 0.0104000018804 0.469135988705 0.0210897969801 0.0140598655807
0 0.0740000004821 0.514157990684 0.0258856083645 0.0172570733812
0 0.0692000005877 0.530093991385 0.0284911264381 0.0189940855448
0 0.0606000007767 0.531771991459 0.0244595779303 0.0163063863624
0 0.0508000009922 0.501811990142 0.0676520551697 0.0451013730878
0 0.111199999664 0.363293984051 0.0292554882484 0.0195036601186
0 0.123999999383 0.353247983609 0.0251018555478 0.016734571469
0 0.13959999904 0.345405983264 0.0209987779709 0.0139991862372
0 0.136599999106 0.334895982802 0.023629326272 0.0157528852203
0 0.0906000001172 0.387489985115 0.0393033932678 0.0262022639067
0 0.0674000006272 0.296599981118 0.0235969749502 0.0157313176711
0 0.0666000006448 0.308807981655 0.0372677333391 0.0248451571981
0 0.172399998319 0.280817980424 0.0205769246497 0.0137179506713
0 0.180599998139 0.283579980546 0.044572602434 0.0297150702492
0 0.178199998191 0.31050798173 0.0647859457152 0.0431906333255
0 0.251199996586 0.324935982364 0.0205096497298 0.0136731007217
0 0.24239999678 0.330177982595 0.0293958751768 0.0195972514104
0 0.229999997052 0.26753197984 0.0231972827792 0.0154648562061
0 0.208599997523 0.257395979394 0.0417202447646 0.0278134983442
0 0.172199998323 0.251095979117 0.0215322285121 0.0143548199548
0 0.135799999123 0.507289990382 0.0260845640466 0.0173897105114
0 0.161599998556 0.512767990623 0.040294708999 0.0268631411045
0 0.160799998574 0.529353991353 0.0218351635189 0.0145567766394
0 0.156599998666 0.548349992188 0.0379595767431 0.0253063861645
0 0.134999999141 0.542623991936 0.0258147718312 0.0172098490225
0 0.111599999655 0.537967991731 0.0228025372934 0.0152016925316
0 0.11459999959 0.529725991369 0.0298546307702 0.0199030884928
0 0.196399997791 0.463959988477 0.0239841025407 0.0159894027484
0 0.200799997694 0.496865989924 0.0432046460851 0.0288030992898
0 0.250799996595 0.510839990539 0.0819847789834 0.0546565229272
0 0.378999993777 0.531519991448 0.0271201031443 0.0180800699554
0 0.372399993922 0.54657599211 0.0271247530285 0.0180831698784
0 0.425599992752 0.540423991839 0.0234024712848 0.0156016485522
0 0.47119999175 0.523659991102 0.0457918614232 0.0305279096289
0 0.476399991635 0.510289990514 0.0350635893096 0.0233757277481
0 0.442599992378 0.441789987502 0.0419833094881 0.0279888748381
0 0.412599993038 0.476687989037 0.0290107262605 0.0193404854493
0 0.388199993574 0.398729985609 0.0206594353603 0.0137729578153
0 0.382799993693 0.424777986754 0.0814782384102 0.0543188291894
0 0.306799995364 0.384301984975 0.026450223023 0.0176334831783
0 0.244399996736 0.415667986354 0.0206467718459 0.0137645154718
0 0.311399995263 0.495167989849 0.0681392047366 0.0454261394872
0 0.392399993482 0.492651989739 0.0272765173331 0.0181843460881
0 0.321199995047 0.36464598411 0.0230323602918 0.0153549078739
0 0.368799994001 0.328573982524 0.0221520481783 0.0147680330929
0 0.36699999404 0.355901983726 0.0897981673257 0.0598654488322
0 0.332999994788 0.32278998227 0.0247271936043 0.0164847968235
0 0.325399994955 0.301829981348 0.0207872577081 0.0138581727194
0 0.318199995113 0.260267979521 0.030006296141 0.0200041987467
0 0.445399992317 0.408213986026 0.029599183942 0.0197327905962
0 0.292399995681 0.357491983796 0.0222427703865 0.014828514569
0 0.3551999943 0.263393979658 0.0431002710256 0.0287335159122
0 0.377799993803 0.253985979245 0.020194941612 0.013463295296
0 0.424399992778 0.302743981388 0.0338949843777 0.0225966577422
0 0.40159999328 0.464361988495 0.0209100344368 0.0139400238773
0 0.593399989063 0.46105798835 0.0299106272476 0.0199404194803
0 0.61079998868 0.445755987677 0.0394193435709 0.0262795641139
0 0.653399987744 0.476191989015 0.0354701079063 0.0236467401639
0 0.646599987893 0.442851987549 0.02668588311 0.0177905899134
0 0.639999988038 0.426965986851 0.0416479242258 0.0277652846484
0 0.613799988614 0.411229986159 0.033533480617 0.0223556552192
0 0.652599987761 0.408549986041 0.0367142981894 0.0244762004073
0 0.685199987045 0.436159987255 0.0315032620421 0.02100217608
0 0.699599986728 0.429937986981 0.0232092537576 0.0154728368589
0 0.674399987282 0.359695983893 0.0218104300925 0.0145402876874
0 0.634199988166 0.357347983789 0.0300690201105 0.0200460147291
0 0.651999987775 0.367619984241 0.0339047788146 0.0226031873672
0 0.565999989665 0.537857991727 0.0211691418121 0.0141127621389
0 0.592999989072 0.576903993443 0.0276009209541 0.018400615183
0 0.573599989498 0.565483992941 0.049637117763 0.0330914140246
0 0.468199991816 0.568345993067 0.146201262289 0.0974675146209
0 0.433799992572 0.58568799383 0.0203035708208 0.0135357147733
0 0.789799984745 0.534113991562 0.0405400645892 0.0270267115087
0 0.696199986803 0.451213987917 0.0215146183124 0.014343079821
0 0.71179998646 0.451101987912 0.033127060954 0.0220847087593
0 0.716999986346 0.429241986951 0.0199628431384 0.01330856297
0 0.729399986073 0.424643986748 0.0203675809284 0.0135783881812
0 0.760599985387 0.399621985648 0.0226538399337 0.0151025609519
0 0.726199986143 0.393819985393 0.021251553589 0.0141677033271
0 0.79459998464 0.476637989035 0.0281325906886 0.0187550616961
0 0.816599984156 0.47062798877 0.0262408793017 0.0174939206883
0 0.858399983237 0.407879986011 0.0281029105769 0.0187352749536
0 0.894399982445 0.487105989495 0.0610168683287 0.0406779149021
0 0.927199981724 0.5008739901 0.0425913560434 0.028394239235
0 0.924399981786 0.536935991686 0.0328649855676 0.0219099918235
0 0.863799983118 0.532527991492 0.0317397135988 0.0211598104615
0 0.821599984046 0.544267992008 0.037097666299 0.0247317791639
0 0.966799980854 0.449785987854 0.028035635657 0.0186904250041
0 0.974199980691 0.426069986811 0.0263047904756 0.0175365281403
0 0.968199980823 0.487185989498 0.022086257264 0.0147241724805
0 0.974599980682 0.462247988402 0.0201470576984 0.0134313726848
0 0.97059998077 0.416077986372 0.0249525645859 0.0166350441544
0 0.910199982098 0.391175985277 0.0361289074527 0.0240859398904
0 0.904399982226 0.328979982542 0.0285143758589 0.0190095851597
0 0.898399982357 0.310251981719 0.0214366585523 0.0142911066441
0 0.921399981852 0.326073982414 0.0281397139154 0.0187598105142
0 0.95739998106 0.32437998234 0.0324795398501 0.0216530279949
0 0.934599981562 0.34757798336 0.0409849694638 0.027323314778
0 0.980799980546 0.341017983071 0.0203604577016 0.013573639363
0 0.991799980304 0.333065982722 0.0226211918108 0.0150807955352
0 0.980999980542 0.286515980675 0.0321920385013 0.0214613604164
0 0.931799981623 0.287929980737 0.0220249183665 0.0146832798794
0 0.840599983628 0.280365980404 0.0222582040446 0.0148388036751
0 0.964799980898 0.205979977134 0.0315110778049 0.0210073865888
0 0.923599981803 0.184715976199 0.0197947547724 0.013196504052
0 0.895799982415 0.210953977352 0.0307678878076 0.0205119265579
0 0.886999982608 0.200267976883 0.0220155196645 0.0146770140777
0 0.933399981588 0.143461974385 0.0253775837856 0.0169183903063
0 0.958999981025 0.134907974009 0.0299849264606 0.0199899522922
0 0.939799981447 0.120657973382 0.0357593900618 0.0238395949469
0 0.898799982349 0.110461972934 0.0240189272051 0.0160126191929
0 0.856799983272 0.158635975052 0.0223986899067 0.0149324609227
0 0.776799985031 0.19021397644 0.0277728677346 0.0185152463776
0 0.771799985141 0.209467977287 0.0218131013026 0.0145420684942
0 0.759199985418 0.232293978291 0.0246766384807 0.0164510934055
0 0.760599985387 0.192339976534 0.0205859276169 0.0137239526498
0 0.805999984389 0.117787973256 0.0422233226582 0.0281488836287
0 0.842399983589 0.103085972609 0.0499026558292 0.0332684394137
0 0.860599983189 0.0752659713861 0.0571442073524 0.0380961407476
0 0.755999985488 0.159679975098 0.0229816073007 0.0153210725443
0 0.719399986293 0.149143974635 0.0327986999847 0.021865801432
0 0.715599986376 0.123735973517 0.0198384834703 0.0132256565192
0 0.671999987335 0.177393975877 0.0283490576367 0.0188993730043
0 0.64039998803 0.215497977552 0.0317653374286 0.0211768930158
0 0.746599985695 0.180697976022 0.0400795281891 0.0267196872217
0 0.720199986275 0.215347977546 0.0237873234 0.015858216646
0 0.739599985849 0.242803978753 0.0409149244001 0.0272766180658
0 0.730799986042 0.265311979743 0.0385170681748 0.0256780471435
0 0.744599985739 0.273023980082 0.0279624247147 0.018641617706
0 0.678999987181 0.314745981916 0.0228429022453 0.0152286025013
0 0.632599988201 0.271505980015 0.0291340965915 0.019422732342
0 0.603399988843 0.299691981254 0.0298545318365 0.019903022537
0 0.577199989419 0.238291978554 0.0206162013309 0.0137441351271
0 0.636999988104 0.163911975284 0.041660290939 0.0277735291245
0 0.599999988918 0.175179975779 0.0309834643523 0.0206556442639
0 0.698799986746 0.191309976489 0.102001639925 0.0680010977685
0 0.540999990215 0.290181980836 0.0290952156451 0.0193968117094
0 0.543399990162 0.281941980474 0.0314943580086 0.0209962400572
0 0.530199990452 0.328599982525 0.0229432210229 0.0152954816908
0 0.470999991754 0.331097982635 0.0205844436113 0.0137229633127
0 0.630999988236 0.133151973931 0.0314314361718 0.0209542921633
0 0.493199991266 0.130409973811 0.024820092354 0.0165467293273
0 0.444399992339 0.158445975044 0.0223364606058 0.0148909747193
0 0.427599992708 0.155315974906 0.0234736046192 0.0156490707783
0 0.441399992405 0.181951976077 0.0225166188839 0.015011080246
0 0.46299999193 0.187315976313 0.041101216568 0.0274008128526
0 0.376199993838 0.208993977266 0.0271116937793 0.0180744637117
0 0.393799993451 0.186613976282 0.0217157505362 0.014477167979
0 0.358599994225 0.201289976927 0.0252134527679 0.0168089696206
0 0.489999991336 0.218841977699 0.057318132807 0.0382120910583
0 0.427999992699 0.219469977727 0.216814205403 0.144542813135
0 0.490999991314 0.159483975089 0.0215940620781 0.0143960423349
0 0.485199991442 0.1528999748 0.0252207738621 0.0168138503504
0 0.542999990171 0.185691976242 0.0212260286929 0.0141506867286
0 0.359999994194 0.31415998189 0.0270503548818 0.0180335711106
0 0.29059999572 0.229139978152 0.0446742073497 0.0297828068642
0 0.256399996472 0.237547978522 0.0551040954069 0.0367360660276
0 0.18599999802 0.224911977966 0.0230433419331 0.0153622289686
0 0.205799997584 0.166681975406 0.0577166377736 0.0384777610536
0 0.303999995426 0.205607977117 0.0272902691181 0.0181935139454
0 0.314599995192 0.122573973466 0.0528461314415 0.035230756618
0 0.327399994911 0.101413972536 0.0206513227964 0.013767549439
0 0.343599994555 0.175263975783 0.0817154814365 0.0544769912174
0 0.259599996402 0.179097975952 0.135713300146 0.0904755393981
0 0.176799998222 0.143833974401 0.0275487828912 0.0183658564721
0 0.153599998732 0.163525975267 0.039073372402 0.0260489166528
0 0.0858000002227 0.136663974086 0.0213498936924 0.0142332634004
0 0.0178000017177 0.177563975884 0.0210547744483 0.0140365172247
0 0.0850000002403 0.218539977686 0.180628213202 0.120418816744
0 0.200799997694 0.246881978932 0.0287286662655 0.0191524454402
0 0.0364000013088 0.163299975257 0.026746034803 0.0178306910447
0 0.0678000006184 0.0516399703473 0.0290079561167 0.0193386386866
0 0.183799998068 0.0893799720067 0.0401677770546 0.0267785198026
0 0.127199999313 0.0513399703341 0.0543058982692 0.0362039345674
0 0.0722000005217 0.0279679693064 0.0254413960258 0.0169609318026
0 0.156799998662 0.0113939685776 0.0199234675235 0.0132823125584
0 0.110199999686 0.0286739693374 0.0352012060942 0.0234674722773
0 0.224799997167 0.105113972699 0.0208422648484 0.0138948441487
0 0.199599997721 0.111801972993 0.0319059222244 0.0212706162192
0 0.23419999696 0.0624059708206 0.0204884779168 0.0136589861788
0 0.24739999667 0.0282879693205 0.0350279731755 0.0233519836572
0 0.232199997004 0.0242499691429 0.0209277435702 0.013951829967
0 0.294799995628 0.063619970874 0.0343528495677 0.0229019012223
0 0.281799995914 0.11515597314 0.0346138366834 0.0230758926443
0 0.388199993574 0.0953179722678 0.0429521672681 0.0286347800674
0 0.414399992998 0.0844639717905 0.0281096380688 0.0187397599486
0 0.360599994181 0.0377039697345 0.0198372962658 0.0132248650495
0 0.30699999536 0.0387599697809 0.0249325799773 0.0166217210812
0 0.355999994282 0.0550879704989 0.0952976941587 0.0635318002961
0 0.463199991925 0.0187179688997 0.0243662834459 0.0162441900353
0 0.484599991455 0.056227970549 0.0353551469403 0.0235700995148
0 0.518399990712 0.0950379722555 0.0285736371486 0.0190490926888
0 0.558399989832 0.0456559700841 0.0203110897825 0.0135407274147
0 0.579399989371 0.028981969351 0.0228322174051 0.015221479274
0 0.602799988856 0.0378179697395 0.0321538500909 0.0214359014744
0 0.585199989243 0.0687019710975 0.0314425167468 0.0209616792138
0 0.607599988751 0.0758719714128 0.0211533124192 0.0141022092096
0 0.679999987159 0.0942599722213 0.0216803322695 0.0144535557996
0 0.782399984908 0.0291579693587 0.0248769792347 0.016584653917
0 0.793399984666 0.0431499699739 0.0213239730615 0.0142159829787
0 0.789799984745 0.0783239715206 0.0232078686857 0.0154719134776
0 0.94239998139 0.076059971421 0.0198822121682 0.0132548089864
0 0.977199980625 0.0129359686454 0.0266379002627 0.0177586013464
0 0.959399981016 0.00941396849056 0.0274824973083 0.0183216660806
0 0.253799996529 0.487569989515 0.477305663203 0.318203796456
0 0.714399986403 0.553053992395 0.179201589166 0.11946773399
