0 0.148399986649 0.898299970313 0.1506730956 0.100448723775
0 0.342799995197 0.656237975634 0.11296351687 0.0753090062794
0 0.778800014368 0.882601970658 0.132744325904 0.0884962114322
0 0.0205999810296 0.0786439883329 0.0267553398654 0.0178368920671
0 0.0365999817331 0.160227986539 0.0199621545523 0.0133081021571
0 0.0443999820761 0.133075987136 0.0635725363936 0.0423816881337
0 0.0231999811439 0.0252619895065 0.0205622865299 0.0137081901158
0 0.0713999832633 0.0138059897584 0.0215173927138 0.0143449275297
0 0.127399985726 0.0245519895221 0.0318524053922 0.0212349355275
0 0.141199986332 0.0533419888891 0.0367790081103 0.024519337123
0 0.129799985831 0.0740579884337 0.0381927710446 0.0254618456837
0 0.103799984688 0.094603987982 0.0295974089917 0.019731604693
0 0.147199986596 0.103283987791 0.0226196133472 0.0150797412369
0 0.0685999831402 0.10515398775 0.0593693370748 0.0395795554394
0 0.244799990888 0.121499987391 0.0293637275326 0.0195758170639
0 0.256399991398 0.0872779881431 0.0968701656447 0.0645801061704
0 0.167799987502 0.0649499886339 0.0402008288668 0.0268005508102
0 0.209199989322 0.0584859887761 0.0331789087808 0.0221192710616
0 0.303599993473 0.071087988499 0.0226790725161 0.0151193806802
0 0.365199996182 0.0712039884965 0.0265790399669 0.0177193588092
0 0.331799994713 0.0817799882639 0.063317782051 0.0422118519165
0 0.484800001441 0.110257987638 0.0685333701806 0.0456889104403
0 0.480200001238 0.149643986772 0.0442395014004 0.0294929989884
0 0.499000002065 0.180799986087 0.0313563516936 0.0209042330836
0 0.411199998204 0.18749998594 0.0950221825901 0.0633481175486
0 0.307799993658 0.135547987082 0.119587129778 0.0797247479268
0 0.325399994432 0.208047985488 0.0202378828447 0.0134919210066
0 0.238999990633 0.142261986934 0.109310883732 0.0728739176816
0 0.188399988408 0.14473398688 0.0540837038676 0.0360558002003
0 0.173799987766 0.168713986353 0.0301671683156 0.0201114442173
0 0.175599987845 0.189973985885 0.0199255490739 0.0132836985065
0 0.617400007271 0.0226079895648 0.0326780073297 0.0217853367829
0 0.59280000619 0.0580519887856 0.0488524842094 0.0325683206582
0 0.684800010235 0.0288619894273 0.0220985294161 0.0147323519724
0 0.730200012231 0.0243139895273 0.0249093354853 0.0166062225616
0 0.709000011299 0.104397987767 0.0242906039673 0.0161937349101
0 0.660400009162 0.111159987618 0.0200701901803 0.0133801259044
0 0.624000007561 0.117813987472 0.0600508915083 0.0400339250317
0 0.67400000976 0.143665986903 0.0465734469136 0.0310489625612
0 0.65080000874 0.133029987137 0.0728095825887 0.0485397185243
0 0.690200010472 0.105355987746 0.0589719203003 0.0393146109405
0 0.751600013172 0.0869019881513 0.0816204222953 0.0544136112746
0 0.773400014131 0.0342099893098 0.0226365310142 0.0150910196808
0 0.801400015362 0.0204519896122 0.023530100421 0.0156867325794
0 0.834000016795 0.028469989436 0.033252317605 0.0221682102745
0 0.813800015907 0.143661986903 0.0277649585319 0.0185099711338
0 0.797000015168 0.130895987184 0.0426544841876 0.0284363209162
0 0.787800014764 0.183747986022 0.0497529789769 0.0331686504636
0 0.778800014368 0.207299985504 0.0231656285771 0.0154437513661
0 0.661400009206 0.188077985927 0.0867245121166 0.0578163375977
0 0.556600004598 0.149003986786 0.0293082257127 0.0195388158531
0 0.808000015652 0.169797986329 0.0199574057335 0.0133049362781
0 0.872800018501 0.152671986705 0.0457705997329 0.0305137311427
0 0.867600018273 0.0702979885164 0.0487543419539 0.0325028924922
0 0.934000021192 0.105785987736 0.0778619300717 0.0519079499575
0 0.913200020278 0.267837984173 0.0202621216074 0.0135080801806
0 0.932600021131 0.258373984381 0.0198236473369 0.0132157640196
0 0.933000021148 0.313407983172 0.0654118132804 0.0436078726441
0 0.94600002172 0.249285984581 0.15951084528 0.106340556506
0 0.841600017129 0.259459984358 0.0206451929917 0.0137634610867
0 0.787000014729 0.275325984009 0.0448339941557 0.0298893274657
0 0.799000015256 0.291533983652 0.0330355538129 0.0220237010893
0 0.776000014245 0.290421983677 0.021849018561 0.0145660114133
0 0.884200019003 0.287315983745 0.101856227532 0.0679041472092
0 0.986800023514 0.333599982728 0.0290901757821 0.0193934492423
0 0.97420002296 0.315853983118 0.0472131523814 0.0314754328449
0 0.966600022626 0.359379982161 0.040530970708 0.0270206453565
0 0.737400012548 0.252951984501 0.0409686535087 0.0273124338711
0 0.733600012381 0.359005982169 0.0257669919498 0.0171779935002
0 0.753800013269 0.381285981679 0.045199752138 0.0301331661046
0 0.685400010261 0.286749983758 0.170822927429 0.113881944108
0 0.662000009232 0.357705982198 0.0299827558517 0.0199885025828
0 0.616400007227 0.236099984871 0.021584667647 0.0143897774822
0 0.608800006893 0.251295984537 0.0316081380244 0.0210720906265
0 0.568400005117 0.249145984584 0.0359717089119 0.0239811376929
0 0.562400004853 0.228531985038 0.0314451941789 0.0209634614033
0 0.551000004352 0.232545984949 0.0306515478346 0.0204343638753
0 0.541400003929 0.205305985548 0.0597627965003 0.0398418617057
0 0.542200003965 0.143777986901 0.0212607586304 0.0141738381521
0 0.533200003569 0.187611985937 0.0380432821857 0.025362186451
0 0.46660000064 0.272161984078 0.0455504721942 0.0303669794599
0 0.458800000297 0.307171983309 0.040462211769 0.0269748060668
0 0.43179999911 0.285701983781 0.0215723009313 0.0143815330057
0 0.351399995575 0.235361984887 0.0894385610024 0.0596257034023
0 0.293399993025 0.237213984847 0.077319080721 0.0515460504142
0 0.215199989586 0.214927985337 0.0263817661187 0.0175878429191
0 0.450599999937 0.358543982179 0.0274625181337 0.0183083442149
0 0.437799999374 0.389151981506 0.0343682900262 0.0229121918396
0 0.407399998037 0.386493981565 0.0561915858186 0.0374610547416
0 0.438999999427 0.367303981987 0.0802716588185 0.0535144356827
0 0.414999998372 0.342637982529 0.0502768330523 0.0335178864908
0 0.384399997026 0.318089983069 0.0351467005768 0.0234311321724
0 0.359399995927 0.317375983084 0.0275728292374 0.0183818849459
0 0.33399999481 0.354141982276 0.0230640236412 0.0153760147467
0 0.294399993069 0.327785982855 0.0988905901825 0.0659270557734
0 0.349199995478 0.291717983648 0.0751258189651 0.0500838760068
0 0.125399985638 0.194621985783 0.0264902964153 0.0176601964454
0 0.127799985743 0.211875985404 0.0292604407234 0.0195069591956
0 0.0369999817507 0.225393985107 0.0236119186118 0.0157412780363
0 0.166199987432 0.300057983465 0.0930550833302 0.0620367181285
0 0.209999989358 0.322961982961 0.0224736861024 0.0149824564134
0 0.146199986552 0.321915982984 0.0525186712673 0.0350124452023
0 0.0781999835623 0.313905983161 0.0593884312838 0.0395922849112
0 0.0847999838525 0.352211982318 0.020875906439 0.0139172700414
0 0.0729999833336 0.364501982048 0.0355711262582 0.0237140826081
0 0.11179998504 0.343169982517 0.0657639184087 0.0438426093808
0 0.0277999813462 0.525663978505 0.0307154590212 0.0204769713302
0 0.0819999837294 0.381753981669 0.0202999142904 0.013533275301
0 0.087199983958 0.409387981061 0.0224789295899 0.0149859520715
0 0.114599985163 0.555327977853 0.0381880222258 0.0254586798047
0 0.065799983017 0.560949977729 0.0221196022996 0.0147464005605
0 0.197799988821 0.486195979373 0.0532986647575 0.0355324408281
0 0.153799986886 0.472833979667 0.0740744502665 0.0493829635872
0 0.162199987256 0.487889979335 0.0203119842049 0.0135413219101
0 0.190199988487 0.461595979914 0.0329865816188 0.0219910529621
0 0.210199989366 0.43311798054 0.0303350588474 0.0202233712311
0 0.217599989692 0.412783980987 0.0425522856494 0.0283681885619
0 0.155799986974 0.392541981432 0.103893272935 0.0692621773887
0 0.28419999262 0.389379981501 0.0230611545632 0.0153741020281
0 0.284999992655 0.405973981136 0.105867990092 0.0705786554063
0 0.215799989613 0.333407982732 0.0310693449565 0.0207128952715
0 0.483000001362 0.417685980879 0.045192925711 0.0301286151535
0 0.492600001784 0.430709980593 0.0381296513279 0.0254197658753
0 0.331599994704 0.436197980472 0.0484764371195 0.0323176226148
0 0.408199998073 0.48586397938 0.0636787912146 0.0424525246764
0 0.45500000013 0.506579978925 0.0388219895374 0.0258813246513
0 0.495200001898 0.515497978729 0.0255406315863 0.0170270866012
0 0.491400001731 0.526129978495 0.0302443366213 0.020162889751
0 0.327799994537 0.542669978131 0.0289639363487 0.0193092896256
0 0.244199990861 0.579305977326 0.093732581481 0.0624883835325
0 0.151999986807 0.560671977735 0.0453022474774 0.0302014963263
0 0.17139998766 0.586931977158 0.0362601007211 0.0241733988864
0 0.504600002311 0.405581981145 0.0199660129676 0.0133106744338
0 0.551800004387 0.502389979017 0.0299232966828 0.0199488631394
0 0.539400003841 0.524233978536 0.0240511843521 0.0160341218439
0 0.612000007034 0.455431980049 0.0458536051285 0.0305690680694
0 0.669200009549 0.518447978664 0.0259474470647 0.0172982969022
0 0.637800008168 0.523869978544 0.0533470433491 0.0355646932204
0 0.785400014658 0.523251978558 0.0214762362841 0.0143174899117
0 0.757200013418 0.430987980586 0.024418921009 0.016279279599
0 0.819600016162 0.509827978853 0.0207272090499 0.0138181384552
0 0.815600015986 0.551453977938 0.0357881868515 0.0238587896607
0 0.797200015177 0.556221977833 0.0304748522013 0.0203165667942
0 0.91440002033 0.486099979375 0.0931888417268 0.062125890387
0 0.952400022001 0.416793980899 0.0262901534891 0.0175267678367
0 0.836000016883 0.72012797423 0.0324635190132 0.0216423445814
0 0.779000014377 0.687645974944 0.056007766957 0.037338508842
0 0.770600014007 0.589251977107 0.0228569553542 0.0152379692311
0 0.762000013629 0.560147977747 0.0368984211167 0.0245989457887
0 0.740000012662 0.558283977788 0.0376827676908 0.0251218434702
0 0.719600011765 0.607029976716 0.0483499998186 0.0322333310864
0 0.752400013207 0.620673976416 0.0204040915031 0.0136027267716
0 0.703200011044 0.566793977601 0.0261366083474 0.0174244044157
0 0.716400011624 0.657093975615 0.181239659365 0.120826431607
0 0.676600009874 0.757195973415 0.0294329811403 0.0196219861327
0 0.646800008564 0.724399974136 0.0275179210199 0.0183452794699
0 0.629000007781 0.719341974247 0.0212469079089 0.0141646043383
0 0.591800006146 0.718551974264 0.0246789188391 0.0164526114742
0 0.445599999717 0.733011973946 0.0274907142454 0.0183271416215
0 0.413999998328 0.713147974383 0.0940345272106 0.0626896806723
0 0.450599999937 0.730435974003 0.080174604834 0.0534497330307
0 0.4201999986 0.620627976417 0.0302965736283 0.02019771442
0 0.266599991846 0.656459975629 0.114126977479 0.0760846466345
0 0.233999990413 0.62730597627 0.0959530500113 0.0639686957884
0 0.232999990369 0.595911976961 0.0221554163082 0.0147702765646
0 0.201599988988 0.641777975952 0.0685922357472 0.0457281541488
0 0.271799992075 0.725249974117 0.0406680928513 0.0271120601127
0 0.219399989771 0.752507973518 0.0276793808596 0.018452919356
0 0.159199987124 0.75193397353 0.0349626838477 0.0233084543611
0 0.074599983404 0.761345973323 0.0464568040515 0.0309712006583
0 0.0245999812055 0.765999973221 0.0459633226298 0.0306422130655
0 0.0329999815748 0.7805919729 0.0242116548545 0.0161411021718
0 0.058999982718 0.673661975251 0.0286163821717 0.0190775868562
0 0.0663999830434 0.607407976708 0.0709073838526 0.0472715861173
0 0.125599985646 0.579471977322 0.0324800409454 0.0216533592021
0 0.12339998555 0.591139977066 0.0242671566744 0.0161781033826
0 0.145199986508 0.593611977011 0.0384528678084 0.0256352435148
0 0.158399987089 0.631093976187 0.0656079988576 0.0437386630203
0 0.0379999817947 0.635165976098 0.0266402799429 0.0177601854572
0 0.0441999820673 0.549581977979 0.0271115012764 0.0180743329922
0 0.0141999807482 0.796179972558 0.0234733124627 0.015648873943
0 0.155399986957 0.837695971645 0.0238549987749 0.0159033314677
0 0.208399989287 0.835229971699 0.0941156528653 0.0627437644386
0 0.197599988812 0.801613972438 0.0365758971722 0.0243839298399
0 0.316599994045 0.907437970112 0.0658026014953 0.0438683981035
0 0.377399996718 0.844551971494 0.133075753883 0.0887171634041
0 0.305199993544 0.791333972664 0.0213749281494 0.0142499511597
0 0.451399999972 0.907159970118 0.162276042902 0.108184021466
0 0.528800003375 0.943589969317 0.0232664420431 0.0155109603391
0 0.552000004396 0.92750396967 0.0253130840181 0.0168753882324
0 0.599200006471 0.956787969027 0.0241636719978 0.0161091136027
0 0.641200008318 0.92887196964 0.0335299256381 0.0223532822844
0 0.645000008485 0.943359969322 0.125352987287 0.0835686526797
0 0.663600009303 0.902629970217 0.0278179870087 0.0185453234493
0 0.536200003701 0.887203970556 0.0207490734032 0.0138327146898
0 0.702400011009 0.943817969312 0.0307021029682 0.0204680672955
0 0.513200002689 0.815785972127 0.0209836452659 0.0139890959213
0 0.581400005688 0.770191973129 0.0228410270244 0.0152273503453
0 0.630200007834 0.833889971729 0.0203362229676 0.0135574810842
0 0.637800008168 0.845065971483 0.0444277722796 0.0296185128996
0 0.644800008476 0.814123972163 0.139593507705 0.0930623323321
0 0.659600009127 0.855837971246 0.0224217458966 0.0149478296119
0 0.678600009962 0.859703971161 0.0372045220627 0.0248030130726
0 0.550000004308 0.706827974522 0.114289228789 0.076192814167
0 0.736200012495 0.941419969365 0.0798003385512 0.0532002221919
0 0.762200013638 0.821425972003 0.0200604946752 0.0133736622347
0 0.725600012029 0.872663970876 0.0208545367544 0.0139030235859
0 0.826000016443 0.821017972012 0.038289132493 0.0255260866451
0 0.795200015089 0.812783972193 0.0335266608252 0.0223511057426
0 0.795200015089 0.832215971765 0.0200233945282 0.0133489288051
0 0.902400019803 0.85655597123 0.0760115726076 0.0506743783961
0 0.881800018897 0.889851970498 0.0304532846491 0.0203021884271
0 0.873800018545 0.897681970326 0.0727299409399 0.0484866240953
0 0.898600019636 0.889265970511 0.0322159868326 0.0214773231385
0 0.896800019557 0.921791969796 0.0477202866572 0.0318135223398
0 0.843400017209 0.8943199704 0.0642027442237 0.0428018266594
0 0.865400018176 0.931401969585 0.0524797903133 0.0349865245679
0 0.899200019662 0.952109969129 0.0638091858645 0.0425394544373
0 0.909000020093 0.98709196836 0.0357591003363 0.0238393986518
0 0.989400023628 0.974603968635 0.0240557353035 0.0160371558112
0 0.988400023584 0.953153969107 0.0224378720939 0.0149585804093
0 0.949800021887 0.951429969144 0.0412737651175 0.0275158415968
0 0.955000022116 0.834935971706 0.0223708939618 0.0149139283242
0 0.941400021518 0.896791970346 0.0835244018385 0.0556829308864
0 0.985600023461 0.828789971841 0.0265599457579 0.0177066293374
0 0.959000022292 0.817167972096 0.0234395760624 0.0156263830109
0 0.51140000261 0.78288197285 0.190491941353 0.126994619193
0 0.327799994537 0.0352279892874 0.0249209107311 0.0166139393916
0 0.815600015986 0.0533219888896 0.059799995581 0.0398666610912
0 0.889800019249 0.12745998726 0.034205939783 0.0228039583513
0 0.84480001727 0.163247986473 0.0297742035588 0.01984946773
0 0.641800008344 0.272425984073 0.0463752826619 0.0309168530688
0 0.324599994397 0.397419981325 0.0298516686657 0.0199011111312
0 0.906800019996 0.592577977034 0.055826619306 0.0372177437493
0 0.0909999841251 0.635343976094 0.0582250696081 0.0388167105119
0 0.0993999844944 0.745171973679 0.030721988647 0.0204813244138
0 0.145399986517 0.974979968627 0.0324965628775 0.0216643738228
0 0.256599991407 0.76470597325 0.0411515819668 0.0274343861684
0 0.642600008379 0.816317972115 0.0386157127202 0.0257438067822
0 0.717400011668 0.82425797194 0.0436970477847 0.0291313632684
0 0.762000013629 0.829823971818 0.0480226281216 0.0320150833029
0 0.879200018783 0.814005972166 0.0399823832013 0.0266549203762
