0 0.0194000016825 0.919419991833 0.0313859287373 0.0209239524915
0 0.0376000012824 0.872439992866 0.0425870057692 0.0283913371795
0 0.0130000018232 0.85363999328 0.0387848842743 0.0258565895162
0 0.0948000000248 0.818359994055 0.0352506752721 0.0235004501814
0 0.292199995685 0.967299990781 0.0257929091834 0.0171952727889
0 0.391199993508 0.976019990589 0.0297026705573 0.0198017803715
0 0.381999993711 0.95641999102 0.033485598912 0.022323732608
0 0.409599993104 0.946939991228 0.0256368907192 0.0170912604795
0 0.400199993311 0.90457999216 0.031645233997 0.0210968226647
0 0.367399994032 0.889959992481 0.0346904136597 0.0231269424398
0 0.163999998503 0.806239994322 0.0476174882353 0.0317449921569
0 0.224399997176 0.781479994866 0.0351130584783 0.0234087056522
0 0.313999995206 0.826179993883 0.0222651308725 0.0148434205817
0 0.288999995755 0.840739993563 0.0218149824818 0.0145433216545
0 0.145199998917 0.782439994845 0.0464769804006 0.0309846536004
0 0.425399992757 0.796179994543 0.0327087714036 0.0218058476024
0 0.508399990932 0.819539994029 0.0234991310652 0.0156660873768
0 0.527199990518 0.84633999344 0.0204840272511 0.0136560181674
0 0.463199991925 0.862859993077 0.0299646470273 0.0199764313515
0 0.425599992752 0.862479993085 0.0300665487509 0.0200443658339
0 0.0778000003986 0.842319993529 0.0446160372735 0.029744024849
0 0.206799997562 0.836079993666 0.0330621626237 0.0220414417491
0 0.454399992119 0.916519991897 0.0529780135654 0.0353186757103
0 0.52939999047 0.944219991288 0.0247157189246 0.0164771459497
0 0.599599988927 0.868579992951 0.0360156307351 0.02401042049
0 0.66859998741 0.979479990513 0.027798097663 0.0185320651087
0 0.723199986209 0.905419992141 0.0240676041757 0.0160450694505
0 0.677799987207 0.812719994179 0.0320536323611 0.0213690882408
0 0.549799990022 0.785419994779 0.0244491915038 0.0162994610025
0 0.55579998989 0.798439994493 0.0258303061266 0.0172202040844
0 0.594599989037 0.963019990875 0.0353343731926 0.0235562487951
0 0.571999989533 0.98505999039 0.0375842247426 0.0250561498284
0 0.737999985884 0.922379991768 0.0231145757257 0.0154097171505
0 0.784399984864 0.805959994328 0.0447143773834 0.0298095849223
0 0.806999984367 0.808239994278 0.0293912272311 0.0195941514874
0 0.857599983254 0.889219992497 0.0206647791433 0.0137765194289
0 0.886399982621 0.892239992431 0.027266922562 0.0181779483747
0 0.90419998223 0.898799992287 0.020401219734 0.013600813156
0 0.929399981676 0.91229999199 0.0275353297233 0.0183568864822
0 0.933599981584 0.740939995757 0.0340507082763 0.0227004721842
0 0.942799981381 0.565599999612 0.026234846076 0.017489897384
0 0.912799982041 0.620419998407 0.0207232489673 0.0138154993115
0 0.884999982652 0.671759997278 0.0347447282677 0.0231631521785
0 0.809399984314 0.678839997123 0.0252279976865 0.0168186651244
0 0.766599985255 0.680459997087 0.0281400125725 0.0187600083817
0 0.746599985695 0.747899995604 0.0319344172379 0.0212896114919
0 0.717199986341 0.753519995481 0.0200365500706 0.0133577000471
0 0.690799986922 0.759959995339 0.0248893475895 0.016592898393
0 0.824799983976 0.638259998015 0.0253749142492 0.0169166094995
0 0.828599983892 0.60937999865 0.020917950513 0.013945300342
0 0.797999984565 0.579219999313 0.0273048141738 0.0182032094492
0 0.722999986214 0.627819998244 0.0313749470952 0.0209166313968
0 0.712799986438 0.685879996968 0.0313654494588 0.0209102996392
0 0.746999985686 0.714019996349 0.0568050663558 0.0378700442372
0 0.614399988601 0.709659996445 0.0437229626531 0.0291486417687
0 0.679599987168 0.617319998475 0.0246302401972 0.0164201601315
0 0.645799987911 0.583959999209 0.0321453439124 0.0214302292749
0 0.680799987141 0.574639999414 0.0260771457387 0.0173847638258
0 0.715999986368 0.60435999876 0.0335608874671 0.022373924978
0 0.677999987203 0.653859997672 0.0411832353263 0.0274554902175
0 0.676999987225 0.63983999798 0.0232298335005 0.015486555667
0 0.460199991991 0.61981999842 0.0268702973097 0.0179135315398
0 0.488399991371 0.728359996034 0.032275441744 0.0215169611626
0 0.448999992238 0.739059995799 0.0669830698696 0.044655379913
0 0.364199994102 0.684959996988 0.0331810809458 0.0221207206305
0 0.423799992792 0.658299997574 0.0384583040902 0.0256388693935
0 0.530599990444 0.629079998217 0.0472434198693 0.0314956132462
0 0.531999990413 0.601779998817 0.0419935024295 0.0279956682863
0 0.503999991028 0.562659999677 0.0251243151561 0.0167495434374
0 0.459799992 0.576119999381 0.0500275134654 0.0333516756436
0 0.470999991754 0.658739997565 0.0527767823947 0.0351845215965
0 0.61719998854 0.637039998042 0.0257458167364 0.0171638778243
0 0.245399996714 0.753419995483 0.0880138048145 0.0586758698763
0 0.282999995887 0.72851999603 0.0267059684136 0.0178039789424
0 0.166999998438 0.73081999598 0.0284361211732 0.0189574141155
0 0.311599995258 0.591019999053 0.0588964260988 0.0392642840659
0 0.022200001621 0.58115999927 0.0264761454001 0.0176507636001
0 0.216799997343 0.420040002812 0.0315369015821 0.0210246010548
0 0.305399995395 0.368780003939 0.0722663279704 0.0481775519803
0 0.227999997096 0.547080000019 0.100590851916 0.0670605679441
0 0.0870000001963 0.581879999254 0.0214764313185 0.014317620879
0 0.255199996498 0.347400004409 0.0301636027226 0.0201090684817
0 0.310399995285 0.423420002738 0.0514875771906 0.0343250514604
0 0.380599993741 0.442180002326 0.0272639545506 0.0181759697004
0 0.443199992365 0.549659999963 0.0414486744762 0.0276324496508
0 0.460799991978 0.532660000336 0.0203142570009 0.0135428380006
0 0.48619999142 0.546040000042 0.0266469049874 0.017764603325
0 0.432999992589 0.477420001551 0.0364154218662 0.0242769479108
0 0.567999989621 0.459320001949 0.0299228970007 0.0199485980005
0 0.556199989881 0.433020002527 0.0298190166029 0.0198793444019
0 0.591599989103 0.403080003185 0.0288746943196 0.019249796213
0 0.636199988122 0.408840003059 0.0346903147259 0.023126876484
0 0.695999986807 0.413820002949 0.0368710116111 0.0245806744074
0 0.743399985765 0.390380003465 0.031887621592 0.0212584143947
0 0.75819998544 0.372660003854 0.0240911503992 0.0160607669328
0 0.752799985559 0.355860004223 0.0268064850653 0.0178709900435
0 0.452199992167 0.347740004402 0.0227041986874 0.0151361324583
0 0.473599991697 0.38468000359 0.0251919858153 0.0167946572102
0 0.462199991947 0.440720002358 0.0265327354835 0.0176884903223
0 0.567799989626 0.50156000102 0.0213807624188 0.0142538416125
0 0.509599990905 0.502680000996 0.0597862359066 0.0398574906044
0 0.702399986667 0.49610000114 0.0280054627239 0.0186703084826
0 0.777599985013 0.478120001536 0.0283463882962 0.0188975921975
0 0.830399983852 0.534620000293 0.0270648999216 0.0180432666144
0 0.722399986227 0.478540001526 0.0532308881339 0.0354872587559
0 0.69359998686 0.449020002175 0.0639820146426 0.0426546764284
0 0.670999987357 0.431840002553 0.0426728802314 0.028448586821
0 0.517799990725 0.484240001401 0.0452386271246 0.0301590847497
0 0.591199989111 0.490460001264 0.0286457617094 0.019097174473
0 0.691599986904 0.365500004012 0.0273591287818 0.0182394191879
0 0.971599980748 0.362620004075 0.030127689785 0.0200851265234
0 0.948599981254 0.366440003991 0.0271195113308 0.0180796742205
0 0.96059998099 0.376760003764 0.0228938546137 0.0152625697425
0 0.915799981975 0.346820004422 0.0221317682284 0.0147545121523
0 0.801599984486 0.411820002993 0.028527634857 0.019018423238
0 0.928799981689 0.438960002397 0.0569091446211 0.0379394297474
0 0.93419998157 0.453940002067 0.0204772997587 0.0136515331724
0 0.912599982045 0.444300002279 0.0215815978546 0.0143877319031
0 0.930399981654 0.504180000963 0.0399747600313 0.0266498400209
0 0.935799981535 0.526260000477 0.0239743096851 0.0159828731234
0 0.913999982015 0.540460000165 0.0472021645113 0.0314681096742
0 0.846999983488 0.447400002211 0.021321204324 0.014214136216
0 0.805399984402 0.518240000654 0.0361630419663 0.0241086946442
0 0.813999984213 0.494600001173 0.0355879402971 0.0237252935314
0 0.656599987674 0.465840001806 0.0295664388355 0.0197109592237
0 0.77639998504 0.459860001937 0.0244755078713 0.0163170052475
0 0.964199980911 0.216200007294 0.0218610855917 0.0145740570611
0 0.989799980348 0.188800007896 0.0204463335067 0.0136308890045
0 0.981399980533 0.318380005047 0.0336631849255 0.0224421232837
0 0.733599985981 0.319080005032 0.0215268875118 0.0143512583412
0 0.640599988025 0.309120005251 0.031621193105 0.0210807954033
0 0.656399987678 0.290200005667 0.0452568309276 0.0301712206184
0 0.613799988614 0.275020006001 0.0330704730555 0.022046982037
0 0.590999989116 0.271140006086 0.0247911064133 0.0165274042755
0 0.64219998799 0.185720007964 0.0239559080146 0.0159706053431
0 0.761799985361 0.168580008341 0.0216405623471 0.0144270415648
0 0.753799985537 0.285360005773 0.0199737271634 0.0133158181089
0 0.817599984134 0.218740007238 0.110559412761 0.0737062751741
0 0.539999990237 0.132880009126 0.0211393641609 0.0140929094406
0 0.543199990167 0.205140007537 0.0398527747641 0.0265685165094
0 0.577799989406 0.299240005468 0.0200334831256 0.013355655417
0 0.599599988927 0.204580007549 0.0458069023677 0.0305379349118
0 0.398599993346 0.337940004617 0.0271035830031 0.0180690553354
0 0.340599994621 0.313900005146 0.0327586339945 0.0218390893297
0 0.280199995949 0.306760005303 0.0636433645456 0.0424289096971
0 0.275799996046 0.264000006243 0.0214251836556 0.0142834557704
0 0.225399997154 0.248300006588 0.0202519287622 0.0135012858415
0 0.242799996771 0.25870000636 0.0369652954388 0.0246435302925
0 0.341599994599 0.18136000806 0.0394462561406 0.0262975040937
0 0.420799992858 0.22912000701 0.0348890725538 0.0232593817026
0 0.450199992211 0.213680007349 0.0307250515395 0.020483367693
0 0.516799990747 0.31280000517 0.0222642404691 0.0148428269794
0 0.474399991679 0.284500005792 0.0394821690781 0.0263214460521
0 0.253799996529 0.159140008548 0.0201682308416 0.0134454872278
0 0.500199991112 0.268400006146 0.0291779261476 0.019451950765
0 0.361599994159 0.277220005952 0.0357015161987 0.0238010107991
0 0.349999994414 0.237560006824 0.0808704939899 0.0539136626599
0 0.405399993196 0.315840005103 0.0542815641578 0.0361877094385
0 0.184399998055 0.329940004793 0.0205692091773 0.0137128061182
0 0.158799998618 0.31008000523 0.0432135529688 0.0288090353125
0 0.204599997611 0.336340004653 0.0210208415737 0.0140138943825
0 0.243799996749 0.324940004903 0.0442938101727 0.0295292067818
0 0.163999998503 0.246640006625 0.0220786408249 0.0147190938833
0 0.0706000005569 0.252660006492 0.0202947670596 0.0135298447064
0 0.0248000015638 0.310400005223 0.0317433762396 0.0211622508264
0 0.0674000006272 0.277660005943 0.0251595355577 0.0167730237051
0 0.0870000001963 0.298180005492 0.0285959980522 0.0190639987015
0 0.0954000000116 0.0239400115208 0.028451653766 0.0189677691774
0 0.0838000002667 0.0482800109857 0.0647706152628 0.0431804101752
0 0.146599998886 0.0281200114289 0.0305442996473 0.0203628664315
0 0.468199991816 0.0300600113863 0.031737044482 0.0211580296547
0 0.412199993047 0.0195000116184 0.0397814435576 0.0265209623717
0 0.457599992049 0.0587600107553 0.0593899074554 0.039593271637
0 0.282799995892 0.0947800099634 0.0305287670544 0.0203525113696
0 0.407799993143 0.0947800099634 0.0667178285871 0.0444785523914
0 0.357199994256 0.12084000939 0.0320497739464 0.0213665159642
0 0.550999989995 0.0642200106353 0.0335562375826 0.0223708250551
0 0.568999989599 0.0765800103635 0.0244766950758 0.0163177967172
0 0.629999988258 0.0893200100834 0.0340784097158 0.0227189398105
0 0.66719998744 0.0621600106806 0.0218110251333 0.0145406834222
0 0.683399987084 0.0287400114153 0.0286653505845 0.019110233723
0 0.507999990941 0.0228200115455 0.0309384515568 0.0206256343712
0 0.573399989503 0.0141800117354 0.0198943823262 0.0132629215508
0 0.748799985646 0.0864400101468 0.0280781790023 0.0187187860016
0 0.807599984354 0.0610400107052 0.0512576552433 0.0341717701622
0 0.793999984653 0.108640009659 0.0258835324638 0.0172556883092
0 0.774199985088 0.10038000984 0.0221999335561 0.0147999557041
0 0.886999982608 0.0811600102628 0.0505342519394 0.033689501293
0 0.925199981768 0.0478600109949 0.0505263372425 0.0336842248283
0 0.981799980524 0.0988400098741 0.0254902709577 0.0169935139718
0 0.633599988179 0.497080001119 0.0829677897556 0.055311859837
