0 0.630200007834 0.0964599879412 0.117096967912 0.078064640126
0 0.0893999840547 0.55635997783 0.178544704688 0.119029795274
0 0.264199991741 0.572479977476 0.133346832291 0.0888978823303
0 0.479800001221 0.384259981614 0.110452578922 0.0736350477579
0 0.626000007649 0.55181997793 0.15816732529 0.105444876572
0 0.373999996569 0.919839969839 0.0767919618327 0.0511946378452
0 0.490000001669 0.897359970333 0.176960775746 0.117973842716
0 0.608400006875 0.663059975484 0.549218703882 0.366145778439
0 0.943000021588 0.0810599882798 0.0372752596763 0.0248501714785
0 0.895400019495 0.125079987312 0.0281950234358 0.0187966810507
0 0.849400017472 0.0625599886865 0.0221801497395 0.0147867655177
0 0.949000021852 0.058899988767 0.0384732481558 0.0256488304122
0 0.82160001625 0.0258999894925 0.0688100878103 0.0458733888479
0 0.799200015265 0.167139986387 0.0392209892515 0.0261473244431
0 0.822400016285 0.191059985861 0.0801367132172 0.0534244719545
0 0.991800023734 0.220859985206 0.0237076864579 0.0158051232628
0 0.955200022124 0.133899987118 0.0700197504694 0.0466798305674
0 0.936400021298 0.101759987825 0.034020834783 0.0226805550261
0 0.732200012319 0.173939986238 0.0282723896089 0.0188482584961
0 0.743200012803 0.122519987368 0.0451023024186 0.0300681996292
0 0.474400000983 0.114459987545 0.0340289473485 0.0226859634027
0 0.41019999816 0.0518999889209 0.0312277378507 0.0208184905274
0 0.306599993605 0.0398599891856 0.0349506139332 0.023300407752
0 0.322999994326 0.060899988723 0.0246656617199 0.0164437733954
0 0.402799997835 0.118259987462 0.0200604946752 0.0133736622347
0 0.271599992066 0.114059987554 0.0340598146708 0.0227065416162
0 0.424399998785 0.0143799897457 0.0243832059342 0.0162554695506
0 0.447199999787 0.0216199895866 0.0333136565146 0.0222091028783
0 0.40359999787 0.139959986985 0.0261997280642 0.0174664842241
0 0.377599996727 0.146199986848 0.020599683478 0.0137331214129
0 0.31739999408 0.138439987018 0.0276258577142 0.0184172372614
0 0.447999999823 0.146679986837 0.0234327496353 0.0156218320599
0 0.439799999462 0.109939987645 0.0242727958968 0.0161818628639
0 0.423399998741 0.124039987335 0.0223212292317 0.0148808185064
0 0.520600003015 0.133859987119 0.025098496768 0.0167323300751
0 0.482800001353 0.139299986999 0.0425320042357 0.0283546676203
0 0.126199985673 0.118759987451 0.0211785447047 0.0141190288719
0 0.112599985075 0.0860599881698 0.0206072024412 0.0137381340547
0 0.0941999842658 0.0828599882402 0.0207272090499 0.0138181384552
0 0.108799984908 0.0709999885009 0.0244344536039 0.0162896346615
0 0.0817999837206 0.0916799880463 0.0213254612867 0.0142169732535
0 0.0503999823399 0.0427999891209 0.0200594064042 0.0133729367208
0 0.0119999806514 0.0585599887744 0.0284354323882 0.0189569536751
0 0.0579999826741 0.124739987319 0.0342877579738 0.0228585038082
0 0.0533999824718 0.212999985379 0.0260665632699 0.0173777077005
0 0.0165999808537 0.235939984875 0.0353860212582 0.0235906792829
0 0.0455999821288 0.331299982778 0.0261745988979 0.0174497314477
0 0.0709999832457 0.324239982933 0.0325063573163 0.0216709034482
0 0.088199984002 0.307979983291 0.025906983171 0.0172713209749
0 0.191599988549 0.319719983033 0.0410218798529 0.0273479180982
0 0.13999998628 0.345119982474 0.0253911427274 0.0169274273685
0 0.268799991943 0.303039983399 0.0206522172862 0.0137681439494
0 0.318399994124 0.266599984201 0.0233923846754 0.0155949220884
0 0.284799992647 0.2575399844 0.0287696305122 0.0191797524098
0 0.253599991275 0.24343998471 0.033671499799 0.0224476650521
0 0.0999999845208 0.199939985666 0.0419207916809 0.0279471926106
0 0.126799985699 0.229519985016 0.0287961447506 0.0191974285675
0 0.266399991838 0.3439399825 0.0341716097803 0.0227810716843
0 0.301399993376 0.325259982911 0.0307405881874 0.0204937241066
0 0.355799995768 0.328679982836 0.0238548998411 0.0159032655119
0 0.434799999242 0.228099985047 0.0228946491035 0.0152630983957
0 0.427399998917 0.205779985538 0.024051580087 0.0160343856671
0 0.447799999814 0.239219984803 0.0289018059692 0.0192678693753
0 0.474200000975 0.2529599845 0.0385291457106 0.0256860954462
0 0.536000003692 0.227759985055 0.0384438648394 0.0256292415359
0 0.527400003314 0.299059983487 0.0568913440575 0.0379275602035
0 0.582400005732 0.297879983513 0.0368800194438 0.0245866780075
0 0.492800001792 0.313119983178 0.0235059605921 0.0156706393611
0 0.429999999031 0.358719982175 0.0256888343068 0.0171258884083
0 0.272999992128 0.360119982145 0.0201342992343 0.0134228652709
0 0.246999990985 0.320779983009 0.0325369278374 0.0216912837943
0 0.41859999853 0.327299982866 0.0408699176509 0.0272466099702
0 0.31239999386 0.361479982115 0.0218684095711 0.0145789387525
0 0.687000010332 0.256579984421 0.0388006198528 0.0258670781958
0 0.722400011888 0.285639983782 0.0231572192104 0.015438145122
0 0.84480001727 0.322799982965 0.0280018058703 0.0186678693489
0 0.819400016153 0.30617998333 0.0316036860068 0.0210691226149
0 0.650600008731 0.291539983652 0.0523810544554 0.0349207006671
0 0.876800018677 0.279019983928 0.0240602862548 0.0160401897786
0 0.618600007324 0.359459982159 0.0202150291541 0.0134766852139
0 0.624400007579 0.3894199815 0.0367623872444 0.0245082565465
0 0.503400002259 0.431379980578 0.025935080349 0.0172900524256
0 0.411599998222 0.422539980772 0.0253249560652 0.0168833029299
0 0.732600012337 0.423939980741 0.0370284200317 0.0246856117263
0 0.716000011607 0.435279980492 0.0317804805739 0.0211869856518
0 0.934000021192 0.292719983626 0.0231059715407 0.0154039800112
0 0.954600022098 0.339439982599 0.0386857577977 0.0257905034974
0 0.936200021289 0.545939978059 0.0275502723481 0.0183668470206
0 0.990600023681 0.455779980041 0.0277485355335 0.0184990224689
0 0.93440002121 0.472959979664 0.101463460642 0.0676423026335
0 0.944600021658 0.404639981166 0.0362681143529 0.0241787413072
0 0.876800018677 0.368139981968 0.0401843069346 0.0267895361895
0 0.727600012117 0.477279979569 0.021813006685 0.0145420034975
0 0.746000012926 0.498759979097 0.0243788528503 0.0162525674949
0 0.725600012029 0.490599979276 0.0217825350976 0.0145216891073
0 0.551400004369 0.49721997913 0.05340867906 0.0356057836916
0 0.434799999242 0.560699977735 0.0292706308971 0.0195137526443
0 0.429599999014 0.491219979262 0.0449561773064 0.0299707828942
0 0.327999994546 0.431239980581 0.0296781389115 0.0197854246361
0 0.216999989665 0.422379980776 0.0265474801085 0.0176983189051
0 0.190799988513 0.386639981562 0.0209438739083 0.0139625816846
0 0.0995999845032 0.430199980604 0.0425669278407 0.0283779500221
0 0.106199984793 0.470919979709 0.0416799869935 0.027786656163
0 0.162799987282 0.480199979505 0.0670292807551 0.0446861842228
0 0.295399993113 0.413819980964 0.027350426223 0.0182336162794
0 0.162999987291 0.522939978565 0.0219220316502 0.0146146868029
0 0.234599990439 0.514679978747 0.0909495757887 0.0606330465267
0 0.0721999832984 0.437979980433 0.0206255051803 0.01375033588
0 0.0209999810472 0.427559980662 0.0227274511078 0.0151516330725
0 0.0449999821024 0.455719980043 0.0651282692237 0.0434188432854
0 0.0197999809944 0.847859971421 0.0569500117566 0.0379666720003
0 0.101199984574 0.823139971965 0.052901247983 0.0352674963292
0 0.130599985866 0.60595997674 0.020750953144 0.0138339678502
0 0.161599987229 0.62275997637 0.0215809081654 0.0143872711614
0 0.243199990817 0.742499973738 0.0203488864844 0.0135659234282
0 0.282799992559 0.679279975128 0.0215353986518 0.0143569314876
0 0.291199992928 0.735499973892 0.0452425904411 0.0301617249714
0 0.261999991644 0.714099974362 0.0227990791249 0.0151993850808
0 0.392799997395 0.739719973799 0.0425536707215 0.0283691119432
0 0.211799989437 0.610539976639 0.0304384445904 0.0202922950552
0 0.251599991187 0.799859972477 0.0329006082116 0.0219337373611
0 0.134599986042 0.803259972402 0.0385938483669 0.0257292305476
0 0.324399994388 0.774079973044 0.0514388096558 0.0342925375087
0 0.286199992708 0.783659972833 0.0247579668856 0.0165053101684
0 0.437599999365 0.775279973017 0.0339215053228 0.0226143353903
0 0.926800020876 0.679279975128 0.0288863723081 0.0192575802686
0 0.960400022353 0.588759977118 0.0286141066961 0.0190760698725
0 0.941800021535 0.830059971813 0.0332707192779 0.0221804780556
0 0.904400019891 0.873279970863 0.0339729508599 0.0226486324128
0 0.880600018844 0.88111997069 0.0286506132407 0.0191004075673
0 0.822600016294 0.857299971214 0.0255507228263 0.017033814094
0 0.751200013154 0.858339971191 0.0248014977247 0.0165343307259
0 0.754400013295 0.934899969508 0.0421037201389 0.028069144908
0 0.732800012345 0.912299970005 0.0348303105233 0.023220205484
0 0.618000007298 0.914119969965 0.021813699221 0.0145424651882
0 0.609600006928 0.913259969984 0.0362814704058 0.0241876453419
0 0.656000008968 0.838759971622 0.0197957480264 0.0131971644805
0 0.600800006541 0.827979971859 0.039251065104 0.0261673750101
0 0.690200010472 0.830859971795 0.0238328376204 0.0158885573657
0 0.580200005635 0.84611997146 0.0235976721554 0.0157317803993
0 0.519200002953 0.842359971542 0.0231831398464 0.0154554255449
0 0.494200001854 0.962679968897 0.0211764670965 0.0141176437998
0 0.309799993746 0.884639970613 0.026471696875 0.0176477967527
0 0.327599994529 0.841919971552 0.0225432365113 0.0150288233496
0 0.388599997211 0.872179970887 0.0248306831736 0.0165537876906
0 0.690000010463 0.854719971271 0.0763723839037 0.0509149192444
0 0.128599985778 0.900759970258 0.0368307504486 0.0245538320129
0 0.0699999832017 0.920139969832 0.0221886580399 0.0147924377176
0 0.0653999829994 0.972839968674 0.0340840534334 0.0227227007903
0 0.0319999815308 0.988999968318 0.0260618144511 0.0173745418215
0 0.103199984662 0.865319971038 0.0697043497531 0.0464695634372
0 0.91780002048 0.608059976694 0.0252096982752 0.0168064644083
0 0.903000019829 0.75059997356 0.0275696633582 0.0183797743599
0 0.949200021861 0.774359973037 0.0365737206303 0.024382478812
0 0.817000016048 0.767499973188 0.0279423467014 0.0186282299056
