0 0.486599991411 0.690475974882 0.376279534434 0.250853022956
0 0.156999998657 0.407857981095 0.289404852382 0.192936568255
0 0.677999987203 0.113987987556 0.144479825338 0.096319883559
0 0.52619999054 0.0623399886913 0.127299986209 0.0848666574724
0 0.0506000009966 0.898265970313 0.0287718032588 0.0191812021726
0 0.0604000007811 0.88477397061 0.0219772337699 0.0146514891799
0 0.0362000013132 0.86609997102 0.0243981417083 0.0162654278055
0 0.0254000015506 0.855563971252 0.0301107721202 0.0200738480802
0 0.100199999906 0.891715970457 0.0198242383242 0.0132161588828
0 0.106599999765 0.971615968701 0.0402978775355 0.0268652516903
0 0.0480000010538 0.936373969475 0.0200478285138 0.0133652190092
0 0.0296000014583 0.802755972413 0.027876156362 0.0185841042413
0 0.101799999871 0.845683971469 0.0240284264257 0.0160189509504
0 0.0176000017221 0.779275972929 0.0401727263895 0.026781817593
0 0.142999998965 0.989463968308 0.0204267446317 0.0136178297545
0 0.395399993416 0.984317968421 0.0218694949572 0.0145796633048
0 0.254999996503 0.972279968686 0.0259904798067 0.0173269865378
0 0.205599997589 0.945641969272 0.0434328890088 0.0289552593392
0 0.159799998596 0.899817970279 0.0210502248862 0.0140334832575
0 0.187999997976 0.861093971131 0.0260679449034 0.0173786299356
0 0.146999998877 0.869639970943 0.0482954809653 0.0321969873102
0 0.325199994959 0.932775969555 0.0205715835864 0.0137143890576
0 0.347999994458 0.955417969057 0.0263945250875 0.0175963500583
0 0.334799994748 0.914601969954 0.0253734302435 0.0169156201623
0 0.234999996943 0.928809969642 0.0491921171992 0.0327947447995
0 0.384399993658 0.957119969019 0.0263857199871 0.0175904799914
0 0.379799993759 0.987159968359 0.0289207974295 0.0192805316196
0 0.388199993574 0.920091969833 0.0383605575825 0.025573705055
0 0.361599994159 0.910671970041 0.0330832355044 0.0220554903363
0 0.422599992818 0.986725968368 0.0218447615292 0.0145631743528
0 0.409399993108 0.987071968361 0.0215664609967 0.0143776406644
0 0.378799993781 0.877145970778 0.0316388033057 0.0210925355372
0 0.412999993029 0.900153970272 0.056770637424 0.037847091616
0 0.461799991956 0.864679971052 0.0336090681849 0.0224060454566
0 0.544599990136 0.89342397042 0.020606111452 0.0137374076347
0 0.564999989687 0.900301970269 0.0243339337291 0.016222622486
0 0.526399990536 0.899427970288 0.0335491143553 0.0223660762369
0 0.426399992735 0.940687969381 0.0274625145111 0.0183083430074
0 0.432199992607 0.949245969192 0.0665321300092 0.0443547533395
0 0.610999988676 0.980533968505 0.0211410460341 0.0140940306894
0 0.639799988043 0.915977969924 0.0263828509095 0.017588567273
0 0.659599987608 0.942661969337 0.114521707936 0.0763478052908
0 0.602999988852 0.959281968972 0.0316024946333 0.0210683297556
0 0.57579998945 0.968955968759 0.0217724409855 0.014514960657
0 0.761999985356 0.974973968627 0.0223762334313 0.0149174889542
0 0.759199985418 0.986117968382 0.0265010766956 0.0176673844637
0 0.838799983668 0.918179969875 0.0230456189283 0.0153637459522
0 0.651399987788 0.89112397047 0.0229879405741 0.0153252937161
0 0.608599988729 0.893921970409 0.0921774300939 0.0614516200626
0 0.730799986042 0.90205997023 0.123454432814 0.0823029552093
0 0.849999983422 0.884427970618 0.0356838070642 0.0237892047095
0 0.907999982146 0.932799969554 0.0264363740478 0.0176242493652
0 0.842599983584 0.937673969447 0.106566448135 0.0710442987569
0 0.968399980819 0.92435396974 0.0268129157566 0.017875277171
0 0.989799980348 0.836667971668 0.0198327466234 0.0132218310823
0 0.970199980779 0.886199970579 0.0235299983834 0.0156866655889
0 0.97559998066 0.789511972704 0.0250307238643 0.0166871492429
0 0.903199982252 0.867853970982 0.0438170486135 0.0292113657423
0 0.863999983114 0.866843971004 0.0227646471856 0.015176431457
0 0.867599983035 0.844463971496 0.0377438048204 0.0251625365469
0 0.850599983408 0.851235971347 0.0311331531025 0.0207554354017
0 0.856999983268 0.827559971868 0.0300165872262 0.0200110581508
0 0.828599983892 0.817333972093 0.0349734630104 0.0233156420069
0 0.835199983747 0.850105971372 0.0220824992397 0.0147216661598
0 0.877999982806 0.817973972079 0.0214558531064 0.0143039020709
0 0.877399982819 0.86382797107 0.0203976581203 0.0135984387469
0 0.970399980775 0.748803973599 0.0231762114285 0.015450807619
0 0.906999982168 0.811221972227 0.0221747054595 0.014783136973
0 0.944399981346 0.827967971859 0.0369629210297 0.0246419473532
0 0.928199981702 0.850907971354 0.0453352853614 0.0302235235743
0 0.865599983079 0.804203972381 0.0209709789827 0.0139806526551
0 0.861999983158 0.793183972624 0.0225325486967 0.0150216991311
0 0.833999983773 0.769845973137 0.0561457720975 0.0374305147317
0 0.796599984596 0.870907970915 0.0652781452066 0.0435187634711
0 0.810599984288 0.78696597276 0.0692164984233 0.0461443322822
0 0.94239998139 0.732257973963 0.0264261838754 0.017617455917
0 0.847599983474 0.700145974669 0.0784753088166 0.0523168725444
0 0.808199984341 0.680189975108 0.0308327903521 0.0205551935681
0 0.779199984978 0.689331974907 0.0243699456003 0.0162466304002
0 0.774599985079 0.709839974456 0.0224141250431 0.0149427500287
0 0.817199984143 0.748569973604 0.0271309876414 0.0180873250943
0 0.782199984912 0.742795973731 0.0203955805124 0.0135970536749
0 0.766999985246 0.661697975514 0.0207761785033 0.0138507856689
0 0.752799985559 0.681993975068 0.0210530939639 0.0140353959759
0 0.740399985831 0.753647973493 0.0237541821754 0.0158361214502
0 0.757999985444 0.753499973496 0.0385048029349 0.0256698686233
0 0.644399987942 0.847115971438 0.0208399907477 0.0138933271651
0 0.556999989863 0.841521971561 0.0202386716447 0.0134924477632
0 0.557999989841 0.851673971338 0.0207209734919 0.0138139823279
0 0.636599988113 0.781685972876 0.024417136981 0.0162780913207
0 0.65039998781 0.734479973914 0.0643546979366 0.0429031319577
0 0.651999987775 0.762447973299 0.0591241715044 0.0394161143362
0 0.721399986249 0.725949974102 0.0297516427448 0.0198344284965
0 0.680799987141 0.717213974294 0.0391747820342 0.0261165213561
0 0.659599987608 0.703169974603 0.0308675160851 0.0205783440568
0 0.612799988636 0.75921797337 0.0655022300648 0.0436681533765
0 0.618599988509 0.72192197419 0.0656412319305 0.043760821287
0 0.71359998642 0.700801974655 0.0257019891019 0.0171346594012
0 0.706999986565 0.696723974744 0.0214685166216 0.0143123444144
0 0.749399985633 0.78244397286 0.0555704725608 0.0370469817072
0 0.634399988162 0.693569974814 0.0200930412203 0.0133953608136
0 0.597199988979 0.822319971983 0.0284012965065 0.018934197671
0 0.581599989322 0.844195971502 0.0554482894262 0.0369655262841
0 0.50439999102 0.849565971384 0.0225433324713 0.0150288883142
0 0.518999990699 0.815255972138 0.0346106730876 0.0230737820584
0 0.494599991235 0.823195971964 0.0440589415399 0.0293726276932
0 0.52939999047 0.843339971521 0.0597852465695 0.0398568310463
0 0.547799990066 0.675243975216 0.0214030225041 0.0142686816694
0 0.561599989762 0.659409975565 0.0198876548337 0.0132584365558
0 0.551799989978 0.646927975839 0.0348681975405 0.023245465027
0 0.429999992655 0.730521974001 0.0649847078161 0.0433231385441
0 0.616599988553 0.657423975608 0.0215105634493 0.0143403756328
0 0.698799986746 0.638719976019 0.0214379461045 0.0142919640697
0 0.337199994696 0.821457972002 0.026352082525 0.0175680550166
0 0.322999995008 0.844023971506 0.0210512142233 0.0140341428156
0 0.342799994573 0.850741971358 0.0311603598734 0.0207735732489
0 0.276199996037 0.886231970578 0.0200709790025 0.0133806526683
0 0.208399997527 0.828519971847 0.027876156362 0.0185841042413
0 0.3005999955 0.767789973182 0.0848071653335 0.0565381102223
0 0.261599996358 0.739833973796 0.0435289536434 0.0290193024289
0 0.154799998706 0.836899971662 0.0393002299813 0.0262001533209
0 0.133599999172 0.829431971827 0.0241989881456 0.0161326587637
0 0.154199998719 0.753413973498 0.0207825102609 0.0138550068406
0 0.139799999036 0.746291973654 0.0227021210794 0.0151347473863
0 0.242799996771 0.750455973563 0.0275285032972 0.0183523355314
0 0.233199996982 0.744427973695 0.0259961190283 0.0173307460189
0 0.220199997268 0.738725973821 0.0258728476229 0.0172485650819
0 0.349599994423 0.689955974893 0.0548792227134 0.0365861484756
0 0.328599994885 0.677527975166 0.0200334831256 0.013355655417
0 0.256399996472 0.705517974551 0.10124975044 0.0674998336265
0 0.41159999306 0.691167974866 0.0436086942155 0.0290724628103
0 0.324399994977 0.65505597566 0.0257231609163 0.0171487739442
0 0.190399997923 0.669321975347 0.0585890390549 0.0390593593699
0 0.203399997637 0.683639975032 0.0349005488644 0.0232670325763
0 0.156599998666 0.612031976606 0.0270726167512 0.0180484111675
0 0.183999998064 0.622917976367 0.0826070774408 0.0550713849605
0 0.210799997475 0.652375975719 0.0267471248379 0.0178314165586
0 0.33379999477 0.587119977154 0.0204537535351 0.0136358356901
0 0.295199995619 0.586781977161 0.0811295024485 0.0540863349657
0 0.234799996947 0.540719978174 0.0270675711319 0.0180450474212
0 0.182599998095 0.708875974477 0.029320786428 0.019547190952
0 0.06500000068 0.745707973667 0.0205584254027 0.0137056169351
0 0.038800001256 0.784151972822 0.0230927113753 0.0153951409169
0 0.155799998684 0.784495972815 0.0388896550755 0.025926436717
0 0.13139999922 0.811733972216 0.0685801567862 0.0457201045241
0 0.0244000015726 0.707265974512 0.0316848074819 0.0211232049879
0 0.150999998789 0.706221974535 0.0496228745823 0.0330819163882
0 0.027200001511 0.604687976768 0.0261672743505 0.017444849567
0 0.0572000008515 0.610831976633 0.0277223144394 0.0184815429596
0 0.0754000004514 0.605569976748 0.0255257881604 0.0170171921069
0 0.0800000003502 0.598433976905 0.0296310425496 0.0197540283664
0 0.0548000009043 0.637093976055 0.112005823634 0.0746705490894
0 0.0230000016034 0.676041975199 0.0580597436944 0.0387064957963
0 0.124199999378 0.605183976757 0.0464756942624 0.0309837961749
0 0.115999999559 0.588333977127 0.0313250845042 0.0208833896695
0 0.12459999937 0.570593977517 0.0365102992962 0.0243401995308
0 0.0918000000908 0.611575976616 0.0200581176199 0.0133720784133
0 0.0108000018716 0.522101978583 0.0199382099607 0.0132921399738
0 0.0598000007943 0.586051977177 0.0325690770019 0.0217127180013
0 0.0270000015154 0.465551979827 0.0229155210967 0.0152770140645
0 0.0860000002183 0.523397978555 0.126867645886 0.0845784305908
0 0.144799998926 0.507779978898 0.0263483230439 0.0175655486959
0 0.166399998451 0.547193978032 0.0292515328295 0.0195010218863
0 0.196999997778 0.551265977942 0.0236540612586 0.0157693741724
0 0.0598000007943 0.466065979815 0.0209547538539 0.0139698359026
0 0.185199998037 0.583835977226 0.0221768820012 0.0147845880008
0 0.268599996204 0.562635977692 0.0253047702472 0.0168698468315
0 0.229799997057 0.641791975952 0.0202814110084 0.0135209406723
0 0.302199995465 0.674391975235 0.0573797722902 0.0382531815268
0 0.382799993693 0.676395975191 0.0212126740417 0.0141417826945
0 0.308999995316 0.498413979104 0.0243436292329 0.0162290861552
0 0.356399994273 0.488941979312 0.0235129817849 0.0156753211899
0 0.389999993535 0.59593797696 0.0222747274426 0.014849818295
0 0.403999993227 0.479995979509 0.024999559745 0.0166663731633
0 0.375399993856 0.532043978365 0.0985772540711 0.0657181693807
0 0.278199995993 0.48403797942 0.0886697353266 0.0591131568844
0 0.306399995373 0.456043980036 0.0235802567092 0.0157201711395
0 0.327599994907 0.428417980643 0.037467186161 0.0249781241073
0 0.273599996094 0.416943980895 0.033657842505 0.02243856167
0 0.26059999638 0.386355981568 0.0303643392247 0.0202428928165
0 0.263799996309 0.371781981888 0.0296009667011 0.0197339778007
0 0.31059999528 0.370007981927 0.0288385835146 0.0192257223431
0 0.355399994295 0.380195981703 0.0215534017467 0.0143689344978
0 0.353799994331 0.397257981328 0.0229705282407 0.0153136854938
0 0.331599994819 0.381391981677 0.0218637568019 0.014575837868
0 0.342799994573 0.4076179811 0.0262749142294 0.0175166094863
0 0.298999995535 0.417977980873 0.0482569957512 0.0321713305008
0 0.267199996235 0.350063982366 0.0202927883853 0.0135285255902
0 0.1959999978 0.373285981855 0.0219525003418 0.0146350002279
0 0.179799998156 0.366477982005 0.0229010767747 0.0152673845165
0 0.463999991908 0.502085979023 0.0352411776357 0.0234941184238
0 0.436399992515 0.490195979285 0.0223111350487 0.0148740900324
0 0.337999994678 0.532457978356 0.0308909633749 0.0205939755833
0 0.328399994889 0.345243982472 0.0209366489846 0.0139577659897
0 0.433199992585 0.352181982319 0.133379462826 0.0889196418837
0 0.306199995377 0.344913982479 0.0225394740565 0.0150263160377
0 0.333399994779 0.331327982778 0.0238699346187 0.0159132897458
0 0.333999994766 0.305935983336 0.0307868851097 0.0205245900731
0 0.218399997307 0.318187983066 0.0202173019629 0.0134782013086
0 0.220399997263 0.332015982762 0.0411385172884 0.0274256781922
0 0.565199989683 0.434581980507 0.0270569852246 0.0180379901498
0 0.62899998828 0.537909978236 0.061416762418 0.0409445082787
0 0.651199987792 0.508227978888 0.0330538521918 0.0220359014612
0 0.610199988694 0.442445980335 0.0319124539538 0.0212749693025
0 0.596399988997 0.396821981338 0.0325960859053 0.0217307239369
0 0.6371999881 0.359607982156 0.0399504223381 0.0266336148921
0 0.614999988588 0.36987198193 0.0282215339514 0.0188143559676
0 0.570199989573 0.374723981823 0.0203115857907 0.0135410571938
0 0.540399990228 0.361889982106 0.0205110361545 0.013674024103
0 0.513799990813 0.359723982153 0.029704154563 0.0198027697086
0 0.497599991169 0.458721979977 0.0247192805382 0.0164795203588
0 0.543199990167 0.386075981574 0.021190216089 0.014126810726
0 0.489199991354 0.398429981302 0.132371328298 0.0882475521986
0 0.562999989731 0.526283978491 0.0336562595657 0.0224375063771
0 0.570599989564 0.532177978362 0.184079032998 0.122719355332
0 0.608199988738 0.482453979455 0.161868414601 0.107912276401
0 0.520199990672 0.611073976627 0.0221965698099 0.0147977132066
0 0.59399998905 0.607939976696 0.030351873577 0.0202345823846
0 0.491599991301 0.568705977559 0.0206188739009 0.0137459159339
0 0.479399991569 0.559873977753 0.0246251945779 0.0164167963853
0 0.473999991688 0.576937977378 0.0276840270928 0.0184560180619
0 0.493599991257 0.598781976898 0.0259734632082 0.0173156421388
0 0.493399991262 0.611293976622 0.034149839856 0.022766559904
0 0.431799992616 0.587011977156 0.0992334813843 0.0661556542562
0 0.438599992466 0.504547978969 0.0272851263651 0.0181900842434
0 0.53439999036 0.581595977275 0.0211427279072 0.0140951519381
0 0.459999991996 0.651625975736 0.0206051221149 0.0137367480766
0 0.548199990057 0.604915976763 0.0226195114297 0.0150796742865
0 0.634199988166 0.612225976602 0.0204617671658 0.0136411781106
0 0.666199987462 0.614029976562 0.0680321629541 0.0453547753027
0 0.822599984024 0.659457975564 0.0311001092426 0.0207334061617
0 0.72179998624 0.577623977363 0.0222196213649 0.0148130809099
0 0.709599986508 0.527199978471 0.0269792233268 0.0179861488846
0 0.732599986003 0.474899979621 0.0245779042634 0.016385269509
0 0.737999985884 0.493987979201 0.0347735179779 0.0231823453186
0 0.838599983672 0.550039977969 0.0222795751945 0.0148530501296
0 0.883399982687 0.527093978474 0.0653218739074 0.0435479159383
0 0.853199983351 0.654957975662 0.0326544567955 0.0217696378637
0 0.839999983641 0.667265975392 0.0233675492279 0.015578366152
0 0.919799981887 0.58001997731 0.0286636687114 0.0191091124742
0 0.868399983017 0.472761979668 0.0270115746507 0.0180077164338
0 0.840999983619 0.469435979741 0.0222201160334 0.0148134106889
0 0.797399984578 0.503313978996 0.0846399673598 0.0564266449065
0 0.730599986047 0.451407980138 0.088159039504 0.0587726930027
0 0.98199998052 0.503243978998 0.028355391264 0.018903594176
0 0.985199980449 0.46902597975 0.0262238644339 0.0174825762893
0 0.966599980858 0.47314997966 0.0199285144569 0.0132856763046
0 0.969199980801 0.593915977004 0.02220616638 0.01480411092
0 0.987999980388 0.2120439854 0.0295991858943 0.0197327905962
0 0.984999980454 0.18111598608 0.0289872808841 0.0193248539227
0 0.918799981909 0.36030598214 0.103064194722 0.0687094631481
0 0.872199982933 0.376807981778 0.0311505654358 0.0207670436239
0 0.876999982828 0.416827980898 0.0426003618204 0.0284002412136
0 0.855199983307 0.33395798272 0.0270517417379 0.0180344944919
0 0.940799981425 0.264777984241 0.0332163013473 0.0221442008982
0 0.915999981971 0.261865984305 0.0452238860015 0.0301492573343
0 0.870599982969 0.254641984464 0.021439825845 0.01429321723
0 0.851799983382 0.257847984393 0.0255472567759 0.0170315045173
0 0.832599983804 0.26344598427 0.0483069572759 0.0322046381839
0 0.799199984538 0.358281982185 0.0240959981511 0.0160639987674
0 0.857199983263 0.36440998205 0.0826801894541 0.0551201263027
0 0.824399983984 0.379565981717 0.0279778602181 0.0186519068121
0 0.945199981329 0.235191984891 0.0542099361502 0.0361399574334
0 0.91419998201 0.190043985884 0.0757050659403 0.0504700439602
0 0.873399982907 0.204889985557 0.0442981632561 0.0295321088374
0 0.778999984983 0.317963983071 0.0215520166747 0.0143680111165
0 0.953199981153 0.283151983837 0.0294338676611 0.0196225784407
0 0.903199982252 0.205505985544 0.1990407783 0.1326938522
0 0.919999981883 0.287303983745 0.218335820197 0.145557213465
0 0.829799983866 0.321873982985 0.0525929635574 0.0350619757049
0 0.834199983769 0.176085986191 0.0242230290376 0.0161486860251
0 0.765999985268 0.381893981666 0.0625755729894 0.0417170486596
0 0.705199986605 0.360587982134 0.0201886111864 0.0134590741242
0 0.702999986653 0.373493981851 0.0356499717346 0.0237666478231
0 0.675199987265 0.29483598358 0.0216679669854 0.0144453113236
0 0.6917999869 0.253333984492 0.0306403642818 0.0204269095212
0 0.683999987071 0.313077983179 0.040095558094 0.0267303720626
0 0.757599985453 0.336303982668 0.100343517636 0.0668956784238
0 0.725999986148 0.302499983411 0.0799942381006 0.0533294920671
0 0.78819998478 0.294019983598 0.0708820474688 0.0472546983125
0 0.732599986003 0.403495981191 0.0266796520462 0.0177864346975
0 0.564599989696 0.295353983568 0.0526241276767 0.0350827517845
0 0.537199990299 0.319015983048 0.0228804985626 0.0152536657084
0 0.500599991103 0.286483983763 0.0284405731903 0.0189603821268
0 0.46299999193 0.237997984829 0.0204602831602 0.0136401887734
0 0.56079998978 0.263943984259 0.0552583366987 0.0368388911325
0 0.613199988628 0.268491984159 0.0282036269495 0.0188024179663
0 0.467199991838 0.20341398559 0.0332981195274 0.0221987463516
0 0.464999991886 0.217225985286 0.0295741556651 0.0197161037767
0 0.494999991226 0.259701984352 0.0963934902409 0.0642623268273
0 0.499199991134 0.195441985765 0.0240304050999 0.0160202700666
0 0.34699999448 0.262811984284 0.0266708469458 0.0177805646305
0 0.32199999503 0.276731983978 0.0296084856632 0.0197389904421
0 0.26559999627 0.293767983603 0.021741672601 0.0144944484007
0 0.192599997875 0.285097983794 0.0262461245192 0.0174974163461
0 0.181399998121 0.276399983985 0.0204134875143 0.0136089916762
0 0.247999996657 0.308149983287 0.0260246119375 0.0173497412916
0 0.278999995975 0.33801798263 0.133108384454 0.0887389229694
0 0.291999995689 0.250663984551 0.0445935793208 0.0297290528805
0 0.275799996046 0.252715984506 0.0246483450665 0.0164322300444
0 0.287799995782 0.229057985026 0.0218202259686 0.0145468173124
0 0.176399998231 0.233015984939 0.028641111825 0.01909407455
0 0.34699999448 0.429149980627 0.0199993509948 0.0133329006632
0 0.135399999132 0.298117983508 0.0217397928605 0.0144931952403
0 0.119799999475 0.265613984222 0.0245067709243 0.0163378472829
0 0.0154000017705 0.285185983792 0.0339527639012 0.0226351759342
0 0.0946000000292 0.255417984446 0.0643218519441 0.0428812346294
0 0.0610000007679 0.25659998442 0.0301553912245 0.0201035941496
0 0.127999999295 0.246229984648 0.0325620527083 0.0217080351389
0 0.0120000018452 0.196685985738 0.0272233917286 0.0181489278191
0 0.142199998983 0.208469985479 0.0293388912974 0.0195592608649
0 0.13459999915 0.229175985023 0.0205980978213 0.0137320652142
0 0.160199998587 0.183085986037 0.0362186427126 0.0241457618084
0 0.0160000017573 0.0704239885136 0.0324471906684 0.0216314604456
0 0.0492000010274 0.0821019882569 0.0247387704795 0.016492513653
0 0.154199998719 0.126679987277 0.0265797289968 0.0177198193312
0 0.164199998499 0.149863986767 0.0210119375396 0.0140079583597
0 0.236199996916 0.202791985603 0.0204387156109 0.0136258104073
0 0.256599996468 0.109425987656 0.0203170271448 0.0135446847632
0 0.245999996701 0.116243987506 0.0260004721117 0.0173336480744
0 0.232599996995 0.0650039886328 0.020535274914 0.013690183276
0 0.186399998011 0.051803988923 0.0264513130383 0.0176342086922
0 0.289599995742 0.074407988426 0.0244032862613 0.0162688575076
0 0.302199995465 0.0511339889377 0.029135483585 0.0194236557233
0 0.364399994098 0.0190699896426 0.0284410678588 0.0189607119059
0 0.259799996397 0.0215299895885 0.0245685055608 0.0163790037072
0 0.414399992998 0.0438379890981 0.0275891496628 0.0183927664418
0 0.417599992928 0.0907599880665 0.0330244688793 0.0220163125862
0 0.274199996081 0.187975985929 0.0213486089623 0.0142324059749
0 0.262599996336 0.195383985766 0.0253356375654 0.0168904250436
0 0.29879999554 0.175437986205 0.0204117067074 0.0136078044716
0 0.367199994036 0.184499986006 0.0294969873695 0.0196646582464
0 0.383999993667 0.178509986137 0.0281581174418 0.0187720782946
0 0.24419999674 0.153499986687 0.0301984273893 0.0201322849262
0 0.215799997365 0.0779239883487 0.0207129598612 0.0138086399075
0 0.35839999423 0.201053985642 0.069749850066 0.046499900044
0 0.508599990927 0.0974839879187 0.0311489824964 0.020765988331
0 0.474599991675 0.0803979882943 0.0217642294874 0.014509486325
0 0.438399992471 0.0910199880608 0.0242033412289 0.0161355608193
0 0.551199989991 0.0543279888675 0.0261970533979 0.0174647022653
0 0.565399989679 0.0438519890978 0.0280160486311 0.018677365754
0 0.531999990413 0.127383987261 0.0226412768464 0.0150941845643
0 0.533599990378 0.181735986066 0.0333038576827 0.0222025717884
0 0.586999989204 0.122287987373 0.0219961301089 0.0146640867393
0 0.607399988755 0.101159987838 0.0239432444994 0.0159621629996
0 0.623399988403 0.158925986568 0.0209800808842 0.0139867205895
0 0.644399987942 0.129851987207 0.0339157626928 0.0226105084619
0 0.643199987968 0.173027986258 0.0224373744655 0.0149582496437
0 0.643999987951 0.211545985411 0.0261194893675 0.0174129929117
0 0.63539998814 0.200605985652 0.022327854846 0.014885236564
0 0.678999987181 0.151249986737 0.0348294155254 0.0232196103502
0 0.631599988223 0.0680779885652 0.0341256010965 0.022750400731
0 0.652799987757 0.0310579893791 0.0519083422687 0.0346055615125
0 0.69679998679 0.0657479886164 0.0219337029365 0.0146224686243
0 0.722799986218 0.0440459890935 0.0562744848571 0.0375163232381
0 0.785399984842 0.10106798784 0.0203457179214 0.0135638119476
0 0.781799984921 0.0889439881064 0.0198848846898 0.0132565897932
0 0.756399985479 0.0812679882752 0.0222913483062 0.0148608988708
0 0.750599985607 0.09696798793 0.0237468610806 0.0158312407204
0 0.739199985858 0.200271985659 0.0233420243302 0.0155613495534
0 0.827199983923 0.149637986772 0.0262990540552 0.0175327027035
0 0.826599983936 0.095875987954 0.0860655032194 0.0573770021463
0 0.792399984688 0.0717819884837 0.0411289207183 0.0274192804789
0 0.758799985427 0.0162359897049 0.0232287452297 0.0154858301531
0 0.739799985844 0.068085988565 0.0224323288462 0.0149548858974
0 0.770799985163 0.185601985981 0.0345688241273 0.0230458827515
0 0.778599984991 0.148167986804 0.0640927214666 0.0427284809777
0 0.847599983474 0.139243987001 0.040563118818 0.027042079212
0 0.875599982859 0.139461986996 0.0522029668637 0.0348019779092
0 0.964599980902 0.138417987019 0.0423451128428 0.0282300752285
0 0.982599980506 0.0987099878917 0.0254167632095 0.0169445088063
0 0.989199980361 0.147119986827 0.0300091671978 0.0200061114652
0 0.984199980471 0.0491019889824 0.0252580735351 0.01683871569
0 0.736999985906 0.718053974275 0.0215028466197 0.0143352310798
0 0.282599995896 0.747173973635 0.0750649648221 0.0500433098814
0 0.20099999769 0.745441973673 0.0222079471868 0.0148052981245
0 0.183999998064 0.736197973876 0.036558183213 0.024372122142
0 0.148999998833 0.602705976811 0.0348154658719 0.0232103105813
0 0.906199982186 0.61642997651 0.152713088871 0.101808725914
0 0.58399998927 0.37804598175 0.0288060343233 0.0192040228822
0 0.654999987709 0.370761981911 0.0279917109379 0.0186611406252
0 0.378199993794 0.295619983563 0.0818810029267 0.0545873352844
0 0.347799994463 0.317033983092 0.0319968444103 0.0213312296069
