0 0.848800017446 0.914359969959 0.103278894501 0.068852591793
0 0.919200020541 0.343259982515 0.14527823956 0.0968521533188
0 0.725200012011 0.0817599882644 0.122710467485 0.0818069729276
0 0.311799993834 0.0336599893219 0.0938837522132 0.062589164014
0 0.0141999807482 0.918799969862 0.0217863935128 0.0145242613839
0 0.127199985717 0.943939969309 0.0257461169337 0.0171640768237
0 0.381199996885 0.98029996851 0.0211169089938 0.0140779384007
0 0.314599993957 0.960179968952 0.0257803480027 0.0171868975349
0 0.353999995689 0.95435996908 0.0241912745071 0.0161275152744
0 0.38039999685 0.949999969176 0.027037103115 0.0180247342212
0 0.227599990131 0.940999969374 0.0247691463965 0.0165127631752
0 0.280799992471 0.945099969284 0.0297347290024 0.0198231513608
0 0.824400016373 0.988619968327 0.0202911091889 0.0135274052337
0 0.821000016224 0.946479969253 0.0220675631601 0.0147117078031
0 0.880400018835 0.813419972179 0.0226178325402 0.0150785540323
0 0.832200016716 0.83243997176 0.0288492721611 0.0192328468389
0 0.782800014544 0.894199970403 0.0225592637748 0.0150395081913
0 0.734800012433 0.925479969715 0.0236178546354 0.0157452353851
0 0.695000010683 0.873919970849 0.0207917138388 0.013861141645
0 0.732600012337 0.836339971675 0.0349983989225 0.0233322644095
0 0.669800009575 0.825879971905 0.0385331030596 0.0256887336787
0 0.505600002355 0.82879997184 0.0264650683154 0.0176433777132
0 0.472000000878 0.785479972793 0.0227942313723 0.015196153246
0 0.320199994203 0.8260999719 0.0201346949692 0.0134231290941
0 0.791000014904 0.961779968917 0.0302800516962 0.0201866997993
0 0.302999993447 0.774659973031 0.0248203940662 0.0165469282861
0 0.306999993623 0.791739972655 0.0239028826979 0.0159352540809
0 0.253999991292 0.818139972075 0.0478395017961 0.0318929990939
0 0.261399991618 0.78151997288 0.0356409734683 0.0237606474117
0 0.26439999175 0.766859973202 0.0236691023051 0.015779400496
0 0.166199987432 0.869479970946 0.0388536483295 0.0259024305113
0 0.122399985506 0.856359971235 0.020730770664 0.0138205128645
0 0.0931999842218 0.804079972384 0.0236136004852 0.0157423992851
0 0.0607999827972 0.740059973791 0.0234063343307 0.0156042218579
0 0.19639998876 0.733699973931 0.0247825024494 0.0165216672099
0 0.225599990044 0.7533199735 0.0219873279089 0.0146582176391
0 0.419999998591 0.799999972474 0.0401037748822 0.0267358481581
0 0.0507999823575 0.797159972536 0.0323092813355 0.0215395194697
0 0.040599981909 0.759999973353 0.0244985626579 0.016332374028
0 0.013399980713 0.796019972561 0.0204934286571 0.0136622848703
0 0.0225999811175 0.771539973099 0.0242101708487 0.0161401128346
0 0.0751999834304 0.690859974873 0.041296618808 0.0275310773895
0 0.13159998591 0.71603997432 0.0250970127621 0.0167313407379
0 0.135199986069 0.731679973976 0.027990032757 0.0186600206072
0 0.382999996964 0.71283997439 0.0352655199808 0.0235103451032
0 0.528400003358 0.680139975109 0.0475055015396 0.0316703322709
0 0.589600006049 0.779559972923 0.0267815573026 0.0178543703575
0 0.067799983105 0.664139975461 0.0304922645369 0.0203281750172
0 0.169399987572 0.625779976304 0.0233569664018 0.0155713099075
0 0.219399989771 0.643359975917 0.0265143373106 0.0176762237079
0 0.0913999841427 0.650139975768 0.046255671788 0.0308371124915
0 0.28099999248 0.686959974959 0.0624460769975 0.0416307152525
0 0.108999984917 0.509279978865 0.123318909895 0.0822126011746
0 0.299799993306 0.533319978337 0.0302382027304 0.0201588004907
0 0.213999989533 0.467619979781 0.0224394550335 0.0149596357023
0 0.537000003736 0.599699976877 0.0292354104909 0.0194902723751
0 0.52140000305 0.578879977335 0.0502956304601 0.0335304180952
0 0.66400000932 0.552859977907 0.0220509422943 0.0147006272266
0 0.637800008168 0.58863997712 0.0908808168496 0.060587207237
0 0.738400012592 0.656039975639 0.0218309136892 0.0145539414996
0 0.812600015854 0.653099975703 0.0253190200417 0.0168793455812
0 0.849000017455 0.642519975936 0.0204324854823 0.0136216560898
0 0.825600016426 0.64277997593 0.0400613323141 0.0267075531145
0 0.805200015529 0.572819977468 0.0250181625831 0.0166787739553
0 0.813200015881 0.76467997325 0.0218260659367 0.0145507096648
0 0.682000010112 0.729959974014 0.0207282973209 0.0138188639692
0 0.719400011756 0.707619974505 0.0248248460839 0.0165498962977
0 0.755000013322 0.69689997474 0.0288642111536 0.0192428061666
0 0.639400008239 0.634539976111 0.0305001792349 0.0203334514822
0 0.815800015995 0.605699976745 0.0200026184459 0.0133350780844
0 0.829800016611 0.587819977139 0.0211709268078 0.0141139502743
0 0.814600015942 0.557379977808 0.0238876469042 0.0159250968858
0 0.846600017349 0.57047997752 0.0343830311513 0.0229220192557
0 0.872600018492 0.5577199778 0.0213733452098 0.0142488958667
0 0.893200019398 0.569739977536 0.0204926371873 0.0136617572238
0 0.894200019442 0.582239977261 0.0266142603731 0.0177428390785
0 0.77180001406 0.546939978037 0.0396889457721 0.0264592954363
0 0.866200018211 0.542439978136 0.0198398724678 0.0132265807729
0 0.652200008801 0.575599977407 0.0241239995739 0.0160826653219
0 0.485000001449 0.609199976668 0.0307589898603 0.0205059918877
0 0.341599995144 0.547979978014 0.032391594195 0.0215943947057
0 0.639800008256 0.675379975213 0.024983238978 0.0166554915535
0 0.615800007201 0.726839974082 0.0527416678841 0.0351611096037
0 0.723000011914 0.753279973501 0.0210614071739 0.0140409371899
0 0.500600002135 0.714959974343 0.0883983718147 0.0589322439895
0 0.920600020603 0.643319975918 0.0923654163313 0.0615769401595
0 0.930000021016 0.671399975301 0.0208964846539 0.0139309888504
0 0.983800023382 0.53223997836 0.026259582968 0.0175063874907
0 0.953600022054 0.488499979322 0.0329681799459 0.021978785181
0 0.974800022986 0.502739979009 0.0198448191541 0.0132298785635
0 0.882800018941 0.517659978681 0.0201847554342 0.0134565027353
0 0.891000019302 0.506139978934 0.0306136562178 0.0204091027991
0 0.80340001545 0.483439979433 0.0525863419354 0.035057558978
0 0.777400014306 0.357559982201 0.0286968152904 0.0191312089318
0 0.797200015177 0.391479981455 0.0214606047555 0.0143070688934
0 0.683400010173 0.454799980063 0.0283178991226 0.0188785981699
0 0.692400010569 0.466199979812 0.0213333759848 0.0142222497185
0 0.697800010806 0.439599980397 0.0309282654642 0.0206188422829
0 0.69880001085 0.537239978251 0.0207099945817 0.0138066621439
0 0.662800009267 0.39307998142 0.0213187337934 0.0142124882582
0 0.66400000932 0.375539981806 0.0211856679329 0.0141237776904
0 0.540200003877 0.407339981106 0.0203112916688 0.0135408602195
0 0.563600004906 0.41763998088 0.0342231542512 0.0228154346627
0 0.594800006277 0.511559978815 0.0207811279302 0.013854084373
0 0.632200007922 0.452359980117 0.0268147990343 0.0178765315105
0 0.575400005424 0.436039980475 0.0311256382462 0.0207504241289
0 0.548800004255 0.451439980137 0.0210808971178 0.0140539304849
0 0.613600007104 0.475459979609 0.0222849205546 0.0148566127232
0 0.580200005635 0.486139979374 0.0371365545934 0.0247577014294
0 0.566800005046 0.49631997915 0.0302817335695 0.0201878210482
0 0.628600007764 0.352679982308 0.0222739389111 0.014849291628
0 0.924600020779 0.29575998356 0.0767675252025 0.0511783467595
0 0.973400022925 0.423679980747 0.0577659181891 0.038510609586
0 0.912000020225 0.407579981101 0.0240853164873 0.0160568765992
0 0.90620001997 0.39351998141 0.025843269852 0.0172288454316
0 0.947400021781 0.395899981358 0.0239112920646 0.015940860325
0 0.941200021509 0.377979981752 0.0337926936125 0.0225284609224
0 0.758000013453 0.304219983374 0.0575648848593 0.038376587375
0 0.75200001319 0.269539984136 0.0290900768484 0.0193933832865
0 0.748800013049 0.250399984557 0.0446075348585 0.0297383546109
0 0.696200010736 0.178919986128 0.103813136618 0.0692087531806
0 0.601400006568 0.118199987463 0.0581438450197 0.0387625607898
0 0.7818000145 0.139939986985 0.0258480186708 0.0172320113106
0 0.816000016004 0.162979986479 0.0343191199647 0.0228794118008
0 0.80340001545 0.234379984909 0.101538650274 0.067692429051
0 0.868600018317 0.263359984272 0.0661332380052 0.0440888224289
0 0.550600004334 0.183299986032 0.0323164045637 0.0215442682882
0 0.894800019469 0.185919985974 0.0243651010624 0.016243399637
0 0.93600002128 0.18339998603 0.0207763791114 0.013850918494
0 0.980600023241 0.193539985807 0.0271058620541 0.0180705735109
0 0.634400008019 0.266679984199 0.0223628803301 0.0149085859034
0 0.552800004431 0.287759983735 0.0262243625618 0.0174829072214
0 0.559200004712 0.248299984603 0.0271984640209 0.0181323081514
0 0.616200007218 0.223839985141 0.0224124461265 0.0149416297655
0 0.626800007685 0.237739984835 0.0245491177915 0.0163660774482
0 0.591400006128 0.233519984928 0.025832090341 0.0172213924248
0 0.559800004738 0.157319986603 0.0201332109633 0.0134221397569
0 0.5612000048 0.14291998692 0.0259294411267 0.0172862929443
0 0.434399999225 0.221759985186 0.0332368839438 0.0221579211678
0 0.439999999471 0.237279984845 0.0277222191626 0.0184814782228
0 0.688000010376 0.262819984284 0.0249030037268 0.0166020013896
0 0.709600011325 0.365379982029 0.022242280119 0.014828185768
0 0.637800008168 0.403719981186 0.02413478335 0.0160898545054
0 0.337999994986 0.444319980293 0.0364530214854 0.0243020127208
0 0.446999999779 0.364119982057 0.0711501672145 0.0474334416811
0 0.422399998697 0.310979983225 0.0655117363429 0.0436744880147
0 0.514000002725 0.304919983358 0.0426180765767 0.0284120491772
0 0.62420000757 0.298039983509 0.0413065121806 0.0275376729708
0 0.36379999612 0.327379982864 0.0625749876415 0.0417166556762
0 0.188399988408 0.0723399884715 0.0459600578169 0.0306400365237
0 0.440399999488 0.0685199885555 0.0260420277061 0.017361350659
0 0.0835999837997 0.0907199880674 0.070718915106 0.0471459402944
0 0.41019999816 0.150299986758 0.0388057644065 0.025870507898
0 0.442999999603 0.184919985996 0.0267179429172 0.01781196077
0 0.470400000808 0.1756799862 0.0206585490446 0.0137723651214
0 0.500600002135 0.168879986349 0.022119107631 0.0147460707814
0 0.510800002584 0.147219986825 0.0361708625009 0.0241139067435
0 0.525400003226 0.118599987454 0.0512661703052 0.0341774446159
0 0.444999999691 0.124779987319 0.0561830775182 0.0374553825417
0 0.522400003094 0.0734199884477 0.110923503454 0.0739489974255
0 0.46500000057 0.0227999895606 0.027334201092 0.0182227995261
0 0.412399998257 0.0184199896569 0.029887581608 0.0199250530911
0 0.984600023417 0.143979986896 0.0321558351276 0.0214372220045
0 0.828800016567 0.120979987402 0.0259932533795 0.0173288344434
0 0.982800023338 0.0987399878911 0.0256926927221 0.017128460685
0 0.910600020163 0.0749399884143 0.0335414019502 0.0223609331587
