0 0.770400013999 0.115939987513 0.144521396562 0.0963475913531
0 0.594000006242 0.776639972987 0.168991664174 0.112661102019
0 0.487000001537 0.856339971235 0.213693878608 0.142462576342
0 0.464600000552 0.499399979082 0.249208117974 0.166138734358
0 0.262799991679 0.333899982721 0.512080962084 0.34138728554
0 0.147799986623 0.510839978831 0.125258010911 0.0835053350997
0 0.501600002179 0.145899986854 0.143777414948 0.095851603643
0 0.27259999211 0.606879976719 0.427823065607 0.285215358259
0 0.213599989516 0.729639974021 0.129964288223 0.0866428531007
0 0.154999986939 0.642179975943 0.181937142128 0.121291420085
0 0.0445999820849 0.929239969632 0.123868981408 0.0825793154921
0 0.789800014852 0.973739968654 0.0399812949303 0.0266541948622
0 0.74860001304 0.975839968608 0.0242007721447 0.0161338470324
0 0.691000010507 0.978899968541 0.0302081268779 0.0201387499237
0 0.596400006348 0.980919968496 0.0210408289591 0.0140272183809
0 0.415799998407 0.962959968891 0.0259101490503 0.0172734315609
0 0.394599997475 0.948519969208 0.0252082142693 0.0168054750711
0 0.36879999634 0.943999969308 0.0215668595764 0.014377905436
0 0.346599995364 0.976019968604 0.02125225033 0.0141681659522
0 0.332999994766 0.98575996839 0.0212640234433 0.0141760146939
0 0.487000001537 0.961999968912 0.0415151634072 0.0276767737793
0 0.452800000034 0.922679969777 0.0292348168885 0.0194898766402
0 0.274399992189 0.987319968355 0.0360913197858 0.0240608782702
0 0.207599989252 0.97573996861 0.0242371797557 0.0161581187714
0 0.16639998744 0.991259968269 0.0222305070057 0.0148203370263
0 0.0423999819881 0.982719968457 0.0205583291809 0.0137055518833
0 0.185399988276 0.970199968732 0.0349959255794 0.0233306155142
0 0.190999988522 0.955919969046 0.0313449743152 0.0208966481652
0 0.0497999823135 0.766719973205 0.0281580222225 0.0187720135769
0 0.173199987739 0.784619972812 0.0198399714016 0.0132266467287
0 0.246999990985 0.832639971756 0.0372063028698 0.0248042002772
0 0.224799990008 0.836679971667 0.0572424598486 0.0381616373821
0 0.226799990096 0.864719971051 0.0206572629062 0.0137715076958
0 0.219999989797 0.885159970601 0.0644063498303 0.0429375637216
0 0.196199988751 0.918119969877 0.0516748655243 0.0344499080774
0 0.145199986508 0.851059971351 0.0882373077099 0.0588248679268
0 0.128999985796 0.78835997273 0.0225396748972 0.0150264489404
0 0.120399985418 0.78377997283 0.0232854373184 0.0155236238551
0 0.169999987599 0.834859971707 0.102981103988 0.0686540647974
0 0.200799988953 0.78697997276 0.0651785275562 0.0434523488382
0 0.269799991987 0.750279973567 0.0210442916395 0.0140295268343
0 0.297599993209 0.778979972936 0.0270443252769 0.0180295489955
0 0.356399995795 0.895619970371 0.0670200799187 0.0446800503322
0 0.303599993473 0.905579970152 0.0873369118761 0.0582246040772
0 0.301599993385 0.872659970876 0.0610768342395 0.0407178868074
0 0.267799991899 0.877179970777 0.02165273405 0.0144351550812
0 0.355399995751 0.934299969521 0.026563507372 0.0177090037467
0 0.316399994036 0.817059972099 0.0378977506758 0.0252651654508
0 0.320199994203 0.832799971753 0.0207539211558 0.0138359465246
0 0.368199996314 0.80423997238 0.0667111098946 0.0444740703297
0 0.383799997 0.835679971689 0.0661265105119 0.0440843374336
0 0.444599999673 0.786439972772 0.0252559992587 0.0168373317286
0 0.327599994529 0.764359973257 0.0408866374504 0.0272577565025
0 0.372399996498 0.752299973522 0.0719515303893 0.0479676837625
0 0.489800001661 0.772919973069 0.0246729828155 0.0164486541255
0 0.373399996542 0.719179974251 0.0269114572839 0.0179409703393
0 0.404799997923 0.701399974641 0.0776917640642 0.05179450596
0 0.302799993438 0.723179974163 0.0839938423649 0.0559958912167
0 0.586200005899 0.837119971658 0.0345900994383 0.0230600647712
0 0.59440000626 0.893559970417 0.0946716604014 0.0631144361048
0 0.510600002575 0.809799972258 0.0366094357051 0.0244062888603
0 0.490800001705 0.788059972736 0.037917834222 0.0252785544808
0 0.484400001423 0.798459972508 0.0228535916075 0.0152357267335
0 0.570400005205 0.820259972028 0.0204114125988 0.0136076075017
0 0.603600006664 0.810279972248 0.0268795016906 0.0179196666118
0 0.532600003542 0.770819973115 0.0231538554638 0.0154359026244
0 0.764800013752 0.918399969871 0.0202556909152 0.0135037930528
0 0.777200014298 0.895899970365 0.0447776019322 0.0298517326526
0 0.767800013884 0.873539970857 0.0597540903324 0.0398360575942
0 0.71040001136 0.915659969931 0.139087956369 0.0927252981302
0 0.666800009443 0.957739969006 0.0305782379442 0.0203854906182
0 0.687800010367 0.964539968856 0.0204654304128 0.0136436193753
0 0.645000008485 0.969019968758 0.0338467114265 0.0225644727961
0 0.79340001501 0.942479969341 0.0297994316587 0.0198662864622
0 0.776200014254 0.95251996912 0.0376854389013 0.0251236242772
0 0.703600011061 0.83427997172 0.0822077918223 0.0548051909335
0 0.794200015045 0.821399972003 0.0449536050295 0.0299690680431
0 0.671800009663 0.78743997275 0.0247497553864 0.016499835836
0 0.669600009566 0.803319972401 0.0431983228755 0.0287988800175
0 0.709600011325 0.795399972575 0.0211164143252 0.0140776086216
0 0.733000012354 0.784999972803 0.0342321572202 0.0228214366416
0 0.744600012864 0.799859972477 0.0234837005039 0.0156557993033
0 0.692600010578 0.74965997358 0.0261905272277 0.0174603503335
0 0.893200019398 0.812799972192 0.0387691589281 0.0258461042474
0 0.773400014131 0.775259973018 0.0353845372523 0.0235896899457
0 0.727800012126 0.733219973942 0.0325145688155 0.0216763777806
0 0.772600014095 0.733719973931 0.0670565864633 0.044704388027
0 0.772600014095 0.680859975093 0.0203841068906 0.0135894036975
0 0.715800011598 0.676339975192 0.0222437641249 0.0148291751052
0 0.8182000161 0.716339974313 0.0236335850977 0.0157557223593
0 0.827200016496 0.732899973949 0.0503963449925 0.0335975611123
0 0.806800015599 0.701719974634 0.0297655963247 0.0198437295743
0 0.868800018325 0.728679974042 0.026103267682 0.0174021773069
0 0.868200018299 0.764819973247 0.061677361952 0.0411182385893
0 0.812000015828 0.771479973101 0.0289218895154 0.0192812584052
0 0.838000016971 0.774199973041 0.0251359926499 0.016757327328
0 0.934000021192 0.823579971955 0.0849225332442 0.0566150184287
0 0.987200023531 0.893079970427 0.0203771815299 0.0135847867906
0 0.912600020251 0.780659972899 0.0228112479731 0.0152074976457
0 0.979600023197 0.86201997111 0.0378271119959 0.0252180730007
0 0.972200022872 0.60729997671 0.0618748336677 0.0412498863911
0 0.935600021263 0.585659977186 0.0373602437463 0.0249068275215
0 0.895000019477 0.593359977017 0.0204688930932 0.0136459278288
0 0.858400017868 0.570619977517 0.0207899330318 0.0138599544404
0 0.949800021887 0.644719975888 0.0226657164632 0.0151104766455
0 0.960800022371 0.631019976189 0.0283906154106 0.0189270756921
0 0.965200022564 0.683319975039 0.0902178619565 0.0601452373374
0 0.872200018475 0.517919978675 0.0256447098653 0.0170964721159
0 0.851200017551 0.51723997869 0.0199411806025 0.0132941195249
0 0.84640001734 0.542799978128 0.0476656752408 0.0317771147313
0 0.930000021016 0.483979979421 0.0272996732219 0.0181997809476
0 0.788000014773 0.520399978621 0.110025185229 0.0733501186479
0 0.750400013119 0.465599979826 0.0302992448389 0.020199495227
0 0.693800010631 0.457719979999 0.0521073048376 0.0347382009339
0 0.702200011 0.428019980652 0.0246393453489 0.0164262291492
0 0.620800007421 0.418019980872 0.0249942206215 0.0166628126487
0 0.716400011624 0.541679978153 0.0298409838233 0.0198939879034
0 0.683800010191 0.517919978675 0.0483888807727 0.0322592517208
0 0.60260000662 0.544439978092 0.0439841534554 0.0293227670363
0 0.666400009426 0.589299977106 0.0404964428379 0.026997626778
0 0.802200015397 0.588279977128 0.0514551337205 0.0343034202178
0 0.769200013946 0.595099976978 0.0501658294125 0.0334438840692
0 0.767200013858 0.633959976124 0.0679185960117 0.0452790610214
0 0.77180001406 0.664059975462 0.0789580168141 0.0526386744043
0 0.736600012512 0.70191997463 0.0798414949809 0.0532276598099
0 0.651400008766 0.688459974926 0.0506534737445 0.0337689802691
0 0.65080000874 0.717239974293 0.0202688491007 0.0135125651759
0 0.636800008124 0.726959974079 0.0252887463217 0.0168591631025
0 0.515800002804 0.713219974382 0.0961064962192 0.0640709932536
0 0.575200005416 0.674019975243 0.135926034509 0.0906173503624
0 0.340399995091 0.702739974612 0.0449463828676 0.0299642532687
0 0.564000004923 0.588259977129 0.106274607703 0.0708497337957
0 0.167399987484 0.53405997832 0.0224631991275 0.0149754650973
0 0.104399984714 0.702519974617 0.0451741283032 0.0301160835491
0 0.0753999834392 0.679659975119 0.0220958582055 0.0147305711655
0 0.0371999817595 0.67327997526 0.0718321173829 0.0478880750968
0 0.0147999807745 0.275859983997 0.0208007168078 0.0138671436239
0 0.0713999832633 0.29799998351 0.0295515037432 0.019701001196
0 0.031799981522 0.355139982254 0.08181176012 0.054541169816
0 0.03379998161 0.417799980876 0.0238997168187 0.0159331434949
0 0.0329999815748 0.488639979319 0.0323211533826 0.0215474341672
0 0.0919999841691 0.415399980929 0.0612063384859 0.040804222966
0 0.197399988804 0.411819981008 0.0336879227974 0.022458613717
0 0.20799998927 0.426939980676 0.0249624628957 0.0166416408329
0 0.234599990439 0.450459980158 0.0275247474469 0.018349830421
0 0.210599989384 0.481979979465 0.0237792155413 0.0158528093153
0 0.184399988232 0.448599980199 0.041365773482 0.0275771805025
0 0.528800003375 0.37397998184 0.0254093465329 0.016939563238
0 0.485000001449 0.350859982348 0.0239440391276 0.0159626916989
0 0.479600001212 0.334519982707 0.0247971446408 0.0165314286702
0 0.349999995513 0.31255998319 0.0719563781418 0.0479709155973
0 0.449999999911 0.311879983205 0.0208787755171 0.01391918276
0 0.382399996938 0.343319982514 0.0315982446519 0.0210654950452
0 0.412399998257 0.266699984198 0.0337285845585 0.0224857215559
0 0.51140000261 0.292899983622 0.0737337225166 0.049155811769
0 0.586400005908 0.275539984004 0.0203208882402 0.0135472579333
0 0.541600003938 0.406359981128 0.0254775118696 0.0169850067928
0 0.567600005081 0.397779981317 0.0237446876712 0.0158297907367
0 0.632800007948 0.433759980526 0.0484618938619 0.0323079271104
0 0.577000005495 0.364639982045 0.0259267699161 0.0172845121374
0 0.878800018765 0.288099983728 0.0200018269761 0.0133345504379
0 0.774200014166 0.258239984384 0.0574190565482 0.0382793685074
0 0.835800016874 0.257579984399 0.0321578138021 0.0214385411207
0 0.671200009637 0.264039984257 0.0221496781521 0.0147664511275
0 0.661200009197 0.23343998493 0.0343858012956 0.0229238660184
0 0.445199999699 0.218899985249 0.0237851515648 0.015856766664
0 0.537800003771 0.203999985577 0.023011885568 0.0153412560335
0 0.835600016866 0.343919982501 0.0210538882108 0.0140359245481
0 0.710000011343 0.402299981217 0.0376206373113 0.02508042322
0 0.790400014878 0.415499980927 0.0228020471366 0.0152013637551
0 0.778000014333 0.346159982451 0.10645565642 0.0709704329326
0 0.762800013665 0.431239980581 0.0308431824605 0.0205621202841
0 0.755400013339 0.42173998079 0.0219777313376 0.0146518199253
0 0.968400022705 0.460159979945 0.0232551635985 0.0155034413764
0 0.979400023189 0.475239979614 0.0273836679547 0.0182557774324
0 0.971600022846 0.344579982486 0.0259112373212 0.0172741570748
0 0.968600022714 0.429139980627 0.0305091822039 0.0203394534611
0 0.9410000215 0.441119980364 0.0247785451004 0.0165190289774
0 0.946600021746 0.206839985514 0.0199886687907 0.0133257783149
0 0.802400015406 0.101699987826 0.0250017395847 0.0166678252904
0 0.874800018589 0.173259986253 0.0305525151756 0.020368342107
0 0.790000014861 0.194239985791 0.0310747863114 0.0207165228412
0 0.716200011615 0.178179986145 0.0239740160464 0.0159826763101
0 0.621600007456 0.22431998513 0.0211870530051 0.0141247010718
0 0.486400001511 0.123579987345 0.0450191980894 0.0300127967467
0 0.546800004167 0.0990799878836 0.025953086287 0.0173020563835
0 0.641200008318 0.290859983667 0.0882346364994 0.0588230871198
0 0.421999998679 0.195259985769 0.0472947727047 0.0315298463902
0 0.267399991882 0.170539986313 0.0413524174291 0.0275682764678
0 0.248599991055 0.12697998727 0.0200597032054 0.0133731345882
0 0.363399996103 0.170619986311 0.0226152602633 0.0150768391811
0 0.361399996015 0.195719985759 0.0214958251617 0.0143305491626
0 0.352399995619 0.166519986401 0.099110816655 0.0660738734121
0 0.388399997202 0.194839985778 0.0255747637215 0.0170498413565
0 0.383799997 0.134079987114 0.0206334198784 0.013755612345
0 0.196599988768 0.145459986864 0.0424690823864 0.0283127197235
0 0.459000000306 0.102699987804 0.0294863064182 0.0196575363156
0 0.50980000254 0.0781799883431 0.0434687087467 0.0289791372531
0 0.376399996674 0.0808599882842 0.0309966286684 0.0206644177493
0 0.430399999049 0.103919987777 0.0959188189424 0.0639458750773
0 0.308599993693 0.089919988085 0.0791173990456 0.0527449292182
0 0.311799993834 0.0654399886232 0.0218177555038 0.0145451693765
0 0.287999992787 0.0595599887524 0.0283215596704 0.0188810385349
0 0.368199996314 0.0309799893808 0.054200247796 0.0361334961475
0 0.419199998556 0.0404999891715 0.0240617702607 0.0160411791158
0 0.235999990501 0.0383999892177 0.0593868483442 0.0395912296182
0 0.183799988206 0.0726999884636 0.110817644368 0.0738784247061
0 0.238399990606 0.0675199885774 0.0291234175138 0.0194156103953
0 0.236399990518 0.0911399880582 0.033359264962 0.0222395085078
0 0.427599998926 0.241039984763 0.069551695015 0.0463677936185
0 0.108799984908 0.212019985401 0.0280270339702 0.0186846880811
0 0.0567999826213 0.225199985111 0.0269746759343 0.0179831161035
0 0.104199984706 0.166879986393 0.030060418826 0.0200402778956
0 0.158799987106 0.172399986272 0.0537758221145 0.0358505457118
0 0.0851999838701 0.235739984879 0.0267061698039 0.0178041120283
0 0.113199985101 0.0775399883572 0.0725994473562 0.0483996283786
0 0.0859999839052 0.0835999882239 0.0395353016967 0.0263568660594
0 0.101599984591 0.121599987388 0.0855007019348 0.057000464197
0 0.182799988162 0.119339987438 0.0431654768787 0.0287769826878
0 0.156999987027 0.140879986965 0.0499246289903 0.0332830837983
0 0.125199985629 0.177819986152 0.0239251427861 0.0159500941387
0 0.413799998319 0.0532199888918 0.021215150183 0.0141434325225
0 0.341799995153 0.836439971673 0.0744669203547 0.0496446102955
0 0.712400011448 0.773179973063 0.0246014537322 0.016400968073
0 0.500400002127 0.325659982902 0.0461332907698 0.0307555251514
0 0.564800004958 0.173019986258 0.026568552992 0.0177123674931
