0 0.853000017631 0.263080006263 0.371830534443 0.247887006613
0 0.63580000808 0.748001995602 0.307198121051 0.204798733859
0 0.284999992655 0.730505995987 0.296392579575 0.197595040017
0 0.801800015379 0.0942862099742 0.215586480772 0.143724311035
0 0.753200013242 0.444378002277 0.164195357172 0.109463564228
0 0.013399980713 0.0451406110547 0.021390559678 0.0142603721781
0 0.024999981223 0.138838408995 0.0251176899107 0.0167451255027
0 0.04539998212 0.118986209431 0.0215685414498 0.0143790266848
0 0.0663999830434 0.12541940929 0.043349394674 0.0288995945432
0 0.0961999843537 0.203014007584 0.0438706764725 0.0292471157193
0 0.110199984969 0.136172209053 0.0333138543821 0.0222092347899
0 0.119599985383 0.151508208716 0.0311799528614 0.0207866338699
0 0.127199985717 0.175255408194 0.0329974643286 0.0219983081015
0 0.127599985734 0.203142007581 0.0265691465944 0.017712763228
0 0.0863999839228 0.0976750098997 0.0445359068414 0.0296906026026
0 0.0517999824015 0.0694086105212 0.0589788456611 0.0393192278474
0 0.0883999840108 0.0530574108807 0.0358540767126 0.0239027162318
0 0.0845999838437 0.0680326105514 0.0393056765204 0.0262037826186
0 0.116599985251 0.0739510104213 0.0240291221314 0.0160194136977
0 0.133599985998 0.144015608881 0.0198251313428 0.0132167533568
0 0.286199992708 0.0184057916425 0.0219117425428 0.0146078273984
0 0.195599988724 0.0470810110121 0.0199379157896 0.013291942983
0 0.222999989929 0.0402484111623 0.0221282095337 0.0147521387162
0 0.180199988047 0.0197098516138 0.0201054105865 0.0134036061736
0 0.269799991987 0.130979809168 0.0224639905973 0.0149759927438
0 0.306199993588 0.150143408746 0.0212137651109 0.0141425091411
0 0.275799992251 0.150073808748 0.0263624740423 0.0175749815357
0 0.307599993649 0.187060407935 0.0406622557615 0.0271081687197
0 0.288999992831 0.177019808155 0.0209851292718 0.0139900852584
0 0.27099999204 0.180563008077 0.0439151966489 0.029276795835
0 0.242999990809 0.198410607685 0.0257605612576 0.0171737063724
0 0.207399989243 0.211482007398 0.0316044774766 0.0210696502614
0 0.183199988179 0.217434007267 0.0203708497714 0.0135805656186
0 0.13659998613 0.223430007135 0.0414988393425 0.0276658910703
0 0.0517999824015 0.224056007121 0.0241876139593 0.0161250749093
0 0.197599988812 0.229400007004 0.0383105021777 0.0255403331006
0 0.26259999167 0.207948007475 0.0382588587731 0.0255059041665
0 0.230199990246 0.20500800754 0.0499404583863 0.0332936367283
0 0.224199989982 0.223586007132 0.0359908031209 0.0239938671647
0 0.24939999109 0.224282007116 0.0365805470573 0.0243870297631
0 0.232999990369 0.184293607995 0.0210366737426 0.0140244482368
0 0.233599990395 0.174815608204 0.0659237953088 0.0439491939738
0 0.191799988557 0.14677700882 0.0395476684124 0.026365110536
0 0.296999993183 0.206022007518 0.0697692502769 0.0465128304502
0 0.294799993086 0.160024608529 0.0330150745317 0.0220100482361
0 0.324199994379 0.160173208526 0.0388581003472 0.0259053985228
0 0.415999998416 0.156864008598 0.0471277725764 0.0314185129787
0 0.382999996964 0.217778007259 0.0341773479364 0.0227848971215
0 0.338599995012 0.0294096114006 0.0265949682967 0.0177299776951
0 0.331999994722 0.0406426111536 0.0211355085342 0.0140903380935
0 0.358199995874 0.0872266101295 0.0446785692732 0.0297857108843
0 0.382399996938 0.0581344107691 0.0210048170831 0.0140032104651
0 0.398999997668 0.04944821096 0.0268321124362 0.0178880737776
0 0.459800000341 0.135987809057 0.0204734440446 0.0136489617962
0 0.427999998943 0.0403416111602 0.0210464681814 0.0140309778622
0 0.450199999919 0.0487730109749 0.0467946627234 0.031196439758
0 0.420799998627 0.0214086115765 0.0287943639435 0.0191962413629
0 0.411599998222 0.0361166112531 0.0381233195695 0.0254155447033
0 0.453600000069 0.0203530115997 0.0459980483674 0.0306653635557
0 0.473200000931 0.0379496112128 0.0465786904011 0.0310524582193
0 0.490200001678 0.0816236102526 0.115862275021 0.0772415115859
0 0.557200004624 0.165955008399 0.0217423680051 0.0144949110474
0 0.580800005662 0.126345809269 0.0269221421262 0.017948093567
0 0.644800008476 0.104376209752 0.079121554262 0.0527476993623
0 0.609800006937 0.194392007773 0.0238609347984 0.0159072888164
0 0.604000006682 0.208858007455 0.0264895049455 0.0176596687989
0 0.622400007491 0.215718007305 0.0363927708467 0.0242618456309
0 0.649800008696 0.222886007147 0.0478196161174 0.0318797419756
0 0.646000008529 0.230416006981 0.0385978057159 0.0257318687801
0 0.647000008573 0.180768608073 0.0262889662844 0.017525976367
0 0.649800008696 0.196544207726 0.0435286625842 0.0290191064755
0 0.711800011422 0.225346007093 0.0202001890953 0.013466791842
0 0.713600011501 0.176718208162 0.0337459968941 0.0224973297789
0 0.70880001129 0.151521008716 0.0213268463589 0.0142178966348
0 0.761200013594 0.182176608042 0.0613825394506 0.0409216902681
0 0.721400011844 0.13269000913 0.0200232955945 0.0133488628492
0 0.696800010762 0.141500008936 0.0328685536846 0.0219123676778
0 0.575400005424 0.088930010092 0.151579328524 0.101052879017
0 0.520800003024 0.0174465116636 0.0470226060264 0.03134840195
0 0.637200008142 0.0518946109062 0.0870466403261 0.0580310897233
0 0.86800001829 0.103034209782 0.0522021822801 0.034801452558
0 0.84640001734 0.0978138098967 0.0485027534905 0.032335166861
0 0.79840001523 0.0196031316162 0.0260566698974 0.0173711121192
0 0.775000014201 0.0220150115631 0.0313434903093 0.020895658828
0 0.818400016109 0.0273312114463 0.020034277238 0.0133561839444
0 0.883800018985 0.0310642113642 0.0267541526607 0.0178361005974
0 0.882200018915 0.0490798109681 0.0663931369015 0.0442620883483
0 0.892600019372 0.0718530104674 0.0654957090794 0.0436638031731
0 0.885600019064 0.0883180101055 0.0435422165046 0.0290281424218
0 0.96420002252 0.0472826110076 0.0242294629251 0.016152974218
0 0.931200021069 0.0479968109919 0.0779902471134 0.0519934946463
0 0.956200022168 0.0820100102441 0.126386844717 0.0842578909204
0 0.759000013497 0.361346004103 0.0242822935344 0.0161881946219
0 0.694800010675 0.379818003697 0.0412724789791 0.0275149841713
0 0.64580000852 0.337862004619 0.0219111489404 0.0146074316635
0 0.724800011994 0.356510004209 0.0836065168304 0.0557376742107
0 0.68560001027 0.311194005205 0.0941134763233 0.0627423134107
0 0.590200006075 0.348890004377 0.0205195471606 0.0136796972048
0 0.615800007201 0.401706003216 0.0362814704058 0.0241876453419
0 0.540000003868 0.344440004475 0.0231876907978 0.0154584595123
0 0.527200003305 0.323664004931 0.0265753794191 0.0177169184442
0 0.529800003419 0.24959400656 0.0644622473851 0.0429748287556
0 0.550800004343 0.278718005919 0.0583708979192 0.0389139293795
0 0.487000001537 0.284976005782 0.0258544493629 0.0172362984384
0 0.450199999919 0.287608005724 0.0305372793819 0.0203581849119
0 0.441999999559 0.301086005428 0.0226111050468 0.015074069037
0 0.456000000174 0.332512004737 0.020250348494 0.0135002314389
0 0.494000001845 0.331936004749 0.0346189880861 0.0230793238685
0 0.511800002628 0.379702003699 0.0206373772274 0.0137582505775
0 0.501400002171 0.373592003834 0.021184183927 0.0141227883532
0 0.467800000693 0.408166003074 0.0318386536043 0.0212257676696
0 0.481200001282 0.39650600333 0.0204157656827 0.0136105095575
0 0.446599999761 0.387296003532 0.0359084902615 0.0239389919287
0 0.413199998292 0.386194003557 0.0493203417962 0.0328802256955
0 0.366999996261 0.347606004405 0.0220194813696 0.0146796532782
0 0.333799994801 0.253948006464 0.0202050368479 0.0134700236768
0 0.385799997088 0.266832006181 0.0450547152968 0.0300364748834
0 0.413199998292 0.273042006044 0.0406221876027 0.0270814566157
0 0.387399997158 0.29552200555 0.0321350590453 0.0214233712839
0 0.303599993473 0.273170006041 0.0238502499561 0.0159001655887
0 0.269199991961 0.291786005632 0.0439801961064 0.0293201288038
0 0.239599990659 0.26321000626 0.0567608504739 0.0378405644868
0 0.239199990642 0.344040004483 0.0474115145006 0.031607674249
0 0.267799991899 0.362500004077 0.0338371148551 0.0225580750823
0 0.247399991002 0.373848003828 0.0208705640179 0.0139137084276
0 0.273199992137 0.322888004948 0.0230383998064 0.0153589321912
0 0.266199991829 0.337720004622 0.0240486120753 0.0160324069927
0 0.415799998407 0.408148003074 0.0202492602231 0.013499505925
0 0.456000000174 0.430960002572 0.0656159135557 0.0437439394853
0 0.402199997809 0.422606002756 0.0304578356005 0.0203052223944
0 0.215799989613 0.431032002571 0.0276066645715 0.0184044418338
0 0.367999996305 0.324582004911 0.0199360360488 0.0132906898226
0 0.277399992321 0.376074003779 0.0235011128395 0.0156674075263
0 0.262399991662 0.273338006038 0.0221236585824 0.0147491047488
0 0.227599990131 0.310194005227 0.0798221039708 0.0532147324707
0 0.194999988698 0.254618006449 0.035995453006 0.0239969670879
0 0.214999989577 0.250830006533 0.0511329065772 0.0340886021365
0 0.180199988047 0.267448006167 0.0336998937782 0.0224665943703
0 0.187599988373 0.279362005905 0.0316734342831 0.0211156214627
0 0.134399986033 0.331880004751 0.0374603646763 0.0249735748037
0 0.186199988311 0.346600004427 0.0297843937325 0.0198562611787
0 0.20299998905 0.35512200424 0.0303633538929 0.0202422345935
0 0.175799987854 0.391722003435 0.0217788745497 0.0145192487422
0 0.182799988162 0.311248005204 0.0976674725368 0.0651116440634
0 0.129399985814 0.30506800534 0.0567528368421 0.037835222066
0 0.0973999844065 0.366192003996 0.0623584217169 0.0415722784027
0 0.0729999833336 0.362970004067 0.0709475509451 0.0472983641771
0 0.0627999828851 0.253364006477 0.0288168218992 0.0192112133324
0 0.0461999821552 0.242604006713 0.0271318816238 0.0180879198895
0 0.0575999826565 0.295248005556 0.0273208450391 0.0182138954914
0 0.0789999835975 0.328322004829 0.0259746538391 0.0173164347506
0 0.0407999819178 0.469572001723 0.0526781524325 0.035118765972
0 0.0447999820937 0.497358001113 0.033558418551 0.0223722775584
0 0.0177999809065 0.527368000453 0.0362682132866 0.024178807263
0 0.0225999811175 0.580201999291 0.0558612461098 0.0372408282836
0 0.0449999821024 0.596265998938 0.025929342193 0.0172862269885
0 0.0511999823751 0.563935999649 0.0224946600522 0.0149964390457
0 0.0587999827092 0.616795998487 0.0226730375589 0.0151153573756
0 0.0565999826125 0.638445998011 0.0286888016587 0.019125866511
0 0.099799984512 0.608373998672 0.0236512942345 0.0157675284497
0 0.107199984837 0.589477999087 0.033049899203 0.0220332646821
0 0.104599984723 0.568003999559 0.023698287754 0.0157988574607
0 0.0831999837821 0.514536000735 0.0422869453981 0.0281912950727
0 0.119199985365 0.536476000253 0.0199840189056 0.0133226783917
0 0.120999985444 0.522336000563 0.0233394551324 0.0155596357287
0 0.129199985805 0.618177998456 0.0375962006811 0.0250641321343
0 0.162199987256 0.552445999901 0.0271135788846 0.0180757180642
0 0.159199987124 0.517100000679 0.0220164144241 0.014677608648
0 0.178399987968 0.556561999811 0.0253533500443 0.0169022322481
0 0.193799988645 0.553039999888 0.0238079063216 0.0158719365009
0 0.238399990606 0.49610400114 0.0294284301889 0.0196189521653
0 0.253999991292 0.493932001188 0.0200495130317 0.0133663411396
0 0.233799990404 0.475438001595 0.0219887129811 0.0146591410205
0 0.242199990773 0.535998000263 0.0531960704843 0.0354640446505
0 0.200599988944 0.651185997731 0.0250572414046 0.0167048265013
0 0.193999988654 0.643087997909 0.0265103799616 0.0176735854754
0 0.305999993579 0.633851998112 0.0438178458632 0.0292118953155
0 0.349399995487 0.612405998583 0.0209246807656 0.013949786257
0 0.284399992629 0.604319998761 0.0256624190021 0.0171082782064
0 0.252199991213 0.57391399943 0.0768716034815 0.0512477322743
0 0.297799993218 0.47609600158 0.0612960713747 0.0408640448879
0 0.259599991539 0.456112002019 0.087877881486 0.0585852504599
0 0.221799989876 0.458704001962 0.0380917597111 0.0253945047991
0 0.148999986675 0.39832800329 0.034019746512 0.0226798295121
0 0.276999992304 0.546230000038 0.0274537130322 0.0183024741476
0 0.3405999951 0.570639999501 0.0543201554711 0.0362134345922
0 0.403799997879 0.491730001236 0.0741727903894 0.0494485236649
0 0.4019999978 0.568267999554 0.034641347108 0.0230942298821
0 0.396799997571 0.579485999307 0.0240202180961 0.0160134776746
0 0.394199997457 0.617737998466 0.0483333789528 0.0322222505099
0 0.433399999181 0.60437199876 0.0338340479096 0.0225560304521
0 0.458800000297 0.596335998937 0.0316613643686 0.0211075748536
0 0.479800001221 0.601983998812 0.0339525705125 0.0226350455154
0 0.473600000948 0.616079998502 0.0768214440828 0.0512142926773
0 0.513400002698 0.604027998767 0.0352997510498 0.0235331658144
0 0.542600003982 0.584773999191 0.0447790859381 0.0298527219898
0 0.522800003112 0.563063999668 0.0284275176902 0.0189516772101
0 0.485400001467 0.506890000903 0.0275573955763 0.0183715958391
0 0.537800003771 0.502636000997 0.0425368519882 0.0283578994551
0 0.532400003534 0.472624001656 0.0574361720827 0.038290778863
0 0.554800004519 0.460038001933 0.0208265385101 0.013884358091
0 0.556400004589 0.476752001566 0.0261034655495 0.0174023092185
0 0.486800001529 0.447328002213 0.0235057627246 0.0156705074495
0 0.56280000487 0.615095998524 0.0388636406358 0.0259090920483
0 0.54460000407 0.607717998686 0.0245356628048 0.0163571074577
0 0.533200003569 0.647357997815 0.023386052917 0.0155907009164
0 0.519600002971 0.644449997879 0.0226954955145 0.0151303293451
0 0.495800001924 0.666599997392 0.0370246605501 0.0246831054054
0 0.503800002276 0.697195996719 0.0491822303157 0.0327881513813
0 0.523800003156 0.723373996144 0.0287772484091 0.0191848310074
0 0.397599997606 0.728337996034 0.0205659470777 0.0137106304808
0 0.285799992691 0.707411996495 0.021515512973 0.0143436743693
0 0.591400006128 0.641939997934 0.0451293113256 0.0300862055661
0 0.547200004184 0.672299997266 0.0320341466455 0.0213560963551
0 0.535000003648 0.707743996487 0.0354758530808 0.0236505671606
0 0.568800005134 0.475068001603 0.0208110059152 0.0138740030284
0 0.585600005873 0.480378001486 0.0247585604879 0.0165057059033
0 0.590200006075 0.459090001954 0.0200693987105 0.0133795982579
0 0.646600008555 0.506044000922 0.0225744995685 0.0150496653864
0 0.656000008968 0.499440001067 0.0200115224812 0.0133410141076
0 0.603400006656 0.481888001453 0.0200597032054 0.0133731345882
0 0.765400013779 0.568657999545 0.0250053011988 0.0166701996997
0 0.801200015353 0.564661999633 0.0313665418673 0.0209110265323
0 0.826800016479 0.611257998608 0.0264891092106 0.0176594049757
0 0.798200015221 0.599619998864 0.0285425776127 0.0190283838201
0 0.833800016786 0.588931999099 0.0473130754439 0.0315420482155
0 0.822600016294 0.443480002297 0.0459392817346 0.0306261858031
0 0.801800015379 0.470816001696 0.0371384343342 0.0247589545898
0 0.855600017745 0.489884001277 0.026040246899 0.0173601634543
0 0.855800017754 0.536756000246 0.0686946321529 0.0457964184147
0 0.802600015415 0.541270000147 0.0419806465847 0.0279870958772
0 0.79180001494 0.528054000438 0.0311088195129 0.0207392116407
0 0.784000014597 0.517758000664 0.0316205047401 0.021080335103
0 0.771400014043 0.52387200053 0.0344002456195 0.022933495567
0 0.759800013533 0.541196000149 0.0291552741734 0.0194368481669
0 0.895200019486 0.522574000558 0.0360665863545 0.0240443893171
0 0.902200019794 0.467130001777 0.0608284116553 0.0405522717622
0 0.970000022775 0.544502000076 0.0495359183836 0.033023943411
0 0.973200022916 0.646983997823 0.0200525799772 0.0133683857697
0 0.876800018677 0.841201993553 0.0327193616268 0.0218129063125
0 0.864800018149 0.830025993799 0.0517403596505 0.0344935708253
0 0.893400019407 0.802257994409 0.0243586703703 0.0162391125091
0 0.925400020814 0.739117995797 0.0316796671078 0.0211197766789
0 0.933600021175 0.746679995631 0.024801398791 0.0165342647701
0 0.839200017024 0.872867992857 0.0314115567123 0.020941036427
0 0.835600016866 0.766469995196 0.0494728976006 0.0329819295584
0 0.810800015775 0.758251995377 0.038455539019 0.0256370243217
0 0.837000016927 0.672691997258 0.0302853941173 0.0201902614132
0 0.76860001392 0.726173996082 0.0642564652365 0.0428376406656
0 0.774400014175 0.755743995432 0.0456969930413 0.0304646600182
0 0.74700001297 0.765789995211 0.02564589707 0.0170972635857
0 0.72700001209 0.724751996113 0.0465277395326 0.0310184909759
0 0.820800016215 0.814789994134 0.087853741657 0.0585691572417
0 0.742600012776 0.880937992679 0.0250149967039 0.0166766633693
0 0.748400013031 0.917901991867 0.0252680691731 0.0168453783377
0 0.736600012512 0.935449991481 0.0285101273508 0.0190067503136
0 0.775400014219 0.945327991264 0.0941927222373 0.0627951440165
0 0.819000016136 0.963329990868 0.0222590988523 0.0148393982561
0 0.67400000976 0.916915991889 0.0284209880643 0.0189473241265
0 0.503000002241 0.928935991624 0.0486069307032 0.0324046183315
0 0.437399999356 0.879785992705 0.0294091381125 0.0196060907818
0 0.61600000721 0.742071995733 0.0898502242333 0.0599001455381
0 0.601800006585 0.699543996667 0.10940882812 0.072939213936
0 0.569400005161 0.798309994496 0.08847712306 0.0589847448163
0 0.546400004149 0.826935993867 0.0844865323169 0.056324351163
0 0.526000003252 0.779511994909 0.0512040399257 0.0341360243657
0 0.590600006093 0.856973993206 0.033180293853 0.022120194443
0 0.481000001274 0.698167996698 0.0343214943741 0.0228809947403
0 0.511200002602 0.749279995574 0.0719123526341 0.0479415652607
0 0.516200002821 0.811227994212 0.0427465914858 0.0284977257776
0 0.367799996296 0.833487993723 0.060031203697 0.040020799825
0 0.351799995593 0.806915994307 0.043529454054 0.029019634122
0 0.338399995003 0.841041993557 0.0257214824361 0.0171476538264
0 0.292799992998 0.805949994328 0.0545044690013 0.0363363102709
0 0.273199992137 0.827591993852 0.0304247917363 0.020283193153
0 0.228599990175 0.851087993336 0.0271555267842 0.0181036833287
0 0.255199991345 0.844831993473 0.0199994525667 0.0133329674984
0 0.386399997114 0.766787995189 0.0303639474952 0.0202426303284
0 0.415799998407 0.804823994353 0.024180886466 0.0161205899141
0 0.389199997237 0.803017994393 0.0571549035017 0.038103266488
0 0.427799998934 0.811233994212 0.0330053790266 0.0220035845665
0 0.411199998204 0.822193993971 0.0431037422341 0.0287358262608
0 0.451199999963 0.719195996235 0.0260228345634 0.0173485552313
0 0.190599988505 0.681077997073 0.0200051907228 0.0133367929356
0 0.162399987265 0.703693996576 0.0238125562067 0.0158750364241
0 0.259199991521 0.79493399457 0.0283549992695 0.0189033315996
0 0.0715999832721 0.661385997506 0.0340661464292 0.0227107627882
0 0.0653999829994 0.680871997078 0.0228066970217 0.0152044636783
0 0.080399983659 0.67396999723 0.026726649085 0.0178177648815
0 0.162399987265 0.738809995804 0.0210429065673 0.0140286034529
0 0.183999988214 0.780809994881 0.0407510982468 0.0271673970393
0 0.19459998868 0.815499994118 0.0202458964764 0.0134972634274
0 0.214799989569 0.827625993852 0.0199022996485 0.0132681988905
0 0.201199988971 0.808889994263 0.0566076021334 0.0377383989332
0 0.146999986587 0.790671994664 0.0551188474353 0.0367458958666
0 0.11339998511 0.815075994127 0.0223289460623 0.0148859630597
0 0.0901999840899 0.78723799474 0.0237239115889 0.0158159400161
0 0.0705999832281 0.756665995412 0.0332608259053 0.0221738824744
0 0.119199985365 0.741555995744 0.123188317378 0.0821255395021
0 0.137799986183 0.824209993927 0.082509341817 0.05500622425
0 0.0707999832369 0.822073993974 0.114069595918 0.0760463922632
0 0.114599985163 0.766713995191 0.0273317277489 0.0182211506308
0 0.0603999827796 0.85861199317 0.108112796319 0.0720751927921
0 0.136999986148 0.874361992824 0.119724647656 0.0798164265062
0 0.146399986561 0.901119992236 0.020574851113 0.013716566504
0 0.182799988162 0.901757992222 0.0231934289539 0.0154622849494
0 0.15819998708 0.897143992323 0.0203535363695 0.0135690233514
0 0.0895999840635 0.934755991496 0.104000121359 0.0693334096662
0 0.0543999825158 0.975309990605 0.0249219000684 0.0166145989497
0 0.133399985989 0.981171990476 0.0483617729319 0.0322411798281
0 0.322599994309 0.9300319916 0.0370779858281 0.0247186555884
0 0.331399994696 0.951523991128 0.0460179340462 0.030678620674
0 0.385999997096 0.940095991379 0.0225066310329 0.015004419699
0 0.328799994581 0.975125990609 0.0215246148757 0.014349742304
0 0.150199986728 0.933723991519 0.0705407354667 0.0470271538761
0 0.402399997818 0.980343990494 0.0260636941919 0.0173757949819
0 0.396799997571 0.917469991876 0.0449155155453 0.0299436750552
0 0.495200001898 0.973379990647 0.0398824601388 0.0265883050055
0 0.527400003314 0.962285990891 0.0921970311308 0.0614646833666
0 0.722400011888 0.977503990556 0.0413428208577 0.027561878754
0 0.729400012196 0.91777599187 0.0255152056189 0.0170101359574
0 0.862600018053 0.953857991076 0.0676398007739 0.0450931975417
0 0.836400016901 0.974531990622 0.0355876481904 0.0237250972288
0 0.836800016918 0.989277990298 0.0309798099351 0.0206532052612
0 0.836200016892 0.891227992453 0.0240498982137 0.0160332644183
0 0.133199985981 0.131517409156 0.0405595625546 0.0270397065863
0 0.325999994458 0.129872809192 0.0244244612976 0.0162829731245
0 0.446999999779 0.148777408776 0.033515184513 0.0223434548684
0 0.307599993649 0.0361784112518 0.0275838108809 0.0183892060411
0 0.757800013445 0.374704003809 0.0208440497795 0.0138960322698
0 0.590200006075 0.290598005658 0.0279505582006 0.018633704238
0 0.286799992735 0.404740003149 0.0206595383818 0.0137730246795
0 0.031799981522 0.5161420007 0.0507897054842 0.0338598014229
0 0.351199995566 0.457640001986 0.02700722513 0.0180048155658
0 0.455400000148 0.527698000446 0.0214716853327 0.0143144559444
0 0.500600002135 0.474352001618 0.0203398835154 0.0135599214493
0 0.561400004809 0.541428000144 0.0316465243098 0.0210976814817
0 0.652200008801 0.554075999866 0.0261181077408 0.0174120706788
0 0.539000003824 0.544668000072 0.035272643209 0.0235150939217
0 0.611800007025 0.455804002026 0.0210445884406 0.0140297247018
0 0.842000017147 0.851977993316 0.0254458530775 0.0169639009328
0 0.480200001238 0.802961994394 0.100254490519 0.0668363226047
0 0.41199999824 0.781155994873 0.0555783945892 0.0370522606157
0 0.0713999832633 0.696137996742 0.0336097651544 0.0224065086251
0 0.813800015907 0.945891991251 0.0331428969048 0.0220952631459
