0 0.644000009936 0.296220005535 0.244198081913 0.162798721275
0 0.198600019728 0.550179999951 0.107464766242 0.0716431774949
0 0.238800018844 0.596379998936 0.136824334686 0.0912162231238
0 0.68020000914 0.897039992325 0.303746283308 0.202497522205
0 0.550600011989 0.740539995766 0.172614594424 0.115076396283
0 0.253600018519 0.951439991129 0.0238153232095 0.0158768821397
0 0.454200014109 0.971359990692 0.0340441786513 0.0226961191009
0 0.503800013018 0.981559990467 0.0327083756687 0.0218055837791
0 0.604800010798 0.980139990499 0.0295433872806 0.0196955915204
0 0.761200007359 0.927879991647 0.0204521705958 0.0136347803972
0 0.744200007733 0.935099991489 0.0297939863737 0.0198626575824
0 0.732200007997 0.908379992076 0.0204678021223 0.0136452014149
0 0.731200008019 0.970659990707 0.0241488287535 0.016099219169
0 0.942000003384 0.838259993618 0.0973313818329 0.0648875878886
0 0.920000003868 0.896859992329 0.0200836425177 0.0133890950118
0 0.889600004536 0.852359993308 0.0333516426657 0.0222344284438
0 0.88080000473 0.952959991096 0.0472096834735 0.0314731223156
0 0.805000006396 0.909899992043 0.024219467424 0.016146311616
0 0.832800005785 0.805699994334 0.0255798059672 0.0170532039782
0 0.699600008713 0.826179993883 0.0214264697939 0.0142843131959
0 0.692800008863 0.906099992126 0.0226646252025 0.015109750135
0 0.715600008362 0.800939994438 0.0201548747905 0.0134365831937
0 0.639600010033 0.898339992297 0.0877587537043 0.0585058358029
0 0.563600011703 0.848879993384 0.0652093862766 0.0434729241844
0 0.57240001151 0.875339992803 0.0291266784846 0.0194177856564
0 0.542600012165 0.92231999177 0.0976986237727 0.0651324158485
0 0.504600013001 0.933459991525 0.0751920946424 0.0501280630949
0 0.510600012869 0.836659993653 0.112981310037 0.0753208733578
0 0.445200014306 0.905239992145 0.0271409799463 0.0180939866309
0 0.481600013506 0.9072799921 0.0748593805681 0.0499062537121
0 0.520800012644 0.887559992534 0.0421187525092 0.0280791683395
0 0.455800014073 0.937619991433 0.0669017463581 0.0446011642387
0 0.245400018699 0.927159991663 0.0449726933061 0.0299817955374
0 0.267400018215 0.953339991088 0.022398691384 0.0149324609227
0 0.234600018937 0.872759992859 0.0323906995187 0.0215937996792
0 0.225600019134 0.851099993335 0.0340329991418 0.0226886660946
0 0.213000019411 0.82451999392 0.0297903258263 0.0198602172175
0 0.343200016549 0.79083999466 0.0671584793414 0.0447723195609
0 0.431000014619 0.758659995368 0.0506355600608 0.0337570400405
0 0.425600014737 0.769279995134 0.054901383865 0.0366009225767
0 0.431000014619 0.860319993133 0.0294687912615 0.019645860841
0 0.450200014197 0.87361999284 0.0203103985861 0.0135402657241
0 0.389000015542 0.844799993474 0.0438952062461 0.0292634708307
0 0.412600015023 0.740519995767 0.0466550610827 0.0311033740551
0 0.422800014799 0.709499996449 0.0566073967988 0.0377382645325
0 0.33540001672 0.732299995947 0.0313250845042 0.0208833896695
0 0.322000017015 0.755259995443 0.053527887138 0.035685258092
0 0.292400017666 0.739499995789 0.0376749469567 0.0251166313045
0 0.20580001957 0.922259991771 0.0348956021788 0.0232637347859
0 0.207800019526 0.875599992797 0.0497238859025 0.0331492572683
0 0.188000019961 0.846139993445 0.0489371650228 0.0326247766819
0 0.192200019869 0.815739994113 0.0426859394815 0.0284572929876
0 0.134400021139 0.8299799938 0.0766667016232 0.0511111344155
0 0.0674000226125 0.856619993214 0.0326917548051 0.0217945032034
0 0.0548000228895 0.88409999261 0.0520207309658 0.0346804873105
0 0.161000020555 0.790119994676 0.0259036160074 0.0172690773383
0 0.16120002055 0.766039995206 0.0366615689423 0.0244410459615
0 0.115400021557 0.79859999449 0.033847300564 0.0225648670427
0 0.172400020304 0.748359995594 0.0250338897431 0.0166892598288
0 0.145000020906 0.759199995356 0.0364005818094 0.0242670545396
0 0.0936000220365 0.715119996325 0.0691115297546 0.0460743531697
0 0.0654000226565 0.698619996688 0.0376281513108 0.0250854342072
0 0.0572000228368 0.685519996976 0.0273271731928 0.0182181154618
0 0.0598000227796 0.643139997908 0.0805127496864 0.0536751664576
0 0.03340002336 0.631779998157 0.0244952946137 0.0163301964091
0 0.0240000235667 0.617799998465 0.0209615802801 0.0139743868534
0 0.048000023039 0.788899994703 0.0201183682507 0.0134122455004
0 0.265600018255 0.71717999628 0.0267093321598 0.0178062214399
0 0.404200015208 0.687179996939 0.0276538523106 0.0184359015404
0 0.36500001607 0.649419997769 0.0437257327971 0.0291504885314
0 0.402200015252 0.650059997755 0.0427382754152 0.0284921836102
0 0.395200015406 0.762739995278 0.043321093914 0.028880729276
0 0.372000015916 0.725979996086 0.0531140474197 0.0354093649465
0 0.335000016729 0.646399997836 0.0214115308033 0.0142743538689
0 0.324000016971 0.665559997415 0.0398847303532 0.0265898202355
0 0.300000017499 0.679179997115 0.0507143112957 0.0338095408638
0 0.498200013141 0.633859998112 0.113336482064 0.0755576547091
0 0.545800012095 0.607739998686 0.15551192359 0.103674615727
0 0.508000012926 0.54841999999 0.121596457698 0.0810643051321
0 0.45640001406 0.49064000126 0.0696393411094 0.0464262274063
0 0.362800016118 0.513500000758 0.0309090682443 0.0206060454962
0 0.292800017657 0.526480000472 0.0354685273064 0.0236456848709
0 0.310200017274 0.558379999771 0.0232795971578 0.0155197314385
0 0.303000017433 0.547300000015 0.0241996806816 0.0161331204544
0 0.360800016162 0.594519998976 0.0475268649549 0.0316845766366
0 0.389200015538 0.625239998301 0.0270720231489 0.0180480154326
0 0.232600018981 0.694839996771 0.0397148611693 0.0264765741129
0 0.302000017455 0.632239998147 0.0704151792807 0.0469434528538
0 0.297000017565 0.604099998766 0.0338954812818 0.0225969875212
0 0.225600019134 0.743599995699 0.0322247876833 0.0214831917889
0 0.341200016593 0.703499996581 0.0373936784128 0.0249291189419
0 0.382600015683 0.607459998692 0.0296160046253 0.0197440030836
0 0.412400015028 0.629199998214 0.0205143999007 0.0136762666005
0 0.359000016202 0.682479997043 0.0197884243204 0.0131922828802
0 0.433400014566 0.610639998622 0.0198151364227 0.0132100909484
0 0.629000010266 0.617599998469 0.0222311966092 0.0148207977395
0 0.655800009676 0.59073999906 0.0333116734459 0.0222077822973
0 0.640600010011 0.563219999665 0.0280619538735 0.018707969249
0 0.704600008603 0.603779998773 0.0235933159593 0.0157288773062
0 0.450600014188 0.581679999259 0.0262978668507 0.0175319112338
0 0.645600009901 0.666419997396 0.0205430906773 0.0136953937849
0 0.597600010956 0.660039997536 0.0300246008569 0.0200164005713
0 0.672800009303 0.77403999503 0.0248659992335 0.0165773328223
0 0.720200008261 0.689819996881 0.0330119042979 0.0220079361986
0 0.714000008397 0.674479997219 0.0224929752118 0.0149953168078
0 0.58060001133 0.653059997689 0.0197967347522 0.0131978231681
0 0.84940000542 0.761199995312 0.0342417492747 0.0228278328498
0 0.829600005855 0.769439995131 0.0257933049183 0.0171955366122
0 0.785800006818 0.624539998316 0.0325859946667 0.0217239964445
0 0.852000005363 0.65075999774 0.0326817625001 0.0217878416668
0 0.856400005266 0.629059998217 0.0286002522018 0.0190668348012
0 0.850200005402 0.593679998995 0.0287910953327 0.0191940635551
0 0.729600008054 0.552119999909 0.0280727376482 0.0187151584321
0 0.818600006097 0.545740000049 0.0338679777098 0.0225786518066
0 0.92720000371 0.779599994907 0.020370253482 0.013580168988
0 0.976400002628 0.774859995012 0.0225849835641 0.0150566557094
0 0.952800003147 0.459920001936 0.127040779883 0.0846938532551
0 0.925600003745 0.348120004394 0.0543012519666 0.0362008346444
0 0.889200004545 0.332640004734 0.0619167733997 0.0412778489331
0 0.863800005103 0.289480005683 0.0895950623371 0.0597300415581
0 0.763600007306 0.458180001974 0.0485738804315 0.0323825869543
0 0.800200006502 0.347460004408 0.0269147185465 0.0179431456976
0 0.799800006511 0.377200003754 0.0640619530821 0.0427079687214
0 0.759200007403 0.347620004405 0.0742488606299 0.0494992404199
0 0.728800008071 0.437220002435 0.0593764524706 0.039584301647
0 0.649200009821 0.426180002677 0.0655231050781 0.0436820700521
0 0.698200008744 0.510260000829 0.0203472019271 0.0135648012847
0 0.684400009048 0.547660000007 0.0836985141541 0.0557990094361
0 0.660800009566 0.476020001582 0.0469634374637 0.0313089583091
0 0.504200013009 0.482040001449 0.0692111560028 0.0461407706686
0 0.481000013519 0.45792000198 0.0563387917701 0.0375591945134
0 0.479800013546 0.505460000934 0.0357974818996 0.0238649879331
0 0.639000010046 0.380240003687 0.0881083854434 0.0587389236289
0 0.424800014755 0.411880002992 0.0488083533295 0.0325389022197
0 0.401600015265 0.44970000216 0.0449045279784 0.0299363519856
0 0.388600015551 0.446480002231 0.025673397259 0.0171155981727
0 0.362600016122 0.435740002467 0.0326765190134 0.0217843460089
0 0.378000015784 0.42426000272 0.021059227854 0.014039485236
0 0.345600016496 0.412100002987 0.0240687913803 0.0160458609202
0 0.402600015243 0.368700003941 0.0201464654249 0.01343097695
0 0.41000001508 0.403260003181 0.033234307283 0.0221562048553
0 0.398400015335 0.390100003471 0.0280416724625 0.0186944483084
0 0.397600015353 0.473440001638 0.0217773876712 0.0145182584474
0 0.566800011633 0.516460000693 0.0209459487535 0.0139639658357
0 0.340400016611 0.527780000444 0.0244523573826 0.0163015715884
0 0.390400015511 0.558479999769 0.0370631408802 0.0247087605868
0 0.241600018783 0.447760002203 0.0290925463539 0.0193950309026
0 0.276400018018 0.479440001507 0.0436668672383 0.0291112448255
0 0.448400014236 0.379720003699 0.0236421892131 0.0157614594754
0 0.318800017085 0.371560003878 0.202222486485 0.13481499099
0 0.276800018009 0.389300003488 0.0210512142233 0.0140341428156
0 0.397600015353 0.509880000837 0.0294714624718 0.0196476416478
0 0.196600019772 0.506680000908 0.0223898862836 0.0149265908557
0 0.109600021685 0.548199999995 0.0322768268159 0.021517884544
0 0.062600022718 0.483120001426 0.0511336913019 0.0340891275346
0 0.0426000231577 0.467160001777 0.0404117502383 0.0269411668255
0 0.133200021166 0.440300002367 0.0226761015131 0.0151174010087
0 0.138600021047 0.48840000131 0.0277041106364 0.0184694070909
0 0.122200021408 0.52658000047 0.0525864339324 0.0350576226216
0 0.251800018558 0.420960002792 0.101842363376 0.0678949089173
0 0.0936000220365 0.300440005442 0.0204196214044 0.0136130809363
0 0.0708000225378 0.422320002762 0.160978011191 0.107318674127
0 0.0266000235095 0.275620005988 0.0271518626547 0.0181012417698
0 0.15120002077 0.117360009467 0.0744660201283 0.0496440134188
0 0.098400021931 0.142980008904 0.0385124208308 0.0256749472205
0 0.107600021729 0.176460008168 0.0752787605743 0.0501858403829
0 0.0652000226609 0.15906000855 0.0415319766619 0.0276879844413
0 0.1180000215 0.0249400114988 0.023384367959 0.0155895786393
0 0.223400019183 0.16454000843 0.025640056598 0.0170933710653
0 0.184000020049 0.181000008068 0.0220729026696 0.0147152684464
0 0.150200020792 0.235600006867 0.0518152456455 0.034543497097
0 0.206000019565 0.125240009294 0.0493800912525 0.032920060835
0 0.174600020256 0.128820009215 0.0475312180382 0.0316874786922
0 0.303200017428 0.153800008666 0.0326781019528 0.0217854013018
0 0.215400019359 0.261820006291 0.0340672302063 0.0227114868042
0 0.205000019587 0.251460006519 0.0272068697987 0.0181379131991
0 0.219600019266 0.241460006739 0.0226203028994 0.0150802019329
0 0.237600018871 0.238580006802 0.0256998125602 0.0171332083735
0 0.171000020335 0.296720005524 0.0300704071657 0.0200469381104
0 0.218800019284 0.350480004342 0.022156996325 0.0147713308833
0 0.170000020357 0.293200005601 0.0870288207754 0.0580192138503
0 0.194600019816 0.267280006171 0.0206256013933 0.0137504009289
0 0.256800018449 0.352180004304 0.0230430466518 0.0153620311012
0 0.411600015045 0.223760007128 0.0299088484136 0.0199392322757
0 0.444000014333 0.215140007317 0.0365754966126 0.0243836644084
0 0.48280001348 0.218860007235 0.102852476578 0.0685683177186
0 0.398400015335 0.19544000775 0.0819808270423 0.0546538846949
0 0.368800015986 0.134460009091 0.0470608871703 0.0313739247802
0 0.413000015014 0.102280009799 0.0324083097195 0.021605539813
0 0.395800015393 0.106980009695 0.0280531487732 0.0187020991821
0 0.465000013871 0.112640009571 0.0231946130989 0.0154630753993
0 0.549600012011 0.261540006297 0.0236937336772 0.0157958224514
0 0.54740001206 0.217220007272 0.0247431235629 0.0164954157086
0 0.66700000943 0.218440007245 0.0298509721919 0.0199006481279
0 0.705000008595 0.179020008111 0.0254284373875 0.0169522915917
0 0.533000012376 0.118660009438 0.04347236356 0.0289815757067
0 0.563800011699 0.112840009566 0.0475634704284 0.0317089802856
0 0.697400008762 0.142300008919 0.042082048102 0.0280546987346
0 0.668800009391 0.133300009117 0.0458559734889 0.0305706489926
0 0.667200009426 0.157200008591 0.190182253706 0.126788169137
0 0.686800008995 0.219460007222 0.0291920736684 0.0194613824456
0 0.796600006581 0.173520008232 0.0270900290845 0.0180600193897
0 0.823600005987 0.189380007884 0.022827074358 0.015218049572
0 0.839200005644 0.269840006115 0.0588485421821 0.0392323614547
0 0.792800006664 0.28370000581 0.0800124419037 0.0533416279358
0 0.756000007473 0.162080008484 0.0619617882387 0.0413078588258
0 0.750400007597 0.218340007247 0.154052651334 0.102701767556
0 0.819800006071 0.221120007186 0.0220741888079 0.0147161258719
0 0.95720000305 0.230760006974 0.125857532684 0.0839050217895
0 0.948400003243 0.277060005956 0.0285345602169 0.0190230401446
0 0.879600004756 0.180740008074 0.0218170600898 0.0145447067265
0 0.854800005301 0.193120007801 0.0239115857115 0.015941057141
0 0.93080000363 0.166560008385 0.0847383074698 0.0564922049798
0 0.970200002764 0.164860008423 0.088679925499 0.0591199503326
0 0.893400004453 0.156860008599 0.0601128160907 0.0400752107272
0 0.979000002571 0.0860000101564 0.0303046821962 0.0202031214642
0 0.97220000272 0.112740009569 0.0431924800881 0.0287949867254
0 0.921400003837 0.123960009322 0.0356609533767 0.0237739689178
0 0.942400003375 0.131440009157 0.0416692966545 0.027779531103
0 0.938000003472 0.101020009826 0.0630511473442 0.0420340982294
0 0.849600005416 0.115220009514 0.0493861262089 0.0329240841393
0 0.862000005143 0.074420010411 0.0212860828562 0.0141907219041
0 0.909600004097 0.0215800115727 0.0542416938718 0.0361611292479
0 0.726800008115 0.0341400112966 0.0425481248203 0.0283654165469
0 0.712600008428 0.0193600116215 0.0483215994653 0.0322143996435
0 0.691400008894 0.0139200117411 0.0216347252581 0.0144231501721
0 0.738600007856 0.0495200109584 0.0333447173058 0.0222298115372
0 0.753400007531 0.092160010021 0.028582642001 0.0190550946674
0 0.807400006343 0.0379800112122 0.0222561279047 0.0148374186031
0 0.615800010556 0.0664400105865 0.048624237691 0.0324161584607
0 0.418600014891 0.0743000104137 0.0223665379275 0.014911025285
0 0.0382000232545 0.0128200117653 0.0217709569799 0.0145139713199
0 0.516800012732 0.175300008193 0.104791577338 0.0698610515585
0 0.393800015437 0.93595999147 0.0532054621698 0.0354703081132
0 0.930600003635 0.307280005292 0.0605255675382 0.0403503783588
