0 0.782600014535 0.291999983642 0.15068397831 0.100455978914
0 0.648800008652 0.23385998492 0.433308940674 0.288872608063
0 0.314799993966 0.0587999887692 0.168953080021 0.112635379252
0 0.148799986667 0.307299983306 0.134444996641 0.0896299918492
0 0.143999986456 0.923479969759 0.136968795973 0.0913125246263
0 0.915600020383 0.97935996853 0.0318037299993 0.0212024852678
0 0.977000023083 0.960699968941 0.0225293857898 0.0150195895359
0 0.842200017156 0.91753996989 0.0241587253115 0.0161058158121
0 0.711200011396 0.98937996831 0.0222362451617 0.0148241624634
0 0.670800009619 0.974619968635 0.0438444590353 0.029229637429
0 0.754000013278 0.954179969084 0.0228732794188 0.0152488519401
0 0.73700001253 0.937939969441 0.0204423788548 0.013628251671
0 0.780800014456 0.943119969327 0.0287211529868 0.0191474340617
0 0.698200010824 0.962679968897 0.024887471132 0.016591646327
0 0.624800007597 0.959919968958 0.032400597164 0.0216003966846
0 0.617200007262 0.945399969277 0.0269457872866 0.0179638570062
0 0.704000011079 0.911699970018 0.0230109951644 0.0153406624312
0 0.560200004756 0.950599969163 0.0500188138968 0.0333458737318
0 0.530200003437 0.925339969718 0.0785989863251 0.0523993207607
0 0.531000003472 0.961759968917 0.02519574862 0.0167971646388
0 0.35219999561 0.978279968554 0.0246268796996 0.0164179187168
0 0.24779999102 0.963619968876 0.0356283099514 0.0237522050677
0 0.274799992207 0.939939969397 0.025502937837 0.0170019574366
0 0.222999989929 0.952839969113 0.0214572410088 0.0143048263957
0 0.216999989665 0.959239968973 0.0260221420273 0.0173480935406
0 0.175999987863 0.965579968833 0.0324305740827 0.0216203812958
0 0.137399986165 0.985079968405 0.0316371256059 0.0210914156795
0 0.0751999834304 0.984339968421 0.0216199869869 0.0144133237073
0 0.0105999805899 0.974959968627 0.0234578788016 0.0156385848363
0 0.0359999817067 0.915879969926 0.0448966192038 0.029931077495
0 0.0129999806954 0.901799970236 0.0218963088816 0.0145975382916
0 0.138799986227 0.870599970922 0.0660192663537 0.0440128413329
0 0.131799985919 0.806259972336 0.0214851403194 0.0143234259349
0 0.0513999823839 0.789339972708 0.0203708497714 0.0135805656186
0 0.066799983061 0.717419974289 0.0276418849777 0.018427922103
0 0.0155999808097 0.705899974542 0.0399080839736 0.026605387561
0 0.152799986842 0.792559972637 0.0425139982977 0.0283426636624
0 0.210999989402 0.847039971439 0.0233285724226 0.0155523805893
0 0.267399991882 0.849059971395 0.0661888387588 0.0441258895955
0 0.236799990536 0.825139971921 0.0367673339307 0.0245115543371
0 0.331399994696 0.865939971024 0.0287511299056 0.0191674186729
0 0.312599993869 0.898919970299 0.0509671925874 0.0339781261505
0 0.364599996155 0.862099971108 0.0476194731911 0.0317463133669
0 0.342399995179 0.887219970556 0.0206351017517 0.0137567335938
0 0.366799996252 0.907399970112 0.0229979359127 0.0153319562639
0 0.421599998662 0.874059970845 0.0315762813649 0.0210508528548
0 0.398399997642 0.892119970448 0.0812356690377 0.0541571091198
0 0.407999998064 0.837539971648 0.0337291781608 0.0224861172908
0 0.389999997272 0.822679971975 0.0335259682891 0.0223506440519
0 0.306999993623 0.801579972439 0.0252879548519 0.016858635456
0 0.200199988927 0.815519972132 0.0218488206935 0.0145658795016
0 0.274399992189 0.773219973062 0.0313984974605 0.0209323302597
0 0.352599995628 0.780659972899 0.0213133913723 0.0142089266443
0 0.287199992752 0.748919973597 0.0314353008063 0.020956865822
0 0.168399987528 0.888519970528 0.282267811616 0.188178528666
0 0.437199999348 0.834939971706 0.0231218998705 0.015414598897
0 0.460600000377 0.89703997034 0.0372115463572 0.0248076959353
0 0.479200001194 0.90977997006 0.0560503084589 0.0373668698413
0 0.299799993306 0.849979971375 0.126423450195 0.0842822945711
0 0.412599998266 0.756019973441 0.026845864224 0.0178972416356
0 0.38539999707 0.762459973299 0.0390195601868 0.0260130384088
0 0.368599996331 0.776399972993 0.0225988372649 0.0150658905163
0 0.393399997422 0.783999972825 0.0211116655064 0.0140744427426
0 0.381799996912 0.727719974063 0.0415135804676 0.0276757184863
0 0.349199995478 0.726099974098 0.0269705207179 0.0179803459593
0 0.452200000007 0.69689997474 0.0666503645873 0.0444335734609
0 0.543400004017 0.721619974197 0.116559757784 0.077706500064
0 0.52300000312 0.835319971697 0.0237558671821 0.0158372437435
0 0.543600004026 0.844519971495 0.0334415778214 0.0222943837438
0 0.525200003217 0.890099970493 0.0252303754238 0.0168202491731
0 0.564400004941 0.818519972067 0.0214775224225 0.0143183473373
0 0.570600005213 0.891919970453 0.0871811901925 0.0581207896283
0 0.697000010771 0.87203997089 0.0356199005848 0.0237465988236
0 0.790200014869 0.877299970774 0.0254122156109 0.0169414759565
0 0.783800014588 0.888559970527 0.0204104232616 0.0136069479436
0 0.726000012046 0.886339970575 0.0243006952073 0.016200462403
0 0.671400009646 0.83019997181 0.0488272561094 0.032551501926
0 0.705400011141 0.834519971715 0.0348704776157 0.0232469835439
0 0.752400013207 0.850259971369 0.0861112219535 0.057407477516
0 0.638600008203 0.800119972471 0.0378676748233 0.0252451148838
0 0.618600007324 0.852579971318 0.136596805166 0.0910645307712
0 0.600200006515 0.910359970047 0.101475332689 0.067650217331
0 0.759200013506 0.782139972866 0.0476080958127 0.0317387284484
0 0.8182000161 0.828659971844 0.0472713254118 0.0315142148627
0 0.693600010622 0.771719973095 0.0266320684437 0.0177547111248
0 0.725600012029 0.773299973061 0.0499530229694 0.0333020131165
0 0.707400011229 0.792339972642 0.106698044047 0.0711320246733
0 0.69560001071 0.73193997397 0.0817499265417 0.0544999474332
0 0.685200010252 0.686779974963 0.0212959790366 0.0141973184213
0 0.677800009927 0.697659974724 0.0304395328613 0.0202930205691
0 0.697400010789 0.679499975123 0.0664986002527 0.0443323972445
0 0.656000008968 0.779619972922 0.0381387532306 0.0254258338101
0 0.644000008441 0.738479973826 0.0356122826879 0.0237415202261
0 0.624600007588 0.722059974187 0.0259540756243 0.0173027159416
0 0.616600007236 0.744759973688 0.0199461272888 0.0132974173155
0 0.597600006401 0.679719975118 0.091018235794 0.0606788198606
0 0.562600004862 0.657479975607 0.0412710939069 0.0275140607899
0 0.488400001599 0.678879975137 0.0267650353705 0.0178433557368
0 0.472200000887 0.672959975267 0.0291854489596 0.0194569646898
0 0.754400013295 0.896099970361 0.0569706889052 0.0379804567651
0 0.735200012451 0.878599970746 0.0206154139404 0.0137436083871
0 0.721000011827 0.867139970998 0.0286273638153 0.0190849079514
0 0.951800021975 0.937839969443 0.0255655628851 0.0170437074659
0 0.944800021667 0.913679969974 0.0250149967039 0.0166766633693
0 0.928800020964 0.822659971975 0.0209111268452 0.0139407503107
0 0.93440002121 0.855839971246 0.0764209603629 0.0509473035483
0 0.91620002041 0.729499974024 0.0345187682224 0.0230125106304
0 0.896400019539 0.769359973147 0.0721697781873 0.0481131822848
0 0.896600019548 0.75467997347 0.0454580680948 0.030305376731
0 0.856200017771 0.791419972662 0.0198848873128 0.0132565906675
0 0.985000023435 0.789519972704 0.0442150647703 0.0294767079027
0 0.955600022142 0.811419972223 0.0562232446107 0.0374821606016
0 0.9046000199 0.81471997215 0.0397088314509 0.0264725525546
0 0.882800018941 0.814539972154 0.0299141947801 0.0199427952047
0 0.821200016232 0.703799974589 0.12830516965 0.085536774125
0 0.800800015335 0.85519997126 0.02717214765 0.0181147639052
0 0.835400016857 0.784139972822 0.0295048070248 0.0196698700525
0 0.957200022212 0.726219974096 0.0287774462765 0.019184962919
0 0.937000021324 0.713499974375 0.0256055321101 0.0170703536142
0 0.966600022626 0.702479974618 0.0275849980856 0.0183899975108
0 0.984000023391 0.711799974413 0.038021912501 0.0253479399955
0 0.903400019847 0.540679978175 0.02802277982 0.0186818519812
0 0.899400019671 0.594719976987 0.0202751808591 0.0135167863479
0 0.88960001924 0.628439976245 0.0580636097685 0.0387090706259
0 0.833400016769 0.666279975414 0.125099716951 0.0833998057997
0 0.919000020533 0.687519974947 0.0472061280869 0.0314707499822
0 0.848000017411 0.691999974848 0.0220080050575 0.014672002404
0 0.904800019908 0.667079975396 0.0275246485132 0.0183497644652
0 0.693400010613 0.656859975621 0.0346609359856 0.023107289133
0 0.544000004044 0.581699977273 0.0731732629629 0.0487821720911
0 0.653600008863 0.579639977318 0.0411227922527 0.0274151930269
0 0.542600003982 0.639279976007 0.0333468982463 0.0222312640313
0 0.573200005328 0.612939976586 0.0269197677168 0.0179465106275
0 0.514400002742 0.647559975825 0.0373838889067 0.0249225909607
0 0.484200001414 0.644259975898 0.0273250991893 0.0182167315914
0 0.77520001421 0.628979976234 0.0698335571984 0.0465557017283
0 0.41519999838 0.581319977281 0.099106859306 0.0660712351796
0 0.339199995039 0.581739977272 0.0483699844311 0.0322466541606
0 0.31739999408 0.613899976565 0.0363262873833 0.0242175233249
0 0.27099999204 0.643939975905 0.0280960897105 0.0187307252382
0 0.414799998363 0.632499976156 0.0700139133796 0.0466759391745
0 0.457000000218 0.61959997644 0.0284174264502 0.0189449497173
0 0.310999993799 0.594459976993 0.0389397206705 0.0259598120681
0 0.33559999488 0.532639978352 0.162877559951 0.108585032806
0 0.342599995188 0.507299978909 0.0705410322679 0.0470273517435
0 0.329199994599 0.664299975457 0.120600211125 0.0804001354469
0 0.250399991134 0.694959974783 0.0325561209801 0.0217040792219
0 0.233999990413 0.676679975185 0.0269173933074 0.017944927688
0 0.246399990958 0.732239973963 0.0208472156587 0.0138981428558
0 0.1631999873 0.706579974528 0.0228098629009 0.0152065742643
0 0.153599986878 0.694299974798 0.0212559108779 0.0141706063173
0 0.158399987089 0.591199977064 0.0243239446327 0.0162159620189
0 0.164999987379 0.608359976687 0.0449552869029 0.0299701892919
0 0.0941999842658 0.615159976537 0.041418703025 0.0276124668622
0 0.0711999832545 0.621959976388 0.0277445781845 0.0184963842364
0 0.0773999835271 0.586779977161 0.0353575283453 0.0235716840089
0 0.0645999829643 0.610919976631 0.0206866462226 0.0137910965721
0 0.174199987783 0.638379976027 0.0769625235751 0.051308345666
0 0.16479998737 0.665699975426 0.0371398194064 0.0247598779712
0 0.207199989234 0.724539974133 0.0555692926865 0.0370461926809
0 0.199799988909 0.691279974864 0.0918525438994 0.0612350252274
0 0.0555999825685 0.575899977401 0.0465245736534 0.0310163803899
0 0.141999986368 0.588159977131 0.0272055872492 0.0181370569699
0 0.0147999807745 0.546279978052 0.0200422908698 0.0133615263652
0 0.0251999812318 0.384259981614 0.0331477446573 0.0220984949807
0 0.0551999825509 0.398559981299 0.0255518110973 0.017034539608
0 0.0553999825597 0.375879981798 0.050212130396 0.0334747513895
0 0.105999984785 0.433519980531 0.0375608813412 0.0250405859092
0 0.0833999837909 0.412679980989 0.0479160764995 0.0319440488928
0 0.0537999824894 0.418519980861 0.0242514262121 0.0161676164084
0 0.149999986719 0.505299978953 0.160115330341 0.106743546521
0 0.273399992145 0.475179979615 0.219960340767 0.146640217506
0 0.386399997114 0.485739979383 0.0471933656363 0.0314622416824
0 0.261799991635 0.415999980916 0.0210751589618 0.0140501050478
0 0.273799992163 0.40851998108 0.0555525728869 0.0370350461486
0 0.170799987634 0.427299980668 0.085755950946 0.0571706301933
0 0.195199988707 0.401599981233 0.0304054007261 0.0202702658138
0 0.180199988047 0.373739981845 0.0232699047235 0.0155132687925
0 0.371799996472 0.343259982515 0.0210252963642 0.0140168633183
0 0.498400002039 0.439179980406 0.0410890558524 0.0273927020949
0 0.516600002839 0.390219981483 0.0441523407884 0.0294348919176
0 0.550400004325 0.354639982265 0.054780790896 0.0365205248553
0 0.553000004439 0.500279979063 0.0362515924208 0.0241677266865
0 0.449399999884 0.363239982076 0.0345657617419 0.0230438396414
0 0.366199996226 0.316579983102 0.025923208302 0.0172821377281
0 0.43679999933 0.349899982369 0.0293440397212 0.0195626918572
0 0.483400001379 0.339539982597 0.0258366412924 0.0172244263922
0 0.427799998934 0.295859983557 0.0507880236109 0.0338586801741
0 0.391399997334 0.308359983283 0.0255123365409 0.0170082232388
0 0.455600000157 0.294759983582 0.021469409857 0.0143129389607
0 0.398799997659 0.247219984627 0.0457366654652 0.030491108299
0 0.335999994898 0.274119984035 0.0327031364959 0.0218020895593
0 0.326799994493 0.23433998491 0.0467978286026 0.031198550344
0 0.299399993289 0.213219985374 0.0220514369629 0.0147009570056
0 0.280399992453 0.230259985 0.026179248783 0.0174528313709
0 0.626200007658 0.32757998286 0.0252652000951 0.0168434656191
0 0.765000013761 0.402859981205 0.0331990912608 0.0221327260474
0 0.673400009734 0.46355997987 0.0267974856323 0.0178649892433
0 0.709800011334 0.48447997941 0.0264441932994 0.0176294610368
0 0.763200013682 0.503879978984 0.0230414667518 0.0153609768214
0 0.848800017446 0.461519979915 0.0775230820626 0.0516820512996
0 0.901000019741 0.448199980208 0.0281779079013 0.0187852706952
0 0.862600018053 0.428899980632 0.0259665412737 0.017311026374
0 0.529800003419 0.333359982733 0.0320291010255 0.0213527326087
0 0.661600009215 0.374659981825 0.0415689833537 0.0277126537414
0 0.987800023558 0.487979979334 0.0264310351139 0.0176206889137
0 0.928400020946 0.444079980299 0.0271149639568 0.0180766414456
0 0.871800018457 0.341839982546 0.0464026873038 0.0309351228289
0 0.841800017138 0.344159982495 0.0310466891334 0.0206977913905
0 0.741000012706 0.38715998155 0.0199559217276 0.0133039469409
0 0.925400020814 0.309639983254 0.0303953094861 0.0202635383209
0 0.957800022239 0.324099982936 0.0238298696086 0.0158865786913
0 0.912000020225 0.28889998371 0.0284127765651 0.0189418497941
0 0.897800019601 0.275699984001 0.0360546153737 0.0240364086638
0 0.899400019671 0.228939985029 0.0638518263001 0.0425678813925
0 0.878600018756 0.197579985718 0.0601904869947 0.0401269886832
0 0.914000020313 0.150719986748 0.0514174399711 0.0342782910532
0 0.830600016646 0.164019986456 0.0240528662254 0.0160352430927
0 0.533800003595 0.197719985715 0.0627886844881 0.0418591202312
0 0.45340000006 0.211719985407 0.0371058851386 0.0247372551275
0 0.593400006216 0.0557999888351 0.0284710485293 0.0189806977676
0 0.61760000728 0.0616799887058 0.039614448677 0.0264096307094
0 0.606200006779 0.0808799882837 0.0229080051564 0.0152720024303
0 0.538200003789 0.0772199883642 0.0865708680412 0.0577139082209
0 0.560600004774 0.111639987607 0.019905366594 0.0132702435207
0 0.833800016786 0.067359988581 0.0208962867864 0.0139308569388
0 0.789800014852 0.0529999888967 0.0218548556507 0.0145699028062
0 0.47820000115 0.205179985551 0.0286723786603 0.0191149178461
0 0.40039999773 0.192239985835 0.0344888902373 0.0229925919751
0 0.361599996024 0.151859986723 0.0549706447148 0.0366470940595
0 0.366799996252 0.133399987129 0.0272308153491 0.0181538757021
0 0.296399993157 0.157319986603 0.0295007507421 0.0196671658642
0 0.281199992488 0.136319987065 0.0751232466883 0.0500821611556
0 0.248999991072 0.124339987328 0.0379422708522 0.0252948455664
0 0.34399999525 0.205359985547 0.112594494074 0.0750629910987
0 0.429399999005 0.108119987685 0.0351456123058 0.0234304066585
0 0.36059999598 0.115299987527 0.021205454678 0.0141369688529
0 0.247999991028 0.0503199889556 0.0286258798094 0.0190839186142
0 0.0737999833688 0.204359985569 0.0282294523722 0.0188196336735
0 0.173599987757 0.279219983923 0.0340828662287 0.0227219093205
0 0.121399985462 0.242999984719 0.033758660411 0.0225057721229
0 0.112799985084 0.226679985078 0.0203416643225 0.0135611086539
0 0.0387999818298 0.161439986513 0.0562083056181 0.0374722012739
0 0.0407999819178 0.0465799890378 0.0266910329439 0.017794020789
0 0.244599990879 0.0181599896626 0.030482865833 0.020321909215
0 0.220799989832 0.0145999897409 0.022258109515 0.014838738698
0 0.14659998657 0.0450799890708 0.0198645069654 0.0132430037702
0 0.862000018026 0.0352799892862 0.026944896883 0.0179632634039
0 0.83160001669 0.0253199895052 0.0378884509056 0.0252589656044
0 0.118999985356 0.808479972287 0.128692000516 0.0857946613519
0 0.246999990985 0.331319982778 0.0331613975114 0.0221075968828
0 0.391399997334 0.350159982364 0.0606931692528 0.0404621101665
0 0.187799988381 0.17837998614 0.0247016735959 0.0164677813111
