0 0.915000003978 0.0779199715028 0.175368897406 0.116912605982
0 0.455600014078 0.632239995877 0.276911484937 0.184607668801
0 0.119200021474 0.562099992792 0.142336911743 0.0948912807543
0 0.129000021258 0.80858000363 0.249644366306 0.166429588514
0 0.85260000535 0.219599977733 0.148814101456 0.0992094075144
0 0.891800004488 0.926220008803 0.0460040742219 0.0306693848374
0 0.753600007526 0.982680011286 0.0403773186433 0.0269182142043
0 0.709800008489 0.934440009164 0.0230163330314 0.015344223033
0 0.64200000998 0.968880010679 0.0300254892799 0.0200169941735
0 0.735000007935 0.902820007774 0.028751025283 0.0191673514528
0 0.742400007772 0.894460007407 0.0908686300214 0.0605790906765
0 0.683800009061 0.887360007094 0.0901600668211 0.0601067151785
0 0.68700000899 0.857440005779 0.0311236534133 0.0207491036441
0 0.7548000075 0.859660005876 0.0605185392531 0.0403456954964
0 0.806400006365 0.904660007855 0.0236754293789 0.0157836206269
0 0.84260000557 0.899620007633 0.0971857449985 0.064790500939
0 0.872400004914 0.83086000461 0.0232952271478 0.0155301524562
0 0.883400004673 0.844600005214 0.0231637442529 0.0154424971871
0 0.881800004708 0.869080006291 0.0276932261015 0.018462151952
0 0.550800011985 0.951080009896 0.0244376146477 0.016291744173
0 0.510200012877 0.953720010012 0.0203853889955 0.0135902602267
0 0.478000013585 0.962720010408 0.0251782323686 0.0167854893529
0 0.566600011637 0.931340009028 0.0226734288074 0.0151156202019
0 0.500400013093 0.921120008579 0.0198578744766 0.0132385838576
0 0.43820001446 0.940760009442 0.0216961616624 0.0144641087289
0 0.285000017829 0.930520008992 0.026990104255 0.0179934040234
0 0.251000018576 0.942260009508 0.0431819902665 0.0287879954097
0 0.0210000236326 0.947700009747 0.0513029634998 0.0342019779223
0 0.17940002015 0.911120008139 0.0279407582332 0.018627173384
0 0.0706000225421 0.907680007988 0.0233295571437 0.0155530391216
0 0.127200021298 0.891140007261 0.0199018010419 0.0132678682364
0 0.148200020836 0.882820006895 0.0343714491044 0.0229143009143
0 0.106400021755 0.733680000337 0.0370778795578 0.0247185880022
0 0.129000021258 0.814400003886 0.0283870481797 0.0189247000346
0 0.19760001975 0.763140001632 0.0262927205635 0.0175284815317
0 0.206400019557 0.742300000716 0.0389998646587 0.0259999114873
0 0.20760001953 0.725619999983 0.0307388012981 0.0204925355503
0 0.312200017231 0.706019999121 0.0247530153015 0.0165020112894
0 0.303000017433 0.721339999794 0.0295227081875 0.0196818067565
0 0.291200017692 0.678779997923 0.0289326675667 0.0192884463166
0 0.225600019134 0.698779998802 0.0256464855978 0.0170976581929
0 0.204000019609 0.7055399991 0.0208785735184 0.0139190499303
0 0.0928000220541 0.703859999026 0.0301227411127 0.0200818287329
0 0.076200022419 0.729160000138 0.0458128353688 0.0305418922603
0 0.0202000236502 0.692339998519 0.0271425610955 0.0180950419238
0 0.177200020199 0.660999997141 0.0207285900206 0.0138190609252
0 0.176800020207 0.68985999841 0.0728899023511 0.0485932714391
0 0.232400018985 0.591419994082 0.020715332904 0.0138102228469
0 0.34680001647 0.739540000595 0.0960101157735 0.0640067480706
0 0.36000001618 0.751380001115 0.0230841026198 0.0153894027616
0 0.331600016804 0.784800002585 0.0354299408218 0.0236199621057
0 0.262000018334 0.704779999066 0.0203510589996 0.0135673735612
0 0.282000017894 0.670159997544 0.126639100658 0.0844260726739
0 0.298000017543 0.781540002441 0.132354500837 0.0882363397112
0 0.3318000168 0.81084000373 0.0280967766871 0.0187311856935
0 0.307600017332 0.800720003285 0.0213166519673 0.0142111022488
0 0.328200016879 0.850140005458 0.0236474311402 0.0157649551332
0 0.340000016619 0.864760006101 0.0428339414898 0.0285559628766
0 0.315200017165 0.869340006302 0.0384890699361 0.0256593816498
0 0.293600017639 0.81948000411 0.0206767487588 0.0137845000817
0 0.280800017921 0.827400004458 0.0287723949634 0.0191815979074
0 0.258200018418 0.817760004034 0.0296707130113 0.0197804766455
0 0.118800021482 0.878460006703 0.0206439027685 0.0137626027534
0 0.0802000223311 0.822740004253 0.0198438258904 0.0132292181328
0 0.140600021003 0.735400000413 0.0227991735474 0.0151994500341
0 0.350600016386 0.828420004503 0.0237177730049 0.0158118497128
0 0.386600015595 0.841000005056 0.0746677410427 0.0497784973117
0 0.369600015969 0.821440004196 0.0249871913829 0.0166581286873
0 0.377000015806 0.884960006989 0.0210066926673 0.0140044627019
0 0.458200014021 0.81880000408 0.0258373287161 0.0172248869468
0 0.463400013906 0.873940006504 0.0625010717818 0.0416673839361
0 0.513200012811 0.842420005118 0.0635207814866 0.0423471904508
0 0.433800014557 0.729900000171 0.0211398574352 0.0140932392197
0 0.454000014113 0.72215999983 0.0208630409266 0.0139086948684
0 0.409400015094 0.706899999159 0.114490041597 0.0763266994322
0 0.54740001206 0.752440001162 0.0217193121496 0.0144795423881
0 0.558400011818 0.765420001733 0.023236658394 0.0154911066178
0 0.592600011066 0.804060003432 0.0494736792812 0.0329824550295
0 0.612600010626 0.761140001544 0.0393301053684 0.0262200719749
0 0.58240001129 0.742800000738 0.0218800794213 0.0145867205763
0 0.653600009725 0.762620001609 0.0270434295224 0.018028954204
0 0.661800009544 0.777300002255 0.030146485202 0.0200976581269
0 0.730000008045 0.807580003586 0.0734341366662 0.0489560943398
0 0.768800007192 0.802540003365 0.0279251267077 0.0186167523663
0 0.765400007267 0.817280004013 0.0249422754805 0.0166281847504
0 0.673200009294 0.718999999691 0.0444827706292 0.0296551823754
0 0.680000009144 0.738480000548 0.0728337080063 0.0485558085401
0 0.523600012583 0.758560001431 0.0399867283732 0.0266578206737
0 0.584200011251 0.885940007032 0.0369263131207 0.0246175437041
0 0.575400011444 0.875480006572 0.0620907937042 0.0413938651997
0 0.521600012627 0.870420006349 0.093660737064 0.0624404954943
0 0.570000011563 0.781800002453 0.0353644467086 0.0235762993607
0 0.720200008261 0.855280005684 0.0383402736427 0.0255601841143
0 0.74340000775 0.751640001127 0.0229735936706 0.0153157301239
0 0.88760000458 0.745360000851 0.0209310083825 0.0139540065087
0 0.865000005077 0.696479998701 0.0709061826179 0.0472707915297
0 0.893600004448 0.677519997868 0.0587339730695 0.0391559846289
0 0.92580000374 0.689379998389 0.0346151228216 0.0230767500698
0 0.921400003837 0.672059997627 0.0273673384749 0.01824489352
0 0.833800005763 0.646499996504 0.0485138244684 0.0323425517788
0 0.799000006528 0.691799998495 0.116064076855 0.07737605634
0 0.738200007865 0.659079997057 0.0211266003186 0.0140844011414
0 0.696000008793 0.662579997211 0.0259376474937 0.0172917661363
0 0.675800009237 0.670479997558 0.0226327670544 0.0150885123648
0 0.770600007152 0.625599995585 0.0354318205622 0.0236212152661
0 0.800400006497 0.634459995974 0.0802614527636 0.0535076387049
0 0.829600005855 0.777680002272 0.0963329364553 0.0642219618727
0 0.840800005609 0.831420004635 0.075513822094 0.050342551383
0 0.914600003987 0.885280007003 0.0327490352645 0.0218326916163
0 0.757200007447 0.728120000092 0.0226668991829 0.0151112671186
0 0.93400000356 0.644779996428 0.0262517620093 0.0175011758272
0 0.904400004211 0.636679996072 0.0546999512191 0.0364666365512
0 0.920400003859 0.546759992118 0.0209714722681 0.0139809824342
0 0.881000004725 0.549279992229 0.0426235094978 0.0284156748727
0 0.860600005174 0.567859993046 0.0298112978071 0.0198741998489
0 0.870600004954 0.584179993763 0.0544990168628 0.0363326803049
0 0.952400003156 0.596679994313 0.024165546957 0.0161103657006
0 0.945200003314 0.611459994963 0.0331344809819 0.0220896554449
0 0.97220000272 0.634219995964 0.0396423401436 0.0264282285055
0 0.976800002619 0.475279988975 0.0438616648247 0.0292411118118
0 0.951400003178 0.44787998777 0.0215322285121 0.0143548199548
0 0.837800005675 0.480499989204 0.0217243577686 0.0144829061343
0 0.812400006233 0.436399987265 0.0264722852393 0.0176481913236
0 0.813200006216 0.412079986196 0.0240528614662 0.0160352420351
0 0.866600005042 0.395859985483 0.0333182998071 0.0222122013364
0 0.902400004255 0.405779985919 0.0208915338339 0.0139276901412
0 0.979000002571 0.494739989831 0.0220899178112 0.0147266128454
0 0.779600006955 0.549739992249 0.0316240600968 0.0210827081217
0 0.793200006656 0.549339992231 0.0393407902086 0.0262271952022
0 0.792200006678 0.507399990387 0.020969493594 0.013979663318
0 0.763800007302 0.493919989795 0.034468404136 0.0229789376063
0 0.739000007847 0.521199990994 0.0424455277612 0.0282970203738
0 0.726000008133 0.588919993972 0.0267536526984 0.017835769642
0 0.758600007416 0.595519994262 0.0299285342483 0.0199523574815
0 0.777000007012 0.593159994158 0.0246013499306 0.0164009010355
0 0.784400006849 0.603999994635 0.0269819916912 0.0179879956472
0 0.685400009026 0.632559995891 0.0220774521642 0.0147183024136
0 0.665800009457 0.604939994676 0.0237249951654 0.0158166644868
0 0.620400010455 0.587459993908 0.0198536203273 0.0132357477578
0 0.609200010701 0.661639997169 0.0215308434402 0.0143538965735
0 0.693000008859 0.54429999201 0.0345551689959 0.02303678085
0 0.661200009558 0.537159991696 0.028930194224 0.0192867974214
0 0.649000009826 0.522199991038 0.0284940944492 0.0189960642191
0 0.644000009936 0.510599990528 0.0248190040832 0.0165460038134
0 0.643000009958 0.50017999007 0.019919609109 0.0132797402819
0 0.619800010468 0.516499990787 0.0238803210834 0.0159202151056
0 0.720200008261 0.555659992509 0.0289020970516 0.0192680659719
0 0.715800008357 0.537899991728 0.0256150246793 0.0170766842459
0 0.705800008577 0.518359990869 0.048868303936 0.0325788714394
0 0.738800007852 0.494799989833 0.0404296545736 0.0269531048268
0 0.797000006572 0.48403998936 0.0293636227887 0.019575749817
0 0.76300000732 0.465499988545 0.0447637423534 0.0298424968706
0 0.773800007082 0.456959988169 0.106244906563 0.0708299423803
0 0.696200008788 0.500799990097 0.0214059891036 0.0142706603436
0 0.689600008933 0.491419989685 0.0338634245256 0.0225756178394
0 0.678800009171 0.476519989029 0.0318309304755 0.0212206217166
0 0.630200010239 0.470599988769 0.0393272362909 0.0262181592565
0 0.635000010134 0.436919987288 0.0223921602821 0.0149281078393
0 0.700000008705 0.4553799881 0.0564454385889 0.0376302948746
0 0.69340000885 0.429179986948 0.0205962167223 0.0137308120538
0 0.718800008291 0.434779987194 0.0203162343352 0.0135441571168
0 0.719000008287 0.479519989161 0.0316050648253 0.0210700446066
0 0.72160000823 0.399179985629 0.0212845974467 0.014189732567
0 0.722600008208 0.415479986345 0.0280157499821 0.0186771678866
0 0.642600009967 0.422959986674 0.0268932481571 0.0179288332873
0 0.75160000757 0.548819992209 0.0205229068464 0.0136819388
0 0.523400012587 0.55817999262 0.0200568301588 0.0133712209878
0 0.55100001198 0.552919992389 0.0260374716027 0.0173583155467
0 0.556600011857 0.560919992741 0.0285628533747 0.0190419035057
0 0.577800011391 0.693379998565 0.021046464017 0.0140309769368
0 0.527000012508 0.665539997341 0.0709789978253 0.0473193350045
0 0.512400012829 0.596799994318 0.0261822116142 0.017454808894
0 0.604600010802 0.588239993942 0.0695966960891 0.0463978004529
0 0.572800011501 0.531299991438 0.0217752096933 0.0145168074197
0 0.489000013344 0.521679991015 0.0279338328738 0.0186225564775
0 0.373000015894 0.569239993106 0.0200664267282 0.0133776187012
0 0.34180001658 0.585659993828 0.0360157272933 0.0240104864459
0 0.288000017763 0.578919993532 0.0856285073648 0.0570856753416
0 0.28720001778 0.538199991742 0.0316753077564 0.0211168732304
0 0.246800018668 0.522599991056 0.0244735275828 0.0163156861313
0 0.339400016633 0.427519986875 0.020935856134 0.0139572383433
0 0.331200016813 0.421059986591 0.0244932153903 0.0163288113372
0 0.373000015894 0.432079987075 0.0209155747244 0.0139437174026
0 0.471600013726 0.448619987803 0.0277588191484 0.0185058806528
0 0.476400013621 0.475099988967 0.103957559287 0.0693050440957
0 0.530400012433 0.43763998732 0.0224664594951 0.0149776406513
0 0.273600018079 0.406379985945 0.0228553678922 0.0152369129331
0 0.268800018185 0.450219987873 0.125779366756 0.083852916701
0 0.196600019772 0.478279989107 0.0519558270238 0.0346372203004
0 0.276000018026 0.493079989758 0.101262605143 0.0675084078815
0 0.163400020502 0.498619990001 0.0961243842036 0.0640829270291
0 0.166400020436 0.572439993247 0.0260705154604 0.0173803447866
0 0.21760001931 0.565499992942 0.0226628429009 0.0151085629304
0 0.115800021548 0.462019988392 0.0283985244895 0.0189323509084
0 0.137800021065 0.466319988581 0.0229575664102 0.0153050452829
0 0.104600021795 0.495259989853 0.0874580883845 0.0583053961019
0 0.0816000223003 0.474239988929 0.0567009843508 0.037800658727
0 0.141800020977 0.409059986063 0.0477701398026 0.0318467619689
0 0.193600019838 0.428719986928 0.0236697901577 0.0157798611459
0 0.0540000229071 0.419519986523 0.0252396701999 0.0168264479097
0 0.11120002165 0.400839985702 0.0396462974918 0.0264308667378
0 0.0820000222915 0.28617998066 0.0296854541334 0.0197903040609
0 0.120600021443 0.298959981222 0.0608271134812 0.0405514116621
0 0.188800019944 0.356419983749 0.0228821789265 0.0152547869571
0 0.226800019108 0.396139985495 0.0249820468302 0.0166546989853
0 0.267600018211 0.353439983618 0.038161995105 0.025441331748
0 0.16120002055 0.255159979296 0.0365827163608 0.0243884791824
0 0.203600019618 0.264999979729 0.0499473738641 0.033298251439
0 0.228000019082 0.26707997982 0.057444866884 0.0382965804486
0 0.130200021232 0.216699977605 0.0301617209927 0.0201078153214
0 0.313200017209 0.387899985133 0.0236325910843 0.015755061762
0 0.296000017587 0.401599985735 0.0216410555883 0.0144273713438
0 0.292600017661 0.368939984299 0.0216393737153 0.0144262500951
0 0.352600016342 0.390919985266 0.0202788373944 0.0135192258213
0 0.395600015397 0.349539983446 0.0199539391049 0.0133026269473
0 0.367000016026 0.313179981847 0.0219709005632 0.0146472680082
0 0.42820001468 0.324499982345 0.0217548293499 0.0145032205232
0 0.431800014601 0.35167998354 0.0252101879556 0.0168067930789
0 0.458400014016 0.332599982701 0.0208087263222 0.0138724851298
0 0.472600013704 0.329359982559 0.0200638544519 0.0133759038502
0 0.470200013757 0.289919980825 0.0212074291562 0.0141382870366
0 0.386600015595 0.308799981655 0.0228886096174 0.0152590740847
0 0.515000012772 0.382439984893 0.0291782210242 0.0194521486325
0 0.451200014175 0.416919986409 0.0318740655711 0.021249378449
0 0.495200013207 0.276519980235 0.0203322615955 0.0135548419577
0 0.501800013062 0.262479979618 0.0214182568831 0.0142788388638
0 0.454200014109 0.256479979354 0.0698262222864 0.0465508179279
0 0.490200013317 0.224819977962 0.02670537305 0.0178035832076
0 0.502200013053 0.231519978257 0.0216358121019 0.014423875686
0 0.329800016844 0.247079978941 0.0277399228106 0.0184932830935
0 0.346600016474 0.246959978936 0.0204724506565 0.0136483013378
0 0.514200012789 0.421539986612 0.0206362848731 0.0137575241561
0 0.536400012301 0.396959985531 0.0199798597357 0.013319907369
0 0.522400012609 0.398719985609 0.022566679339 0.0150444538849
0 0.50780001293 0.409039986062 0.0256940727102 0.0171293829366
0 0.589800011127 0.404339985856 0.0481755701286 0.0321170488707
0 0.587600011176 0.467939988652 0.0209316019847 0.0139544022435
0 0.567200011624 0.327959982497 0.0242193668929 0.0161462456602
0 0.558600011813 0.360199983915 0.124101451107 0.0827343061947
0 0.610200010679 0.318279982072 0.0304511020819 0.0203007360602
0 0.613000010617 0.339559983007 0.0198764740133 0.0132509835495
0 0.670800009347 0.370739984378 0.0992235814687 0.0661490586754
0 0.629000010266 0.295819981084 0.0261861689624 0.0174574471264
0 0.523600012583 0.186639976283 0.0570816812504 0.0380544566768
0 0.636600010098 0.280759980422 0.0255654588928 0.017043640386
0 0.591200011097 0.283239980531 0.0202492562164 0.0134995050346
0 0.721200008239 0.376079984613 0.0205816734676 0.01372111655
0 0.765200007271 0.30549998151 0.0665934645185 0.0443956459405
0 0.797800006554 0.266979979816 0.0705732706982 0.0470488502353
0 0.753000007539 0.262219979607 0.0746405342737 0.0497603594644
0 0.782200006897 0.217079977622 0.0790909680914 0.0527273155386
0 0.771800007126 0.245839978886 0.0329123748126 0.0219415846556
0 0.768200007205 0.182519976102 0.0320698553748 0.0213799049933
0 0.776800007016 0.167439975439 0.0250710871653 0.0167140592126
0 0.705600008582 0.196999976739 0.0250869165583 0.0167246121419
0 0.726200008129 0.233739978354 0.0438980724284 0.0292653835492
0 0.714600008384 0.289319980798 0.0849098529265 0.0566065723512
0 0.916800003938 0.371359984406 0.0232655470361 0.0155103657137
0 0.967800002817 0.352919983595 0.0214263694469 0.0142842472401
0 0.981800002509 0.206899977174 0.0205240940509 0.0136827302697
0 0.961400002958 0.190059976434 0.0401445276338 0.0267630201877
0 0.972400002716 0.138959974187 0.0201286560291 0.0134191049045
0 0.858200005227 0.19133997649 0.0215830804368 0.0143887212402
0 0.830800005829 0.124919973569 0.0228592263068 0.0152394852096
0 0.822200006018 0.0907599720674 0.0211788373153 0.0141192258081
0 0.83120000582 0.112539973025 0.0275446276755 0.0183630863282
0 0.870200004963 0.1369799741 0.101965034454 0.0679766941195
0 0.959400003002 0.0433399699823 0.0203838060562 0.0135892049337
0 0.7366000079 0.115659973162 0.0328071093497 0.0218714076757
0 0.68700000899 0.121619973424 0.0320124738254 0.0213416506246
0 0.773200007095 0.0727999712777 0.0220596440972 0.0147064303681
0 0.746200007689 0.0651799709426 0.0205993826009 0.0137329226397
0 0.791800006686 0.117779973255 0.0213240719952 0.0142160489345
0 0.538400012257 0.126259973628 0.0637690061542 0.0425126735734
0 0.595400011004 0.0628599708406 0.0218202245294 0.0145468173124
0 0.508400012917 0.0772399714729 0.0835694990815 0.0557130030623
0 0.447800014249 0.0601599707219 0.0325396915432 0.0216931291262
0 0.533800012359 0.0445799700368 0.0245348664804 0.0163565787324
0 0.465400013862 0.0312999694529 0.0278985135409 0.018599010254
0 0.47780001359 0.0557799705293 0.0217304916583 0.0144869953944
0 0.500600013088 0.0318999694793 0.0271406813551 0.0180937887635
0 0.523800012578 0.025479969197 0.0284287982035 0.0189525333857
0 0.630200010239 0.0378799697422 0.0201989978939 0.0134659994841
0 0.319200017077 0.211879977393 0.0231478159263 0.015431878302
0 0.351200016373 0.216019977575 0.0284607537904 0.0189738371117
0 0.342200016571 0.230739978222 0.0251738792856 0.0167825872973
0 0.288600017749 0.195299976664 0.0297487717051 0.0198325157781
0 0.325000016949 0.136139974063 0.033949002181 0.0226326696134
0 0.278600017969 0.0857399718467 0.0480318194542 0.0320212150814
0 0.25720001844 0.210759977344 0.0238701309117 0.0159134216574
0 0.26220001833 0.0770799714659 0.0795279582695 0.0530186423432
0 0.22580001913 0.100459972494 0.119086501564 0.0793910062792
0 0.0520000229511 0.198679976813 0.0267664151464 0.0178442779412
0 0.0910000220937 0.181459976056 0.0212825198388 0.014188347495
0 0.0998000219002 0.16769997545 0.0241731648523 0.0161154442978
0 0.130000021236 0.153779974838 0.0210381535857 0.0140254366489
0 0.139000021038 0.0870799719056 0.0203459144469 0.0135639438592
0 0.0574000228324 0.0739599713287 0.0204414844066 0.0136276571699
0 0.0202000236502 0.131739973869 0.0224571597268 0.0149714408053
0 0.0140000237865 0.205059977093 0.0230105948765 0.0153403975961
0 0.0498000229995 0.228699978133 0.0207199827882 0.0138133227699
0 0.107800021724 0.141739974309 0.0233701199631 0.015580081003
0 0.187200019979 0.0600199707157 0.0468478797979 0.0312319219252
0 0.0766000224102 0.0397799698258 0.0254529712694 0.0169686486321
0 0.0170000237206 0.0322399694942 0.0199299971481 0.0132866656417
0 0.22080001924 0.0680399710684 0.024698700697 0.0164658015507
0 0.761800007346 0.0280199693087 0.0220096825758 0.014673122685
0 0.267600018211 0.264019979686 0.124615906377 0.0830772763971
0 0.685400009026 0.947040009718 0.0785527687323 0.0523685159422
0 0.547000012068 0.811140003743 0.16400141462 0.109334283625
0 0.702600008647 0.767500001824 0.0464658967602 0.0309772665499
0 0.742800007764 0.887600007105 0.0277360643961 0.018490710817
0 0.969000002791 0.550959992303 0.0704540555828 0.0469693734864
0 0.65380000972 0.477819989087 0.0228078797135 0.0152052541452
0 0.578000011387 0.643579996375 0.0276694820121 0.0184463225581
0 0.353800016316 0.433039987118 0.0322411096193 0.0214940744972
0 0.404600015199 0.303539981423 0.0320124738254 0.0213416506246
0 0.75660000746 0.340679983056 0.0907052904733 0.0604701976372
0 0.956400003068 0.227439978077 0.0413493423019 0.0275662300194
0 0.429800014645 0.219979977749 0.0598268937164 0.0398845984416
0 0.373000015894 0.203659977032 0.0427155178441 0.0284770137743
0 0.39320001545 0.158979975067 0.0633094590912 0.0422063088445
