0 0.1544000207 0.716479996295 0.149609538318 0.0997396922119
0 0.707800008533 0.667459997373 0.150863028452 0.100575352301
0 0.504000013014 0.255820006423 0.271950966869 0.18130064458
0 0.119000021478 0.46884000174 0.11467505519 0.0764500367934
0 0.120400021447 0.857059993204 0.120689235557 0.0804594903713
0 0.752600007548 0.848339993396 0.102823785801 0.0685491905343
0 0.284200017846 0.968659990751 0.0859887306587 0.0573258204391
0 0.321800017019 0.952939991097 0.0241364620394 0.016090974693
0 0.967800002817 0.906739992112 0.0249037919115 0.016602527941
0 0.942000003384 0.946679991234 0.0460786732752 0.0307191155168
0 0.685800009017 0.986359990362 0.0355576665811 0.0237051110541
0 0.62060001045 0.971499990688 0.0260846647008 0.0173897764672
0 0.682200009096 0.96367999086 0.0464514555029 0.0309676370019
0 0.730600008032 0.927259991661 0.0393582051367 0.0262388034245
0 0.639800010028 0.897559992314 0.0962759569907 0.0641839713272
0 0.618200010503 0.853539993282 0.0238700335524 0.0159133557016
0 0.863600005108 0.875119992807 0.114343627254 0.0762290848361
0 0.528600012473 0.919679991828 0.028649026522 0.0190993510146
0 0.514200012789 0.896499992337 0.0423749908239 0.0282499938826
0 0.502000013058 0.881039992677 0.0307952944752 0.0205301963168
0 0.425600014737 0.911899991999 0.0385688130467 0.0257125420312
0 0.512000012838 0.952459991107 0.054722610647 0.0364817404313
0 0.193000019851 0.668999997339 0.0262093211782 0.0174728807855
0 0.0920000220717 0.804899994351 0.0478488941882 0.0318992627921
0 0.279200017956 0.721479996185 0.0375985701308 0.0250657134206
0 0.0520000229511 0.652739997696 0.042645871328 0.0284305808853
0 0.0112000238481 0.596999998922 0.0240364400564 0.0160242933709
0 0.0254000235359 0.53340000032 0.0384419800277 0.0256279866851
0 0.120800021438 0.580439999286 0.084021730592 0.0560144870614
0 0.912600004031 0.757819995386 0.0266447284458 0.0177631522972
0 0.921800003828 0.77127999509 0.0329451240421 0.0219634160281
0 0.9322000036 0.779059994919 0.0265379789703 0.0176919859802
0 0.937000003494 0.787699994729 0.0210532918313 0.0140355278875
0 0.901800004268 0.793419994604 0.0216162246539 0.0144108164359
0 0.8776000048 0.807919994285 0.0263050890117 0.0175367260078
0 0.870200004963 0.820939993999 0.0332237213758 0.0221491475838
0 0.831000005825 0.582439999242 0.0369741994729 0.0246494663153
0 0.369400015973 0.623799998333 0.077541770308 0.0516945135386
0 0.446000014289 0.610839998618 0.0356992407233 0.0237994938156
0 0.447400014258 0.594239998983 0.0301637016563 0.0201091344375
0 0.671000009342 0.527680000446 0.022096844628 0.014731229752
0 0.610800010666 0.516740000686 0.0540833999322 0.0360555999548
0 0.809200006304 0.498700001083 0.0205539733856 0.0137026489238
0 0.790200006722 0.54662000003 0.0350705169821 0.0233803446547
0 0.649400009817 0.441680002337 0.0325791682405 0.0217194454937
0 0.756000007473 0.463480001857 0.0400363957341 0.0266909304894
0 0.115200021562 0.398680003282 0.0251392541467 0.0167595027644
0 0.152000020753 0.410820003015 0.0231448494417 0.0154298996278
0 0.155200020682 0.392120003426 0.0277562487027 0.0185041658018
0 0.195400019798 0.378400003728 0.0354375610545 0.023625040703
0 0.330000016839 0.409180003051 0.0546788819462 0.0364525879641
0 0.431200014614 0.455560002032 0.0572163337976 0.0381442225317
0 0.0688000225817 0.346820004422 0.0308079579904 0.0205386386602
0 0.0378000232633 0.318520005044 0.0233739799192 0.0155826532795
0 0.0448000231094 0.0628800106647 0.0246772337105 0.0164514891403
0 0.0368000232853 0.0843200101934 0.0202379791088 0.0134919860725
0 0.0870000221816 0.11538000951 0.0296868411633 0.0197912274422
0 0.132200021188 0.107440009685 0.026337638203 0.0175584254687
0 0.0330000233688 0.12768000924 0.0224312405753 0.0149541603836
0 0.0372000232765 0.147100008813 0.0250159827412 0.0166773218275
0 0.0758000224278 0.0238600115226 0.0209466412895 0.0139644275263
0 0.0962000219793 0.132160009142 0.0256241282703 0.0170827521802
0 0.480800013524 0.174440008212 0.0330181371217 0.0220120914145
0 0.481000013519 0.398620003283 0.0627557312794 0.0418371541863
0 0.37000001596 0.32192000497 0.0233121463491 0.0155414308994
0 0.103400021821 0.306820005302 0.0470854227309 0.0313902818206
0 0.163600020498 0.24186000673 0.0205957234122 0.0137304822748
0 0.161000020555 0.301860005411 0.0377648777011 0.0251765851341
0 0.802800006445 0.34918000437 0.0244665049035 0.016311003269
0 0.629600010252 0.395860003344 0.0516060008441 0.0344040005627
0 0.67840000918 0.418860002838 0.0270243370996 0.0180162247331
0 0.758800007412 0.29552000555 0.0373161143824 0.0248774095883
0 0.943200003358 0.290120005669 0.0420837299751 0.0280558199834
0 0.881600004712 0.349500004363 0.0234351209534 0.0156234139689
0 0.876800004818 0.340040004571 0.0225350220395 0.0150233480263
0 0.908000004132 0.315020005121 0.0212698577274 0.0141799051516
0 0.894000004439 0.306360005312 0.0222698796907 0.0148465864604
0 0.833000005781 0.388280003511 0.0210863356912 0.0140575571275
0 0.81800000611 0.427820002641 0.0602713078977 0.0401808719318
0 0.762400007333 0.0366800112407 0.0293354286174 0.0195569524116
0 0.60560001078 0.171720008272 0.020756688562 0.0138377923747
0 0.666200009448 0.170800008292 0.0236397158703 0.0157598105802
0 0.698600008735 0.163660008449 0.0444795087506 0.0296530058337
0 0.808600006317 0.181320008061 0.0316004170254 0.0210669446836
0 0.913000004022 0.157020008595 0.0341069026249 0.0227379350833
0 0.987400002386 0.185160007976 0.0305612173121 0.0203741448747
0 0.935800003521 0.266700006184 0.0286572380201 0.0191048253467
0 0.97860000258 0.214880007323 0.0526452005574 0.0350968003716
0 0.980200002544 0.156060008616 0.0203613494479 0.0135742329653
0 0.924400003771 0.0324800113331 0.0508478718072 0.0338985812048
0 0.261800018339 0.0476000110007 0.0247754748868 0.0165169832578
0 0.0224000236018 0.929819991605 0.0215264917769 0.014350994518
0 0.0374000232721 0.900959992239 0.0246964268507 0.0164642845671
0 0.409000015102 0.820859994 0.0469037804352 0.0312691869568
0 0.135600021113 0.739939995779 0.0213754199983 0.0142502799989
0 0.144600020915 0.750939995538 0.0359267882615 0.0239511921743
0 0.173000020291 0.141480008937 0.0488596999261 0.0325731332841
0 0.609000010705 0.33192000475 0.0983813653208 0.0655875768806
0 0.946800003279 0.487220001335 0.0206474657437 0.0137649771625
0 0.458000014025 0.0634000106533 0.030410640202 0.0202737601347
