0 0.104999999801 0.79924000322 0.0928069391837 0.0618712968699
0 0.128999999273 0.497539989954 0.122153446441 0.0814356363321
0 0.278399995988 0.433499987138 0.188936665807 0.125957785513
0 0.261999996349 0.519359990913 0.417105492615 0.27807034675
0 0.687999986983 0.605519994702 0.115060889079 0.0767072644453
0 0.404799993209 0.337639982923 0.292699325694 0.195132896666
0 0.644599987937 0.365859984164 0.161998996416 0.107999338068
0 0.143799998948 0.100119972479 0.254667230545 0.169778164894
0 0.834199983769 0.45197998795 0.122615466847 0.0817436499562
0 0.853399983347 0.280359980404 0.0764958380569 0.0509972287348
0 0.689999986939 0.122479973462 0.170117496307 0.113411671685
0 0.820799984064 0.847040005321 0.129723853602 0.0864825747723
0 0.929799981667 0.970900010768 0.0254466395122 0.0169644274604
0 0.915399981984 0.959640010273 0.0257715378018 0.0171810263344
0 0.898999982344 0.976980011035 0.0510203099026 0.0340135421784
0 0.883999982674 0.964540010488 0.0384636439737 0.0256424310071
0 0.986799980414 0.841940005097 0.0253662064095 0.0169108053884
0 0.968399980819 0.917160008405 0.0536255311751 0.0357503564747
0 0.964199980911 0.948480009782 0.0223103421075 0.014873562386
0 0.952799981161 0.961960010375 0.0413221355328 0.0275480921722
0 0.907999982146 0.902260007749 0.056019825787 0.0373465529879
0 0.955799981096 0.840460005032 0.029248562889 0.0194990432121
0 0.920999981861 0.842820005136 0.0216526308319 0.0144350881734
0 0.937199981504 0.862580006005 0.0287649749355 0.0191766512218
0 0.955799981096 0.788420002744 0.0388346453702 0.0258897652877
0 0.96059998099 0.818640004073 0.0266814310932 0.017787621902
0 0.834999983751 0.78720000269 0.109200056353 0.07280004237
0 0.877399982819 0.771760002011 0.0231213016932 0.0154142021455
0 0.902199982274 0.860800005926 0.0254187402072 0.0169458279225
0 0.767199985242 0.860240005902 0.087960176941 0.0586401218283
0 0.72999998606 0.868900006283 0.100843126231 0.0672287552549
0 0.724399986183 0.805940003514 0.0883190094916 0.0588793435445
0 0.771799985141 0.788300002739 0.0612741948973 0.0408494659591
0 0.772799985119 0.75876000144 0.0498115378862 0.0332076941144
0 0.780399984952 0.762900001622 0.0273126281356 0.018208419958
0 0.664199987506 0.870520006354 0.026310033962 0.0175400237982
0 0.631999988214 0.876560006619 0.0478115930253 0.0318743974525
0 0.645599987915 0.84860000539 0.0366945114482 0.0244630092456
0 0.662599987542 0.826840004433 0.0464536289807 0.0309690880297
0 0.653399987744 0.790500002835 0.0586825275425 0.0391216876086
0 0.674599987278 0.783000002506 0.0381323149933 0.0254215450056
0 0.685599987036 0.938700009352 0.0427784396809 0.0285189616683
0 0.58079998934 0.930880009008 0.0208553240976 0.0139035503154
0 0.765199985286 0.906640007942 0.0506946201434 0.033796415658
0 0.52439999058 0.948680009791 0.117973497375 0.0786490034374
0 0.489399991349 0.977700011067 0.0435542778011 0.0290361871158
0 0.438199992475 0.978560011104 0.0358909718904 0.0239273161718
0 0.40659999317 0.983180011308 0.0362214104675 0.024147608571
0 0.431799992616 0.884580006972 0.0364635012454 0.0243090024336
0 0.520199990672 0.884600006973 0.03477499969 0.0231833346557
0 0.538199990277 0.839800005003 0.0199751109179 0.0133167414902
0 0.484599991455 0.867140006205 0.0384833317812 0.0256555562129
0 0.460599991983 0.962280010389 0.0427940712064 0.028529382686
0 0.392199993486 0.935560009214 0.0791071932191 0.0527381322911
0 0.481399991525 0.841340005071 0.0358557514912 0.0239038359041
0 0.428599992686 0.837140004886 0.0303144746343 0.0202096510892
0 0.416399992954 0.865640006139 0.0476167925587 0.0317445304662
0 0.345999994502 0.852580005565 0.0295142988225 0.0196762005128
0 0.349999994414 0.982300011269 0.024562567918 0.0163750463587
0 0.239799996837 0.90660000794 0.0336630837715 0.0224420573279
0 0.133599999172 0.969500010706 0.0272837394936 0.0181891608621
0 0.358999994216 0.963720010452 0.0544973349898 0.0363315590561
0 0.320399995065 0.958960010243 0.027330337269 0.0182202260477
0 0.353199994344 0.917120008403 0.0435720858681 0.0290480591613
0 0.271999996129 0.840840005049 0.0562081955627 0.0374721328466
0 0.286799995804 0.820780004167 0.047138645959 0.0314257660454
0 0.303199995443 0.804580003454 0.033937921606 0.0226252825629
0 0.330999994832 0.841700005087 0.029400525061 0.0196003513334
0 0.267199996235 0.870360006347 0.0968439290453 0.0645626236218
0 0.223599997193 0.819640004117 0.0321943139765 0.0214628774
0 0.181999998108 0.853680005613 0.0630698416559 0.0420465638772
0 0.207199997554 0.882180006867 0.0800543845176 0.0533695931984
0 0.283199995883 0.899880007645 0.0905008934373 0.0603339329376
0 0.293599995654 0.923440008681 0.084258176607 0.0561721214428
0 0.113599999612 0.951460009913 0.0337121548896 0.0224747714087
0 0.0914000000996 0.945500009651 0.0218692956474 0.0145795313932
0 0.0722000005217 0.945120009634 0.0204414844066 0.0136276571699
0 0.0568000008603 0.901260007706 0.0241144971648 0.0160763325035
0 0.102999999845 0.86770000623 0.0826412041208 0.0550941397143
0 0.147399998868 0.895180007438 0.0807052693675 0.0538035164603
0 0.052400000957 0.810280003705 0.0390071857529 0.0260047922171
0 0.0536000009306 0.790000002813 0.0284441329279 0.0189627565359
0 0.0210000016474 0.622939995468 0.0205918636393 0.0137279099983
0 0.0808000003326 0.765660001743 0.0272174539107 0.0181449704706
0 0.126199999335 0.753020001187 0.0676207921187 0.0450805310524
0 0.103599999831 0.815560003937 0.0319532125357 0.0213021430955
0 0.0550000008999 0.64117999627 0.0574770203384 0.0383180160862
0 0.0758000004426 0.66825999746 0.0877055215825 0.0584703515781
0 0.155199998697 0.700039998858 0.0345986008927 0.0230657354498
0 0.148599998842 0.720379999752 0.0323870368353 0.0215913593142
0 0.18779999798 0.767340001817 0.0263680091135 0.0175786739018
0 0.213799997409 0.803540003409 0.0283925884672 0.0189283935599
0 0.228799997079 0.751520001121 0.0407456488297 0.0271637676781
0 0.238599996863 0.765520001737 0.0518588719922 0.0345725836084
0 0.253399996538 0.67643999782 0.0198214668729 0.0132143121202
0 0.240599996819 0.799340003224 0.0265851685975 0.0177234469007
0 0.122599999414 0.678979997932 0.0306636116818 0.0204424091361
0 0.112599999634 0.604499994657 0.0269009649862 0.0179339778403
0 0.251999996569 0.608339994826 0.038401018938 0.0256006809805
0 0.412599993038 0.769620001917 0.0409347111413 0.0272898092274
0 0.383799993671 0.773240002076 0.0580590473291 0.0387060341056
0 0.354999994304 0.787380002698 0.0289497830977 0.0192998566714
0 0.373999993887 0.730260000187 0.0224466727539 0.0149644494896
0 0.310799995276 0.734520000374 0.0433156497029 0.0288771017066
0 0.360399994186 0.706059999122 0.0252737033946 0.0168491367077
0 0.365599994071 0.717519999626 0.0418184859344 0.0278789924617
0 0.431999992611 0.711479999361 0.0651012474353 0.0434008344861
0 0.41659999295 0.669079997496 0.0234013830141 0.0156009230383
0 0.429399992669 0.665999997361 0.0234409564963 0.0156273053616
0 0.415799992968 0.695359998652 0.071626914664 0.0477512795921
0 0.34199999459 0.728440000107 0.0280224774741 0.0186816528816
0 0.332199994806 0.661179997149 0.0199924243164 0.0133282837567
0 0.400199993311 0.636599996068 0.0403799898534 0.0269199950111
0 0.46479999189 0.65187999674 0.0211282821916 0.0140855223901
0 0.471599991741 0.714579999497 0.0314849593066 0.0209899742555
0 0.481799991517 0.680559998001 0.102825757694 0.0685505096504
0 0.476799991626 0.633159995917 0.0331310183022 0.0220873469916
0 0.446199992299 0.633519995933 0.0510757127778 0.034050477431
0 0.442399992383 0.61821999526 0.0220359989415 0.01469066693
0 0.409399993108 0.60979999489 0.0501129888875 0.0334086614618
0 0.367999994018 0.650779996692 0.0410885530537 0.0273923705091
0 0.345799994507 0.665559997342 0.026113353755 0.0174089036516
0 0.392399993482 0.66209999719 0.0368775388038 0.0245850274907
0 0.458799992022 0.596459994303 0.0928502721468 0.0619001855139
0 0.467599991829 0.575599993386 0.0637197371688 0.042479827581
0 0.289999995733 0.571279993196 0.0199126837496 0.0132751233753
0 0.511999990853 0.76376000166 0.067954495508 0.0453029999933
0 0.543799990153 0.760040001496 0.0352061527795 0.0234707700677
0 0.576999989424 0.73012000018 0.0954756758953 0.063650454795
0 0.551399989986 0.707319999178 0.0800652672252 0.0533768483373
0 0.634999988148 0.665439997336 0.0258730437838 0.0172486969935
0 0.661599987564 0.690219998426 0.0231094296485 0.0154062874485
0 0.65039998781 0.697099998728 0.0205077699894 0.0136718475614
0 0.6735999873 0.701079998903 0.0256882356216 0.0171254915439
0 0.659599987608 0.709399999269 0.0229274905637 0.0152849947173
0 0.64719998788 0.713759999461 0.0235983600221 0.0157322410524
0 0.612599988641 0.774660002139 0.0531043484134 0.0354029012773
0 0.47119999175 0.824980004351 0.0215756604089 0.0143837745546
0 0.589999989138 0.642919996346 0.0212973598947 0.0141982408663
0 0.599599988927 0.633779995944 0.0339919394093 0.0226612944342
0 0.730999986038 0.758820001442 0.0404492434474 0.0269661640768
0 0.779799984965 0.697439998743 0.0472554866655 0.0315036598548
0 0.752999985554 0.662859997223 0.0242000748203 0.0161333842776
0 0.79139998471 0.654239996844 0.0337565761234 0.0225043855666
0 0.839999983641 0.732360000279 0.0298032841769 0.0198688574284
0 0.877599982815 0.711299999353 0.0675677636524 0.0450451787393
0 0.87599998285 0.695679998666 0.0221419569404 0.0147613056005
0 0.941799981403 0.731820000255 0.0571920912659 0.0381280633587
0 0.959399981016 0.723199999876 0.0400917959686 0.0267278657419
0 0.933999981575 0.776860002236 0.0260150136515 0.0173433435782
0 0.848199983461 0.74968000104 0.0479547500974 0.0319698355069
0 0.865799983074 0.666619997388 0.108360109191 0.0722400775588
0 0.943599981364 0.662019997186 0.156032304625 0.104021543278
0 0.984199980471 0.641299996275 0.0213504872947 0.0142336591352
0 0.968999980805 0.631479995843 0.0246327119153 0.0164218090267
0 0.957799981052 0.619619995322 0.0244504760294 0.016300318428
0 0.939999981443 0.589359993991 0.0228163880122 0.0152109263447
0 0.924399981786 0.580639993608 0.0219017459029 0.0146011648983
0 0.866799983052 0.610699994929 0.0473286976077 0.0315524671529
0 0.819999984081 0.56727999302 0.0481439113427 0.0320959430121
0 0.786599984815 0.5963799943 0.0600668079528 0.0400445412764
0 0.933199981592 0.802120003346 0.0234473871872 0.0156315924891
0 0.94059998143 0.511539990569 0.0321010194921 0.0214006810729
0 0.858599983232 0.501399990123 0.0208457275281 0.013897152602
0 0.934799981557 0.463599988461 0.0206573577525 0.0137715727433
0 0.900799982305 0.455939988125 0.0248322611998 0.0165548418917
0 0.9191999819 0.428559986921 0.0393839253043 0.0262559519346
0 0.964799980898 0.434399987177 0.0255659535613 0.017043970165
0 0.838199983681 0.516959990808 0.0423464951218 0.0282309986098
0 0.812799984239 0.474699988949 0.0303384165911 0.0202256123947
0 0.889999982542 0.385899985045 0.0331301278989 0.0220867533893
0 0.860399983193 0.41831998647 0.0914491730066 0.0609661193588
0 0.754199985528 0.391659985298 0.0217828275886 0.0145218860169
0 0.757399985457 0.47925998915 0.024430788222 0.0162871932222
0 0.744799985734 0.486939989488 0.0352682831467 0.0235121903152
0 0.730199986055 0.558579992638 0.0254222028869 0.0169481363758
0 0.674399987282 0.523079991077 0.0613293999051 0.0408862693001
0 0.657999987643 0.557399992586 0.0767112167342 0.0511408145292
0 0.60719998876 0.556399992542 0.0402115057525 0.0268076722698
0 0.586799989208 0.581579993649 0.0216504542904 0.0144336371456
0 0.574199989485 0.543879991991 0.0292636008123 0.0195090684949
0 0.703999986631 0.467519988634 0.043250056656 0.0288333730058
0 0.676799987229 0.492959989752 0.0376670297754 0.0251113548398
0 0.664799987493 0.473539988898 0.0749054787376 0.0499369891187
0 0.660599987586 0.445399987661 0.026447848614 0.0176319002389
0 0.752599985563 0.426759986841 0.0336971169663 0.0224647461259
0 0.738799985866 0.408659986046 0.0275442319407 0.0183628225049
0 0.52119999065 0.46469998851 0.084260847817 0.0561739022497
0 0.489599991345 0.481499989248 0.0318642711343 0.0212428488239
0 0.5143999908 0.568499993074 0.0373251148884 0.0248834115668
0 0.525399990558 0.527799991284 0.0583312139535 0.0388874785339
0 0.5143999908 0.547739992161 0.0665841647502 0.0443894460945
0 0.444399992339 0.486019989447 0.0728031374912 0.0485354281953
0 0.470799991758 0.455899988123 0.0565011382653 0.0376674279946
0 0.431799992616 0.440899987463 0.0653238482732 0.0435492350544
0 0.536799990307 0.405899985924 0.0725065342415 0.0483376926825
0 0.588799989164 0.44651998771 0.129865328802 0.086576891578
0 0.54759999007 0.338159982946 0.0771329711216 0.0514219841393
0 0.630799988241 0.325679982397 0.0497869033935 0.0331912711181
0 0.658199987638 0.411219986158 0.0997924502766 0.0665283045723
0 0.218599997303 0.505339990297 0.0219790131271 0.0146526763845
0 0.265799996265 0.553219992402 0.031230007147 0.0208200061378
0 0.184399998055 0.531859991463 0.0489798022223 0.0326532036352
0 0.248799996639 0.538939991774 0.0203010974782 0.0135340658781
0 0.229999997052 0.563539992856 0.0212988439003 0.0141992302034
0 0.182599998095 0.410539986128 0.0887598580842 0.0591732426256
0 0.156399998671 0.367119984219 0.097449799059 0.064966536991
0 0.313199995223 0.318039982061 0.0267973813963 0.0178649221092
0 0.273199996103 0.30891998166 0.0483053711505 0.032203582891
0 0.279999995953 0.293699980991 0.0240765066218 0.0160510054732
0 0.2505999966 0.313319981853 0.0689583758199 0.0459722535787
0 0.225399997154 0.347279983347 0.0289858939003 0.0193239305414
0 0.00820000192876 0.545819992077 0.0205066817187 0.0136711220475
0 0.0200000016693 0.439219987389 0.0247936770545 0.0165291191265
0 0.126599999326 0.265239979739 0.0287219387735 0.0191479604452
0 0.110399999682 0.276879980251 0.0271128809838 0.0180752551814
0 0.0870000001963 0.270239979959 0.029031403405 0.0193542702132
0 0.109199999708 0.242839978754 0.0587396122907 0.0391597441099
0 0.137999999075 0.278699980331 0.040057367039 0.0267049131207
0 0.0390000012516 0.168539975487 0.0794341691165 0.0529561162371
0 0.127199999313 0.194459976627 0.0396955664773 0.0264637127303
0 0.126799999321 0.179399975965 0.0279543121509 0.0186362093298
0 0.174199998279 0.207079977182 0.0337968421416 0.0225312295805
0 0.251999996569 0.225039977972 0.0276389114971 0.0184259422133
0 0.253799996529 0.357879983813 0.0271771878925 0.0181181264567
0 0.344799994529 0.265059979731 0.0306267094095 0.0204178076197
0 0.353199994344 0.287859980734 0.0414477813391 0.0276318560485
0 0.319399995087 0.284559980589 0.0751280795754 0.050085389687
0 0.22599999714 0.273779980115 0.0481795274768 0.032119687103
0 0.260399996384 0.263179979649 0.020377474299 0.013584983762
0 0.315999995162 0.227539978082 0.0646045012989 0.0430696703733
0 0.509199990914 0.238859978579 0.0200619747115 0.0133746506898
0 0.28739999579 0.116619973204 0.0732287502932 0.048819170082
0 0.23419999696 0.133659973954 0.0629757557018 0.0419838399036
0 0.288199995773 0.192659976548 0.0199710546359 0.0133140373021
0 0.302399995461 0.207739977211 0.0199929189849 0.0133286135357
0 0.268999996195 0.144059974411 0.106302288112 0.0708681967491
0 0.25559999649 0.103619972633 0.0423492652655 0.0282328453725
0 0.241799996793 0.0842399717807 0.024910517761 0.016607012936
0 0.173199998301 0.120039973355 0.100921283859 0.0672808603434
0 0.383599993675 0.131159973844 0.0549880461701 0.0366586998646
0 0.505199991002 0.228999978146 0.0398371406101 0.0265580954917
0 0.505199991002 0.211879977393 0.0382551906558 0.0255034621193
0 0.541199990211 0.272119980042 0.0830619691712 0.0553746497664
0 0.508399990932 0.280359980404 0.114475201541 0.076316806061
0 0.692599986882 0.250999979113 0.0292487607564 0.0194991751237
0 0.676199987243 0.238819978578 0.0306530257753 0.0204353518647
0 0.631999988214 0.231959978276 0.0228128263988 0.0152085519356
0 0.673799987295 0.218919977703 0.0585591572115 0.0390394407159
0 0.594599989037 0.173679975713 0.0316823320495 0.0211215560927
0 0.473599991697 0.181499976057 0.0252960624121 0.0168640427204
0 0.591799989098 0.112379973018 0.0800282660193 0.0533521808651
0 0.70859998653 0.312479981817 0.02524501262 0.0168300095234
0 0.833199983791 0.269899979944 0.0242877300835 0.0161918211236
0 0.715599986376 0.268239979871 0.0743657953729 0.0495772001852
0 0.908799982129 0.219239977717 0.0201282602943 0.0134188410813
0 0.721599986244 0.18201997608 0.0588895957885 0.0392597331151
0 0.95879998103 0.329879982582 0.0325374160679 0.0216916121426
0 0.985999980432 0.333979982762 0.0356681731852 0.0237787836918
0 0.937799981491 0.244199978814 0.0238678554365 0.0159119046738
0 0.925999981751 0.174719975759 0.0496253446521 0.0330835652834
0 0.964399980906 0.160839975149 0.0292695368346 0.0195130258434
0 0.912199982054 0.18861997637 0.02037242868 0.0135816200158
0 0.881399982731 0.177959975902 0.0241922590575 0.0161281737688
0 0.850199983417 0.165519975355 0.0225691526816 0.0150461027801
0 0.881799982722 0.138999974189 0.0274525203955 0.0183016814708
0 0.970799980766 0.091659972107 0.027379408387 0.0182529401285
0 0.918399981918 0.0823399716972 0.0301998104694 0.0201332083075
0 0.92239998183 0.0573599705988 0.0433734269871 0.0289156198985
0 0.811999984257 0.0778599715002 0.141437604359 0.0942917424581
0 0.887999982586 0.0336999695584 0.0262959853758 0.0175306580734
0 0.988399980379 0.183339976138 0.0199577975194 0.0133051992238
0 0.745399985721 0.0894399720093 0.0261438253364 0.0174292180405
0 0.707799986548 0.0407199698671 0.105962945502 0.0706419683271
0 0.631199988232 0.0327599695171 0.0200398135614 0.0133598765888
0 0.640199988034 0.0900799720375 0.0215445952253 0.0143630644308
0 0.571399989547 0.039239969802 0.0226670970503 0.0151113990302
0 0.50939999091 0.100799972509 0.0879681905711 0.0586454642488
0 0.569599989586 0.0669199710191 0.0453542776428 0.0302361870895
0 0.469399991789 0.03873996978 0.0351637102197 0.023442475026
0 0.475999991644 0.0710399712003 0.0304461553966 0.0202974382698
0 0.476399991635 0.0145999687186 0.0217404839626 0.014493656931
0 0.345399994515 0.0581799706348 0.0247739892471 0.0165159939207
0 0.439399992449 0.143959974407 0.0210621944762 0.0140414639103
0 0.26559999627 0.0426999699542 0.116373739354 0.0775824980195
0 0.188999997954 0.16995997555 0.0306461004159 0.0204307349581
0 0.0498000010142 0.0590399706726 0.0575095695276 0.0383397155471
0 0.17599999824 0.0363399696745 0.0557039304646 0.0371359560924
0 0.98559998044 0.526939991246 0.0309849483579 0.020656633601
0 0.475599991653 0.246639978922 0.0350258955677 0.0233505985852
