0 0.897000004374 0.283199980529 0.169529830095 0.113019894184
0 0.88760000458 0.495459989862 0.237149039275 0.158099369944
0 0.49960001311 0.80448000345 0.111775300712 0.0745168720564
0 0.797600006559 0.826440004416 0.172559180164 0.11503946103
0 0.922000003824 0.907100007962 0.199774853268 0.133183244296
0 0.0760000224234 0.0296999693825 0.0279192896191 0.0186128609737
0 0.304600017398 0.061639970787 0.0371698879042 0.0247799269038
0 0.362200016131 0.019839968949 0.0265931822277 0.0177287893211
0 0.357400016237 0.123399973503 0.0628539683101 0.0419026483038
0 0.604000010815 0.130759973826 0.0203254351698 0.0135502910069
0 0.631600010208 0.21157997738 0.025520345123 0.0170135645375
0 0.782200006897 0.11855997329 0.0334322714361 0.0222881824274
0 0.737600007878 0.206299977148 0.0390493315115 0.0260328893914
0 0.741400007794 0.223259977893 0.036093489186 0.0240623277111
0 0.748600007636 0.148339974599 0.0526900140539 0.0351266783527
0 0.916600003943 0.197879976778 0.0485717006862 0.0323811359265
0 0.926600003723 0.169079975511 0.0430787034777 0.028719137546
0 0.935600003525 0.136139974063 0.0362088458869 0.0241392321834
0 0.915200003973 0.230739978222 0.0775068415955 0.0516712311384
0 0.941800003389 0.107159972788 0.0358358658163 0.0238905787866
0 0.919600003877 0.0300799693992 0.0313887957446 0.0209258652099
0 0.726800008115 0.0717799712328 0.0467950491991 0.0311967015237
0 0.722400008212 0.0291799693597 0.0548651705076 0.0365767827509
0 0.958200003028 0.0857199718458 0.0376312157739 0.0250874788373
0 0.951400003178 0.0481799701951 0.062249879103 0.0414999221392
0 0.942800003367 0.0145999687186 0.0280250497505 0.0186833677326
0 0.954600003107 0.175939975813 0.0204307006327 0.0136204679868
0 0.964600002887 0.201759976948 0.0256029547672 0.0170686376373
0 0.891200004501 0.363099984042 0.0212065387529 0.0141376934344
0 0.933000003582 0.369239984312 0.0199057583902 0.0132705064687
0 0.954200003116 0.37419998453 0.0263879937221 0.017591996975
0 0.693800008841 0.30959998169 0.0217170366743 0.0144780254045
0 0.662400009531 0.273099980085 0.0992225921317 0.0661483991173
0 0.822400006014 0.35803998382 0.0387873550588 0.0258582384114
0 0.796000006594 0.375699984596 0.0223368563406 0.0148912385426
0 0.695600008801 0.362339984009 0.0469293022377 0.0312862035553
0 0.635800010116 0.342659983144 0.0256251159173 0.0170834117383
0 0.656200009668 0.359339983877 0.0349157823532 0.0232771897708
0 0.61880001049 0.379599984768 0.0547322036071 0.0364881381447
0 0.626800010314 0.417119986418 0.0200873017402 0.0133915353767
0 0.652400009751 0.438859987374 0.0305528059314 0.020368538631
0 0.754000007517 0.356359983746 0.0532180232412 0.0354786845009
0 0.670600009351 0.338239982949 0.0260435065588 0.017362338851
0 0.850000005407 0.407819986009 0.0337640950851 0.022509398208
0 0.989200002346 0.411539986172 0.0200432762411 0.0133621850421
0 0.847800005455 0.172419975658 0.0648657852157 0.0432438596627
0 0.790600006713 0.17815997591 0.0231783864414 0.0154522586468
0 0.754600007504 0.185059976214 0.0363274674 0.0242183131974
0 0.755600007482 0.167539975443 0.0380086478612 0.0253391002454
0 0.537800012271 0.271719980024 0.0422875306332 0.0281916889482
0 0.571400011532 0.290879980867 0.02031663007 0.01354442094
0 0.510600012869 0.282299980489 0.0324822110602 0.0216548088017
0 0.464800013876 0.216599977601 0.0510140770791 0.0340093869625
0 0.461800013942 0.235519978433 0.0233648764767 0.0155765853451
0 0.543000012156 0.239919978626 0.0207082096772 0.0138054740287
0 0.556200011866 0.252759979191 0.0322315130499 0.0214876767838
0 0.562000011739 0.187339976314 0.0294831347052 0.0196554244332
0 0.526800012512 0.344579983228 0.0423835952614 0.0282557320379
0 0.405400015181 0.283499980542 0.0293017892227 0.0195345274369
0 0.519000012684 0.225599977996 0.0250025261073 0.0166683518376
0 0.335000016729 0.172979975683 0.0324595552415 0.0216397049216
0 0.433000014575 0.367439984233 0.0635678739305 0.0423785854154
0 0.369200015977 0.342599983141 0.0336801003689 0.0224534017269
0 0.397200015362 0.357119983779 0.0511821654451 0.0341214458806
0 0.375200015845 0.361859983988 0.038636679025 0.0257577877156
0 0.361000016158 0.330779982621 0.0235028889961 0.0156685936975
0 0.288600017749 0.364339984097 0.0432463961089 0.0288309326409
0 0.307000017345 0.382579984899 0.0208505752797 0.0139003844366
0 0.248600018629 0.354879983681 0.0453977095396 0.0302651416892
0 0.226400019117 0.366959984212 0.0339213007434 0.0226142019872
0 0.109600021685 0.343459983179 0.0643709188197 0.0429139487103
0 0.211400019447 0.311059981754 0.0213678996269 0.0142452673575
0 0.177800020185 0.271959980035 0.03309678724 0.022064526282
0 0.146800020867 0.303519981423 0.0222939191123 0.0148626137218
0 0.124400021359 0.375439984585 0.0259283477253 0.0172855662903
0 0.0276000234875 0.461439988366 0.0298385045761 0.0198923376961
0 0.0608000227576 0.516679990795 0.0419099006785 0.0279399356285
0 0.0630000227092 0.534719991589 0.0294427697533 0.0196285144635
0 0.155200020682 0.550139992267 0.0536747012268 0.0357831365113
0 0.0970000219617 0.563919992872 0.0290295236645 0.0193530170528
0 0.0914000220849 0.575119993365 0.0328437148208 0.0218958113247
0 0.116800021526 0.455579988109 0.0211072093123 0.014071473803
0 0.143600020937 0.412059986195 0.0226757042827 0.0151171371855
0 0.153400020722 0.425659986793 0.0229058240822 0.0152705503953
0 0.216800019328 0.457979988214 0.029248562889 0.0194990432121
0 0.242600018761 0.472919988871 0.0316189155441 0.0210792784197
0 0.23580001891 0.388419985156 0.0203063409646 0.0135375615359
0 0.177200020199 0.489819989614 0.0270504538155 0.0180336370664
0 0.142600020959 0.571879993222 0.0224681413681 0.0149787619
0 0.155800020669 0.580839993616 0.0243228515491 0.0162152354355
0 0.236000018906 0.550079992264 0.021561512889 0.014374342874
0 0.278200017978 0.55725999258 0.0293045593664 0.0195363741995
0 0.479400013555 0.590559994044 0.284230600485 0.189487079488
0 0.211800019438 0.492359989726 0.310211580942 0.206807734268
0 0.33040001683 0.700299998869 0.161190708041 0.107460479115
0 0.194200019825 0.755000001274 0.181853012479 0.121235349649
0 0.0428000231534 0.588019993932 0.0325122869067 0.0216748593674
0 0.0268000235051 0.612559995011 0.032222411149 0.0214816088495
0 0.260200018374 0.660119997102 0.0284162336228 0.018944156998
0 0.316600017134 0.539259991788 0.027908209044 0.0186054739232
0 0.306400017358 0.528979991336 0.0318244997846 0.0212163345891
0 0.371200015933 0.517039990811 0.0827114470519 0.0551409683381
0 0.345800016492 0.490159989629 0.0419656003548 0.0279770687484
0 0.437000014487 0.456119988132 0.0543040185288 0.036202681407
0 0.364200016087 0.408059986019 0.0409718112809 0.0273145426555
0 0.486400013401 0.400699985696 0.0358988865869 0.0239325926364
0 0.505000012992 0.453379988012 0.0206124418501 0.0137416288064
0 0.348400016435 0.454639988067 0.0299637546476 0.0199758377492
0 0.52600001253 0.571659993213 0.0215763529448 0.0143842362453
0 0.549000012024 0.534459991577 0.0305411317541 0.0203607558456
0 0.704600008603 0.507359990386 0.0306796389421 0.0204530939771
0 0.589200011141 0.405519985908 0.0268948310964 0.0179298885802
0 0.80800000633 0.512059990592 0.0623800758597 0.0415867199827
0 0.766800007236 0.48699998949 0.0479729538993 0.0319819713756
0 0.773600007087 0.516299990779 0.0615431956431 0.0410287998015
0 0.77160000713 0.450739987896 0.0617349291648 0.0411566221577
0 0.632400010191 0.515619990749 0.0240593910907 0.0160395951184
0 0.599000010925 0.584599993782 0.0712622450248 0.0475081664833
0 0.724200008173 0.560239992711 0.0377090766003 0.0251393860583
0 0.440000014421 0.485159989409 0.0361884655435 0.0241256452869
0 0.737200007887 0.537619991716 0.045502480334 0.0303349888901
0 0.964000002901 0.565659992949 0.0458069982801 0.0305380008676
0 0.935200003534 0.381839984866 0.0283291719618 0.0188861158869
0 0.910000004088 0.585799993835 0.0311854869794 0.0207903260242
0 0.981600002514 0.665419997335 0.0396314574359 0.0264209733666
0 0.884800004642 0.612419995005 0.0202061211207 0.0134707483023
0 0.904800004202 0.647639996554 0.0225663825379 0.0150442560175
0 0.96040000298 0.556899992564 0.0207175094455 0.0138116738746
0 0.827200005908 0.647139996532 0.0306760773287 0.020450719568
0 0.810200006282 0.657019996966 0.0217307884594 0.0144871932618
0 0.893800004444 0.689099998377 0.0233821898752 0.0155881276116
0 0.895000004417 0.704199999041 0.0246070880856 0.0164047264724
0 0.933600003569 0.6964599987 0.0385745486578 0.025716367468
0 0.918400003903 0.718099999652 0.0351574773963 0.0234383198101
0 0.956000003076 0.72305999987 0.0390190577976 0.0260127069141
0 0.82940000586 0.795940003075 0.0359200583999 0.0239467071794
0 0.784000006858 0.765740001747 0.0359931704084 0.0239954485216
0 0.724400008168 0.78764000271 0.030220784415 0.0201471909388
0 0.727600008098 0.771600002004 0.0202737917754 0.0135158620751
0 0.704000008617 0.770760001967 0.025972175357 0.0173147847133
0 0.681800009105 0.760680001524 0.0259023281607 0.0172682199128
0 0.635400010125 0.77196000202 0.0258392084565 0.0172261401072
0 0.810400006277 0.748020000967 0.0840618921348 0.0560412651195
0 0.793400006651 0.683799998144 0.0384804627037 0.0256536434945
0 0.718800008291 0.66097999714 0.0258126942234 0.0172084639506
0 0.695800008797 0.665079997321 0.0556499126613 0.0370999442212
0 0.664000009496 0.673819997705 0.110224020207 0.0734826849844
0 0.744200007733 0.648079996573 0.0473274114695 0.0315516097273
0 0.776600007021 0.654319996847 0.0269782322103 0.0179854893265
0 0.903600004228 0.620619995366 0.0756212640984 0.0504141793907
0 0.7184000083 0.631239995833 0.0563025783179 0.0375350546876
0 0.903400004233 0.781600002444 0.0708756121028 0.047250411185
0 0.950000003208 0.809040003651 0.0200823550549 0.0133882375863
0 0.974400002672 0.82540000437 0.0203528398063 0.0135685607658
0 0.860400005178 0.862560006004 0.054461619922 0.0363077490094
0 0.863200005117 0.769520001913 0.028228259582 0.0188188409625
0 0.864800005081 0.752760001176 0.029378660712 0.0195857750998
0 0.399400015313 0.654939996875 0.0245603913765 0.0163735953309
0 0.378400015775 0.647259996537 0.036012462481 0.0240083099042
0 0.394400015423 0.632699995897 0.0378613355734 0.025240892047
0 0.538200012262 0.688419998347 0.072082108644 0.0480547422655
0 0.458800014007 0.729620000158 0.0252378893932 0.0168252607052
0 0.447200014262 0.793020002946 0.0455805390278 0.0303870280227
0 0.598600010934 0.77354000209 0.0403429886474 0.0268953275389
0 0.676000009232 0.782100002466 0.0242600286459 0.0161733534973
0 0.692800008863 0.80516000348 0.0607472739807 0.0404981853249
0 0.673600009285 0.828740004517 0.0365162329105 0.0243441568793
0 0.635200010129 0.808420003623 0.0219167838262 0.0146111901811
0 0.559600011791 0.812820003817 0.0283681518419 0.0189121024753
0 0.588000011167 0.816280003969 0.0366449456617 0.0244299653857
0 0.356000016268 0.776900002237 0.0538327972885 0.0358885338927
0 0.548800012029 0.895940007472 0.0376844421076 0.025122963062
0 0.410800015063 0.726780000034 0.0276237746401 0.0184158509747
0 0.624400010367 0.633039995912 0.0320757913971 0.0213838623418
0 0.221600019222 0.713419999446 0.0432165181298 0.0288110139868
0 0.295600017595 0.802420003359 0.0234601496353 0.0156401007884
0 0.300000017499 0.834680004778 0.0231918414254 0.0154612286367
0 0.34360001654 0.870400006349 0.0247547961082 0.0165031984939
0 0.32360001698 0.870860006369 0.0249870924492 0.0166580627315
0 0.357200016241 0.84700000532 0.0215533013914 0.014368868542
0 0.384000015652 0.847880005358 0.0227110236156 0.015140683409
0 0.19760001975 0.872460006439 0.0522793402415 0.0348528957931
0 0.19940001971 0.849040005409 0.0232715819922 0.015514389018
0 0.213000019411 0.812780003815 0.0318221253757 0.0212147516497
0 0.124200021364 0.797600003148 0.0327142106 0.0218094751718
0 0.0934000220409 0.792760002935 0.0385142980311 0.0256762003809
0 0.0748000224498 0.83360000473 0.0204828386956 0.0136552266977
0 0.0948000220101 0.873820006499 0.0221722306543 0.0147814880778
0 0.121800021417 0.83722000489 0.0327521022093 0.0218347362464
0 0.234400018941 0.830820004608 0.0304264675892 0.020284313064
0 0.30360001742 0.780220002383 0.0352229715095 0.0234819825551
0 0.316800017129 0.635419996016 0.0221747039969 0.014783136973
0 0.296400017578 0.654899996873 0.0404363820656 0.0269575898218
0 0.132000021192 0.690039998418 0.0281253685281 0.0187502469221
0 0.110400021667 0.716099999564 0.0243343278589 0.0162228863093
0 0.0904000221068 0.726540000023 0.0304501127449 0.0203000765021
0 0.214800019372 0.601299994516 0.0249321842425 0.016621457258
0 0.112400021623 0.657579996991 0.0315223562473 0.021014905551
0 0.0966000219705 0.598159994378 0.0297881473199 0.0198587661898
0 0.104400021799 0.925800008785 0.0235681852419 0.0157121245309
0 0.199600019706 0.978320011094 0.027121883951 0.0180812571599
0 0.200600019684 0.940980009452 0.0357830352175 0.0238553583851
0 0.203000019631 0.959040010246 0.0241889942452 0.0161259972271
0 0.241000018796 0.935120009194 0.0314381636638 0.0209587771582
0 0.200000019697 0.914360008282 0.0276531579507 0.0184354398497
0 0.0700000225553 0.896220007484 0.0255435945438 0.0170290641524
0 0.0734000224806 0.912300008191 0.0221408686696 0.0147605800866
0 0.298000017543 0.95868001023 0.0353783963611 0.0235855991297
0 0.298200017538 0.934280009157 0.036411857851 0.0242745735017
0 0.262000018334 0.917580008423 0.0345589284767 0.0230392871707
0 0.238200018857 0.892580007324 0.0231950073039 0.0154633392225
0 0.246000018686 0.904240007837 0.0204195211239 0.0136130149805
0 0.249800018602 0.876740006627 0.0567517373418 0.0378344940566
0 0.282000017894 0.893100007347 0.0278317332895 0.0185544900834
0 0.328000016883 0.909140008052 0.0721677852331 0.0481118599953
0 0.3818000157 0.906060007917 0.0388174309054 0.0258782889771
0 0.366400016039 0.892960007341 0.0268708891396 0.0179139272746
0 0.39820001534 0.97096001077 0.0360872563626 0.0240581724951
0 0.427800014689 0.925380008766 0.065251626668 0.0435010873145
0 0.311200017252 0.862180005987 0.0292382737836 0.019492183808
0 0.392600015463 0.822820004256 0.0263536637262 0.0175691103096
0 0.443000014355 0.877220006648 0.0331171675834 0.0220781131785
0 0.450200014197 0.832060004663 0.0224373729856 0.0149582496437
0 0.603600010824 0.989240011574 0.0231858064693 0.0154572053324
0 0.650200009799 0.882900006898 0.0289981616798 0.0193321090616
0 0.734200007953 0.908660008031 0.0200462442523 0.0133641637163
0 0.79300000666 0.959080010248 0.0228077807798 0.0152051881894
0 0.815000006176 0.951000009893 0.0223560494795 0.0149040339694
0 0.643200009953 0.838540004948 0.0208643270648 0.013909552294
0 0.912800004026 0.967460010616 0.042540405185 0.0283602719938
0 0.761400007355 0.0907399720665 0.0217131782598 0.0144754531279
0 0.605000010793 0.724859999949 0.0805478658417 0.0536985807695
