0 0.620999988456 0.460460001924 0.113211825586 0.0754745503908
0 0.614399988601 0.56067999972 0.750864334377 0.500576222918
0 0.353399994339 0.652479997702 0.10475991855 0.0698399456999
0 0.0290000014715 0.863779993057 0.0647018563328 0.0431345708885
0 0.0836000002711 0.923979991733 0.030218807734 0.0201458718227
0 0.0346000013484 0.943279991309 0.0373529177234 0.0249019451489
0 0.203799997628 0.867799992968 0.029053665405 0.01936911027
0 0.218399997307 0.90457999216 0.0385639652948 0.0257093101966
0 0.191999997888 0.880519992689 0.0528604803153 0.0352403202102
0 0.174199998279 0.83995999358 0.0200324937884 0.013354995859
0 0.122199999422 0.839859993583 0.0945264132236 0.0630176088157
0 0.103799999827 0.811159994214 0.0327098596744 0.0218065731163
0 0.0696000005789 0.94639999124 0.0340322076722 0.0226881384481
0 0.18279999809 0.949739991167 0.0396350216635 0.0264233477757
0 0.376799993825 0.968999990743 0.0539793216669 0.0359862144446
0 0.223599997193 0.943259991309 0.104108934723 0.0694059564822
0 0.346799994485 0.86861999295 0.0215618111122 0.0143745407415
0 0.369599993983 0.861639993104 0.0339204125773 0.0226136083849
0 0.274799996068 0.847219993421 0.0214558531064 0.0143039020709
0 0.453199992145 0.858779993167 0.041481421535 0.0276542810233
0 0.44299999237 0.882939992635 0.0615256884352 0.0410171256235
0 0.437399992493 0.91457999194 0.0294563256138 0.0196375504092
0 0.457599992049 0.908299992078 0.020550411772 0.0137002745147
0 0.461599991961 0.91909999184 0.0230093102559 0.0153395401706
0 0.510599990883 0.918159991861 0.0249357475006 0.0166238316671
0 0.548199990057 0.866579992995 0.0399981083874 0.0266654055916
0 0.524599990576 0.876239992783 0.0243170160643 0.0162113440428
0 0.501999991072 0.87591999279 0.0284659991543 0.0189773327695
0 0.549999990017 0.896939992328 0.0837729123058 0.0558486082038
0 0.542199990189 0.927579991654 0.0242567654335 0.0161711769557
0 0.556599989872 0.926219991684 0.0625002844344 0.0416668562896
0 0.52619999054 0.95687999101 0.0244771897444 0.0163181264962
0 0.486599991411 0.959499990952 0.0237954375334 0.0158636250222
0 0.49119999131 0.933299991528 0.0577937109422 0.0385291406281
0 0.70359998664 0.903279992188 0.0447395065463 0.0298263376976
0 0.69539998682 0.880399992691 0.0205815758914 0.0137210505942
0 0.758799985427 0.896919992328 0.0269146196127 0.0179430797418
0 0.775799985053 0.886439992559 0.04067244057 0.02711496038
0 0.736399985919 0.836879993648 0.0428627340252 0.0285751560168
0 0.751199985594 0.827419993856 0.0620915892692 0.0413943928461
0 0.776799985031 0.853479993283 0.0282890067431 0.0188593378287
0 0.67859998719 0.80905999426 0.070367295364 0.0469115302427
0 0.5325999904 0.813519994162 0.0319564794557 0.0213043196371
0 0.503399991042 0.827079993864 0.0396102882355 0.0264068588236
0 0.599199988935 0.824339993924 0.0382907103816 0.0255271402544
0 0.63219998821 0.817379994077 0.0414114754004 0.027607650267
0 0.696199986803 0.935379991483 0.0273293497344 0.0182195664896
0 0.709599986508 0.947419991218 0.0230651088696 0.0153767392464
0 0.558999989819 0.960459990931 0.0205757388023 0.0137171592016
0 0.630599988245 0.992159990234 0.020778355045 0.0138522366967
0 0.654599987717 0.982679990443 0.0366011204441 0.0244007469627
0 0.856799983272 0.964259990848 0.0229721111801 0.0153147407867
0 0.902799982261 0.957379990999 0.0537719566061 0.0358479710707
0 0.838999983663 0.973379990647 0.0289741227004 0.0193160818002
0 0.946199981307 0.93369999152 0.0511674276978 0.0341116184652
0 0.812199984253 0.900499992249 0.0397536431845 0.0265024287897
0 0.87099998296 0.923519991743 0.0264901939872 0.0176601293248
0 0.836199983725 0.887319992539 0.0442182248166 0.0294788165444
0 0.887399982599 0.863459993064 0.0485404408367 0.0323602938912
0 0.854199983329 0.85817999318 0.0376093539055 0.0250729026037
0 0.963199980933 0.79769999451 0.0310016701989 0.0206677801326
0 0.880599982749 0.78995999468 0.022786511536 0.0151910076906
0 0.91099998208 0.79039999467 0.0223194454805 0.0148796303203
0 0.879399982775 0.763279995266 0.0246486418677 0.0164324279118
0 0.945199981329 0.725899996088 0.0641666249496 0.0427777499664
0 0.883599982683 0.709959996438 0.0235335599971 0.015689039998
0 0.866599983057 0.729039996019 0.0300418153228 0.0200278768819
0 0.881199982736 0.690679996862 0.0199342526122 0.0132895017415
0 0.947599981276 0.680099997095 0.0702996247049 0.0468664164699
0 0.90739998216 0.705019996547 0.0292873468333 0.0195248978889
0 0.859199983219 0.673279997245 0.0445878411655 0.0297252274437
0 0.775999985048 0.786099994765 0.0324286900642 0.0216191267095
0 0.728199986099 0.761599995303 0.0441052425172 0.0294034950115
0 0.636599988113 0.767719995169 0.0393064628052 0.0262043085368
0 0.602599988861 0.722479996163 0.0322573368746 0.0215048912498
0 0.610199988694 0.75447999546 0.0221737161224 0.0147824774149
0 0.772399985128 0.647899997803 0.0286535774727 0.0191023849818
0 0.462199991947 0.745079995666 0.0343739247142 0.0229159498095
0 0.382399993702 0.769559995128 0.0224846647799 0.01498977652
0 0.396199993398 0.785579994776 0.0251785308304 0.0167856872203
0 0.370799993957 0.813259994167 0.0206175877626 0.0137450585084
0 0.349199994432 0.745259995662 0.0428376048623 0.0285584032415
0 0.324599994973 0.770079995117 0.036320247635 0.0242134984234
0 0.510799990879 0.779899994901 0.0435810917098 0.0290540611398
0 0.456799992066 0.727939996043 0.0215521156084 0.0143680770723
0 0.441999992392 0.730499995987 0.0373725065984 0.0249150043989
0 0.407799993143 0.666319997398 0.0250793992508 0.0167195995005
0 0.348199994454 0.713159996368 0.0219941514347 0.0146627676231
0 0.34519999452 0.699699996664 0.0227643503844 0.0151762335896
0 0.308999995316 0.672039997272 0.0203572931657 0.0135715287771
0 0.297599995566 0.740639995764 0.0559729349022 0.0373152899348
0 0.465999991864 0.779639994907 0.0486642069108 0.0324428046072
0 0.445399992317 0.639619997985 0.0474751226234 0.0316500817489
0 0.34199999459 0.618579998448 0.0369087053554 0.0246058035703
0 0.318599995105 0.604179998764 0.021728613351 0.014485742234
0 0.297799995562 0.59981999886 0.0233569633207 0.0155713088805
0 0.313399995219 0.572919999451 0.0216280966994 0.0144187311329
0 0.29879999554 0.578479999329 0.0296980206728 0.0197986804485
0 0.338999994656 0.557119999799 0.0606420125175 0.040428008345
0 0.416999992941 0.564419999638 0.088787169643 0.0591914464287
0 0.583399989283 0.574379999419 0.084015200967 0.056010133978
0 0.586599989212 0.622219998367 0.0608897425329 0.0405931616886
0 0.653199987748 0.607739998686 0.0228292508997 0.0152195005998
0 0.258599996424 0.79037999467 0.0449116512056 0.0299411008038
0 0.125199999356 0.801279994431 0.0213933270003 0.0142622180002
0 0.215799997365 0.710959996417 0.0321713634787 0.0214475756525
0 0.176799998222 0.71079999642 0.0306796409656 0.0204530939771
0 0.16959999838 0.695239996762 0.0492123986103 0.0328082657402
0 0.121999999427 0.717419996274 0.0701897093506 0.046793139567
0 0.0828000002887 0.784999994789 0.036240507063 0.024160338042
0 0.102399999858 0.670039997316 0.0198415517238 0.0132277011492
0 0.211199997466 0.724679996115 0.0265299653396 0.0176866435597
0 0.189599997941 0.639439997989 0.0203304821297 0.0135536547531
0 0.290799995716 0.665939997406 0.025307936126 0.0168719574173
0 0.278999995975 0.672919997253 0.039632449387 0.0264216329247
0 0.201999997668 0.674359997221 0.0304004500297 0.0202669666864
0 0.18279999809 0.609439998648 0.0428086172846 0.0285390781898
0 0.130599999238 0.603839998772 0.0435459702419 0.029030646828
0 0.161399998561 0.644119997886 0.03253464807 0.02168976538
0 0.241199996806 0.743339995705 0.0539322292199 0.0359548194799
0 0.0132000018188 0.546700000028 0.0279471907673 0.0186314605116
0 0.0576000008427 0.524540000515 0.0340530826854 0.0227020551236
0 0.0554000008911 0.544860000068 0.0219506206013 0.0146337470675
0 0.0744000004733 0.547940000001 0.0255491365165 0.0170327576776
0 0.0622000007416 0.582659999237 0.102432997638 0.068288665092
0 0.0342000013571 0.538320000212 0.0207568864294 0.0138379242863
0 0.026200001533 0.511340000805 0.0477006914873 0.0318004609915
0 0.0210000016474 0.363420004057 0.0418609312551 0.0279072875034
0 0.0566000008647 0.384100003603 0.0212337469224 0.0141558312816
0 0.0840000002623 0.37014000391 0.0375088372538 0.0250058915026
0 0.121599999436 0.415260002918 0.073553653434 0.049035768956
0 0.0810000003282 0.441340002344 0.0306984383709 0.0204656255806
0 0.091200000104 0.45380000207 0.0201896994572 0.0134597996381
0 0.12139999944 0.455580002031 0.0607942715006 0.0405295143337
0 0.164399998495 0.442380002321 0.0435586337571 0.0290390891714
0 0.155599998688 0.39012000347 0.0204016154688 0.0136010769792
0 0.195199997818 0.399460003265 0.0234322518757 0.0156215012505
0 0.150399998802 0.48654000135 0.0515563361206 0.034370890747
0 0.164799998486 0.571039999493 0.0875085503461 0.0583390335641
0 0.118999999493 0.579039999317 0.0277072765152 0.0184715176768
0 0.107199999752 0.55521999984 0.0381386492659 0.0254257661773
0 0.136599999106 0.521420000584 0.0526099801559 0.0350733201039
0 0.12639999933 0.532700000336 0.0682522904638 0.0455015269759
0 0.210799997475 0.546800000026 0.024859271741 0.0165728478274
0 0.246599996687 0.543740000093 0.0259571391457 0.0173047594305
0 0.216199997356 0.579759999301 0.0203263269138 0.0135508846092
0 0.265399996274 0.552559999899 0.0224778383538 0.0149852255692
0 0.271799996133 0.522280000565 0.0222666148782 0.0148444099188
0 0.319399995087 0.516880000683 0.0246650648639 0.0164433765759
0 0.295999995601 0.502980000989 0.0617078253994 0.0411385502663
0 0.272199996125 0.582839999233 0.021481773739 0.0143211824927
0 0.246999996679 0.56797999956 0.037289105479 0.0248594036526
0 0.3187999951 0.474920001606 0.0199210944285 0.013280729619
0 0.206399997571 0.51656000069 0.0252421452074 0.0168280968049
0 0.221599997237 0.48338000142 0.0291194563236 0.0194129708824
0 0.263799996309 0.479220001511 0.0667498831098 0.0444999220732
0 0.303199995443 0.454440002056 0.0301498509366 0.0200999006244
0 0.362599994137 0.44924000217 0.0546311958969 0.0364207972646
0 0.323599994995 0.427940002639 0.0492919413149 0.0328612942099
0 0.299799995518 0.415940002903 0.0429327790935 0.028621852729
0 0.273799996089 0.388400003508 0.0826578304351 0.0551052202901
0 0.579599989366 0.496700001127 0.0199053639682 0.0132702426455
0 0.61399998861 0.49838000109 0.0200731555442 0.0133821036961
0 0.485199991442 0.432920002529 0.0263063751499 0.0175375834333
0 0.591599989103 0.420400002805 0.0216776624892 0.0144517749928
0 0.760999985378 0.552539999899 0.0436753755375 0.029116917025
0 0.784799984855 0.518740000643 0.0407046929602 0.0271364619735
0 0.69679998679 0.479560001504 0.0296915899815 0.019794393321
0 0.820399984072 0.474540001614 0.0339818504126 0.0226545669417
0 0.938999981465 0.496680001128 0.0345786185648 0.0230524123766
0 0.917999981927 0.520160000611 0.0289220835677 0.0192813890451
0 0.917799981931 0.428640002623 0.0589097821499 0.0392731881
0 0.947199981285 0.428500002626 0.04271255265 0.0284750351
0 0.967799980832 0.412460002979 0.0248347361804 0.0165564907869
0 0.91099998208 0.552699999896 0.0217447395461 0.0144964930307
0 0.938199981482 0.560819999717 0.0427009774057 0.0284673182705
0 0.739199985858 0.569899999518 0.0937923250788 0.0625282167192
0 0.959999981003 0.530280000389 0.0606405285118 0.0404270190079
0 0.939599981452 0.248520006583 0.0213412878676 0.0142275252451
0 0.946399981302 0.260680006316 0.0235688793323 0.0157125862216
0 0.880599982749 0.350700004337 0.0485868407478 0.0323912271652
0 0.913199982032 0.261920006289 0.0496705606316 0.0331137070877
0 0.864799983096 0.232700006931 0.0255262828289 0.017017521886
0 0.801199984494 0.229640006998 0.0261304710096 0.0174203140064
0 0.825599983958 0.339880004575 0.0207987353897 0.0138658235931
0 0.976199980647 0.283320005818 0.0229360993089 0.0152907328726
0 0.907999982146 0.284540005791 0.0703713516462 0.0469142344308
0 0.939999981443 0.336840004642 0.0616734954013 0.0411156636008
0 0.848399983457 0.322480004957 0.0648917101266 0.0432611400844
0 0.92919998168 0.172380008257 0.0763531806892 0.0509021204594
0 0.892399982489 0.239900006773 0.049271264169 0.032847509446
0 0.6371999881 0.231280006962 0.061304670522 0.040869780348
0 0.573199989507 0.224300007116 0.0836907973246 0.0557938648831
0 0.592199989089 0.240800006753 0.0408371652009 0.0272247768006
0 0.534999990347 0.169960008311 0.0672186310384 0.0448124206923
0 0.6007999889 0.284480005793 0.0203084199119 0.0135389466079
0 0.575599989454 0.263580006252 0.04315815009 0.02877210006
0 0.558399989832 0.290460005661 0.0440037365284 0.0293358243523
0 0.804799984415 0.370540003901 0.028073825919 0.018715883946
0 0.558599989828 0.414400002936 0.0201098599514 0.0134065733009
0 0.725599986157 0.334140004701 0.0521259964356 0.0347506642904
0 0.758599985431 0.319740005018 0.0245906667123 0.0163937778082
0 0.775599985057 0.273100006043 0.0293209842955 0.0195473228636
0 0.642999987973 0.266820006181 0.0599469042553 0.0399646028369
0 0.469199991794 0.325940004881 0.0668215111175 0.0445476740783
0 0.418799992902 0.413680002952 0.0360212699567 0.0240141799711
0 0.486799991407 0.285580005769 0.0347393858472 0.0231595905648
0 0.480199991552 0.2659600062 0.0204365390692 0.0136243593795
0 0.470799991758 0.235320006874 0.0210318232157 0.0140212154772
0 0.401799993275 0.215640007306 0.0708322838115 0.047221522541
0 0.367599994027 0.2341000069 0.0202883363683 0.0135255575789
0 0.383999993667 0.352240004303 0.028062151741 0.0187081011606
0 0.357999994238 0.362620004075 0.0234482791371 0.0156321860914
0 0.492199991288 0.237000006837 0.0281894794286 0.0187929862857
0 0.493399991262 0.225520007089 0.0309947448391 0.020663163226
0 0.549799990022 0.261960006288 0.0311631300173 0.0207754200115
0 0.348799994441 0.18682000794 0.0272285362817 0.0181523575211
0 0.242199996784 0.215140007317 0.0327266784055 0.0218177856037
0 0.259599996402 0.284020005803 0.0365657021751 0.0243771347834
0 0.233599996973 0.25368000647 0.0293102005208 0.0195401336806
0 0.266799996243 0.241680006734 0.0257726277724 0.0171817518483
0 0.328199994893 0.287700005722 0.0201410240708 0.0134273493805
0 0.388199993574 0.303560005373 0.0293168290795 0.0195445527197
0 0.168199998411 0.327420004849 0.0540058359018 0.0360038906012
0 0.0760000004382 0.262720006271 0.0692493444158 0.0461662296105
0 0.150199998807 0.229940006992 0.0208369238026 0.0138912825351
0 0.140799999014 0.211860007389 0.02693480209 0.0179565347267
0 0.0114000018584 0.227200007052 0.0248517527789 0.0165678351859
0 0.14959999882 0.28686000574 0.0351236443855 0.0234157629237
0 0.186799998002 0.290760005655 0.0819076160952 0.0546050773968
0 0.173399998297 0.262840006269 0.0356237543009 0.0237491695339
0 0.125399999352 0.330000004792 0.0430862252812 0.0287241501874
0 0.0722000005217 0.0663400105887 0.0250407161693 0.0166938107795
0 0.0722000005217 0.106660009702 0.114053751477 0.0760358343182
0 0.15779999864 0.0262600114698 0.0272785967401 0.01818573116
0 0.253599996534 0.073240010437 0.0666303711854 0.044420247457
0 0.394599993434 0.0789000103125 0.0205189508515 0.0136793005677
0 0.194399997835 0.0236400115274 0.0260696267765 0.0173797511844
0 0.155399998693 0.0154600117073 0.0256621188158 0.0171080792106
0 0.307799995342 0.0663200105891 0.0519954039355 0.0346636026236
0 0.284599995852 0.0198800116101 0.0392543247388 0.0261695498259
0 0.36519999408 0.135960009058 0.0309277667159 0.0206185111439
0 0.363999994106 0.116720009481 0.0347011974343 0.0231341316229
0 0.74999998562 0.0821400102413 0.0218806744667 0.0145871163112
0 0.785599984837 0.179020008111 0.0661963489899 0.0441308993266
0 0.80139998449 0.761799995299 0.0521473661175 0.034764910745
0 0.477599991609 0.688159996918 0.0304280525354 0.0202853683569
0 0.471599991741 0.740999995756 0.243620309033 0.162413539356
0 0.235799996925 0.357140004195 0.161255025585 0.10750335039
