0 0.940600003415 0.122679973471 0.110056822244 0.0733712196687
0 0.217800019306 0.20361997703 0.120650643452 0.0804337676062
0 0.251800018558 0.347159983341 0.181505755172 0.121003844762
0 0.180000020137 0.519699990928 0.19849662979 0.132331095255
0 0.14800002084 0.802220003351 0.199385054468 0.132923378412
0 0.12800002128 0.854300005641 0.12178739173 0.0811915998419
0 0.270600018145 0.912640008206 0.121485643928 0.080990434627
0 0.691400008894 0.507279990382 0.261761766581 0.174507855897
0 0.0182000236942 0.988860011557 0.021627402737 0.0144182694423
0 0.0748000224498 0.974000010904 0.0295194433752 0.0196796302148
0 0.0718000225158 0.956940010154 0.0364273904428 0.0242849285636
0 0.0924000220629 0.938560009346 0.0232771222797 0.0155180825433
0 0.44460001432 0.954540010048 0.025269548179 0.0168463665638
0 0.416200014944 0.939900009405 0.027370999022 0.0182473338849
0 0.39820001534 0.952740009969 0.0277855312489 0.018523688721
0 0.553000011936 0.967480010617 0.0774941780812 0.0516627887949
0 0.773600007087 0.964080010468 0.0247159151618 0.0164772778613
0 0.712800008423 0.978280011092 0.0278865425625 0.0185910296012
0 0.606800010754 0.931060009016 0.0483298077758 0.0322198739756
0 0.723000008199 0.949320009819 0.020911320575 0.0139408813028
0 0.714800008379 0.961820010368 0.07690760014 0.0512717368084
0 0.73840000786 0.977860011074 0.0200023176869 0.0133348793375
0 0.72840000808 0.927860008875 0.0232471453669 0.0154980979334
0 0.7184000083 0.920260008541 0.0227336794342 0.0151557872891
0 0.742400007772 0.91136000815 0.037028412705 0.0246856100982
0 0.844600005526 0.966740010585 0.0647969273565 0.0431979544202
0 0.966400002848 0.908660008031 0.0211519273473 0.0141012858283
0 0.88080000473 0.833700004735 0.0206766498251 0.0137844341259
0 0.873600004888 0.782600002488 0.0229013720654 0.0152675823839
0 0.715600008362 0.884780006981 0.0381832658518 0.0254555122468
0 0.715600008362 0.870420006349 0.0216466948096 0.0144311308249
0 0.69340000885 0.867360006215 0.0270259182565 0.018017280026
0 0.672400009311 0.847400005337 0.0215949524815 0.0143966359372
0 0.667200009426 0.886860007072 0.0282700096058 0.0188466743136
0 0.632600010186 0.888320007137 0.0225585667751 0.0150390455087
0 0.624200010371 0.761780001572 0.0265814091167 0.01772094058
0 0.605200010789 0.794500003011 0.072758815191 0.0485058799933
0 0.586200011207 0.868800006278 0.0220178940734 0.0146785970171
0 0.561400011752 0.877180006647 0.0206235224251 0.0137490158569
0 0.549800012007 0.885180006998 0.0198125628394 0.0132083760974
0 0.547800012051 0.870680006361 0.031779979617 0.0211866544754
0 0.51100001286 0.863360006039 0.0246577421429 0.0164384958461
0 0.549600012011 0.844520005211 0.0252140463701 0.0168093653554
0 0.530000012442 0.829760004562 0.0200578194958 0.0133718805459
0 0.555200011888 0.762760001616 0.0261677672931 0.017445179346
0 0.956400003068 0.748920001007 0.0503660613067 0.0335773764191
0 0.876400004826 0.768300001859 0.0706503400549 0.0471002298098
0 0.889000004549 0.799800003244 0.0467020515157 0.031134703064
0 0.840600005613 0.789500002791 0.129421116463 0.0862807499993
0 0.793800006642 0.716219999569 0.0937415659016 0.0624943813896
0 0.760400007377 0.742340000718 0.0279180034809 0.0186120035482
0 0.87080000495 0.732880000302 0.0282419124334 0.0188279428641
0 0.927600003701 0.843680005174 0.0377166944956 0.0251444646555
0 0.483000013475 0.853800005619 0.0206897090742 0.0137931402926
0 0.412600015023 0.828420004503 0.0218711753878 0.0145807845536
0 0.374800015854 0.855580005697 0.0392923126928 0.0261948768562
0 0.37180001592 0.791420002876 0.020926457432 0.0139509725415
0 0.325800016932 0.765760001747 0.0219765397844 0.0146510274893
0 0.342400016567 0.921960008616 0.0244821348152 0.0163214242867
0 0.379400015753 0.754260001242 0.0214266662481 0.0142844451075
0 0.199600019706 0.796560003102 0.0288196852747 0.0192131247837
0 0.0432000231445 0.928080008885 0.022320235478 0.0148801579668
0 0.154800020691 0.950880009887 0.0401828149779 0.0267885450854
0 0.165400020458 0.928680008911 0.12321302643 0.0821420230374
0 0.229200019055 0.927700008868 0.0284202899048 0.0189468611862
0 0.0164000237338 0.7624000016 0.0217404839626 0.014493656931
0 0.0456000230918 0.800720003285 0.0274064172887 0.0182709460642
0 0.0860000222036 0.750380001071 0.0247013719071 0.0164675823575
0 0.0560000228631 0.739160000578 0.0214048018991 0.0142698688739
0 0.107600021729 0.760440001514 0.0200541589487 0.013369440181
0 0.0548000228895 0.620379995355 0.0430527828468 0.0287018571243
0 0.050000022995 0.674699997744 0.0486203760694 0.0324135861842
0 0.0338000233512 0.654339996848 0.0324470895946 0.0216313944898
0 0.0402000232105 0.558219992622 0.0556905744144 0.0371270520583
0 0.0192000236722 0.598459994391 0.0211403521037 0.0140935689987
0 0.0840000222476 0.714719999503 0.0790720717536 0.0527147179792
0 0.0594000227884 0.692179998512 0.0278112540124 0.0185408372312
0 0.115200021562 0.672159997632 0.0290918518991 0.0193945692119
0 0.145800020889 0.714999999516 0.0322311173151 0.0214874129606
0 0.164200020484 0.732720000295 0.041645154082 0.0277634378858
0 0.213400019403 0.740160000622 0.0301831896068 0.0201221277317
0 0.176800020207 0.707939999205 0.0477676664599 0.0318451130736
0 0.179800020141 0.586439993863 0.0211171026829 0.0140780693838
0 0.171800020317 0.539939991818 0.0201709007215 0.0134472680346
0 0.216400019337 0.57091999318 0.032939482648 0.021959656547
0 0.23080001902 0.557279992581 0.0487276202064 0.0324850822802
0 0.315000017169 0.548659992201 0.0249491019062 0.0166327357012
0 0.418400014896 0.572699993259 0.0198475853712 0.0132317244535
0 0.397000015366 0.616979995206 0.0261933911229 0.0174622619004
0 0.426200014724 0.686879998279 0.020054752551 0.0133698359158
0 0.407400015138 0.712219999393 0.0230394835186 0.0153596566921
0 0.24720001866 0.675099997761 0.0347846951932 0.0231897983249
0 0.0710000225334 0.63755999611 0.0330850141291 0.0220566775408
0 0.1908000199 0.588339993946 0.0264497283544 0.0176331533993
0 0.146800020867 0.585639993828 0.022459435202 0.0149729577889
0 0.14620002088 0.632719995898 0.0303652276254 0.0202434864187
0 0.447200014262 0.663719997261 0.024842253504 0.0165615034283
0 0.472600013704 0.73192000026 0.0713608819293 0.047573924424
0 0.550000012002 0.738540000551 0.0248887523457 0.0165925026582
0 0.570000011563 0.690399998434 0.0234356140762 0.015623743748
0 0.594200011031 0.700419998874 0.0210729782502 0.0140486530934
0 0.592600011066 0.716179999567 0.0331062848758 0.0220708580396
0 0.481200013515 0.674439997732 0.124399241561 0.0829328331772
0 0.390600015507 0.687919998325 0.0380359535639 0.0253573040484
0 0.305000017389 0.704039999034 0.0745645531877 0.0497097054038
0 0.2408000188 0.756340001333 0.0449888165339 0.0299925463341
0 0.504800012996 0.553059992395 0.032713221263 0.0218088156137
0 0.52600001253 0.569059993098 0.0245002396834 0.0163334941995
0 0.532800012381 0.639659996203 0.0231205102235 0.015413674499
0 0.393400015445 0.530679991411 0.0211648876628 0.0141099260391
0 0.272800018097 0.540979991864 0.0623526712232 0.0415684502238
0 0.549000012024 0.582139993674 0.0205081657242 0.0136721113846
0 0.651400009773 0.539579991802 0.0382525194457 0.0255016813125
0 0.617800010512 0.542139991915 0.0212293924389 0.0141529292261
0 0.62060001045 0.561279992756 0.0434453517911 0.0289635697711
0 0.588800011149 0.543959991995 0.0653580793353 0.0435720557641
0 0.569800011567 0.522979991072 0.055523970054 0.0370159824774
0 0.541800012183 0.49677998992 0.0394510023567 0.0263006699725
0 0.669800009369 0.584619993783 0.113587766201 0.0757251824618
0 0.227000019104 0.589899994015 0.0214667343989 0.0143111572098
0 0.526400012521 0.737420000501 0.0211726044918 0.0141150705922
0 0.644000009936 0.649659996643 0.063978844544 0.0426525658425
0 0.659600009593 0.726120000005 0.115025272945 0.0766835203543
0 0.709400008498 0.64573999647 0.0774558907371 0.0516372638972
0 0.743000007759 0.696079998684 0.0634456908039 0.0422971299924
0 0.752400007553 0.622779995461 0.042066710602 0.0280444755844
0 0.7912000067 0.545879992079 0.0414541130963 0.0276360772203
0 0.824200005974 0.505299990295 0.0601180556124 0.040078706385
0 0.891000004505 0.527059991252 0.02643172242 0.0176211494422
0 0.886400004607 0.542199991917 0.0229963484229 0.0153308999597
0 0.87080000495 0.54929999223 0.0259683169424 0.0173122124368
0 0.8594000052 0.535419991619 0.0628379410498 0.0418919634629
0 0.949800003213 0.535039991603 0.0203705489396 0.0135803668554
0 0.907800004136 0.530139991387 0.101743422953 0.0678289531092
0 0.951600003173 0.564859992914 0.0736151853477 0.0490767934687
0 0.854000005319 0.59683999432 0.0513598503806 0.034239902512
0 0.834600005745 0.632899995906 0.0219983051997 0.0146655377671
0 0.802600006449 0.599039994417 0.0207294804239 0.0138196545274
0 0.82620000593 0.611519994965 0.0326585109237 0.0217723420518
0 0.814200006194 0.631319995836 0.0275797491411 0.0183865006401
0 0.945200003314 0.62889999573 0.0455792528896 0.0303861705972
0 0.921000003846 0.67757999787 0.0665621025338 0.0443747379493
0 0.922800003806 0.487359989506 0.0460340511347 0.0306893694473
0 0.88580000462 0.493099989758 0.0593014568054 0.0395343071445
0 0.811400006255 0.408819986053 0.0233048237173 0.0155365501696
0 0.834000005759 0.446919987728 0.0371720644457 0.0247813779316
0 0.696400008784 0.402779985787 0.0239018886313 0.0159345934718
0 0.535000012332 0.413919986277 0.0254866087293 0.0169910736069
0 0.635000010134 0.417959986455 0.0999596482392 0.0666397698881
0 0.646200009887 0.38077998482 0.0288579726188 0.0192386496815
0 0.427400014698 0.478299989108 0.0286516958424 0.0191011318215
0 0.276200018022 0.480239989193 0.0201877194514 0.013458480522
0 0.22400001917 0.463319988449 0.0203017900141 0.0135345275688
0 0.309400017292 0.401319985723 0.028890521808 0.0192603491423
0 0.400200015296 0.372099984438 0.0235604684128 0.0157069799779
0 0.459800013985 0.441919987508 0.0448011392942 0.029867428166
0 0.456000014069 0.469199988708 0.0396037559984 0.0264025057403
0 0.513200012811 0.465579988548 0.0873702352538 0.0582468273442
0 0.596000010991 0.3257399824 0.0494826822484 0.0329884570081
0 0.58240001129 0.291879980911 0.127474101135 0.0849827396948
0 0.590400011114 0.239299978599 0.0921795016221 0.0614530051346
0 0.532200012394 0.256279979345 0.0247942706568 0.0165295148614
0 0.538000012266 0.340779983061 0.114461350822 0.0763075722478
0 0.389400015533 0.363259984049 0.105759142068 0.0705060993623
0 0.414600014979 0.335059982809 0.0595380072958 0.0396920074818
0 0.432600014583 0.39055998525 0.0902561314494 0.0601707582682
0 0.202400019644 0.451019987908 0.0296819914537 0.0197879956076
0 0.199800019702 0.408439986036 0.0892905384816 0.0595270295806
0 0.209800019482 0.334359982779 0.0213442544712 0.0142295039193
0 0.131000021214 0.374379984538 0.0947961002708 0.0631974043487
0 0.124400021359 0.415039986326 0.0567766686357 0.0378511149203
0 0.160600020563 0.436679987278 0.049604865375 0.0330699124311
0 0.0770000224014 0.384819984997 0.0216330419582 0.0144220289233
0 0.35360001632 0.438219987345 0.0674947505776 0.0449965033528
0 0.06160002274 0.335799982842 0.0243408574835 0.0162272393926
0 0.0768000224059 0.314799981919 0.0248944905006 0.0165963280951
0 0.062600022718 0.303419981418 0.0224632936165 0.0149755300654
0 0.103200021825 0.302619981383 0.0352762967768 0.0235175327357
0 0.0278000234831 0.305399981505 0.0331311172359 0.0220874129474
0 0.046000023083 0.288619980767 0.0224835750262 0.0149890510061
0 0.0142000237821 0.229659978175 0.0224431111405 0.0149620750805
0 0.1180000215 0.185559976236 0.0835296287981 0.0556864228716
0 0.0942000220233 0.28821998075 0.0968767750356 0.0645845209501
0 0.107000021742 0.236359978469 0.104857856009 0.06990524195
0 0.0346000233336 0.202619976986 0.0802002127998 0.0534668120597
0 0.135800021109 0.089819972026 0.048081978843 0.0320546546762
0 0.182000020093 0.235119978415 0.0272662282277 0.018177486684
0 0.239200018835 0.274959980167 0.0423810229851 0.0282540171869
0 0.20760001953 0.276699980243 0.021418949419 0.0142793005545
0 0.224600019156 0.161939975197 0.0307409778396 0.0204939865781
0 0.277000018004 0.218799977697 0.0203608534364 0.0135739031862
0 0.255400018479 0.25161997914 0.0257497723865 0.0171665160566
0 0.317200017121 0.245539978873 0.0393025028645 0.0262016703045
0 0.423400014786 0.269239979915 0.0200940292321 0.0133960203716
0 0.460400013972 0.264079979688 0.0403428897137 0.026895261583
0 0.444000014333 0.286719980684 0.0459070202566 0.0306046821896
0 0.384000015652 0.161459975176 0.0309248955986 0.0206165984255
0 0.427600014693 0.147839974577 0.0283729995934 0.0189153343099
0 0.243600018739 0.194719976639 0.0299189376789 0.0199459597681
0 0.177000020203 0.276139980219 0.0756705330838 0.0504470253832
0 0.30360001742 0.210919977351 0.036351013622 0.0242340106797
0 0.332800016778 0.181879976074 0.0460958847008 0.0307305918274
0 0.322400017006 0.125219973583 0.0888106110752 0.0592070779552
0 0.271200018132 0.133239973935 0.094529078199 0.0630193896225
0 0.211600019442 0.120539973377 0.0968856790691 0.0645904569728
0 0.380400015731 0.115039973135 0.0200767158336 0.0133844781052
0 0.289400017732 0.296699981123 0.0315942810514 0.0210628554235
0 0.593400011048 0.21931997772 0.046978966958 0.031319313371
0 0.703600008625 0.255379979306 0.0443121099868 0.0295414086063
0 0.574600011462 0.155239974903 0.0481859581677 0.0321239742305
0 0.604200010811 0.180259976003 0.0435960278249 0.0290640204669
0 0.570400011554 0.198239976793 0.0363936540491 0.024262437633
0 0.542600012165 0.208339977237 0.0601664341944 0.0401109587752
0 0.492600013264 0.191159976482 0.047086211095 0.0313908094671
0 0.543400012148 0.147399974558 0.0261107814787 0.0174071888005
0 0.552200011954 0.123299973498 0.0205555549693 0.0137037042167
0 0.465400013862 0.12469997356 0.0215743742707 0.0143829171291
0 0.474000013673 0.175539975795 0.02099501849 0.0139966799165
0 0.490800013304 0.173459975704 0.0208045711066 0.0138697149858
0 0.450600014188 0.171839975633 0.0452898718004 0.0301932498583
0 0.386000015608 0.196439976714 0.0279744946268 0.0186496643146
0 0.835400005728 0.271579980018 0.0343157494281 0.0228771677943
0 0.7366000079 0.316899982011 0.0348072520781 0.0232048362492
0 0.681600009109 0.326359982427 0.0206933696213 0.0137955806575
0 0.965600002865 0.281979980475 0.0377208497113 0.0251472347994
0 0.91900000389 0.204399977064 0.0542512868637 0.0361675269613
0 0.979000002571 0.174979975771 0.0295012395734 0.0196674943461
0 0.911800004048 0.162999975244 0.102669442439 0.0684462994735
0 0.871400004936 0.04669997013 0.0518943891925 0.0345962617435
0 0.803600006427 0.0677799710569 0.0225993274619 0.0150662193016
0 0.756000007473 0.112379973018 0.0615268715817 0.0410179170932
0 0.713800008401 0.0547599704844 0.0346821998741 0.0231214681077
0 0.692200008876 0.0709399711959 0.0220173004712 0.0146782012822
0 0.665600009461 0.0914599720982 0.0222255559217 0.0148170382584
0 0.954800003103 0.0574399706023 0.0336011512717 0.022400768992
0 0.604000010815 0.0629199708432 0.114594911325 0.0763966125888
0 0.525000012552 0.0607799707491 0.0449324243217 0.0299549515235
0 0.493800013238 0.0660599709813 0.0349325021495 0.0232883363023
0 0.477400013599 0.093139972172 0.0240695812624 0.0160463885666
0 0.4546000141 0.0948199722459 0.0242248082467 0.0161498732296
0 0.465200013867 0.0403599698513 0.0329789571965 0.0219859729145
0 0.396800015371 0.0426399699515 0.0314196630608 0.0209464434221
0 0.432000014597 0.0362399696701 0.0224222361286 0.014948158405
0 0.358400016215 0.063459970867 0.0397435493245 0.0264957012972
0 0.291400017688 0.0497399702637 0.112230395759 0.0748202687739
0 0.235000018928 0.023979969131 0.0236678114835 0.0157785420297
0 0.45140001417 0.0769999714623 0.0568085252889 0.0378723526905
0 0.221600019222 0.0514799703402 0.055676229027 0.0371174884661
0 0.162400020524 0.0597399707034 0.070998586699 0.0473323942545
0 0.11300002161 0.0689399711079 0.0219765397844 0.0146510274893
0 0.0800000223355 0.0292799693641 0.0298899501031 0.0199266347164
0 0.076200022419 0.0701799711625 0.105239740113 0.0701598313695
0 0.627600010296 0.781020002418 0.0283461885592 0.0188974602859
0 0.691000008902 0.804560003454 0.0230970629353 0.0153980429725
0 0.500600013088 0.353739983631 0.0266452213569 0.0177634820762
