0 0.843000017191 0.806039972341 0.377085893931 0.251390579373
0 0.702600011017 0.372039981882 0.214282534273 0.142855013427
0 0.74360001282 0.515359978732 0.309392471078 0.206261633781
0 0.317999994106 0.29437998359 0.189139517329 0.126093003236
0 0.399799997703 0.442459980334 0.627933343732 0.418622201544
0 0.104199984706 0.405379981149 0.1919086723 0.127939106428
0 0.646200008538 0.976479968594 0.0432880557643 0.0288587019395
0 0.603600006664 0.957939969001 0.0292124578666 0.0194749706266
0 0.614800007157 0.957319969015 0.0219041246459 0.0146027488008
0 0.4383999994 0.969479968748 0.0241237027727 0.0160824674544
0 0.130999985884 0.991499968263 0.024964540504 0.0166430259049
0 0.117399985286 0.96343996888 0.0311740168379 0.0207826765212
0 0.161599987229 0.946839969245 0.0362403139761 0.0241602077239
0 0.119399985374 0.942759969335 0.0287375759852 0.0191583827265
0 0.12499998562 0.934439969518 0.0230712458031 0.015380829521
0 0.0125999806778 0.918059969878 0.0367158883935 0.0244772573146
0 0.0627999828851 0.939699969402 0.0757110119502 0.0504740046377
0 0.0897999840723 0.812119972207 0.0513228593298 0.0342152372965
0 0.0689999831577 0.85975997116 0.0248851956563 0.0165901293433
0 0.0557999825773 0.872539970879 0.0354438974875 0.0236292634332
0 0.115999985224 0.914599969954 0.0467581561788 0.0311721020632
0 0.145799986535 0.907079970119 0.020032496431 0.0133549967398
0 0.102599984635 0.896379970355 0.051863334271 0.0345755539002
0 0.291199992928 0.913459969979 0.0296180861403 0.0197453894579
0 0.325199994423 0.900179970271 0.022347446669 0.0148982967967
0 0.309199993719 0.904639970173 0.0276147771369 0.0184098502104
0 0.296599993165 0.861499971122 0.035977447068 0.02398496313
0 0.316199994027 0.877759970764 0.0212734221472 0.0141822804961
0 0.278199992356 0.853339971301 0.0243074227006 0.0162049473983
0 0.224799990008 0.843299971522 0.0295185588126 0.0196790379105
0 0.142999986412 0.815499972133 0.0215484579035 0.0143656376549
0 0.154999986939 0.818719972062 0.0500006100913 0.0333337378623
0 0.167999987511 0.79199997265 0.0206487546058 0.0137658354959
0 0.147999986631 0.790419972684 0.059251507008 0.0395010020667
0 0.243399990826 0.901039970252 0.030061507097 0.0200410034095
0 0.221599989868 0.959299968971 0.11781819477 0.0785454579991
0 0.339399995047 0.932379969563 0.028767552904 0.0191783673377
0 0.382599996947 0.95207996913 0.0518462187365 0.0345641435446
0 0.4816000013 0.93841996943 0.0383285081157 0.0255523370585
0 0.534400003622 0.899079970295 0.0345208458306 0.0230138957025
0 0.544200004053 0.924899969728 0.0547359739184 0.0364906468722
0 0.546800004167 0.842699971535 0.0228061034194 0.0152040679435
0 0.487600001564 0.859779971159 0.0423007961197 0.0282005288865
0 0.570200005196 0.803559972395 0.0235507775696 0.0157005173442
0 0.418799998539 0.820999972012 0.0220857669656 0.0147238436726
0 0.459800000341 0.795419972574 0.0221499749533 0.0147666489949
0 0.69880001085 0.877999970759 0.112348149098 0.0748987611256
0 0.593400006216 0.754979973463 0.0778774626665 0.05191830502
0 0.651000008749 0.784099972823 0.0261570876286 0.0174380572689
0 0.676600009874 0.840859971575 0.0252120726846 0.0168080473478
0 0.69560001071 0.946479969253 0.0481999173574 0.0321332761189
0 0.725000012002 0.952679969117 0.0286280563513 0.0190853696421
0 0.794600015063 0.84017997159 0.0382206703551 0.0254804452228
0 0.79340001501 0.826819971884 0.0225266156454 0.0150177427731
0 0.850400017516 0.868339970971 0.0244113031122 0.0162742010014
0 0.948400021825 0.933579969537 0.0535599487259 0.0357066301289
0 0.877000018686 0.671659975295 0.0294948147186 0.0196632085155
0 0.873400018528 0.734419973915 0.0328660803414 0.0219107187825
0 0.956400022177 0.725379974114 0.0214761373504 0.0143174239559
0 0.948600021834 0.781159972888 0.0588315333441 0.0392210196426
0 0.91280002026 0.779339972928 0.0288756874657 0.0192504570408
0 0.920600020603 0.668379975367 0.0386253092916 0.025750204496
0 0.930800021052 0.687459974948 0.0346567807691 0.0231045189889
0 0.882000018906 0.636739976063 0.0247535148679 0.0165023421569
0 0.855400017736 0.669239975348 0.0211078070911 0.014071870466
0 0.809400015714 0.663899975466 0.0793445508788 0.0528963637637
0 0.770000013981 0.667939975377 0.0252801390876 0.0168534249468
0 0.817000016048 0.631219976184 0.040362090839 0.0269080587846
0 0.79180001494 0.615419976532 0.0479404141959 0.0319602740227
0 0.874400018572 0.578759977338 0.0272906702529 0.0181937789686
0 0.676400009865 0.639619976 0.0316331682569 0.021088777447
0 0.679200009989 0.600339976863 0.04730872236 0.0315391461598
0 0.635200008054 0.630399976202 0.0380930458495 0.0253953622247
0 0.610600006972 0.61411997656 0.0421038190726 0.0280692108638
0 0.615000007166 0.633039976144 0.0218136002873 0.0145423992324
0 0.637400008151 0.671239975304 0.0197977267009 0.0131984835967
0 0.626800007685 0.593399977016 0.0529025341214 0.0352683537548
0 0.730000012222 0.591699977053 0.020637871896 0.0137585803565
0 0.634000008001 0.520099978627 0.0226762034381 0.0151174679616
0 0.720200011791 0.531399978379 0.0199449400841 0.0132966258457
0 0.611600007016 0.546179978054 0.04987071011 0.0332471378805
0 0.885200019046 0.553539977892 0.0219598243333 0.0146398819233
0 0.686600010314 0.694359974796 0.0800835858067 0.0533890536832
0 0.597000006374 0.708159974493 0.0515755360641 0.0343836884416
0 0.511000002593 0.67417997524 0.0552905963824 0.0368603951571
0 0.538200003789 0.674399975235 0.106871178067 0.0712474473452
0 0.576800005486 0.691219974865 0.0203379048409 0.013558602333
0 0.49820000203 0.692659974834 0.0537282349927 0.035818820966
0 0.46840000072 0.676099975198 0.0727739664476 0.0485159744318
0 0.441599999541 0.625159976318 0.0343841194222 0.0229227447696
0 0.595000006286 0.679479975123 0.053247318154 0.0354982097614
0 0.547000004176 0.619719976437 0.0766211032891 0.051080732157
0 0.582400005732 0.606039976738 0.0303447543525 0.0202298349007
0 0.567200005064 0.590999977069 0.0267676076473 0.0178450705879
0 0.552800004431 0.582699977251 0.0287681465063 0.0191787630726
0 0.565200004976 0.565279977634 0.0278605285106 0.0185736844487
0 0.512000002637 0.630539976199 0.0244347504051 0.016289832529
0 0.415799998407 0.602799976809 0.0267112154239 0.0178074757748
0 0.399199997677 0.591079977067 0.0412521975654 0.0275014632297
0 0.390199997281 0.624899976323 0.0207372013562 0.0138247999923
0 0.571800005266 0.541399978159 0.0279624302476 0.0186416189355
0 0.550800004343 0.529879978412 0.036291462712 0.0241943068789
0 0.454200000095 0.604239976778 0.0333086108946 0.0222057391318
0 0.376399996674 0.597859976918 0.0292129525352 0.0194753004056
0 0.269399991969 0.617999976475 0.0347404787007 0.0231603176063
0 0.254999991336 0.602839976808 0.0300102594273 0.0200068382986
0 0.214799989569 0.594359976995 0.0493275639582 0.0328850404698
0 0.190799988513 0.592519977035 0.0332507346654 0.0221671549815
0 0.179199988003 0.611779976612 0.0200594064042 0.0133729367208
0 0.313399993904 0.653499975695 0.0213103244268 0.0142068820142
0 0.30239999342 0.64913997579 0.0246291551752 0.0164194357005
0 0.294599993077 0.662699975492 0.0215109620217 0.0143406404019
0 0.302799993438 0.704059974583 0.0210996945256 0.0140664620893
0 0.241199990729 0.673979975244 0.0251734885318 0.016782324581
0 0.232399990343 0.665119975439 0.0220529209688 0.0147019463428
0 0.32399999437 0.744939973684 0.0428573972582 0.0285715962876
0 0.314199993939 0.734639973911 0.0515364572427 0.0343576358957
0 0.331599994704 0.788999972716 0.0473133722451 0.031542246083
0 0.269399991969 0.770059973132 0.0353214175356 0.0235476101373
0 0.222599989912 0.643459975915 0.0249417857471 0.0166278560681
0 0.247599991011 0.753119973504 0.0331551646867 0.0221034416666
0 0.236399990518 0.768019973177 0.0451229795672 0.0300819843941
0 0.205799989173 0.771019973111 0.036671071416 0.0244473793315
0 0.345999995338 0.752659973514 0.0202849752979 0.0135233159733
0 0.398399997642 0.782539972858 0.0281958149056 0.0187972086973
0 0.337399994959 0.815359972136 0.0392525491099 0.0261683643473
0 0.0507999823575 0.751119973548 0.0230383008726 0.0153588662354
0 0.123999985576 0.686659974965 0.0380285410606 0.025352359035
0 0.104599984723 0.716779974303 0.10801880928 0.0720125347703
0 0.141399986341 0.75739997341 0.0336899014719 0.0224599328332
0 0.115199985189 0.788279972731 0.0361870876319 0.0241247234967
0 0.121199985453 0.772979973068 0.0306522403707 0.020434825566
0 0.12499998562 0.64185997595 0.0364856696148 0.0243237781389
0 0.0887999840284 0.647979975816 0.0323417315974 0.0215611529762
0 0.155199986948 0.62231997638 0.0340444799433 0.0226963184653
0 0.137999986192 0.632619976154 0.0230538334675 0.015369221298
0 0.167399987484 0.602559976814 0.0230514590581 0.0153676383585
0 0.223999989973 0.620879976412 0.0730949074524 0.0487299350876
0 0.00959998054589 0.808499972287 0.0261352232753 0.0174234810343
0 0.236999990545 0.531179978384 0.0218881963162 0.014592129915
0 0.293999993051 0.550739977954 0.0276049826981 0.018403320585
0 0.204799989129 0.517659978681 0.0347086220412 0.0231390798346
0 0.200399988935 0.564879977643 0.031703708003 0.0211358039413
0 0.32079999423 0.488459979323 0.0278102701781 0.0185401788959
0 0.318599994133 0.511399978819 0.0309839651516 0.0206559754053
0 0.30079999335 0.498059979112 0.0390565614001 0.0260377058827
0 0.156799987018 0.555379977852 0.0231302103034 0.0154201391852
0 0.27759999233 0.524039978541 0.0350091826986 0.023339453593
0 0.309599993737 0.42807998065 0.0240574171768 0.0160382770601
0 0.374999996613 0.385019981597 0.0321651348978 0.0214434218509
0 0.392799997395 0.389959981489 0.0244495904638 0.0162997259008
0 0.390799997307 0.407899981094 0.0353883956676 0.0235922622224
0 0.367999996305 0.506639978923 0.020059505338 0.0133730026766
0 0.431399999093 0.5349999783 0.028666343703 0.0191108945415
0 0.432399999137 0.451779980129 0.0913476850992 0.0608984527162
0 0.440599999497 0.388139981529 0.0234705423184 0.0156470271803
0 0.552800004431 0.497499979124 0.0226954955145 0.0151303293451
0 0.544800004079 0.520059978628 0.0222852173557 0.0148568105906
0 0.528200003349 0.50905997887 0.021064276252 0.0140428499084
0 0.517600002883 0.495219979174 0.0227163705305 0.0151442460215
0 0.585600005873 0.395119981375 0.0303020149832 0.0202013419897
0 0.51140000261 0.364359982051 0.0252046526552 0.0168031006619
0 0.397799997615 0.36713998199 0.0391637066246 0.0261091360277
0 0.892200019354 0.480679979494 0.0569575307197 0.037971684642
0 0.888400019187 0.504579978969 0.0218167661665 0.0145445098184
0 0.882400018923 0.422299980778 0.0373841857078 0.0249227888281
0 0.902600019812 0.391059981464 0.0215733892023 0.0143822585196
0 0.905000019917 0.422919980764 0.0211890316796 0.014126020188
0 0.920400020594 0.390119981485 0.0236250767973 0.0157500501594
0 0.915400020374 0.406939981115 0.0219152052232 0.0146101358518
0 0.923200020717 0.425979980697 0.0244320791945 0.016288051722
0 0.852400017604 0.452759980108 0.06111482479 0.0407432138394
0 0.859000017894 0.43127998058 0.0259189541518 0.0172793016282
0 0.886800019117 0.444999980278 0.131473027534 0.0876486792415
0 0.913600020295 0.507979978894 0.0263782045046 0.0175854685099
0 0.927000020884 0.53179997837 0.0235336620351 0.0156891069886
0 0.942200021553 0.530479978399 0.0251753682725 0.0167835777414
0 0.913200020278 0.53545997829 0.0234645073612 0.0156430038757
0 0.869200018343 0.555259977854 0.0259284517894 0.0172856333862
0 0.982000023303 0.484699979406 0.0354533951251 0.0236355951912
0 0.959400022309 0.366839981997 0.022995660437 0.0153304392802
0 0.989600023637 0.368299981965 0.0210935606347 0.0140623728289
0 0.906800019996 0.359539982157 0.0355357079846 0.0236904704272
0 0.927400020902 0.328119982848 0.129501278389 0.0863341798982
0 0.874000018554 0.3439599825 0.02925875885 0.0195058379468
0 0.859400017912 0.351979982324 0.0218189427085 0.0145459608463
0 0.870800018413 0.29573998356 0.0577706670079 0.038513775465
0 0.887600019152 0.264099984256 0.0623707884325 0.0415805228792
0 0.912600020251 0.179719986111 0.0257999368803 0.0171999567858
0 0.944800021667 0.268559984158 0.126856779912 0.0845711810298
0 0.972000022863 0.170159986321 0.0198187995843 0.0132125321848
0 0.883200018959 0.196919985733 0.0237612096033 0.0158408053574
0 0.701800010982 0.22933998502 0.0264618035025 0.0176412011714
0 0.707000011211 0.246679984639 0.0280225819526 0.0186817200695
0 0.650200008713 0.2575199844 0.057077735196 0.0380518209542
0 0.604000006682 0.206799985515 0.0198599560141 0.0132399698028
0 0.465600000596 0.20019998566 0.0472675659303 0.0315117085418
0 0.440599999497 0.203439985589 0.0329478985323 0.0219652642394
0 0.448799999858 0.293379983612 0.0658308965407 0.0438872614659
0 0.420599998618 0.335919982677 0.061126004301 0.0407506668462
0 0.532800003551 0.250999984544 0.0538741622375 0.0359161057894
0 0.508600002487 0.23887998481 0.0842654154408 0.056176939922
0 0.538200003789 0.152419986711 0.0353753364159 0.0235835560551
0 0.450399999928 0.161959986501 0.104280103801 0.0695200646156
0 0.400199997721 0.173899986239 0.0226537454824 0.0151024959922
0 0.404399997905 0.245739984659 0.0211675630612 0.0141117077767
0 0.377599996727 0.217299985284 0.0211278906373 0.0140852594959
0 0.373399996542 0.188519985917 0.0275600667869 0.0183733766461
0 0.418799998539 0.128119987245 0.131696617753 0.0877977393777
0 0.311799993834 0.239359984799 0.0470844396048 0.0313896243328
0 0.266399991838 0.241419984754 0.0282777320301 0.01885182011
0 0.271399992057 0.199819985669 0.0534229255164 0.0356152813286
0 0.245199990905 0.30575998334 0.0226718503542 0.0151145659059
0 0.200599988944 0.336739982659 0.0512578598722 0.0341719043277
0 0.368599996331 0.320199983022 0.0479841429025 0.0319894264918
0 0.345799995329 0.359659982155 0.0300126338367 0.0200084212381
0 0.351399995575 0.312759983186 0.0490440199015 0.0326960111112
0 0.39699999758 0.328639982837 0.0203592745256 0.0135728487885
0 0.383399996982 0.344159982495 0.0412273652003 0.0274849083208
0 0.214199989542 0.166139986409 0.0363354882198 0.0242236572155
0 0.238199990598 0.206059985532 0.0203777751322 0.0135851825255
0 0.247399991002 0.215179985331 0.0279830084625 0.0186553377445
0 0.228999990193 0.218719985253 0.0269914946676 0.0179943285916
0 0.229599990219 0.170959986303 0.0212121821713 0.0141414538481
0 0.240799990712 0.146819986834 0.0316785788368 0.021119051165
0 0.159399987133 0.290459983676 0.0426173840406 0.0284115874865
0 0.0851999838701 0.257279984406 0.0218662330292 0.0145774877246
0 0.0835999837997 0.267839984173 0.026008192372 0.0173387937711
0 0.0815999837118 0.276399983985 0.0213616710302 0.0142411130808
0 0.17479998781 0.35393998228 0.0398090513146 0.0265393657927
0 0.0271999813198 0.33213998276 0.0289382135801 0.0192921411143
0 0.0633999829115 0.324419982929 0.021913820151 0.0146092124705
0 0.0933999842306 0.227859985052 0.0420115139069 0.0280076740907
0 0.0455999821288 0.297799983515 0.0423050502699 0.0282033649864
0 0.0335999816012 0.25253998451 0.0200137979569 0.0133425310912
0 0.154399986913 0.176359986185 0.0222167552178 0.0148111691683
0 0.14319998642 0.166639986398 0.0278675528051 0.0185783673113
0 0.149999986719 0.190239985879 0.0212159416528 0.014143960169
0 0.0859999839052 0.193159985815 0.0237466663457 0.015831109853
0 0.0753999834392 0.169919986326 0.0369684661942 0.0246456425039
0 0.128199985761 0.104079987774 0.131273181409 0.0875154485002
0 0.0937999842482 0.18063998609 0.020810016578 0.0138733434703
0 0.174399987792 0.315359983129 0.0305989150928 0.0203992753831
0 0.0853999838789 0.0374799892379 0.0398720720976 0.0265813796452
0 0.121199985453 0.0579399887881 0.0302687732515 0.0201791808367
0 0.258799991503 0.0255599894999 0.0241757419123 0.0161171602118
0 0.219999989797 0.0614999887098 0.0235044765862 0.0156696500239
0 0.228799990184 0.105399987745 0.0365802502562 0.0243868318957
0 0.203399989067 0.107159987706 0.0391172077737 0.0260781367958
0 0.202199989015 0.0710599884996 0.0303943201489 0.0202628787628
0 0.311799993834 0.0822599882534 0.0815181248234 0.0543454129645
0 0.318599994133 0.124119987333 0.0245082581629 0.0163388376977
0 0.434399999225 0.0713199884939 0.0261177120059 0.0174118068555
0 0.49160000174 0.0591199887621 0.022102189964 0.0147347923375
0 0.487000001537 0.108579987675 0.0352445460311 0.023496362471
0 0.468200000711 0.11563998752 0.022175301987 0.0147835336829
0 0.445999999735 0.0192399896389 0.0216387843947 0.0144258553117
0 0.521000003032 0.062899988679 0.0212188107309 0.0141458728876
0 0.588800006014 0.141459986952 0.0297612432408 0.0198408275186
0 0.574000005363 0.145019986874 0.0225729166289 0.0150486100934
0 0.595200006295 0.130199987199 0.0219965287454 0.0146643515297
0 0.665600009391 0.084459988205 0.0253810514874 0.0169206998756
0 0.69720001078 0.0771999883646 0.0229853713296 0.0153235798757
0 0.714600011545 0.0877199881333 0.0232109402233 0.0154739591282
0 0.59600000633 0.0256999894969 0.034308929791 0.0228726183521
0 0.508000002461 0.00773998989172 0.0216637156935 0.0144424761764
0 0.779600014403 0.0997799878682 0.0533441742711 0.0355627805018
0 0.826200016452 0.0973599879214 0.0282338054561 0.0188225357293
0 0.867000018246 0.134419987107 0.021186360469 0.0141242393811
0 0.858200017859 0.0568999888109 0.0596547608722 0.0397698379584
0 0.949800021887 0.033199989332 0.0289163492268 0.0192775648797
0 0.893400019407 0.0510999889384 0.0200009365726 0.0133339568356
0 0.756200013374 0.015279989726 0.0394817785514 0.0263211839649
0 0.79840001523 0.0601799887388 0.100507760856 0.0670051694847
0 0.9228000207 0.925079969724 0.117950765961 0.0786338387879
0 0.702000010991 0.650939975751 0.0658847164873 0.0439231414279
0 0.421999998679 0.621819976391 0.0264792158381 0.0176528093944
0 0.536000003692 0.493319979216 0.0312471288608 0.0208314178666
0 0.829800016611 0.359679982154 0.0214693109233 0.0143128730049
0 0.916600020427 0.858439971189 0.163164467755 0.108776304662
