0 0.131400021205 0.0918799721166 0.0799475361154 0.0532983609256
0 0.294000017631 0.134619973996 0.0748594745644 0.0499063196679
0 0.238400018853 0.0751599713814 0.0699680932203 0.0466453985568
0 0.785400006827 0.244719978837 0.136774858808 0.0911832452197
0 0.865400005068 0.878560006707 0.191152780815 0.127435195615
0 0.627600010296 0.414999986324 0.13230305531 0.088202042691
0 0.600400010894 0.500059990065 0.0938528663205 0.0625685816738
0 0.286600017793 0.502639990178 0.116624041629 0.0777493662142
0 0.11620002154 0.536759991678 0.108031649288 0.0720211042757
0 0.265400018259 0.608019994812 0.105741334001 0.0704942273168
0 0.368600015991 0.837380004897 0.112501474112 0.0750009876882
0 0.551800011963 0.837580004905 0.39407867261 0.262719132401
0 0.594400011026 0.0150599687388 0.023137823622 0.0154252167654
0 0.444000014333 0.0133999686658 0.0265236318326 0.017682422388
0 0.331000016817 0.0223599690598 0.0272237856679 0.0181491916423
0 0.285200017824 0.00827996844069 0.021160435646 0.0141069580278
0 0.221800019218 0.0299399693931 0.0456696782966 0.0304464542059
0 0.0768000224058 0.0293199693658 0.0268908737482 0.0179272503479
0 0.0938000220321 0.0967199723294 0.0251445949087 0.0167630643781
0 0.0558000228675 0.135819974049 0.0271146617905 0.0180764423859
0 0.119000021478 0.203199977011 0.0325492881126 0.0216995268396
0 0.0538000229115 0.220419977769 0.0244090228067 0.0162726829444
0 0.0442000231226 0.267319979831 0.0224633925502 0.0149755960212
0 0.0434000231402 0.312139981802 0.0214442764477 0.0142961852414
0 0.0282000234743 0.342559983139 0.0492541453882 0.0328360990912
0 0.0258000235271 0.367699984245 0.0225393736362 0.0150262500819
0 0.0706000225421 0.319519982126 0.0237016468109 0.0158010989161
0 0.0328000233732 0.281979980475 0.0250437814626 0.0166958554096
0 0.0668000226257 0.345939983288 0.0283185860553 0.0188790586154
0 0.121800021417 0.289159980791 0.0432906194754 0.0288604148871
0 0.0854000222168 0.275099980173 0.0294850144456 0.0196566775936
0 0.20580001957 0.328619982526 0.0252751874002 0.0168501260448
0 0.159200020594 0.209619977294 0.0220921932864 0.014728129829
0 0.0852000222212 0.234859978404 0.0274147277199 0.0182764863521
0 0.0840000222476 0.252659979186 0.0293700534796 0.0195800369445
0 0.148200020836 0.129679973779 0.0262938088342 0.0175292070456
0 0.155400020678 0.0550399704968 0.0205473434717 0.0136982298846
0 0.185400020018 0.121699973428 0.0411321828179 0.0274214570205
0 0.235200018923 0.137479974122 0.025272911925 0.0168486090613
0 0.224600019156 0.128839973742 0.0283342175808 0.0188894796331
0 0.189000019939 0.14995997467 0.0608813291519 0.0405875554449
0 0.224800019152 0.197879976778 0.0266712409215 0.0177808284538
0 0.174600020256 0.222199977847 0.0231485084623 0.0154323399927
0 0.272800018097 0.262259979608 0.0262691743415 0.0175127840494
0 0.303400017424 0.0837799717605 0.0486558932698 0.0324372643193
0 0.426800014711 0.0382399697581 0.023862315149 0.0159082111485
0 0.448600014232 0.0497799702655 0.0302859817271 0.0201906558164
0 0.503400013027 0.0418799699181 0.0200269521797 0.0133513023337
0 0.472400013708 0.0835799717517 0.0212389890083 0.0141593269394
0 0.43140001461 0.204359977062 0.03656213815 0.0243747603743
0 0.440000014421 0.224759977959 0.0217417701008 0.0144945143565
0 0.420800014843 0.22227997785 0.0233504321556 0.0155669557971
0 0.459800013985 0.261519979576 0.0304785067184 0.0203190058191
0 0.352400016347 0.217279977631 0.0332203554385 0.0221469050864
0 0.446000014289 0.0273599692796 0.0248219720944 0.0165479824877
0 0.646200009887 0.242379978734 0.0428918177077 0.0285945470244
0 0.626600010318 0.143519974387 0.0575079865883 0.0383386602542
0 0.813800006203 0.115639973161 0.0219312281472 0.0146208197291
0 0.837600005679 0.1688199755 0.0234637112487 0.0156424751975
0 0.865200005073 0.0875199719249 0.0267908517717 0.0178605690258
0 0.947000003274 0.122499973463 0.0428805392652 0.0285870280623
0 0.975200002654 0.39579998548 0.0273801009229 0.0182534018192
0 0.950800003191 0.392819985349 0.0263764184785 0.0175842801454
0 0.941200003402 0.383179984925 0.0225195868951 0.0150130589202
0 0.891800004488 0.345099983251 0.0214386372265 0.0142924257603
0 0.884200004655 0.287799980731 0.0428535303635 0.0285690221267
0 0.860200005183 0.402499985775 0.0278146177584 0.0185430797286
0 0.826600005921 0.425539986788 0.0216765727887 0.0144510494789
0 0.779400006959 0.438639987364 0.0231130901956 0.0154087278134
0 0.931800003608 0.426859986846 0.0236059779175 0.0157373196496
0 0.955000003098 0.448299987789 0.0250629746015 0.0167086508363
0 0.909200004105 0.460579988329 0.0212652064403 0.0141768052286
0 0.914400003991 0.452599987978 0.0211739895637 0.0141159939735
0 0.877400004804 0.478199989103 0.033085706665 0.0220571392315
0 0.869200004985 0.495359989858 0.0243844872477 0.016256325904
0 0.785800006818 0.478459989115 0.0347892461436 0.0231928322921
0 0.765800007258 0.540539991844 0.0341726912896 0.0227817956957
0 0.923000003802 0.518779990888 0.0509867713763 0.0339911831595
0 0.827000005912 0.359339983877 0.0236096384646 0.0157397600145
0 0.838400005662 0.371099984394 0.0227459472137 0.0151639658093
0 0.803400006431 0.368719984289 0.0202607325263 0.0135071559084
0 0.789400006739 0.343239983169 0.0265656786575 0.0177104536065
0 0.760200007381 0.373979984521 0.0259103417909 0.0172735623332
0 0.758400007421 0.445519987666 0.0239770782476 0.015984719886
0 0.642800009962 0.46607998857 0.0273207406995 0.0182138283343
0 0.695400008806 0.323419982298 0.0206089791704 0.0137393203531
0 0.746800007676 0.308899981659 0.0382446047493 0.0254964048478
0 0.684000009056 0.341579983096 0.0262971725802 0.0175314495431
0 0.657400009641 0.336179982859 0.0285615672365 0.0190410460802
0 0.626400010323 0.344419983221 0.0261306671535 0.017420445918
0 0.572600011506 0.365299984139 0.0288767700229 0.019251181285
0 0.578400011378 0.383039984919 0.0297330412459 0.0198220288046
0 0.489400013335 0.371419984408 0.0201936554738 0.0134624378705
0 0.508800012908 0.343099983163 0.0199700652989 0.013313377744
0 0.509600012891 0.322959982277 0.0205417042505 0.0136944704036
0 0.551400011972 0.318659982088 0.0264494315533 0.0176329555319
0 0.515600012759 0.297399981153 0.0237387469505 0.0158258323442
0 0.518600012693 0.46493998852 0.0254499043245 0.0169666040021
0 0.362800016118 0.329579982568 0.0410283024269 0.027352203422
0 0.272600018101 0.342159983122 0.0207427375405 0.0138284926057
0 0.323000016993 0.385839985042 0.0213340642995 0.0142227104711
0 0.311400017248 0.363579984063 0.024836218548 0.0165574801241
0 0.222800019196 0.391759985303 0.0262194106875 0.0174796082779
0 0.39320001545 0.284679980594 0.0198867631187 0.0132578429535
0 0.302800017437 0.425479986785 0.0453356781061 0.0302237873975
0 0.127800021285 0.409579986086 0.0540086024836 0.0360057373638
0 0.17760002019 0.433459987136 0.0292095830089 0.0194730566237
0 0.192000019873 0.418659986485 0.0256724062287 0.0171149386146
0 0.207200019539 0.427739986885 0.0245375376904 0.0163583595392
0 0.219600019266 0.434519987183 0.0517133405111 0.0344755626146
0 0.260200018374 0.433639987144 0.0202049339162 0.0134699568326
0 0.38320001567 0.471419988805 0.0200221044281 0.0133480704991
0 0.396200015384 0.478939989136 0.0202250174585 0.0134833458616
0 0.409400015094 0.491399989684 0.0383050532435 0.0255367038466
0 0.137200021078 0.360599983932 0.0426230148292 0.0284153450936
0 0.0134000237997 0.397859985571 0.0298910383739 0.0199273602302
0 0.0378000232633 0.416679986398 0.0226368233363 0.0150912165529
0 0.0250000235447 0.394839985438 0.0410656993676 0.0273771347174
0 0.0726000224982 0.410619986132 0.0269681409724 0.017978761834
0 0.016800023725 0.617019995207 0.0291046143472 0.0194030775112
0 0.049000023017 0.585679993829 0.0200572258936 0.013371484811
0 0.0156000237513 0.598739994404 0.0233947544558 0.0155965039992
0 0.0342000233424 0.541139991871 0.0368170903096 0.0245447284919
0 0.0192000236722 0.513519990656 0.0358919612275 0.0239279757298
0 0.0918000220761 0.624599995541 0.0300583352702 0.0200388915018
0 0.0592000227928 0.722639999851 0.0322234994197 0.0214823343634
0 0.0806000223223 0.684219998162 0.0351241367375 0.0234160927027
0 0.140800020999 0.588719993963 0.0298895543683 0.0199263708931
0 0.201000019675 0.522539991053 0.0359850578446 0.0239900401453
0 0.208000019521 0.555139992486 0.0429656222521 0.0286437500573
0 0.276800018009 0.546299992098 0.0227136948257 0.0151424642158
0 0.294600017617 0.570299993153 0.0248233571662 0.016548905869
0 0.193000019851 0.676739997833 0.03517439506 0.0234495982533
0 0.149000020819 0.667539997429 0.0224265892117 0.0149510604606
0 0.153200020726 0.68189999806 0.029876890854 0.0199179285497
0 0.231600019003 0.647539996549 0.0272718674489 0.0181812461651
0 0.280000017938 0.685779998231 0.0224513226381 0.0149675494126
0 0.296400017578 0.689419998391 0.0209608863616 0.0139739251627
0 0.311600017244 0.642539996329 0.0330985680467 0.0220657134865
0 0.286200017802 0.660099997102 0.0462756472441 0.0308504335308
0 0.188000019961 0.635699996029 0.0385426920046 0.0256951296978
0 0.332800016778 0.579899993575 0.0239290954003 0.0159527313191
0 0.324800016954 0.557279992581 0.0249364383919 0.0166242933577
0 0.346600016474 0.601979994546 0.0199664047518 0.0133109373791
0 0.34860001643 0.620279995351 0.0303847175654 0.0202564797129
0 0.424000014773 0.673619997696 0.0343177281022 0.0228784869104
0 0.405400015181 0.667239997416 0.028803460147 0.0192023080312
0 0.461600013946 0.661359997157 0.0353227956185 0.0235485319655
0 0.343800016536 0.693419998567 0.0298560158421 0.0199040118742
0 0.351400016369 0.682459998085 0.0203304807888 0.0135536547531
0 0.377600015793 0.688739998361 0.0271001185358 0.0180667468821
0 0.416000014948 0.704679999062 0.0316256430361 0.0210837634147
0 0.433000014575 0.712959999426 0.0321721528265 0.0214481032989
0 0.41640001494 0.733120000312 0.0330535532106 0.0220357035938
0 0.272000018114 0.711439999359 0.0213677017595 0.0142451354459
0 0.451600014166 0.585139993806 0.0547461532597 0.0364974379137
0 0.52600001253 0.586699993874 0.0209403081508 0.0139602063546
0 0.566200011646 0.598559994396 0.0361219820933 0.0240813229838
0 0.553200011932 0.611079994946 0.0201462662288 0.0134308450383
0 0.610400010675 0.583679993741 0.0365777696755 0.024385181392
0 0.683600009065 0.561479992765 0.0268989863121 0.0179326587241
0 0.696000008793 0.638579996155 0.0272757258634 0.0181838184416
0 0.654400009707 0.664339997288 0.023043045132 0.0153620311012
0 0.531600012407 0.667879997444 0.0414060313153 0.0276040226975
0 0.615400010565 0.612779995021 0.0526279826204 0.035085324061
0 0.669000009386 0.619099995299 0.0211158165447 0.0140772119583
0 0.574000011475 0.567699993039 0.0699303005448 0.0466202034381
0 0.764200007293 0.504839990275 0.0234113753183 0.015607584575
0 0.803400006431 0.618499995272 0.0373569715417 0.024904649337
0 0.80120000648 0.601599994529 0.033272295634 0.0221815318856
0 0.831400005816 0.59069999405 0.0306543119134 0.0204362092902
0 0.845400005508 0.563779992866 0.0483298077758 0.0322198739756
0 0.897800004356 0.576619993431 0.0210139148278 0.0140092774759
0 0.874800004862 0.572679993258 0.0272510913707 0.0181673954454
0 0.847800005455 0.680099997981 0.0232889943244 0.0155259972403
0 0.562200011734 0.690519998439 0.0301002831615 0.0200668567645
0 0.566400011642 0.70213999895 0.0369420435799 0.0246280306776
0 0.59880001093 0.716119999565 0.0274326347207 0.0182884243533
0 0.602000010859 0.700179998864 0.0236364494988 0.0157576340385
0 0.547000012068 0.635939996039 0.0216870597615 0.0144580407946
0 0.46460001388 0.610299994912 0.0217072422375 0.0144714957795
0 0.829000005869 0.493759989788 0.0317210151284 0.0211473448137
0 0.949200003226 0.482959989313 0.0271840143182 0.0181226774074
0 0.695800008797 0.581919993664 0.121050335623 0.0807002290711
0 0.681200009118 0.60343999461 0.022977155284 0.015318104533
0 0.656800009654 0.549439992236 0.0545702491309 0.0363801684868
0 0.800800006489 0.685679998226 0.0440913888894 0.0293942611983
0 0.498600013132 0.653879996828 0.0222414842483 0.0148276571435
0 0.855400005288 0.643359996366 0.0426890036109 0.0284593376177
0 0.791800006686 0.654759996867 0.0258973814754 0.0172649221223
0 0.934200003556 0.667459997425 0.0211774522434 0.0141183024268
0 0.960600002975 0.654399996851 0.0413199589913 0.0275466411444
0 0.917600003921 0.648579996595 0.0244415719959 0.0162943824053
0 0.823800005983 0.709339999267 0.0347530364073 0.0231686924663
0 0.849800005411 0.718799999683 0.0442376129064 0.0294917438828
0 0.867800005016 0.74354000077 0.0223972059011 0.0149314715855
0 0.915400003969 0.769960001932 0.0421058883495 0.0280705940844
0 0.707600008538 0.814100003873 0.0522023698184 0.0348015821743
0 0.717400008322 0.750640001083 0.0343588845238 0.0229059245266
0 0.652400009751 0.700359998872 0.0550310823321 0.0366873906411
0 0.593200011053 0.782860002499 0.078478568453 0.0523190490861
0 0.620000010463 0.742120000708 0.0613332583196 0.0408888415766
0 0.486800013392 0.756900001358 0.0248500692668 0.0165667139372
0 0.654800009698 0.865460006131 0.0218328880437 0.0145552596558
0 0.839000005649 0.888280007135 0.0287350969564 0.0191567325677
0 0.655400009685 0.897200007527 0.030089004719 0.0200593378024
0 0.904600004206 0.817620004028 0.217346468739 0.144897655383
0 0.515200012768 0.858040005805 0.0223430891641 0.0148953937585
0 0.392600015463 0.768560001871 0.0711101839191 0.0474067924061
0 0.512400012829 0.699619998839 0.0436781428006 0.0291187637876
0 0.340400016611 0.725899999995 0.0914931985056 0.0609954696934
0 0.386200015604 0.705679999106 0.0296474635904 0.0197649770306
0 0.297600017551 0.808960003647 0.0207414514023 0.0138276351802
0 0.29220001767 0.874200006516 0.0241194438501 0.016079630294
0 0.244800018712 0.870800006366 0.0208281173285 0.0138854124682
0 0.242200018769 0.887100007083 0.0233516193601 0.0155677472668
0 0.168400020392 0.88316000691 0.0224613149424 0.0149742109492
0 0.0408000231973 0.885600007017 0.0253411761819 0.0168941185689
0 0.0292000234523 0.878320006697 0.0261823105479 0.0174548748498
0 0.246800018668 0.774980002153 0.0304012394942 0.0202674943329
0 0.219200019275 0.768860001884 0.0315909173054 0.021060612926
0 0.238200018857 0.824440004328 0.0363452754671 0.0242301852428
0 0.129800021241 0.848220005373 0.0331426924795 0.022095129777
0 0.175800020229 0.87340000648 0.0756981355877 0.0504654270536
0 0.155800020669 0.806640003545 0.0332365805662 0.0221577218389
0 0.142800020955 0.795440003053 0.0368526075099 0.0245684066271
0 0.105400021777 0.809680003679 0.0279085058451 0.0186056717906
0 0.174000020269 0.78652000266 0.0257147498547 0.0171431677005
0 0.169800020361 0.767120001807 0.0316384054841 0.0210922717139
0 0.134200021144 0.695899998676 0.0268358666078 0.0178905789185
0 0.124000021368 0.753960001229 0.0208932157069 0.0139288113899
0 0.109200021694 0.765100001718 0.021170526884 0.0141136855202
0 0.0708000225378 0.798020003166 0.0254452544403 0.0169635040791
0 0.0538000229115 0.785080002597 0.0250041090466 0.0166694071305
0 0.0840000222476 0.83610000484 0.057221672444 0.0381477841454
0 0.100000021896 0.787400002699 0.036008109398 0.0240054078486
0 0.137000021082 0.771260001989 0.0388920269195 0.0259280196564
0 0.107800021724 0.917320008412 0.021435768149 0.0142905130419
0 0.0532000229247 0.821480004198 0.0578987747258 0.0385991856964
0 0.0250000235447 0.769180001898 0.035899183388 0.0239327905038
0 0.132600021179 0.937120009282 0.0208321736104 0.0138881166563
0 0.197000019763 0.955520010091 0.030169338888 0.0201128939186
0 0.222400019205 0.976200011001 0.0205699992903 0.0137133337647
0 0.250600018585 0.914880008304 0.0469304894422 0.031286995025
0 0.270000018158 0.923960008704 0.0239986457954 0.0159990982522
0 0.291000017697 0.933500009123 0.0209188395367 0.0139458939442
0 0.291400017688 0.914840008303 0.0198518395206 0.0132345605533
0 0.223600019178 0.791360002873 0.0257635241716 0.0171756839139
0 0.238600018849 0.737480000504 0.0287006680268 0.0191337799465
0 0.345200016505 0.923440008681 0.0250188501687 0.0166792345459
0 0.385800015612 0.915760008343 0.028845803773 0.0192305371171
0 0.357800016228 0.908140008008 0.0205330970181 0.0136887322482
0 0.465800013854 0.981340011227 0.0239094075929 0.0159396061132
0 0.457000014047 0.939780009399 0.0276411869723 0.0184274591969
0 0.709000008507 0.980980011211 0.053431917913 0.0356212809581
0 0.723200008195 0.915340008325 0.020166349771 0.0134442340674
0 0.441800014381 0.948380009777 0.059389013135 0.0395926780347
0 0.486400013401 0.048359970203 0.0327688220056 0.0218458827779
0 0.678200009184 0.410059986107 0.0199416713253 0.0132944484271
0 0.494000013234 0.547839992165 0.0243700429267 0.016246696356
0 0.388800015546 0.890920007251 0.0456957967949 0.0304638665392
