0 0.560000004747 0.517739978679 0.145150615054 0.0967670703206
0 0.283199992576 0.882259970665 0.208216907576 0.138811262562
0 0.409799998143 0.667719975382 0.309588359854 0.20639222629
0 0.543200004009 0.937459969452 0.107293625073 0.0715290786646
0 0.464800000561 0.860379971146 0.0931162243725 0.0620774788206
0 0.821200016232 0.806119972339 0.192968252497 0.12864549318
0 0.6840000102 0.894379970399 0.19657240811 0.13104826343
0 0.937200021333 0.698579974703 0.130601421414 0.0870676085333
0 0.0831999837821 0.0159399897114 0.0228777314365 0.0152518199517
0 0.121999985488 0.134579987103 0.0236252746648 0.015750182071
0 0.156999987027 0.167319986383 0.0228419174279 0.0152279439476
0 0.312799993878 0.152959986699 0.0240129959342 0.0160086629002
0 0.320999994238 0.0995999878722 0.0222277368614 0.0148184902635
0 0.248599991055 0.0138599897572 0.028001904804 0.0186679353047
0 0.245399990914 0.0609999887208 0.0488863195434 0.032590877546
0 0.180199988047 0.0671399885858 0.0306358173723 0.0204238769011
0 0.232599990351 0.181299986076 0.0211035529409 0.014069034366
0 0.135399986077 0.245799984658 0.0575451970479 0.0383634621683
0 0.213399989507 0.23431998491 0.036954120804 0.0246360789111
0 0.226599990087 0.251559984531 0.0368360928697 0.0245573936268
0 0.232399990343 0.146439986842 0.0913941839501 0.0609294519481
0 0.217599989692 0.104099987773 0.0537234861738 0.035815655087
0 0.297399993201 0.123239987352 0.0709023382326 0.0472682223708
0 0.243799990844 0.0890199881048 0.0345694222897 0.0230462800064
0 0.160199987168 0.0252199895074 0.0334283207022 0.022285545665
0 0.316599994045 0.0388799892071 0.0210051138843 0.0140034083326
0 0.405399997949 0.125559987301 0.0212998374519 0.014199890698
0 0.554400004501 0.203639985585 0.0983246892739 0.0655497885259
0 0.549200004272 0.233499984928 0.0555641481328 0.0370427629787
0 0.515000002769 0.249499984577 0.0816388239682 0.0544258790558
0 0.55120000436 0.266919984194 0.0470049958233 0.0313366618154
0 0.466000000614 0.25933998436 0.0279310682567 0.018620710943
0 0.433999999207 0.251519984532 0.0306909234573 0.0204606142887
0 0.313599993913 0.236979984852 0.122968684508 0.0819791175983
0 0.41359999831 0.146259986846 0.114881841803 0.0765878894839
0 0.470800000825 0.0201599896187 0.0222428737213 0.0148285815029
0 0.482200001326 0.0391999892001 0.0720394824711 0.0480263184798
0 0.59940000648 0.122279987374 0.0771092422897 0.0514061581359
0 0.702600011017 0.133539987126 0.0400278927149 0.0266852600499
0 0.680400010041 0.149239986781 0.0425446677525 0.0283631099643
0 0.587600005961 0.246699984638 0.0713686128799 0.0475790721152
0 0.477800001133 0.246759984637 0.0354078856115 0.0236052555174
0 0.484200001414 0.224999985115 0.0254764235986 0.0169842812789
0 0.465800000605 0.223599985146 0.0213673102525 0.0142448725622
0 0.684200010208 0.261339984316 0.20034277238 0.133561839444
0 0.787400014746 0.311379983216 0.124678259281 0.0831188340384
0 0.77680001428 0.0319199893601 0.023328077754 0.0155520508102
0 0.694800010675 0.0660999886087 0.0467696324909 0.0311797529374
0 0.817600016074 0.100079987862 0.0520958285254 0.0347305500596
0 0.813400015889 0.0137999897585 0.0360308712796 0.0240205792688
0 0.813000015872 0.0307799893852 0.0294497009398 0.019633132665
0 0.838400016989 0.0111799898161 0.0300930669554 0.0200620433137
0 0.851600017569 0.124879987316 0.0372402371375 0.0248268231209
0 0.871800018457 0.13561998708 0.0234630233553 0.0156420145385
0 0.94440002165 0.0670799885871 0.020765001733 0.0138433335756
0 0.981000023259 0.133319987131 0.0204282313321 0.0136188199898
0 0.77180001406 0.172899986261 0.0512451963554 0.0341634619837
0 0.709400011316 0.219619985233 0.0595038869412 0.0396692553444
0 0.865800018193 0.194199985792 0.0249014207872 0.0166009460966
0 0.913000020269 0.189499985896 0.0314572640934 0.0209715080124
0 0.90780002004 0.216959985292 0.0266439404907 0.0177626258223
0 0.890200019266 0.205199985551 0.0304208343873 0.0202805549205
0 0.898200019618 0.169199986342 0.0661867611506 0.0441245045234
0 0.958600022274 0.213039985378 0.0386519224637 0.0257679466096
0 0.968800022722 0.194039985796 0.0294549444273 0.019636628323
0 0.850200017508 0.100499987852 0.0430460638723 0.0286973740221
0 0.915200020366 0.0991799878814 0.0419302893185 0.0279535243686
0 0.921200020629 0.309239983263 0.0391939803445 0.0261293185063
0 0.928200020937 0.342959982522 0.0542017318019 0.0361344854846
0 0.851000017543 0.325419982907 0.0388025985273 0.025868397312
0 0.838800017006 0.393859981403 0.0229889329437 0.015325954285
0 0.858000017851 0.250839984547 0.0446230674533 0.0297487096735
0 0.940400021474 0.153239986693 0.0353913636794 0.0235942408967
0 0.794200015045 0.33849998262 0.0199224821284 0.0132816538763
0 0.83980001705 0.301059983443 0.0289498877597 0.0192999239002
0 0.723200011923 0.358399982182 0.0277662446704 0.0185108285593
0 0.686200010296 0.37849998174 0.0232557572008 0.0155038371113
0 0.653400008854 0.305139983353 0.026387405341 0.0175916024004
0 0.618400007315 0.294039983597 0.0205104452578 0.01367362927
0 0.731600012293 0.303979983379 0.0423093044201 0.0282062010863
0 0.722800011906 0.322719982967 0.0202152270216 0.0134768171255
0 0.717000011651 0.333239982736 0.055278130733 0.0368520847247
0 0.757200013418 0.356599982222 0.0740178601756 0.0493452368625
0 0.777200014298 0.217299985284 0.0331711919502 0.0221141265083
0 0.77020001399 0.232679984946 0.0435848569402 0.029056569377
0 0.773600014139 0.256499984423 0.040843205545 0.0272288019008
0 0.75200001319 0.207879985492 0.0375468327522 0.0250312201839
0 0.651800008784 0.193359985811 0.0710824965464 0.0473883279054
0 0.577400005512 0.275659984001 0.029415074136 0.0196100481306
0 0.530600003455 0.385539981586 0.0203423568586 0.0135615703446
0 0.591800006146 0.377319981766 0.019798023502 0.0131986814642
0 0.526600003279 0.376039981795 0.0360119749381 0.0240079817086
0 0.479600001212 0.359799982152 0.0303984753653 0.0202656489069
0 0.56460000495 0.299079983487 0.0701538056671 0.0467692006934
0 0.575000005407 0.318079983069 0.0240960013297 0.0160639998269
0 0.431199999084 0.306939983314 0.0216265166128 0.0144176767909
0 0.445599999717 0.338199982626 0.0610896956238 0.0407264610631
0 0.582400005732 0.382919981643 0.0481058313846 0.0320705521412
0 0.565000004967 0.396059981354 0.0620752733951 0.0413835128673
0 0.540200003877 0.409879981051 0.0209697945443 0.0139798621075
0 0.563600004906 0.420579980815 0.0285570219366 0.0190380133687
0 0.455200000139 0.448199980208 0.0405785578299 0.0270523701023
0 0.408799998099 0.401319981239 0.0229700366022 0.0153133567248
0 0.422399998697 0.374319981832 0.0248478976418 0.016565264002
0 0.43179999911 0.365019982037 0.0243643095926 0.0162428719905
0 0.394799997483 0.414059980959 0.02260348715 0.0150689904394
0 0.405999997976 0.458899979973 0.0220638036786 0.0147092014822
0 0.496800001968 0.475699979603 0.0239794574013 0.0159863038798
0 0.454200000095 0.491299979261 0.0625054372327 0.04167028874
0 0.427399998917 0.507819978897 0.0248201961988 0.0165467963745
0 0.419399998565 0.490679979274 0.0431918921833 0.0287945928897
0 0.40699999802 0.366719981999 0.0530842753748 0.0353895145824
0 0.36059999598 0.392899981424 0.0228945501698 0.0152630324398
0 0.342599995188 0.391619981452 0.0280504812631 0.0187003196087
0 0.236799990536 0.330839982788 0.0277337944085 0.0184891950528
0 0.278799992383 0.275519984005 0.138315283974 0.0922101832345
0 0.351999995601 0.347959982412 0.0336170862501 0.0224113893552
0 0.370999996437 0.248719984594 0.0221846017571 0.0147897335293
0 0.386399997114 0.264959984237 0.0212383996085 0.0141589321385
0 0.308799993702 0.318759983054 0.0374515595748 0.0249677047364
0 0.270399992013 0.342539982531 0.0684688653918 0.0456459072506
0 0.308799993702 0.332879982743 0.037769829369 0.0251798845852
0 0.282199992532 0.36031998214 0.0347028838851 0.0231352543975
0 0.373999996569 0.307499983301 0.047756001732 0.0318373323881
0 0.403399997861 0.258319984383 0.0202387732482 0.0134925146089
0 0.335199994863 0.189619985893 0.0337651900368 0.0225101252066
0 0.177199987915 0.390539981476 0.0342472940802 0.0228315278809
0 0.159399987133 0.366999981993 0.0200500077003 0.0133666709186
0 0.135799986095 0.395559981365 0.027722812765 0.0184818739577
0 0.176599987889 0.365019982037 0.0207143476656 0.0138095641996
0 0.224799990008 0.390839981469 0.0833627441313 0.0555751590887
0 0.301799993394 0.38895998151 0.0403077762238 0.0268718490435
0 0.330799994669 0.34575998246 0.027748733401 0.0184991543805
0 0.0253999812406 0.412679980989 0.0672354586386 0.044823636136
0 0.0549999825422 0.430579980595 0.101761251155 0.0678408296291
0 0.128599985778 0.425119980716 0.024779435504 0.0165196225797
0 0.0183999809328 0.589459977102 0.0439251889552 0.029283457372
0 0.0499999823223 0.550339977963 0.03927194012 0.0261812916865
0 0.0707999832369 0.582559977254 0.0251033445205 0.0167355619099
0 0.148799986667 0.513699978768 0.023610434606 0.0157402886991
0 0.190599988505 0.533399978335 0.0215740817384 0.0143827202103
0 0.165999987423 0.551779977931 0.0568096248004 0.0378730807023
0 0.181199988091 0.469859979732 0.0552996982851 0.0368664630919
0 0.171199987652 0.418239980867 0.0377200657052 0.0251467088116
0 0.241799990756 0.429299980624 0.0264708064715 0.0176472031504
0 0.213599989516 0.416759980899 0.0227395210223 0.0151596796816
0 0.284999992655 0.433899980522 0.0403229130838 0.0268819402828
0 0.324399994388 0.434499980509 0.0355318495693 0.0236878981505
0 0.333199994775 0.503199978999 0.0213052788068 0.0142035182677
0 0.362399996059 0.511939978807 0.02373429963 0.0158228653764
0 0.287199992752 0.499219979086 0.107812037794 0.0718746871221
0 0.262799991679 0.591919977048 0.196023325934 0.13068220867
0 0.346999995382 0.530319978403 0.0830519933002 0.0553679918816
0 0.39039999729 0.635659976087 0.0340958265468 0.022730549532
0 0.363599996111 0.445999980256 0.0363480528029 0.0242320336037
0 0.401399997774 0.509679978856 0.0459591674133 0.0306394429214
0 0.4816000013 0.523239978558 0.0370186255929 0.0246790821009
0 0.489000001625 0.535119978297 0.0283618256966 0.0189078825506
0 0.445199999699 0.57317997746 0.0201996944267 0.0134664620629
0 0.373399996542 0.586539977167 0.095517049084 0.0636780285227
0 0.497600002004 0.635539976089 0.020940015493 0.0139600094079
0 0.467600000684 0.556559977826 0.0595875848728 0.0397250539617
0 0.593000006198 0.444359980293 0.0365146571963 0.024343103192
0 0.606400006788 0.482299979458 0.0214640674359 0.0143093773468
0 0.653400008854 0.492979979224 0.0451042810931 0.0300695187455
0 0.658800009092 0.4622199799 0.0620359967062 0.0413573284097
0 0.629400007799 0.580139977307 0.0379555279714 0.0253036836453
0 0.726400012064 0.507479978905 0.0233868443868 0.0155912285629
0 0.717200011659 0.484859979402 0.0367000589975 0.0244667043846
0 0.709600011325 0.466279979811 0.0276618695902 0.0184412451771
0 0.622200007482 0.414219980955 0.0299407090184 0.0199604713624
0 0.595800006321 0.627019976277 0.0224081919763 0.0149387936656
0 0.548600004246 0.628799976238 0.0234510523745 0.0156340338852
0 0.490200001678 0.731679973976 0.0274665744165 0.0183110484033
0 0.693000010595 0.672219975283 0.0251258024762 0.0167505338793
0 0.653600008863 0.687339974951 0.141900642179 0.0946004218798
0 0.717600011677 0.424859980721 0.026957857201 0.0179719036153
0 0.746600012952 0.420899980808 0.0544256188222 0.0362837434883
0 0.815800015995 0.454879980061 0.028362023564 0.0189080144623
0 0.908400020067 0.444739980284 0.0231967927005 0.015464527447
0 0.813400015889 0.482819979447 0.0335710820678 0.0223807199024
0 0.785200014649 0.491019979267 0.0224810071981 0.0149873371436
0 0.783800014588 0.534859978303 0.0605160778846 0.0403440492621
0 0.821000016224 0.552359977918 0.0834086493799 0.0556057625857
0 0.877800018721 0.514899978742 0.0805082093556 0.0536721360304
0 0.861000017982 0.530139978407 0.0413280797327 0.0275520513379
0 0.89120001931 0.476899979577 0.0655091640661 0.0436727731636
0 0.934000021192 0.524799978524 0.0205760383177 0.0137173579737
0 0.96760002267 0.729859974016 0.023414150095 0.0156094323671
0 0.988800023602 0.665499975431 0.0272715760439 0.0181810494968
0 0.916000020401 0.623279976359 0.0367519992033 0.0245013311862
0 0.96260002245 0.767819973181 0.0914238640677 0.0609492386918
0 0.829600016602 0.863479971078 0.0430164826884 0.0286776532341
0 0.793600015019 0.871379970904 0.0233715096594 0.0155810054119
0 0.759600013524 0.841299971566 0.0254633643469 0.0169755751116
0 0.74860001304 0.853159971305 0.0236567355894 0.0157711560194
0 0.732200012319 0.861059971131 0.0365440405127 0.0243626920683
0 0.812800015863 0.634079976121 0.0644719428902 0.0429812924253
0 0.769800013972 0.677259975172 0.0327626945985 0.0218417949584
0 0.67060000961 0.643799975908 0.022555603227 0.0150370678262
0 0.690200010472 0.729759974018 0.0251727959957 0.0167818628903
0 0.565800005002 0.742119973746 0.110204255271 0.0734694986685
0 0.653400008854 0.758799973379 0.169831611502 0.113221066867
0 0.532400003534 0.817179972096 0.271959906778 0.18130659256
0 0.363599996111 0.762759973292 0.0295871198843 0.0197247452885
0 0.37379999656 0.781419972882 0.0220097858645 0.0146731896086
0 0.367599996287 0.810359972246 0.032971049024 0.0219806978996
0 0.201799988997 0.930339969608 0.0363692246201 0.0242461481476
0 0.303799993482 0.748979973595 0.0212627373049 0.0141751572683
0 0.179599988021 0.661059975528 0.112855679109 0.0752371144438
0 0.192199988575 0.698319974709 0.0882924137949 0.0588616053143
0 0.0759999834655 0.670799975314 0.0599337539775 0.0399558333497
0 0.0425999819969 0.785779972786 0.0338200982544 0.0225467306825
0 0.093999984257 0.793899972608 0.0233458858245 0.0155639228565
0 0.146999986587 0.799439972486 0.0439627837708 0.0293085205808
0 0.138799986227 0.775239973018 0.0338453263543 0.0225635494147
0 0.255799991371 0.717299974292 0.0810248412691 0.0540165572833
0 0.235199990466 0.685199974998 0.0650344800522 0.0433563171752
0 0.0469999821904 0.96025996895 0.0294252643097 0.0196168415793
0 0.0829999837733 0.879919970717 0.0234643094937 0.0156428719641
0 0.199799988909 0.926319969696 0.0977201052787 0.0651467325556
0 0.0299999814429 0.850159971371 0.0345286615949 0.0230191062117
0 0.423999998767 0.879799970719 0.0382759743076 0.025517314522
0 0.36059999598 0.961719968918 0.0649709646005 0.0433139735435
0 0.351799995593 0.936559969471 0.0391834933696 0.0261223271902
0 0.608400006875 0.948939969199 0.036776930502 0.0245179520509
0 0.812400015845 0.939419969408 0.0336196585269 0.0224131042064
0 0.930000021016 0.920399969827 0.0324978490159 0.0216652312483
0 0.745400012899 0.343719982505 0.0211853711317 0.014123579823
0 0.143599986438 0.568459977564 0.0423381930678 0.0282254601836
0 0.23779999058 0.476459979587 0.0539356000809 0.035957064349
0 0.563400004897 0.601339976841 0.0646010514017 0.0430673647606
0 0.622800007509 0.443879980303 0.0409501529021 0.0273001001341
0 0.76860001392 0.59367997701 0.0224821944028 0.0149881286133
0 0.906600019987 0.563239977679 0.133899871815 0.0892665753223
0 0.253999991292 0.685599974989 0.0203283082696 0.0135522046192
0 0.809600015722 0.916719969908 0.0866494214191 0.057766277136
