0 0.188399988408 0.113939973087 0.132726509079 0.0884843393859
0 0.341599995144 0.100539972497 0.109928222927 0.0732854819517
0 0.496400001951 0.333219982728 0.183038262418 0.122025508279
0 0.440599999497 0.451759987941 0.099199850465 0.0661332336433
0 0.772600014095 0.712579999409 0.244721457391 0.163147638261
0 0.830400016637 0.48379998935 0.0975751609355 0.0650501072903
0 0.0423999819881 0.0876399719302 0.0229073111095 0.0152715407397
0 0.0787999835887 0.0453999700729 0.0215186774329 0.0143457849553
0 0.124199985585 0.0636399708749 0.0491727294349 0.0327818196233
0 0.256799991415 0.110019972914 0.0301711236747 0.0201140824498
0 0.133999986016 0.0864999718801 0.0427246253809 0.0284830835873
0 0.0261999812758 0.113459973066 0.0276699803307 0.0184466535538
0 0.134599986042 0.15267997479 0.029634902919 0.019756601946
0 0.159999987159 0.15609997494 0.033017248896 0.022011499264
0 0.116199985233 0.175699975802 0.0399552727253 0.0266368484835
0 0.105199984749 0.152239974771 0.037583336818 0.0250555578787
0 0.0887999840284 0.142159974327 0.103821044468 0.0692140296456
0 0.223799989964 0.172659975669 0.0213235801395 0.014215720093
0 0.210599989384 0.169839975545 0.0265239321325 0.0176826214217
0 0.0811999836942 0.0797199715819 0.0240257568001 0.0160171712001
0 0.447599999805 0.0415999699058 0.023236760393 0.0154911735953
0 0.437999999383 0.0655599709593 0.0674196687884 0.0449464458589
0 0.418799998539 0.0885999719724 0.0466893941602 0.0311262627735
0 0.393799997439 0.0618599707966 0.0335654406317 0.0223769604211
0 0.423999998767 0.0197999689472 0.0227420917991 0.0151613945328
0 0.271399992057 0.0655799709602 0.036771783523 0.0245145223487
0 0.492400001775 0.0474799701643 0.0483087412689 0.0322058275126
0 0.505800002364 0.0672999710358 0.038132814692 0.0254218764613
0 0.459000000306 0.102739972594 0.0508553941236 0.0339035960824
0 0.607800006849 0.116599973204 0.0263074651559 0.0175383101039
0 0.568600005125 0.140219974242 0.0224518202683 0.0149678801789
0 0.619800007377 0.0942799722222 0.0492603847097 0.0328402564731
0 0.641000008309 0.108119972831 0.03617551 0.0241170066667
0 0.571800005266 0.103879972644 0.034558735168 0.0230391567787
0 0.559400004721 0.0519999703631 0.0580115668028 0.0386743778685
0 0.591800006146 0.0332199695373 0.0358572402268 0.0239048268178
0 0.863200018079 0.100259972485 0.0302140609086 0.0201427072724
0 0.804200015485 0.0604999707368 0.0211706286103 0.0141137524069
0 0.839600017041 0.0259199692163 0.0368576579909 0.0245717719939
0 0.818800016127 0.0172799688364 0.046078775248 0.0307191834987
0 0.734400012416 0.180099975996 0.0214269658756 0.0142846439171
0 0.75360001326 0.251519979136 0.0214696063084 0.0143130708723
0 0.793000014992 0.241399978691 0.0562884382231 0.0375256254821
0 0.853200017639 0.225359977986 0.0232346827849 0.0154897885232
0 0.830000016619 0.237179978506 0.0441875582802 0.0294583721868
0 0.869200018343 0.207499977201 0.0241665394819 0.0161110263212
0 0.960400022353 0.243259978773 0.026067155153 0.0173781034353
0 0.923600020735 0.347259983346 0.0208979672814 0.0139319781876
0 0.909400020111 0.368419984276 0.0332842710029 0.022189514002
0 0.831200016672 0.33915998299 0.10117852484 0.0674523498935
0 0.63580000808 0.317599982042 0.0385832599135 0.0257221732757
0 0.622800007509 0.162159975207 0.0517452039901 0.0344968026601
0 0.690800010499 0.3143799819 0.0344258671837 0.0229505781225
0 0.626400007667 0.363919984078 0.0271746192008 0.0181164128005
0 0.59280000619 0.34963998345 0.0201156983672 0.0134104655781
0 0.562200004844 0.396639985517 0.0198008912741 0.0132005941827
0 0.602400006612 0.407959986015 0.0209423885212 0.0139615923474
0 0.477600001124 0.329599982569 0.0477877563059 0.031858504204
0 0.539400003841 0.321719982223 0.060682183607 0.0404547890713
0 0.412799998275 0.298359981196 0.0198393764907 0.0132262509938
0 0.423399998741 0.386539985073 0.0415726411596 0.0277150941064
0 0.430799999066 0.418299986469 0.0326349690067 0.0217566460045
0 0.315399993992 0.408019986017 0.0449637922376 0.0299758614917
0 0.226399990079 0.383759984951 0.0351540193538 0.0234360129025
0 0.299399993289 0.29753998116 0.0247980334087 0.0165320222725
0 0.296399993157 0.322779982269 0.0468929997535 0.0312619998356
0 0.382799996956 0.23205997828 0.0203563051712 0.0135708701141
0 0.679800010015 0.194919976647 0.0281832484636 0.0187888323091
0 0.656400008986 0.247359978953 0.15371331884 0.102475545893
0 0.332999994766 0.16063997514 0.0508103792815 0.0338735861877
0 0.442799999594 0.181939976077 0.0343365300357 0.0228910200238
0 0.214199989542 0.289739980817 0.0650101380679 0.0433400920453
0 0.224199989982 0.31369998187 0.0519651336469 0.0346434224313
0 0.26599999182 0.18155997606 0.0300870300137 0.0200580200091
0 0.190599988505 0.231859978272 0.0586856022287 0.0391237348191
0 0.0733999833512 0.217099977623 0.0212314728474 0.0141543152316
0 0.0525999824366 0.199719976858 0.0504421479803 0.0336280986535
0 0.0659999830258 0.307499981598 0.0349834576227 0.0233223050818
0 0.0371999817595 0.324199982332 0.0521052237927 0.0347368158618
0 0.0341999816276 0.354279983655 0.021254821205 0.0141698808033
0 0.140399986297 0.183959976165 0.0202823027496 0.0135215351664
0 0.161999987247 0.189279976399 0.0238073111491 0.015871540766
0 0.204399989111 0.202079976962 0.0307515678026 0.0205010452018
0 0.0185999809416 0.221939977835 0.0483016180412 0.0322010786941
0 0.112999985092 0.595139994245 0.0478939121862 0.0319292747908
0 0.0203999810208 0.383619984945 0.0447988697284 0.0298659131523
0 0.0761999834743 0.404719985872 0.0830769191196 0.0553846127464
0 0.0613999828236 0.436719987279 0.0202858643635 0.0135239095756
0 0.058999982718 0.509259990469 0.0437899436645 0.0291932957763
0 0.0435999820409 0.538019991734 0.0250887006745 0.0167258004496
0 0.100799984556 0.558739992645 0.0375498972211 0.025033264814
0 0.104199984706 0.524119991122 0.0260643850089 0.0173762566726
0 0.145599986526 0.55043999228 0.0553123581538 0.0368749054359
0 0.14659998657 0.514679990707 0.0307204036812 0.0204802691208
0 0.118599985339 0.509919990498 0.0334463244343 0.0222975496228
0 0.0875999839756 0.496279989898 0.0313229100285 0.020881940019
0 0.167999987511 0.494639989826 0.0408399380385 0.027226625359
0 0.168599987537 0.422219986642 0.0229775540498 0.0153183693665
0 0.127199985717 0.40967998609 0.0224213486829 0.0149475657886
0 0.12839998577 0.451379987924 0.0198744979608 0.0132496653072
0 0.206799989217 0.575859993397 0.0284330561035 0.0189553707356
0 0.394599997475 0.550379992277 0.0211350124716 0.0140900083144
0 0.403399997861 0.565839992957 0.0460264393108 0.0306842928739
0 0.42359999875 0.547399992146 0.0224148190575 0.014943212705
0 0.402599997826 0.53793999173 0.0252011883127 0.0168007922085
0 0.293999993051 0.553559992417 0.0564518767265 0.0376345844843
0 0.269599991978 0.55657999255 0.0511307266629 0.0340871511086
0 0.356799995812 0.550599992287 0.0433140724773 0.0288760483182
0 0.252599991231 0.510319990516 0.0822214392534 0.0548142928356
0 0.231999990325 0.548079992176 0.0416728610167 0.0277819073445
0 0.367599996287 0.481459989247 0.0316751140673 0.0211167427115
0 0.390199997281 0.467099988615 0.0548388613758 0.0365592409172
0 0.214199989542 0.406139985935 0.0411314957077 0.0274209971384
0 0.495200001898 0.532799991504 0.0487528547325 0.032501903155
0 0.527800003331 0.546099992089 0.0325372224926 0.0216914816617
0 0.568000005099 0.567899993047 0.0381909877186 0.0254606584791
0 0.625000007605 0.570119993145 0.031172530776 0.020781687184
0 0.575800005442 0.472979988874 0.023676125038 0.0157840833586
0 0.637800008168 0.45469998807 0.020807343995 0.0138715626634
0 0.664200009329 0.474379988935 0.0231186335328 0.0154124223552
0 0.644800008476 0.557699992599 0.0356936038559 0.023795735904
0 0.731200012275 0.557999992612 0.0225155335832 0.0150103557221
0 0.549400004281 0.508879990452 0.039989503792 0.0266596691947
0 0.654400008898 0.436239987258 0.0587611875898 0.0391741250599
0 0.670800009619 0.40283998579 0.0247234373848 0.0164822915899
0 0.741400012724 0.374359984537 0.0368712119104 0.0245808079402
0 0.725200012011 0.46355998846 0.0222005286226 0.0148003524151
0 0.704400011097 0.469539988723 0.0244277244994 0.0162851496663
0 0.711200011396 0.480039989184 0.0299843368136 0.0199895578758
0 0.766000013805 0.440239987434 0.0210672428742 0.0140448285828
0 0.787000014729 0.447899987771 0.0263024195362 0.0175349463575
0 0.790400014878 0.416879986407 0.0294726516202 0.0196484344135
0 0.78340001457 0.398619985604 0.0220805220218 0.0147203480145
0 0.810800015775 0.454059988042 0.0226898547956 0.0151265698638
0 0.726200012055 0.503559990218 0.0473254390382 0.0315502926921
0 0.727800012126 0.51791999085 0.0358936478353 0.0239290985568
0 0.756800013401 0.523239991084 0.0284838091012 0.0189892060675
0 0.820400016197 0.561859992782 0.020630054771 0.0137533698474
0 0.894200019442 0.532119991474 0.0249673090015 0.0166448726677
0 0.876200018651 0.563039992834 0.0248227668384 0.0165485112256
0 0.858200017859 0.547419992147 0.0221132690827 0.0147421793885
0 0.860400017956 0.526939991246 0.0506463471758 0.0337642314506
0 0.671600009654 0.567359993024 0.032474795316 0.021649863544
0 0.741400012724 0.591999994107 0.026044301464 0.0173628676426
0 0.738200012583 0.614439995094 0.0308100376304 0.020540025087
0 0.585400005864 0.617819995242 0.0233941639395 0.015596109293
0 0.614400007139 0.598899994411 0.0361064542643 0.0240709695096
0 0.703600011061 0.615119995124 0.0544862616021 0.0363241744014
0 0.675800009839 0.659479997074 0.0283597462179 0.0189064974786
0 0.619000007342 0.660559997122 0.029360163982 0.0195734426547
0 0.605000006726 0.65163999673 0.0241663416144 0.0161108944096
0 0.637200008142 0.617499995228 0.109541392087 0.0730275947247
0 0.901000019741 0.61889999529 0.144890409801 0.0965936065337
0 0.896000019521 0.653679996819 0.0227282410785 0.015152160719
0 0.813200015881 0.626599995629 0.0207377935908 0.0138251957272
0 0.701400010965 0.567639993036 0.0333742017533 0.0222494678355
0 0.643200008406 0.507719990401 0.0211247233648 0.0140831489099
0 0.558400004677 0.543679991983 0.0350183812254 0.0233455874836
0 0.681400010085 0.586519993866 0.0394511064945 0.026300737663
0 0.54620000414 0.626139995608 0.0199509737254 0.0133006491503
0 0.490000001669 0.602579994572 0.0331081689835 0.0220721126557
0 0.534200003613 0.606279994735 0.0343471159436 0.0228980772957
0 0.50480000232 0.641919996302 0.0335646491619 0.0223764327746
0 0.885600019064 0.405239985895 0.0515771156019 0.0343847437346
0 0.859200017903 0.382919984914 0.0594252307101 0.0396168204734
0 0.975600023021 0.45605998813 0.0553815128232 0.0369210085488
0 0.921400020638 0.450759987897 0.0310451041462 0.0206967360975
0 0.905800019952 0.460999988347 0.0584629024277 0.0389752682852
0 0.949600021878 0.516219990775 0.0254345729552 0.0169563819702
0 0.972800022898 0.491259989678 0.0226179299821 0.0150786199881
0 0.930200021025 0.533219991523 0.0226540407894 0.0151026938596
0 0.877400018704 0.737300000496 0.0290493142376 0.0193662094918
0 0.866800018237 0.788820002761 0.0246427074703 0.0164284716468
0 0.883200018959 0.811920003777 0.0333872610042 0.0222581740028
0 0.749800013093 0.795260003045 0.0240394096533 0.0160262731022
0 0.74200001275 0.812060003783 0.0207190951179 0.0138127300786
0 0.833400016769 0.771900002017 0.0267996604067 0.0178664402711
0 0.642000008353 0.694119998597 0.0261714312926 0.0174476208617
0 0.619400007359 0.715899999555 0.0308342763915 0.020556184261
0 0.643200008406 0.765380001731 0.0371398169568 0.0247598779712
0 0.679600010006 0.76514000172 0.040583996508 0.027055997672
0 0.64240000837 0.788680002755 0.0418656828346 0.0279104552231
0 0.572600005301 0.69599999868 0.056887185089 0.0379247900594
0 0.502600002223 0.701439998919 0.0212587785538 0.0141725190358
0 0.510800002584 0.679299997946 0.030759878235 0.02050658549
0 0.552400004413 0.742740000735 0.034399748682 0.022933165788
0 0.529400003402 0.797060003124 0.029697527963 0.0197983519753
0 0.489000001625 0.805240003483 0.0556839532014 0.0371226354676
0 0.373399996542 0.760520001517 0.0662232633274 0.0441488422183
0 0.427999998943 0.712059999386 0.0250686171295 0.0167124114197
0 0.472800000913 0.665779997351 0.0276588008204 0.018439200547
0 0.458200000271 0.625739995591 0.0272469397492 0.0181646264995
0 0.437799999374 0.60821999482 0.025827933421 0.0172186222807
0 0.398799997659 0.635899996037 0.0416976933801 0.0277984622534
0 0.444599999673 0.697799998759 0.0332776424438 0.0221850949625
0 0.275399992233 0.67779999788 0.0198385850209 0.0132257233473
0 0.291199992928 0.662159997192 0.0248805441302 0.0165870294201
0 0.32739999452 0.621099995387 0.0252567890626 0.0168378593751
0 0.330999994678 0.675599997783 0.0210672428742 0.0140448285828
0 0.569400005161 0.636599996068 0.030349699037 0.0202331326914
0 0.545000004088 0.661119997146 0.0487941100932 0.0325294067288
0 0.593600006225 0.664519997296 0.0350053219745 0.0233368813163
0 0.558400004677 0.720759999769 0.0300749601 0.0200499734
0 0.53300000356 0.727220000053 0.0281197330161 0.0187464886774
0 0.458800000297 0.598579994397 0.0372454781684 0.024830318779
0 0.412999998284 0.590339994034 0.0344611865213 0.0229741243475
0 0.321199994247 0.720239999746 0.032496263933 0.0216641759553
0 0.287999992787 0.801560003322 0.0257275156965 0.017151677131
0 0.266199991829 0.795520003056 0.0220326381019 0.0146884254013
0 0.125799985655 0.773920002106 0.0257570968784 0.0171713979189
0 0.0629999828939 0.787140002688 0.0399188651168 0.0266125767445
0 0.0993999844944 0.734640000379 0.0375439611979 0.0250293074653
0 0.0681999831226 0.736100000443 0.0419423564666 0.0279615709778
0 0.155199986948 0.715979999559 0.0338690682145 0.0225793788097
0 0.182399988144 0.724979999954 0.0251907013385 0.0167938008923
0 0.114799985172 0.692639998532 0.0467334196651 0.0311556131101
0 0.127199985717 0.654299996847 0.0784696747706 0.0523131165137
0 0.218799989745 0.689819998408 0.0941596721627 0.0627731147751
0 0.251399991178 0.733020000308 0.0219797085624 0.0146531390416
0 0.273799992163 0.728620000114 0.0283722118664 0.018914807911
0 0.201399988979 0.750320001069 0.0310718162503 0.0207145441668
0 0.160999987203 0.62117999539 0.0321326825166 0.0214217883444
0 0.120999985444 0.620459995359 0.0259566461891 0.0173044307928
0 0.0169999808713 0.66097999714 0.0223979013916 0.0149319342611
0 0.16979998759 0.94252000952 0.021560526396 0.014373684264
0 0.100799984556 0.837760004913 0.0607856682768 0.0405237788512
0 0.0993999844944 0.885620007018 0.0624646724179 0.0416431149453
0 0.281199992488 0.972860010854 0.0211168086673 0.0140778724449
0 0.217199989674 0.959920010285 0.0538028274729 0.0358685516486
0 0.285199992664 0.955240010079 0.0277431912825 0.018495460855
0 0.490000001669 0.901420007713 0.0329610545437 0.0219740363625
0 0.508400002478 0.906560007939 0.036553337872 0.0243688919146
0 0.416799998451 0.896920007515 0.0324928012528 0.0216618675019
0 0.470400000808 0.863180006031 0.0482048608642 0.0321365739095
0 0.384199997017 0.889640007195 0.0233867439106 0.0155911626071
0 0.584800005838 0.851380005512 0.0516650676779 0.0344433784519
0 0.540800003903 0.844420005206 0.0494892184012 0.0329928122675
0 0.473000000922 0.971980010815 0.0246432021389 0.0164288014259
0 0.761000013585 0.877560006663 0.0217744210959 0.0145162807306
0 0.843800017226 0.964660010493 0.0441905262918 0.0294603508612
0 0.0637999829291 0.255779979323 0.109543370761 0.073028913841
0 0.0163999808449 0.432219987082 0.0337886351012 0.0225257567341
0 0.152199986816 0.530039991383 0.0296351007864 0.0197567338576
0 0.671000009628 0.938520009344 0.0211397612901 0.0140931741934
0 0.973400022925 0.86360000605 0.0277847434444 0.0185231622963
