0 0.415400014962 0.592999994151 0.224490471629 0.14966032429
0 0.609600010692 0.646259996493 0.26651256313 0.177675053805
0 0.838800005653 0.589319993989 0.100103102113 0.0667354058099
0 0.326000016927 0.461599988373 0.101333837412 0.0675558960634
0 0.672400009311 0.884500006969 0.203187076778 0.13545806012
0 0.0142000237821 0.927680008867 0.0226495857844 0.0150997248522
0 0.178800020163 0.830200004581 0.0221342401113 0.0147561610475
0 0.271400018128 0.8715800064 0.0301042405097 0.0200694949968
0 0.133400021161 0.946020009674 0.0238207629926 0.0158805097091
0 0.180600020124 0.849080005411 0.0234118699869 0.015607914354
0 0.372800015898 0.886700007065 0.0259038121663 0.0172692092499
0 0.379200015758 0.866180006163 0.0331368553908 0.0220912383843
0 0.392200015472 0.933840009138 0.0266388895997 0.0177592609045
0 0.361000016158 0.960640010316 0.0226539388674 0.0151026269077
0 0.233400018963 0.827940004482 0.0304449681922 0.0202966468001
0 0.0648000226697 0.81676000399 0.0554907283288 0.0369938213258
0 0.190200019913 0.786440002657 0.0223922592158 0.0149281737951
0 0.382600015683 0.818140004051 0.0545835062475 0.036389006565
0 0.129600021245 0.850400005469 0.0632556391553 0.0421704288849
0 0.449800014205 0.810380003709 0.0249741321337 0.0166494225206
0 0.432200014592 0.829760004562 0.0245653380617 0.0163768931213
0 0.0254000235359 0.944080009588 0.0324141446706 0.0216094312057
0 0.547200012064 0.986020011432 0.0298277208022 0.019885148513
0 0.606600010758 0.969980010727 0.0208958869169 0.0139305921968
0 0.477400013599 0.912400008195 0.0199493881544 0.0132995929801
0 0.759600007394 0.986780011466 0.0274760666175 0.0183173789531
0 0.496600013176 0.899720007638 0.0233829813448 0.015588655258
0 0.49460001322 0.933020009102 0.0204867960438 0.01365786493
0 0.348800016426 0.982160011263 0.0423212670268 0.0282141798788
0 0.319400017072 0.955660010098 0.0421209262728 0.0280806193673
0 0.839600005635 0.966420010571 0.0274848717173 0.01832324902
0 0.98360000247 0.968020010641 0.0232013390611 0.0154675603942
0 0.800800006489 0.930500008991 0.0500555084045 0.0333703411373
0 0.935400003529 0.908460008022 0.0213182349066 0.0142121575418
0 0.797400006563 0.853760005617 0.0711272994502 0.0474182027609
0 0.904600004206 0.856400005733 0.0209206203434 0.0139470811488
0 0.976200002632 0.929520008948 0.0314846625055 0.020989776388
0 0.962600002931 0.8875000071 0.0397627424634 0.026508496724
0 0.971600002733 0.870520006354 0.03001134176 0.020007562493
0 0.938000003472 0.832740004693 0.0736905728314 0.0491270517945
0 0.919400003881 0.79538000305 0.019886664185 0.0132577769977
0 0.636200010107 0.725659999984 0.0299645461172 0.0199763653957
0 0.882800004686 0.83382000474 0.0261272044738 0.0174181374647
0 0.555600011879 0.814400003886 0.0539547825477 0.0359698574042
0 0.230200019033 0.665719997349 0.0205692078207 0.0137128061182
0 0.4546000141 0.759840001487 0.0341614128472 0.0227742767336
0 0.356600016254 0.769820001926 0.0221561044603 0.0147707372811
0 0.497200013163 0.639479996195 0.0203854879292 0.0135903261825
0 0.503000013036 0.652119996751 0.0281501019545 0.0187667358741
0 0.139000021038 0.595739994272 0.0421706899267 0.0281137951388
0 0.0202000236502 0.645759996471 0.0268715816756 0.0179143889653
0 0.0238000235711 0.661039997143 0.0217509709354 0.0145006482467
0 0.0214000236238 0.575059993362 0.0441635115609 0.0294423429825
0 0.110000021676 0.649059996616 0.034019937648 0.0226799599279
0 0.130200021232 0.702279998956 0.0270345254889 0.0180230181813
0 0.164800020471 0.743780000781 0.0456288186762 0.0304192144571
0 0.088800022142 0.449299987833 0.0214031200261 0.0142687476252
0 0.0468000230654 0.473139988881 0.0231178390135 0.0154118936922
0 0.0554000228763 0.406659985958 0.0200781009055 0.0133854014865
0 0.16940002037 0.455139988089 0.0299502996636 0.0199668677593
0 0.203600019618 0.446839987724 0.0288723180062 0.0192482132736
0 0.203200019627 0.466639988595 0.0288191906062 0.0192127950047
0 0.221200019231 0.49903999002 0.0598277841198 0.0398851920439
0 0.125400021337 0.422799986667 0.024349761517 0.0162331754153
0 0.21080001946 0.569699993127 0.0384101208389 0.0256067489149
0 0.324400016962 0.503939990235 0.0233058130543 0.0155372097277
0 0.407400015138 0.515859990759 0.0395621049082 0.0263747383451
0 0.453800014117 0.480579989208 0.0218484206355 0.0145656147177
0 0.523000012596 0.519999990941 0.0422094719394 0.0281396498156
0 0.548200012042 0.494899989838 0.0396086037499 0.0264057375749
0 0.362200016131 0.514199990686 0.027881991612 0.018587995634
0 0.374600015859 0.489139989584 0.020148541704 0.0134323620219
0 0.378400015775 0.476739989039 0.0262966779117 0.0175311197641
0 0.412600015023 0.466459988587 0.0222184326949 0.0148122894402
0 0.430600014627 0.472319988845 0.0206514217301 0.0137676153948
0 0.124400021359 0.482419989289 0.0529100426154 0.0352733640701
0 0.566800011633 0.629879995773 0.0830175479373 0.0553450356086
0 0.834800005741 0.625919995599 0.0286787047441 0.0191191377571
0 0.846600005482 0.638779996164 0.021505021743 0.0143366821076
0 0.846600005482 0.649519996636 0.0402721521141 0.0268481031802
0 0.822000006022 0.656899996961 0.0227733518502 0.0151822355682
0 0.717000008331 0.527439991268 0.0591895627843 0.0394597111254
0 0.854200005314 0.477119989056 0.0484023261821 0.032268219583
0 0.968200002808 0.502059990152 0.0210762430624 0.014050829635
0 0.948400003243 0.516359990781 0.0355802211208 0.0237201489783
0 0.860800005169 0.414739986313 0.0233788261292 0.0155858851141
0 0.886200004611 0.401599985735 0.0266915223312 0.0177943493944
0 0.922600003811 0.410479986126 0.0274829919769 0.0183219958597
0 0.805800006379 0.427159986859 0.0213051756575 0.0142034513751
0 0.813200006216 0.410259986116 0.0432293795115 0.0288195882418
0 0.90900000411 0.44537998766 0.0368452864157 0.0245635258973
0 0.79300000666 0.470519988766 0.0369495625415 0.024633043319
0 0.750400007597 0.452759987985 0.0412742516193 0.027516169561
0 0.928400003683 0.696859998718 0.191932378416 0.127954927384
0 0.976800002619 0.338839982976 0.036535920718 0.0243572820851
0 0.938000003472 0.325399982385 0.0253786720564 0.0169191158202
0 0.910000004088 0.326359982427 0.0361361296132 0.0240907546644
0 0.941600003393 0.355519983709 0.0208761001758 0.0139174010351
0 0.845200005512 0.368019984259 0.0323795178736 0.0215863466728
0 0.910400004079 0.293579980985 0.0208011084269 0.0138674065325
0 0.737600007878 0.316959982014 0.0199912371119 0.013327492287
0 0.741800007786 0.333879982757 0.0233291614089 0.0155527752984
0 0.775200007051 0.337259982906 0.0215366805288 0.0143577879662
0 0.748200007645 0.300579981293 0.0411631490678 0.0274421011885
0 0.69520000881 0.274899980164 0.0254665251871 0.0169776845778
0 0.67200000932 0.351499983532 0.0237891042067 0.0158594038505
0 0.68020000914 0.365939984167 0.0226861912555 0.0151241285012
0 0.686800008995 0.396079985492 0.0231481127274 0.0154320761695
0 0.822200006018 0.34643998331 0.0373253127558 0.0248835434784
0 0.880200004743 0.291239980883 0.0217430562389 0.014495371782
0 0.852000005363 0.277619980284 0.0253373177674 0.0168915462924
0 0.790000006726 0.277879980295 0.0228384502286 0.0152256344899
0 0.774600007065 0.282399980494 0.0292469799497 0.0194979879191
0 0.649200009821 0.363619984065 0.0217235662989 0.0144823784878
0 0.458800014007 0.367779984248 0.0230710433707 0.0153806965949
0 0.473000013695 0.332539982699 0.0198365047962 0.013224337403
0 0.476000013629 0.236899978493 0.0227027131843 0.0151351431211
0 0.445000014311 0.259639979493 0.0609650270669 0.0406433540586
0 0.406200015164 0.242479978739 0.0584720955504 0.0389813996047
0 0.3636000161 0.271259980004 0.028070262454 0.0187135095369
0 0.351000016377 0.341979983114 0.0500418555531 0.0333612392358
0 0.152200020748 0.354999983686 0.0248791557763 0.0165861049448
0 0.197200019759 0.341459983091 0.0239541256279 0.0159694181385
0 0.168200020396 0.320959982189 0.024629447103 0.016419632485
0 0.274800018053 0.330279982599 0.0799455574413 0.0532970418095
0 0.320000017059 0.25115997912 0.0726336640533 0.048422445896
0 0.246600018673 0.238959978584 0.0496476047358 0.0330984053403
0 0.154000020709 0.287739980729 0.0317445613504 0.0211630422961
0 0.0956000219925 0.2802599804 0.0222717579623 0.0148478396208
0 0.181800020097 0.262739979629 0.0612690503446 0.0408460362571
0 0.0854000222168 0.189439976406 0.0210606115369 0.0140404086173
0 0.0306000234216 0.102319972576 0.0246719885965 0.0164479934825
0 0.389600015529 0.0200599689587 0.0205086603928 0.0136724411636
0 0.412600015023 0.0612199707685 0.0209172565974 0.0139448386513
0 0.47960001355 0.0300799693992 0.0302619408366 0.020174628555
0 0.361600016144 0.198639976811 0.0346195748383 0.0230797180811
0 0.373400015885 0.170399975569 0.0403130117346 0.026875342929
0 0.47780001359 0.132419973899 0.0213192242437 0.0142128170999
0 0.48960001333 0.119179973317 0.0201247976146 0.013416532628
0 0.662800009522 0.149299974641 0.0237237090273 0.0158158070613
0 0.712600008428 0.155559974917 0.0199035818486 0.0132690554409
0 0.793600006647 0.178199975912 0.0273061974448 0.0182041328305
0 0.644200009931 0.217799977653 0.0234618315082 0.0156412220371
0 0.612600010626 0.221839977831 0.0221227638014 0.0147485101737
0 0.64700000987 0.227759978091 0.0199012074397 0.0132674725015
0 0.887000004593 0.18223997609 0.0204766058721 0.0136510714818
0 0.526200012526 0.0957399722864 0.0236183446307 0.0157455641256
0 0.632400010191 0.0666599710077 0.031952124265 0.0213014175816
0 0.63560001012 0.0420799699269 0.0396862667089 0.0264575128843
0 0.672400009311 0.0369199697 0.0232184545922 0.0154789707491
0 0.716400008344 0.0178599688619 0.0470158692302 0.0313439148875
0 0.677200009206 0.0585599706515 0.0204590946062 0.0136393973037
0 0.916000003956 0.251259979125 0.0210314260938 0.0140209516539
0 0.927400003705 0.238539978565 0.0391519257644 0.0261012855644
0 0.945600003305 0.225119977975 0.0323625012762 0.0215750022738
0 0.956200003072 0.207119977184 0.0204596882084 0.0136397930386
0 0.939200003446 0.203079977006 0.020054752551 0.0133698359158
0 0.906000004176 0.214559977511 0.0284069338545 0.0189379571521
0 0.88760000458 0.223839977919 0.0292296665512 0.0194864456527
0 0.941200003402 0.162659975229 0.0247723073741 0.016514872672
0 0.969400002782 0.158679975054 0.0211801234534 0.0141200832336
0 0.199000019719 0.819000004088 0.123707694958 0.0824718020782
