0 0.243200018747 0.368099984262 0.222566211053 0.148377483822
0 0.606400010762 0.342619983142 0.23266932108 0.155112890951
0 0.235400018919 0.810900003732 0.17336054318 0.115573703076
0 0.0668000226257 0.982700011286 0.0310728014886 0.0207152023587
0 0.044000023127 0.975300010961 0.0201483438366 0.0134322301103
0 0.0272000234963 0.980080011171 0.0307955892452 0.0205303941842
0 0.655400009685 0.973860010898 0.0353781984937 0.0235854672181
0 0.55740001184 0.923120008667 0.136131789721 0.0907545324666
0 0.652200009756 0.871700006406 0.0283172999171 0.0188782011899
0 0.522200012614 0.850540005475 0.0329123748126 0.0219415846556
0 0.218800019284 0.977080011039 0.0371658316222 0.0247772227157
0 0.30360001742 0.909000008046 0.0307203996289 0.02048026777
0 0.328000016883 0.882300006872 0.0375948081702 0.0250632070999
0 0.325800016932 0.909040008048 0.0218874994493 0.0145916672619
0 0.26400001829 0.892240007309 0.0239356250249 0.0159570844024
0 0.246600018673 0.867000006199 0.030654114046 0.0204360773786
0 0.277400017996 0.976520011015 0.0206730882117 0.0137820597168
0 0.262000018334 0.986940011473 0.0269380651258 0.0179587112684
0 0.461800013942 0.85678000575 0.0330216965574 0.0220144658236
0 0.431200014614 0.891560007279 0.0222460351988 0.0148306911107
0 0.375200015845 0.873680006493 0.0392308748615 0.0261539182994
0 0.504400013005 0.88612000704 0.0367610938322 0.0245073975045
0 0.478400013577 0.863680006053 0.0214830584603 0.0143220399182
0 0.430600014627 0.853440005603 0.0448051955761 0.0298701323542
0 0.371000015938 0.840980005055 0.0440531015453 0.0293687363006
0 0.338800016646 0.866840006192 0.0302669864556 0.0201779923012
0 0.497400013159 0.819980004132 0.0233942597872 0.0155961742202
0 0.296600017573 0.936820009269 0.0269287653575 0.0179525114224
0 0.161800020537 0.851760005529 0.0260019544024 0.0173346374116
0 0.144200020924 0.851800005531 0.0205614909916 0.0137076615652
0 0.124200021364 0.861820005971 0.0400433184528 0.0266955473959
0 0.21580001935 0.904640007854 0.112871486172 0.0752476624107
0 0.1726000203 0.94070000944 0.0219756493811 0.014650433887
0 0.129200021254 0.964060010467 0.0537874856513 0.0358583261326
0 0.0674000226125 0.955540010092 0.0608162307736 0.0405441565232
0 0.137000021082 0.912340008193 0.0232641619642 0.0155094423324
0 0.0254000235359 0.944600009611 0.0304493212752 0.0202995488557
0 0.125800021329 0.889880007205 0.0209174544648 0.0139449705629
0 0.0556000228719 0.887240007089 0.0450709315096 0.0300472896549
0 0.0496000230038 0.903280007794 0.0209128045806 0.01394187064
0 0.0904000221068 0.92206000862 0.0269168933128 0.0179445967254
0 0.088800022142 0.913340008237 0.0246135187764 0.0164090135999
0 0.0458000230874 0.936520009256 0.0288568843481 0.0192379241676
0 0.101200021869 0.849080005411 0.0348487053008 0.0232324717328
0 0.0900000221156 0.86544000613 0.0318775282508 0.0212516869022
0 0.140400021008 0.83608000484 0.0210561595202 0.014037440606
0 0.0738000224718 0.84838000538 0.0370905430722 0.0247270303457
0 0.0496000230038 0.839920005008 0.0321159584816 0.0214106403999
0 0.0280000234787 0.819540004112 0.020697524837 0.0137983508014
0 0.0330000233688 0.837340004895 0.0384910486102 0.025660700766
0 0.0194000236678 0.829700004559 0.0300040206658 0.0200026817632
0 0.071200022529 0.826660004425 0.032446298125 0.0216308668433
0 0.058600022806 0.814980003912 0.0305232247534 0.0203488178444
0 0.0914000220849 0.967260010608 0.073746173574 0.0491641189587
0 0.075200022441 0.749300001024 0.0261684598291 0.0174456410367
0 0.0820000222915 0.773120002071 0.0380778025215 0.0253852033553
0 0.115000021566 0.743500000769 0.0213223901222 0.0142149276857
0 0.0902000221112 0.737920000523 0.0210064947999 0.0140043307903
0 0.0506000229819 0.750200001063 0.0595401838373 0.0396934585095
0 0.050000022995 0.782840002499 0.0522103834486 0.0348069245948
0 0.0164000237338 0.765920001755 0.0427906085267 0.0285270742327
0 0.0186000236854 0.774720002141 0.0288524323313 0.0192349561562
0 0.062600022718 0.79698000312 0.0395856511302 0.0263904358274
0 0.0222000236062 0.800980003296 0.060682967072 0.0404553140496
0 0.0538000229115 0.71327999944 0.021113046401 0.0140753651957
0 0.172800020295 0.706619999147 0.0286775175396 0.0191183462874
0 0.177000020203 0.699779998846 0.0277768250828 0.0185178846099
0 0.0998000219002 0.65233999676 0.0407350629232 0.0271567104066
0 0.270000018158 0.735420000413 0.0391834856165 0.0261223254672
0 0.291200017692 0.752580001168 0.0345031298667 0.0230020880949
0 0.303200017428 0.812520003804 0.022867536738 0.0152450254975
0 0.317200017121 0.641479996283 0.0236080555253 0.0157387047216
0 0.381000015718 0.64437999641 0.022973791538 0.0153158620355
0 0.248200018638 0.646079996485 0.0451907402273 0.0301271621386
0 0.249400018611 0.630799995813 0.0387879486611 0.0258586341462
0 0.208800019504 0.62571999559 0.0253062525838 0.0168708361686
0 0.151600020761 0.642719996337 0.0315295784079 0.0210197203249
0 0.115800021548 0.63709999609 0.0203726265474 0.0135817519274
0 0.158600020607 0.668279997461 0.0411986662681 0.0274657793236
0 0.216000019345 0.659819997089 0.0274244232231 0.0182829500213
0 0.277200018 0.653319996803 0.0311027784014 0.0207351869686
0 0.263600018299 0.665659997346 0.0343054603227 0.0228703083902
0 0.291200017692 0.669819997529 0.0295307218177 0.0196871491769
0 0.278000017982 0.684039998154 0.0364800231742 0.0243200170535
0 0.327200016901 0.673879997707 0.0227130022897 0.0151420025252
0 0.32040001705 0.619699995325 0.0273144089423 0.0182096071626
0 0.28400001785 0.60069999449 0.026542330303 0.0176948880357
0 0.280200017934 0.57909999354 0.0370813422375 0.0247208964555
0 0.262400018325 0.589039993977 0.0361080324408 0.0240720232149
0 0.224800019152 0.577119993453 0.0297966556186 0.0198644383893
0 0.241800018778 0.57773999348 0.036587663046 0.0243917769728
0 0.201000019675 0.572199993237 0.035843384778 0.023895591428
0 0.22400001917 0.611139994949 0.0254260613014 0.0169507086523
0 0.190000019917 0.603619994618 0.027222400596 0.018148268261
0 0.323000016993 0.701319998914 0.0931009701571 0.0620673175318
0 0.477000013607 0.710019999297 0.11019928678 0.0734661960324
0 0.443000014355 0.782260002473 0.0529511990369 0.0353008016863
0 0.421000014839 0.802620003368 0.021248189843 0.0141654608296
0 0.413600015001 0.784100002554 0.028262886379 0.0188419254954
0 0.401200015274 0.755960001317 0.0315104842027 0.021006990854
0 0.432400014588 0.649479996635 0.107541927445 0.0716946230253
0 0.41000001508 0.712399999401 0.120188623046 0.0801257539821
0 0.577800011391 0.661499997163 0.0416436700764 0.0277624485487
0 0.723200008195 0.617459995227 0.0311452209612 0.0207634820103
0 0.843200005556 0.533539991537 0.0328909061984 0.0219272722452
0 0.719600008274 0.466279988579 0.0228244016424 0.0152162687652
0 0.719200008283 0.340219983036 0.0328971390219 0.0219314274611
0 0.735200007931 0.330919982627 0.033584926144 0.0223899522394
0 0.600400010894 0.413459986257 0.0353402079507 0.0235601401878
0 0.538000012266 0.582259993679 0.080354450447 0.0535696371646
0 0.287800017767 0.553039992394 0.0499026558292 0.0332684394137
0 0.308400017314 0.50813999042 0.0226590834201 0.0151060566097
0 0.394200015428 0.535359991617 0.0310989199869 0.020732614692
0 0.363800016096 0.542079991912 0.0307614571167 0.0205076394304
0 0.367400016017 0.568519993075 0.0257601604256 0.0171734414164
0 0.328800016866 0.521539991009 0.0238493548335 0.0158995709377
0 0.254600018497 0.476359989022 0.0814568687297 0.0543045827349
0 0.261400018347 0.502859990188 0.0297134523721 0.0198089695546
0 0.422400014808 0.506859990364 0.0395065041656 0.0263376711809
0 0.303400017424 0.532719991501 0.0277297326389 0.0184864896452
0 0.382200015692 0.431219987038 0.0210695155705 0.0140463446401
0 0.39820001534 0.433019987117 0.0831194496542 0.055412970091
0 0.431200014614 0.405639985913 0.0463695353308 0.0309130255928
0 0.464000013893 0.384099984966 0.0648163183629 0.0432108817586
0 0.335000016729 0.452299987964 0.122142563734 0.0814283811932
0 0.274600018057 0.435539987228 0.0200191364169 0.0133460918249
0 0.248000018642 0.619179995302 0.0300244010092 0.0200162686596
0 0.203600019618 0.484219989368 0.0499311487364 0.0332874346864
0 0.163800020493 0.490559989647 0.0291024378057 0.0194016264834
0 0.150000020797 0.470539988767 0.022018685543 0.0146791246635
0 0.149600020805 0.456179988135 0.0274100778358 0.0182733864291
0 0.136600021091 0.503799990229 0.0586166376945 0.0390777610404
0 0.187000019983 0.551539992328 0.0458643798294 0.0305762552363
0 0.107400021733 0.568659993081 0.0464709423792 0.0309806302961
0 0.0896000221244 0.595499994261 0.0218093418218 0.0145395621735
0 0.0786000223663 0.577099993452 0.0297203777315 0.0198135864612
0 0.0652000226609 0.595059994242 0.033777550069 0.0225183681979
0 0.209000019499 0.41261998622 0.0714396331591 0.0476264252473
0 0.151000020775 0.394619985428 0.0300604128781 0.0200402765738
0 0.15120002077 0.380699984816 0.0496501770122 0.0331001201913
0 0.0950000220057 0.331139982637 0.0381472539829 0.0254315043326
0 0.115600021553 0.352379983571 0.0217103091823 0.0144735404095
0 0.15940002059 0.306939981573 0.0354593241324 0.0236395509808
0 0.168800020383 0.374459984542 0.0246239068155 0.0164159389597
0 0.183000020071 0.344899983242 0.0433527498426 0.0289018351346
0 0.0584000228104 0.302699981386 0.045289673933 0.0301931179467
0 0.0660000226433 0.499839990055 0.0351469904235 0.0234313284944
0 0.209400019491 0.536299991658 0.022471208313 0.01498080653
0 0.174000020269 0.528759991326 0.0247638980091 0.0165092664283
0 0.059600022784 0.512679990619 0.0504909156433 0.033660612649
0 0.0658000226477 0.541379991881 0.0417753508387 0.0278502357294
0 0.0302000234304 0.533739991545 0.0547194411591 0.0364796298455
0 0.0964000219749 0.554779992471 0.0378872562043 0.0252581724688
0 0.0318000233952 0.419279986513 0.0211107709257 0.0140738482121
0 0.121400021425 0.338979982982 0.0268422972987 0.0178948660461
0 0.020800023637 0.246079978897 0.0451630387897 0.0301086945123
0 0.0774000223927 0.266979979816 0.0658351376643 0.043890094671
0 0.0966000219705 0.238719978573 0.0207850811665 0.0138567216916
0 0.034400023338 0.16041997513 0.0295440778679 0.019696053211
0 0.0622000227268 0.212139977405 0.0848859109697 0.0565906110456
0 0.0774000223927 0.243539978785 0.0255022402548 0.0170014946246
0 0.0728000224938 0.129279973761 0.0424019969307 0.0282679998182
0 0.0538000229115 0.10833997284 0.0218697903159 0.0145798611723
0 0.258400018413 0.279999980388 0.0350178819375 0.0233452561648
0 0.274200018066 0.275759980202 0.0236934353133 0.015795624584
0 0.234400018941 0.288279980752 0.0452580151471 0.0301720120881
0 0.248400018633 0.256859979371 0.0369888392227 0.0246592277749
0 0.335000016729 0.301099981316 0.0270342286878 0.0180228203139
0 0.196600019772 0.31777998205 0.0285622597725 0.0190415077709
0 0.200200019693 0.286259980664 0.0342520361216 0.0228346922538
0 0.107400021733 0.288659980769 0.0311258299549 0.0207505546719
0 0.136800021087 0.3120999818 0.0351550040536 0.0234366709149
0 0.168400020392 0.177739975892 0.0219663496127 0.014644234041
0 0.170800020339 0.139899974228 0.0392265217785 0.0261510162438
0 0.190200019913 0.118719973297 0.0283745825327 0.0189163896028
0 0.154200020704 0.108359972841 0.0387618301627 0.0258412218129
0 0.0820000222915 0.111039972959 0.0385567405908 0.0257044954226
0 0.275600018035 0.128559973729 0.0459075149251 0.0306050119687
0 0.275600018035 0.160219975122 0.0302829147822 0.0201886111864
0 0.314400017182 0.143879974403 0.0217227748293 0.0144818508413
0 0.337400016676 0.129779973783 0.0353237849556 0.0235491915236
0 0.311600017244 0.125979973616 0.0199694716966 0.0133129820092
0 0.365200016065 0.117299973234 0.0411125939441 0.0274083977705
0 0.2408000188 0.384099984966 0.0508202659496 0.0338801795343
0 0.434200014548 0.334579982788 0.0245490140003 0.016366010413
0 0.47460001366 0.3530399836 0.0235688777778 0.0157125862216
0 0.555400011884 0.246659978922 0.0243965571598 0.0162643725126
0 0.462200013933 0.200619976898 0.0428930049121 0.0285953384941
0 0.399800015305 0.202779976993 0.0473188042371 0.031545871572
0 0.373400015885 0.186379976272 0.0431450879943 0.0287633938933
0 0.394200015428 0.268419979879 0.0431327212811 0.0287551494173
0 0.40500001519 0.250939979111 0.0232884007221 0.0155256015054
0 0.435800014513 0.205379977107 0.0231753194965 0.0154502140167
0 0.493400013247 0.239299978599 0.033779231942 0.0225194894466
0 0.432800014579 0.32211998224 0.0212335476545 0.01415569937
0 0.376400015819 0.29935998124 0.0242888183543 0.0161925466375
0 0.412600015023 0.321699982222 0.0253342508225 0.0168895016623
0 0.511600012847 0.373339984493 0.0426249935034 0.0284166642098
0 0.51280001282 0.329579982568 0.0255562580582 0.0170375064958
0 0.700000008705 0.304459981464 0.0665866380929 0.0443910949898
0 0.716000008353 0.296159981099 0.0724484601562 0.0482989766231
0 0.622800010402 0.19565997668 0.0289924235249 0.0193282836247
0 0.624000010376 0.209039977268 0.035333381525 0.023555589237
0 0.584400011246 0.149819974664 0.0312848164199 0.0208565456556
0 0.573800011479 0.172499975662 0.0268012398108 0.0178674943857
0 0.579400011356 0.176139975822 0.0558654892061 0.0372436619271
0 0.547600012055 0.181839976072 0.0239391866383 0.0159594588115
0 0.542600012165 0.213199977451 0.0382780443418 0.025518697911
0 0.50280001304 0.174759975761 0.024219663694 0.0161464435276
0 0.464800013876 0.14767997457 0.0280384058007 0.0186922717667
0 0.463600013902 0.123819973521 0.0423352166793 0.0282234796477
0 0.562000011739 0.153859974842 0.0249059668105 0.0166039789688
0 0.545800012095 0.1551799749 0.0517827919725 0.0345218635919
0 0.508000012926 0.197859976777 0.0752551104535 0.0501700769447
0 0.660400009575 0.176959975858 0.0343614568001 0.0229076393776
0 0.690600008911 0.198719976814 0.0270266107924 0.0180177417167
0 0.728000008089 0.170799975587 0.0423249275739 0.0282166202437
0 0.715600008362 0.158999975068 0.0488919490916 0.0325946348776
0 0.695400008806 0.134519973992 0.046660598293 0.0311070675804
0 0.687200008986 0.15767997501 0.0209142885862 0.0139428599771
0 0.673000009298 0.150419974691 0.022785520696 0.0151903481326
0 0.673600009285 0.115479973154 0.0656535943143 0.043769065763
0 0.650200009799 0.087679971932 0.0205816734676 0.01372111655
0 0.715400008366 0.100279972486 0.0454777469075 0.030318499938
0 0.736200007909 0.192799976554 0.0317916537943 0.0211944372608
0 0.714400008388 0.204659977076 0.058502171397 0.0390014501704
0 0.755000007495 0.123139973491 0.112600407818 0.0750669434964
0 0.744600007724 0.155839974929 0.0223648545793 0.0149099040363
0 0.72840000808 0.125279973585 0.0463138356545 0.0308758924728
0 0.765600007262 0.227179978066 0.0789958928002 0.0526639320069
0 0.759400007399 0.268619979888 0.0539599271004 0.0359732871062
0 0.794600006625 0.248339978996 0.0512715025814 0.0341810039754
0 0.938600003459 0.264699979716 0.0836443918967 0.055762931609
0 0.972000002725 0.282659980505 0.0714707972764 0.0476472013269
0 0.934800003542 0.331479982652 0.0220353064056 0.0146902052393
0 0.894800004422 0.280959980431 0.0497894756698 0.0331929859692
0 0.89260000447 0.206159977142 0.0318062959827 0.0212041987204
0 0.713800008401 0.239139978592 0.0447075480086 0.0298050339715
0 0.700000008705 0.254319979259 0.0215478600376 0.0143652409725
0 0.867800005016 0.258319979435 0.030426863324 0.0202845768872
0 0.895000004417 0.256259979345 0.0331250822799 0.0220833896431
0 0.977600002602 0.23385997836 0.0238059229367 0.0158706163379
0 0.951600003173 0.229499978168 0.0498707002422 0.0332471356877
0 0.96720000283 0.202819976995 0.0767982783952 0.0511988556403
0 0.869800004972 0.173119975689 0.101204234257 0.0674694939547
0 0.937600003481 0.169579975533 0.0602189679922 0.0401459813093
0 0.959400003002 0.144619974436 0.0215765508122 0.0143843681569
0 0.828200005886 0.149799974663 0.0355522228821 0.0237014834846
0 0.78980000673 0.175019975772 0.0809665532842 0.0539777057496
0 0.755400007487 0.363419984056 0.0328291715661 0.0218861158209
0 0.984000002461 0.0713999712161 0.0231071541733 0.0154047704649
0 0.938000003472 0.0326399695118 0.0266188060575 0.0177458718754
0 0.911800004048 0.0373999697211 0.0449387560788 0.0299591726952
0 0.964000002901 0.118319973279 0.0434859146105 0.0289906116524
0 0.897200004369 0.130479973814 0.0242487502035 0.0161658345352
0 0.90900000411 0.117679973251 0.0542964995672 0.0361976687656
0 0.892200004479 0.0582199706366 0.0501080422022 0.0334053636714
0 0.879800004752 0.104859972687 0.0247254127976 0.0164836096189
0 0.845000005517 0.0445199700342 0.0341513216092 0.0227675492411
0 0.840200005622 0.0605199707377 0.0356509587204 0.0237673073812
0 0.837000005693 0.0951199722591 0.0287648760018 0.019176585266
0 0.810200006282 0.0576999706137 0.0283470789626 0.0188980538881
0 0.783200006875 0.0604999707368 0.0332802103304 0.0221868083503
0 0.766200007249 0.0735399713102 0.0254513883301 0.0169675933392
0 0.656200009668 0.0723399712574 0.0220756713575 0.014717115209
0 0.667600009417 0.0563999705566 0.0204336686438 0.013622446661
0 0.655400009685 0.041559969904 0.0258159590356 0.0172106404922
0 0.797800006554 0.0449199700518 0.0314455836917 0.0209637238438
0 0.829000005869 0.0177599688575 0.0247013719071 0.0164675823575
0 0.611600010648 0.0306799694256 0.0320750988612 0.0213834006511
0 0.563000011717 0.0650799709382 0.120886105671 0.0805907424296
0 0.592200011075 0.0930799721694 0.0270701416229 0.0180467622722
0 0.644000009936 0.0672599710341 0.0344033057577 0.0229355386845
0 0.492000013278 0.0384799697686 0.0344480237926 0.0229653507098
0 0.470600013748 0.0676399710508 0.0582868916533 0.0388579303318
0 0.54740001206 0.122739973474 0.0203573907567 0.013571594733
0 0.474800013656 0.0940999722142 0.032757939298 0.021838627639
0 0.417200014922 0.0988199724218 0.0234262153742 0.0156174779462
0 0.397800015349 0.117539973245 0.0222291175351 0.0148194126675
0 0.414600014979 0.150939974714 0.0437898389544 0.0291932278951
0 0.411600015045 0.128559973729 0.0234833990561 0.0156556004033
0 0.433600014562 0.125199973582 0.0245664263325 0.0163776186352
0 0.394000015432 0.098619972413 0.0412394269549 0.0274929531166
0 0.395400015401 0.0693999711282 0.0319015691413 0.0212677141636
0 0.405400015181 0.0544799704721 0.0288694489287 0.0192463005552
0 0.298800017525 0.055499970517 0.0211316459376 0.0140877648876
0 0.289000017741 0.0435999699937 0.021437450022 0.0142916342906
0 0.360800016162 0.135599974039 0.0256608309851 0.017107221785
0 0.228200019077 0.147919974581 0.0218864111785 0.014590941748
0 0.219600019266 0.0273199692779 0.0200111227868 0.0133407494044
0 0.158400020612 0.0369799697026 0.0219892032987 0.0146594698327
0 0.110400021667 0.0457999700905 0.0270148376814 0.0180098929755
0 0.335000016729 0.841740005088 0.0217368234155 0.0144912165661
0 0.284200017846 0.914360008282 0.0227491130923 0.0151660763952
0 0.359200016197 0.730080000179 0.142661414298 0.095107615805
0 0.476600013616 0.824440004328 0.0347779677012 0.02318531333
0 0.0242000235623 0.0539199704475 0.0650632568923 0.0433755074557
