0 0.896600004382 0.895699992355 0.165725840041 0.110483893361
0 0.835800005719 0.887339992539 0.154710560521 0.103140373681
0 0.656200009668 0.815379994121 0.165004613279 0.110003075519
0 0.562000011739 0.648519997789 0.320962727911 0.213975151941
0 0.0424000231621 0.955999991029 0.0361955911576 0.0241303941051
0 0.230000019038 0.971659990685 0.0345949426274 0.0230632950849
0 0.211800019438 0.991219990255 0.0223620859105 0.0149080572736
0 0.189200019935 0.954359991065 0.0301200718892 0.0200800479261
0 0.153800020713 0.952079991115 0.0308276457991 0.0205517638661
0 0.398000015344 0.947119991224 0.0581679771756 0.0387786514504
0 0.391200015494 0.923239991749 0.0350747711317 0.0233831807545
0 0.368000016004 0.916439991899 0.0292091892006 0.0194727928004
0 0.297400017556 0.92957999161 0.0273242051814 0.0182161367876
0 0.364800016074 0.899259992277 0.0387389790318 0.0258259860212
0 0.426800014711 0.978599990532 0.0244440469508 0.0162960313005
0 0.412600015023 0.969659990729 0.0210297456078 0.0140198304052
0 0.450200014197 0.984419990404 0.0268988891525 0.0179325927683
0 0.513800012798 0.961299990913 0.0211714186837 0.0141142791225
0 0.90760000414 0.715979996306 0.0238264037853 0.0158842691902
0 0.86940000498 0.716899996286 0.031972209916 0.0213148066106
0 0.882200004699 0.703859996573 0.0394248864587 0.0262832576392
0 0.867400005024 0.77719999496 0.0348664167337 0.0232442778225
0 0.859800005191 0.760559995326 0.0208418704883 0.0138945803255
0 0.856400005266 0.751619995523 0.0207635149882 0.0138423433254
0 0.707400008542 0.881039992677 0.0386736827817 0.0257824551878
0 0.655400009685 0.890119992478 0.0310203686705 0.0206802457804
0 0.654800009698 0.871259992892 0.0269133334745 0.0179422223163
0 0.657800009632 0.842839993517 0.0418902156339 0.0279268104226
0 0.789000006748 0.803079994391 0.0198857750932 0.0132571833955
0 0.750600007592 0.846719993432 0.0199724410251 0.0133149606834
0 0.776000007034 0.829179993817 0.0282390452184 0.0188260301456
0 0.767400007223 0.813359994165 0.0471974156931 0.0314649437954
0 0.740200007821 0.830779993782 0.0226551275661 0.0151034183774
0 0.756400007465 0.801279994431 0.0796216537403 0.0530811024935
0 0.693800008841 0.7662799952 0.0332134322697 0.0221422881798
0 0.676000009232 0.742599995721 0.026545300065 0.01769686671
0 0.656000009672 0.740679995763 0.0293213800303 0.0195475866869
0 0.632400010191 0.747459995614 0.0335899739785 0.0223933159856
0 0.698000008749 0.732359995946 0.0472851698959 0.0315234465973
0 0.735200007931 0.753799995475 0.0322356703917 0.0214904469278
0 0.725000008155 0.727679996049 0.0270713306129 0.0180475537419
0 0.76160000735 0.737559995832 0.034962580302 0.023308386868
0 0.826000005934 0.738499995811 0.048362953757 0.0322419691713
0 0.817400006124 0.757519995393 0.0341315371192 0.0227543580795
0 0.856800005257 0.729879996001 0.0299963058152 0.0199975372101
0 0.828000005891 0.715139996325 0.0242372754922 0.0161581836615
0 0.798600006537 0.712519996382 0.0232511042486 0.0155007361658
0 0.775800007038 0.708299996475 0.0247857639928 0.0165238426619
0 0.73980000783 0.71851999625 0.0283154220443 0.0188769480295
0 0.759200007403 0.707559996491 0.0199449374531 0.0132966249687
0 0.769600007174 0.690419996868 0.027765449538 0.018510299692
0 0.793800006642 0.676459997175 0.0260782340095 0.0173854893397
0 0.767600007218 0.674579997216 0.0242284703918 0.0161523135945
0 0.754400007509 0.680479997087 0.0231255573678 0.0154170382452
0 0.893400004453 0.801219994432 0.0292289759431 0.0194859839621
0 0.539600012231 0.860279993134 0.0323208523179 0.0215472348786
0 0.487600013374 0.849919993361 0.116353960287 0.0775693068579
0 0.588600011154 0.80131999443 0.0218100357962 0.0145400238641
0 0.574000011475 0.82905999382 0.0210230181154 0.0140153454102
0 0.559600011791 0.831379993769 0.0369826088385 0.024655072559
0 0.572800011501 0.765799995211 0.0327120362161 0.021808024144
0 0.546400012082 0.760459995328 0.0433692746319 0.0289128497546
0 0.548200012042 0.781959994856 0.0347997354117 0.0231998236078
0 0.52420001257 0.765079995227 0.03378883074 0.02252588716
0 0.495000013212 0.765899995209 0.0248529399834 0.0165686266556
0 0.489200013339 0.756179995422 0.0260137292291 0.0173424861527
0 0.453400014126 0.736699995851 0.0310121571724 0.0206747714483
0 0.455400014082 0.758959995361 0.02735081835 0.0182338789
0 0.465800013854 0.798959994482 0.022481894636 0.0149879297573
0 0.452200014153 0.808299994276 0.0232340876501 0.0154893917667
0 0.511200012855 0.811219994212 0.0527530383038 0.0351686922025
0 0.576800011413 0.789819994683 0.026907298518 0.017938199012
0 0.550600011989 0.885419992581 0.0308419911874 0.0205613274583
0 0.627600010296 0.704919996549 0.0530553797284 0.0353702531522
0 0.611400010653 0.670539997305 0.0332280744591 0.0221520496394
0 0.588600011154 0.66849999735 0.0206381659748 0.0137587773165
0 0.579000011365 0.683619997018 0.0306920076796 0.0204613384531
0 0.581600011308 0.70899999646 0.0212840052482 0.0141893368322
0 0.561400011752 0.664379997441 0.051143287872 0.034095525248
0 0.535200012328 0.654159997665 0.0435413203575 0.029027546905
0 0.536400012301 0.624859998309 0.0345677358565 0.0230451572377
0 0.484200013449 0.620039998415 0.0251085846959 0.0167390564639
0 0.428600014671 0.643119997908 0.0301614261809 0.0201076174539
0 0.438800014447 0.653239997686 0.0217749143284 0.0145166095522
0 0.431600014605 0.668799997343 0.0283412437432 0.0188941624955
0 0.462600013924 0.69485999677 0.0260125420246 0.017341694683
0 0.441600014386 0.714019996349 0.0311593705362 0.0207729136908
0 0.495200013207 0.666819997387 0.0210999885435 0.014066659029
0 0.518600012693 0.668879997342 0.0332147184079 0.0221431456053
0 0.539600012231 0.723779996135 0.0223750462268 0.0149166974845
0 0.612400010631 0.743919995692 0.0213598874055 0.014239924937
0 0.571200011536 0.719099996238 0.0216730126047 0.0144486750698
0 0.440400014412 0.803659994378 0.0328620197238 0.0219080131492
0 0.365600016057 0.774599995017 0.0398294264081 0.0265529509387
0 0.355200016285 0.813459994163 0.0331239961938 0.0220826641292
0 0.280200017934 0.779179994917 0.037771110525 0.02518074035
0 0.349400016413 0.738339995815 0.0342924033353 0.0228616022236
0 0.354600016298 0.758019995382 0.0221788606754 0.0147859071169
0 0.350800016382 0.712799996376 0.0231536545421 0.0154357696947
0 0.359600016188 0.694799996772 0.0447017138683 0.0298011425788
0 0.352600016342 0.677279997157 0.029296053 0.019530702
0 0.344800016514 0.663899997451 0.0213172469755 0.0142114979837
0 0.277400017996 0.69079999686 0.040392260297 0.0269281735313
0 0.25580001847 0.711339996408 0.0695995697571 0.0463997131714
0 0.318200017099 0.636059998063 0.0386214457817 0.0257476305211
0 0.328200016879 0.674299997222 0.0228368687955 0.015224579197
0 0.332000016795 0.685059996986 0.0293695607482 0.0195797071654
0 0.326200016923 0.722239996169 0.0436949644126 0.029129976275
0 0.409800015085 0.68625999696 0.0228987023656 0.0152658015771
0 0.117400021513 0.84863999339 0.0286883032057 0.0191255354705
0 0.0772000223971 0.88957999249 0.0207101897173 0.0138067931448
0 0.0510000229731 0.869299992935 0.0279970533583 0.0186647022389
0 0.0278000234831 0.852099993314 0.0276781900038 0.0184521266692
0 0.0406000232017 0.842559993523 0.022107133734 0.014738089156
0 0.0462000230786 0.793559994601 0.0318591286829 0.0212394191219
0 0.0874000221728 0.784319994804 0.0297492683357 0.0198328455572
0 0.0692000225729 0.785359994781 0.0307048690622 0.0204699127081
0 0.019800023659 0.77221999507 0.020412201376 0.0136081342507
0 0.189600019926 0.750219995553 0.102339999949 0.0682266666324
0 0.106000021764 0.720199996213 0.114253597576 0.0761690650507
0 0.173000020291 0.697759996707 0.0350091780805 0.0233394520537
0 0.118200021496 0.676599997172 0.127672966304 0.0851153108692
0 0.174200020264 0.652459997703 0.0445999110784 0.0297332740523
0 0.206000019565 0.691619996842 0.020399834662 0.0135998897747
0 0.0954000219969 0.855019993249 0.0309015492821 0.0206010328548
0 0.168400020392 0.811179994213 0.0200548528074 0.0133699018716
0 0.0282000234743 0.513620000755 0.0554180157103 0.0369453438069
0 0.0734000224806 0.480340001487 0.0360401662957 0.0240267775305
0 0.0786000223663 0.515260000719 0.0273056056435 0.0182037370957
0 0.0366000232897 0.613839998552 0.0630027687589 0.0420018458392
0 0.156600020651 0.686539996953 0.021997119446 0.0146647462974
0 0.188600019948 0.597919998902 0.0219540832812 0.0146360555208
0 0.180800020119 0.617639998468 0.0400992186413 0.0267328124276
0 0.129200021254 0.599579998865 0.0302028794063 0.0201352529376
0 0.158200020616 0.499460001066 0.0212700555948 0.0141800370632
0 0.248200018638 0.532140000348 0.057509474387 0.0383396495913
0 0.278200017978 0.536620000249 0.0238647900656 0.0159098600438
0 0.276400018018 0.562599999678 0.0224061114124 0.0149374076083
0 0.210600019464 0.538600000206 0.0263798828981 0.0175865885987
0 0.204600019596 0.57207999947 0.0261065290512 0.0174043527008
0 0.393600015441 0.579039999317 0.029052972869 0.0193686485793
0 0.381200015714 0.559759999741 0.0331346810347 0.0220897873565
0 0.415600014957 0.567359999574 0.022679564193 0.015119709462
0 0.506800012952 0.578239999334 0.0236128059006 0.0157418706004
0 0.52100001264 0.593539998998 0.0231785858376 0.0154523905584
0 0.520000012662 0.549179999973 0.0262786737105 0.017519115807
0 0.467600013814 0.547460000011 0.0221043635901 0.0147362423934
0 0.47960001355 0.562299999685 0.0312940193186 0.0208626795457
0 0.367200016021 0.540840000157 0.0366863023703 0.0244575349135
0 0.361400016149 0.566459999593 0.0420826417042 0.0280550944695
0 0.314800017173 0.602739998796 0.025907177621 0.0172714517474
0 0.302600017442 0.522720000555 0.0236527751203 0.0157685167469
0 0.312600017222 0.516300000696 0.0219686265369 0.0146457510246
0 0.373200015889 0.516720000687 0.0203254365104 0.0135502910069
0 0.354000016312 0.491280001246 0.0905476950523 0.0603651300348
0 0.416800014931 0.495740001148 0.035341100685 0.02356073379
0 0.430000014641 0.516540000691 0.0198936897902 0.0132624598601
0 0.454800014095 0.56751999957 0.0220423321525 0.0146948881017
0 0.577200011404 0.508960000858 0.034251939447 0.022834626298
0 0.541600012187 0.522780000554 0.0292040446476 0.0194693630984
0 0.521800012622 0.519000000637 0.0267281295652 0.0178187530434
0 0.501600013067 0.495920001144 0.022811244964 0.0152074966427
0 0.476600013616 0.508960000858 0.0231671095269 0.0154447396846
0 0.462400013928 0.492260001225 0.0333475863835 0.0222317242557
0 0.497400013159 0.459240001951 0.0317805753154 0.0211870502102
0 0.522200012614 0.497620001107 0.0285805643931 0.0190537095954
0 0.480800013524 0.601559998822 0.0207173129445 0.013811541963
0 0.335200016725 0.552339999904 0.0255687253915 0.0170458169277
0 0.345600016496 0.544600000074 0.0211419364375 0.0140946242916
0 0.28040001793 0.574719999412 0.0236771128135 0.0157847418757
0 0.598200010943 0.645279997861 0.0242416285755 0.016161085717
0 0.587800011171 0.653599997678 0.0232443767562 0.0154962511708
0 0.71520000837 0.664239997444 0.0442689778109 0.029512651874
0 0.746200007689 0.641579997942 0.0205191487189 0.0136794324793
0 0.66520000947 0.57433999942 0.0297095959171 0.0198063972781
0 0.637200010085 0.537320000234 0.0673895884931 0.0449263923288
0 0.603400010828 0.541800000136 0.0284292947471 0.0189528631647
0 0.605000010793 0.508660000864 0.0395381655592 0.0263587770395
0 0.618200010503 0.477500001549 0.0403594143045 0.026906276203
0 0.648200009843 0.498220001094 0.0277709898259 0.0185139932172
0 0.640200010019 0.512980000769 0.0307883691153 0.0205255794102
0 0.691400008894 0.536100000261 0.0770110898755 0.0513407265837
0 0.65700000965 0.478560001526 0.0201121354268 0.0134080902845
0 0.679400009158 0.476200001578 0.0226831258067 0.0151220838711
0 0.663000009518 0.463080001866 0.031701626213 0.0211344174753
0 0.711000008463 0.474520001615 0.0251720012054 0.0167813341369
0 0.593400011048 0.468500001747 0.0371037037022 0.0247358024682
0 0.567000011629 0.464500001835 0.0298522583302 0.0199015055534
0 0.548200012042 0.451660002117 0.0351207753079 0.0234138502053
0 0.675600009241 0.591519999042 0.0238857640126 0.0159238426751
0 0.85440000531 0.571019999493 0.0457073750532 0.0304715833688
0 0.859000005209 0.602859998793 0.0250131136636 0.016675409109
0 0.863000005121 0.61845999845 0.020001032868 0.013334021912
0 0.887400004585 0.627139998259 0.0359723967028 0.0239815978019
0 0.864200005095 0.655799997629 0.020004099813 0.013336066542
0 0.857800005235 0.639719997983 0.0289326694749 0.0192884463166
0 0.822200006018 0.617519998471 0.0278380668828 0.0185587112552
0 0.804000006418 0.598259998894 0.0502298329069 0.0334865552713
0 0.827000005912 0.582299999245 0.0328528188886 0.0219018792591
0 0.76800000721 0.57433999942 0.0266684725367 0.0177789816911
0 0.776000007034 0.633079998129 0.063348245282 0.0422321635213
0 0.842400005574 0.677439997153 0.0296443986008 0.0197629324005
0 0.819200006084 0.676419997176 0.021845157264 0.014563438176
0 0.80620000637 0.662779997476 0.0307670983672 0.0205113989115
0 0.747000007671 0.660479997526 0.0223211273536 0.0148807515691
0 0.750800007588 0.619259998433 0.0256841810337 0.0171227873558
0 0.775800007038 0.54798 0.0253455309367 0.0168970206244
0 0.775200007051 0.52478000051 0.0519379234487 0.0346252822991
0 0.807800006335 0.527280000455 0.0284222704535 0.0189481803023
0 0.878400004782 0.549279999971 0.0249703742999 0.0166469161999
0 0.870000004967 0.531860000354 0.0403094527798 0.0268729685199
0 0.867200005029 0.495020001164 0.0247483670496 0.0164989113664
0 0.860600005174 0.473320001641 0.0207554024238 0.0138369349492
0 0.978400002584 0.518640000645 0.0382698353684 0.0255132235789
0 0.96720000283 0.602519998801 0.0390212369128 0.0260141579419
0 0.932800003586 0.6070999987 0.0434905673631 0.0289937115754
0 0.903600004228 0.581859999255 0.0228870281876 0.0152580187917
0 0.962000002944 0.622319998365 0.020266076283 0.013510717522
0 0.905600004184 0.63803999802 0.0253266345976 0.0168844230651
0 0.959600002997 0.546840000025 0.0345629870383 0.0230419913589
0 0.967800002817 0.41786000286 0.0612748914747 0.0408499276498
0 0.946400003287 0.462580001877 0.0274623166437 0.0183082110958
0 0.884000004659 0.459100001954 0.0448720777207 0.0299147184805
0 0.921200003841 0.431180002568 0.0714400336058 0.0476266890705
0 0.942800003367 0.272940006046 0.0355955581929 0.0237303721286
0 0.971200002742 0.229580007 0.0284499718929 0.0189666479286
0 0.963200002918 0.217500007265 0.0306198850034 0.0204132566689
0 0.97860000258 0.441780002335 0.0201348901806 0.0134232601204
0 0.748600007636 0.315780005105 0.0278744744889 0.0185829829926
0 0.729000008067 0.375420003793 0.157188850012 0.104792566675
0 0.728800008071 0.470780001697 0.0238998125998 0.0159332083998
0 0.703000008639 0.488640001304 0.0365456186315 0.0243637457543
0 0.526800012512 0.47292000165 0.0215998016577 0.0143998677718
0 0.498600013132 0.299760005457 0.0384494989898 0.0256329993265
0 0.619600010472 0.354420004255 0.0225587661304 0.0150391774203
0 0.596800010974 0.337660004624 0.0476194669095 0.031746311273
0 0.557200011844 0.394600003372 0.0534314267686 0.035620951179
0 0.556000011871 0.369500003924 0.0291448822877 0.0194299215251
0 0.46140001395 0.33190000475 0.0332681426126 0.0221787617417
0 0.448200014241 0.35876000416 0.0236309107699 0.0157539405133
0 0.748800007632 0.241920006728 0.0404315369807 0.0269543579872
0 0.737000007891 0.25778000638 0.025751455958 0.0171676373053
0 0.732600007988 0.292960005606 0.0288377920449 0.0192251946966
0 0.694400008828 0.275660005987 0.047433669398 0.0316224462653
0 0.634600010142 0.267500006166 0.0356237543009 0.0237491695339
0 0.612600010626 0.237200006832 0.0847256439546 0.0564837626364
0 0.569600011572 0.348520004385 0.0224893146644 0.0149928764429
0 0.628000010288 0.365080004021 0.0209818616911 0.013987907794
0 0.412400015028 0.39150000344 0.0199892597562 0.0133261731708
0 0.424600014759 0.408700003062 0.0347783657298 0.0231855771532
0 0.385800015612 0.449080002174 0.020883917316 0.013922611544
0 0.362000016136 0.454920002046 0.0371459483974 0.0247639655982
0 0.356200016263 0.431140002568 0.0213308998278 0.0142205998852
0 0.425200014746 0.453680002073 0.0253681867568 0.0169121245045
0 0.288800017745 0.40650000311 0.0244018022556 0.0162678681704
0 0.269200018176 0.414160002942 0.0254438710466 0.0169625806978
0 0.282600017881 0.429340002608 0.0232855331805 0.015523688787
0 0.281200017912 0.463940001847 0.0237569523193 0.0158379682129
0 0.320000017059 0.471840001674 0.0198578757863 0.0132385838576
0 0.234600018937 0.436920002441 0.0253325706204 0.0168883804136
0 0.366400016039 0.364320004037 0.0298592826237 0.0199061884158
0 0.367800016008 0.298400005487 0.0472126514848 0.0314751009899
0 0.353800016316 0.324900004904 0.0338959759504 0.0225973173003
0 0.346400016479 0.347880004399 0.0307006149126 0.0204670766084
0 0.292800017657 0.348520004385 0.021756809459 0.0145045396393
0 0.261200018352 0.350700004337 0.0215906997562 0.0143937998374
0 0.28220001789 0.37192000387 0.0242283714581 0.0161522476387
0 0.345000016509 0.404500003154 0.0432972508894 0.0288648339262
0 0.347800016448 0.365280004016 0.0325051658238 0.0216701105492
0 0.264400018281 0.455960002023 0.0204087386961 0.0136058257974
0 0.268000018202 0.485560001372 0.0256149274351 0.0170766182901
0 0.2590000184 0.447400002211 0.0300708029005 0.0200472019337
0 0.300800017481 0.304740005347 0.0312602829227 0.0208401886151
0 0.437200014482 0.3387200046 0.0290651417156 0.0193767611437
0 0.395600015397 0.303600005372 0.033213333336 0.022142222224
0 0.225600019134 0.372660003854 0.0283815097641 0.0189210065094
0 0.302600017442 0.327900004838 0.0319527199747 0.0213018133164
0 0.328800016866 0.317840005059 0.033211255728 0.022140837152
0 0.296800017569 0.426200002677 0.020969494977 0.013979663318
0 0.180600020124 0.440360002366 0.0266630311825 0.0177753541217
0 0.134600021135 0.458160001974 0.0430433869838 0.0286955913225
0 0.11300002161 0.445540002252 0.0325660100568 0.0217106733712
0 0.0964000219749 0.432120002547 0.0329937994285 0.0219958662857
0 0.105000021786 0.486720001346 0.0298278217032 0.0198852144688
0 0.200600019684 0.410260003027 0.0660482452226 0.0440321634818
0 0.20580001957 0.356680004205 0.0548258974425 0.036550598295
0 0.170000020357 0.35010000435 0.061781531015 0.0411876873434
0 0.132000021192 0.304780005346 0.0465161581507 0.0310107721005
0 0.157000020643 0.325400004893 0.0257874678292 0.0171916452195
0 0.139000021038 0.330240004787 0.0706330313151 0.0470886875434
0 0.0750000224454 0.330300004785 0.0257103984674 0.0171402656449
0 0.0770000224014 0.35376000427 0.0239368138081 0.0159578758721
0 0.0792000223531 0.369160003931 0.0278318340589 0.0185545560393
0 0.32360001698 0.41696000288 0.0279880503905 0.0186587002603
0 0.263600018299 0.313180005162 0.0220272942283 0.0146848628188
0 0.244200018726 0.30282000539 0.0246677360741 0.0164451573828
0 0.233800018954 0.312000005188 0.0197993070287 0.0131995380191
0 0.201200019671 0.282500005836 0.0322147953784 0.0214765302522
0 0.180200020133 0.267920006157 0.0355799266664 0.0237199511109
0 0.0974000219529 0.328520004825 0.0497674167359 0.0331782778239
0 0.0352000233204 0.320860004993 0.0238353078194 0.0158902052129
0 0.0402000232105 0.295240005556 0.0270941843004 0.0180627895336
0 0.228000019082 0.267380006169 0.0327080788676 0.0218053859117
0 0.279400017952 0.292040005627 0.0409960527427 0.0273307018285
0 0.274200018066 0.326960004859 0.0204133885806 0.0136089257204
0 0.0514000229643 0.35284000429 0.0278432114358 0.0185621409572
0 0.0516000229599 0.366000004001 0.0252859728419 0.0168573152279
0 0.0138000237909 0.333380004718 0.0265402544456 0.0176935029638
0 0.0336000233556 0.0504200109387 0.023413949139 0.015609299426
0 0.127200021298 0.0484000109831 0.0474166527995 0.0316111018663
0 0.152000020753 0.078060010331 0.0440004717159 0.0293336478106
0 0.176000020225 0.0933400099951 0.0254530718819 0.0169687145879
0 0.140600021003 0.11496000952 0.0983272485803 0.0655514990535
0 0.0836000222563 0.0980800098908 0.156232161015 0.10415477401
0 0.106200021759 0.022840011545 0.0413628989477 0.0275752659651
0 0.0634000227005 0.129900009191 0.0377613160875 0.025174210725
0 0.0390000232369 0.269640006119 0.0341856538598 0.0227904359066
0 0.165800020449 0.195100007758 0.0556222148923 0.0370814765949
0 0.208200019517 0.230380006982 0.0235719462774 0.0157146308516
0 0.185600020014 0.239200006788 0.0290273490375 0.019351566025
0 0.162800020515 0.24686000662 0.019970066616 0.013313377744
0 0.144800020911 0.257560006385 0.0213758157332 0.0142505438221
0 0.243000018752 0.202140007603 0.0380665265897 0.0253776843931
0 0.213800019394 0.20000000765 0.0316494881467 0.0210996587644
0 0.204600019596 0.178460008124 0.0274501477971 0.0183000985314
0 0.226000019126 0.168880008334 0.0224043306056 0.0149362204037
0 0.228800019064 0.160660008515 0.0288175106339 0.0192116737559
0 0.227200019099 0.137560009023 0.0325127837196 0.0216751891464
0 0.259400018391 0.168720008338 0.0302537313344 0.0201691542229
0 0.329200016857 0.1931600078 0.0349666365842 0.0233110910561
0 0.334200016747 0.220200007206 0.0548725941547 0.0365817294365
0 0.3136000172 0.239300006786 0.0238173018838 0.0158782012558
0 0.294600017617 0.257000006397 0.0284455198759 0.0189636799173
0 0.286000017807 0.243980006683 0.0269640864689 0.0179760576459
0 0.272800018097 0.256440006409 0.0310378799376 0.0206919199584
0 0.238600018849 0.0944200099713 0.0316802565312 0.0211201710208
0 0.224400019161 0.109000009651 0.0213132896271 0.0142088597514
0 0.216000019345 0.0848400101819 0.0369652954388 0.0246435302925
0 0.203200019627 0.0699200105099 0.0313351757429 0.0208901171619
0 0.321200017033 0.12676000926 0.0475412103432 0.0316941402288
0 0.285200017824 0.1704200083 0.0274046382894 0.0182697588596
0 0.360800016162 0.234980006881 0.0279626244265 0.0186417496176
0 0.304200017406 0.186520007946 0.026799361838 0.0178662412253
0 0.302600017442 0.211240007403 0.0338338455791 0.0225558970527
0 0.272400018106 0.197460007706 0.030478706596 0.0203191377307
0 0.235600018915 0.240680006756 0.0199862917448 0.0133241944966
0 0.194800019812 0.0878600101155 0.021847927408 0.0145652849387
0 0.167200020418 0.0662200105913 0.0312437609928 0.0208291739952
0 0.185400020018 0.0549600108388 0.0252578756676 0.0168385837784
0 0.165600020454 0.0448400110613 0.0318729794026 0.0212486529351
0 0.295800017591 0.0725000104532 0.0378782557353 0.0252521704902
0 0.286600017793 0.10268000979 0.0204196214044 0.0136130809363
0 0.321200017033 0.090660010054 0.0488716709053 0.0325811139369
0 0.378800015766 0.0441200110772 0.0215140261292 0.0143426840861
0 0.286200017802 0.0211400115824 0.0244613603504 0.0163075735669
0 0.33360001676 0.0672200105693 0.0211539074166 0.0141026049444
0 0.239600018827 0.0137600117446 0.0298764970897 0.0199176647264
0 0.251800018558 0.0248000115019 0.0319956572058 0.0213304381372
0 0.257400018435 0.26230000628 0.0301231388343 0.0200820925562
0 0.196600019772 0.329860004795 0.0230801467939 0.0153867645293
0 0.369400015973 0.215880007301 0.0353117173725 0.023541144915
0 0.382400015687 0.243480006694 0.0345876215326 0.0230584143551
0 0.37500001585 0.261720006293 0.0219210394213 0.0146140262809
0 0.361600016144 0.251100006527 0.0374752987254 0.0249835324836
0 0.436600014496 0.139140008988 0.031592304461 0.0210615363073
0 0.599400010916 0.0876400101204 0.0303958001452 0.0202638667635
0 0.627400010301 0.11724000947 0.0331795969401 0.0221197312934
0 0.754400007509 0.216880007279 0.0244779812141 0.0163186541427
0 0.635400010125 0.171260008282 0.0329639214474 0.0219759476316
0 0.653000009738 0.0879800101129 0.0566720994466 0.0377813996311
0 0.941000003406 0.121000009387 0.0532017026888 0.0354678017925
0 0.540600012209 0.0308200113696 0.023701351573 0.0158009010487
0 0.346400016479 0.0197800116123 0.0390077819279 0.026005187952
0 0.346200016483 0.0455000110468 0.0420932276114 0.028062151741
0 0.130600021223 0.0169600116743 0.0363770355859 0.0242513570572
0 0.27400001807 0.826519993876 0.271435522229 0.180957014819
0 0.47960001355 0.469040001735 0.0205390343951 0.0136926895967
