0 0.439200014438 0.482999979443 0.924116061908 0.616077374605
0 0.496400013181 0.247339984624 0.323646799524 0.215764533016
0 0.327400016896 0.645639975867 0.151179616331 0.100786410887
0 0.27220001811 0.0722999884724 0.109415739048 0.0729438260318
0 0.0900000221156 0.119519987434 0.0672223905195 0.044814927013
0 0.980800002531 0.971159968711 0.0275704511912 0.0183803007941
0 0.940000003428 0.96119996893 0.0202853683569 0.0135235789046
0 0.859600005196 0.963959968869 0.0381569520027 0.0254379680018
0 0.932000003604 0.93253996956 0.0259476415093 0.0172984276729
0 0.805200006392 0.958219968995 0.0221683737019 0.0147789158013
0 0.823000006 0.940139969393 0.0384283271754 0.0256188847836
0 0.957600003041 0.866059971021 0.031004737144 0.0206698247627
0 0.950600003195 0.838719971622 0.0346725066577 0.0231150044385
0 0.863600005108 0.850599971361 0.0287022528591 0.0191348352394
0 0.803200006436 0.892119970448 0.0412523899912 0.0275015933274
0 0.747000007671 0.888599970526 0.0235475096505 0.015698339767
0 0.748400007641 0.914259969962 0.0301832905313 0.0201221936875
0 0.68520000903 0.91025997005 0.0379750129059 0.0253166752706
0 0.715800008357 0.89477997039 0.0204669117189 0.0136446078126
0 0.869800004972 0.908939970079 0.0658612605065 0.0439075070043
0 0.757200007447 0.956859969025 0.0284091122698 0.0189394081799
0 0.622800010402 0.951839969135 0.0236940304783 0.0157960203189
0 0.538400012257 0.925039969725 0.0278983175135 0.0185988783423
0 0.5774000114 0.934559969515 0.0280555231822 0.0187036821215
0 0.510800012864 0.953099969108 0.0301746832983 0.0201164555322
0 0.670600009351 0.975599968613 0.0702872579908 0.0468581719939
0 0.759400007399 0.868979970957 0.024123897458 0.0160825983053
0 0.678800009171 0.947619969228 0.0226318781437 0.0150879187625
0 0.982000002505 0.85385997129 0.0232485319721 0.0154990213147
0 0.935200003534 0.914059969966 0.0357660209791 0.0238440139861
0 0.980000002549 0.919479969847 0.03084179332 0.0205611955466
0 0.976200002632 0.902099970229 0.0212904359395 0.0141936239597
0 0.163000020511 0.959179968974 0.0450985369881 0.0300656913254
0 0.155200020682 0.938179969436 0.0266348350745 0.0177565567164
0 0.144600020915 0.916999969901 0.0209916561286 0.0139944374191
0 0.0326000233776 0.875579970812 0.0201504227734 0.0134336151823
0 0.103600021817 0.935819969488 0.0252496641695 0.0168331094463
0 0.0772000223971 0.973859968651 0.0306817185736 0.020454479049
0 0.0612000227488 0.947439969232 0.0282169830006 0.0188113220004
0 0.0986000219266 0.952139969129 0.0304224133138 0.0202816088759
0 0.0402000232105 0.826499971891 0.0305319329332 0.0203546219555
0 0.0602000227708 0.850039971374 0.0318024396658 0.0212016264438
0 0.0962000219793 0.833519971737 0.031665515408 0.0211103436054
0 0.149200020814 0.831599971779 0.0303210062587 0.0202140041725
0 0.197400019754 0.8306199718 0.0395015600857 0.0263343733905
0 0.183200020067 0.817859972081 0.0360671751991 0.0240447834661
0 0.108800021702 0.797719972524 0.033405165804 0.022270110536
0 0.265000018268 0.774759973029 0.0371668234106 0.0247778822738
0 0.330800016822 0.77743997297 0.0333586669592 0.0222391113062
0 0.304600017398 0.809139972273 0.0393040883961 0.0262027255974
0 0.357800016228 0.806859972323 0.0312572159776 0.0208381439851
0 0.24580001869 0.799879972476 0.0416776070863 0.0277850713909
0 0.141800020977 0.859719971161 0.0224449923613 0.0149633282409
0 0.296200017582 0.834779971709 0.0391063199053 0.0260708799369
0 0.362200016131 0.832719971754 0.0214645592731 0.014309706182
0 0.246800018668 0.850119971372 0.0303185329159 0.0202123552773
0 0.33860001665 0.99255996824 0.0217855991693 0.0145237327795
0 0.363800016096 0.972859968673 0.0441483776157 0.0294322517438
0 0.460400013972 0.969399968749 0.0475653501689 0.031710233446
0 0.507600012935 0.904439970178 0.0288462014104 0.0192308009403
0 0.439200014438 0.87929997073 0.0242086836494 0.0161391224329
0 0.448800014227 0.864119971064 0.0243260190321 0.0162173460214
0 0.597600010956 0.908559970087 0.037370923659 0.024913949106
0 0.571000011541 0.882339970663 0.0356016920831 0.0237344613887
0 0.627400010301 0.896619970349 0.03558348828 0.02372232552
0 0.285200017824 0.926999969682 0.0217596785367 0.0145064523578
0 0.269400018171 0.913519969978 0.0208851045205 0.0139234030137
0 0.242000018774 0.900479970265 0.0329469048489 0.0219646032326
0 0.212200019429 0.882579970658 0.0293612503163 0.0195741668776
0 0.341200016593 0.903739970193 0.0389162682441 0.0259441788294
0 0.306000017367 0.920359969828 0.025708815528 0.017139210352
0 0.263400018303 0.866519971011 0.0302684724575 0.0201789816384
0 0.206000019565 0.861719971117 0.0390989988106 0.0260659992071
0 0.492200013273 0.790099972691 0.0234433324515 0.015628888301
0 0.420200014856 0.797819972522 0.0361590846178 0.0241060564119
0 0.409400015094 0.812479972199 0.0264515109058 0.0176343406038
0 0.497000013168 0.878459970749 0.0257280086682 0.0171520057788
0 0.49780001315 0.871919970892 0.0283331311788 0.0188887541192
0 0.579600011352 0.867679970986 0.032148905526 0.021432603684
0 0.552800011941 0.849699971381 0.024875101135 0.0165834007567
0 0.685800009017 0.841719971556 0.0403478390602 0.0268985593735
0 0.650000009804 0.860839971136 0.0443424855591 0.0295616570394
0 0.607800010732 0.822259971984 0.0335442666034 0.0223628444023
0 0.629400010257 0.80427997238 0.0218538634307 0.0145692422871
0 0.410200015076 0.914399969959 0.0353605906263 0.0235737270842
0 0.344400016523 0.942939969331 0.0231617671065 0.015441178071
0 0.455000014091 0.946759969247 0.0382315480217 0.0254876986812
0 0.448400014236 0.935899969486 0.0311404741972 0.0207603161315
0 0.454200014109 0.911559970021 0.0277729685001 0.0185153123334
0 0.434800014535 0.923059969768 0.0351081117927 0.0234054078618
0 0.785000006836 0.822639971976 0.0274170050035 0.0182780033356
0 0.623600010384 0.749799973577 0.043578618367 0.0290524122446
0 0.656200009668 0.763959973266 0.0231914472202 0.0154609648134
0 0.767200007227 0.752179973525 0.0427865550668 0.0285243700445
0 0.860000005187 0.740899973773 0.0480966242037 0.0320644161358
0 0.825600005943 0.733839973928 0.0524051873715 0.034936791581
0 0.579800011347 0.766459973211 0.0420602826853 0.0280401884568
0 0.506800012952 0.749279973589 0.0381357801883 0.0254238534589
0 0.487200013383 0.773219973062 0.0239046603517 0.0159364402344
0 0.528200012482 0.712919974388 0.0340430903805 0.022695393587
0 0.665800009457 0.664779975447 0.0217166423718 0.0144777615812
0 0.74160000779 0.654719975668 0.0238219517682 0.0158813011788
0 0.78480000684 0.658279975589 0.0292495541552 0.0194997027702
0 0.838600005657 0.692519974837 0.0395408367695 0.0263605578463
0 0.910200004083 0.700479974662 0.0313257770402 0.0208838513601
0 0.736800007896 0.692679974833 0.0365963716259 0.0243975810839
0 0.736400007904 0.670659975317 0.0251761564213 0.0167841042809
0 0.680800009127 0.69053997488 0.0320656033403 0.0213770688935
0 0.657600009637 0.705799974545 0.0355785415944 0.0237190277296
0 0.965800002861 0.653679975691 0.023156424686 0.0154376164573
0 0.96220000294 0.673779975249 0.021083664481 0.0140557763206
0 0.909800004092 0.788619972724 0.0265458936672 0.0176972624448
0 0.844800005521 0.776459972991 0.0356336476721 0.0237557651147
0 0.77800000699 0.783019972847 0.0201854453076 0.0134569635384
0 0.800800006489 0.785899972784 0.0208915352118 0.0139276901412
0 0.74980000761 0.776659972987 0.0297942831748 0.0198628554499
0 0.983800002465 0.808859972279 0.0250894904894 0.0167263269929
0 0.938600003459 0.734119973922 0.0242978229241 0.0161985486161
0 0.783600006867 0.809399972267 0.0388367255395 0.0258911503597
0 0.801600006471 0.589499977102 0.0197915901992 0.0131943934661
0 0.753800007522 0.584339977215 0.0214984935364 0.0143323290242
0 0.722800008203 0.596619976945 0.0366546435824 0.0244364290549
0 0.70840000852 0.634279976117 0.0460419688679 0.030694645912
0 0.644600009923 0.642019975947 0.0404839718482 0.0269893145655
0 0.60240001085 0.615679976526 0.0484830592837 0.0323220395224
0 0.550200011998 0.611939976608 0.0368026484159 0.0245350989439
0 0.494200013229 0.610219976646 0.0516696152211 0.0344464101474
0 0.551200011976 0.587939977136 0.0304266674634 0.0202844449756
0 0.587600011176 0.561199977724 0.0233499390272 0.0155666260181
0 0.646200009887 0.565359977632 0.0395640861918 0.0263760574612
0 0.702600008647 0.567439977587 0.0231741338205 0.015449422547
0 0.825200005952 0.568799977557 0.0229990211499 0.0153326807666
0 0.774600007065 0.561599977715 0.0444517083774 0.0296344722516
0 0.745000007715 0.547199978032 0.0279687583166 0.0186458388777
0 0.777600006999 0.531499978377 0.0341438048996 0.0227625365997
0 0.840800005609 0.524419978532 0.0398870058286 0.0265913372191
0 0.747600007658 0.493539979211 0.0533053852192 0.0355369234795
0 0.700800008687 0.508519978882 0.0492680982902 0.0328453988602
0 0.791600006691 0.522999978564 0.035554599636 0.023703066424
0 0.906000004176 0.517119978693 0.0216637128358 0.0144424752239
0 0.543800012139 0.540699978174 0.047619664777 0.0317464431846
0 0.708800008511 0.540179978186 0.0259990870397 0.0173327246931
0 0.699400008718 0.527999978454 0.0249161586256 0.016610772417
0 0.504600013001 0.559179977768 0.0207626245848 0.0138417497232
0 0.462400013928 0.554279977876 0.0272479272893 0.0181652848595
0 0.586000011211 0.638499976024 0.0262230729642 0.0174820486428
0 0.976200002632 0.49675997914 0.0273500268803 0.0182333512535
0 0.939800003433 0.435479980488 0.052540132955 0.0350267553034
0 0.942600003371 0.553079977902 0.0347199948396 0.0231466632264
0 0.957800003037 0.539119978209 0.0342150371724 0.0228100247816
0 0.938000003472 0.52771997846 0.0295722759245 0.0197148506164
0 0.859600005196 0.598859976896 0.0504950741894 0.0336633827929
0 0.877400004804 0.460899979929 0.0454566770263 0.0303044513509
0 0.858400005222 0.438439980423 0.0452126075583 0.0301417383722
0 0.781200006919 0.443699980307 0.0206290640732 0.0137527093822
0 0.707600008538 0.452239980119 0.0301235345691 0.0200823563794
0 0.482200013493 0.504419978972 0.0259928542158 0.0173285694772
0 0.281000017916 0.649639975779 0.0380306136522 0.0253537424348
0 0.332600016782 0.546919978038 0.0373803223617 0.0249202149078
0 0.178200020177 0.619319976446 0.023155039614 0.015436693076
0 0.351600016364 0.565799977623 0.0201491366352 0.0134327577568
0 0.311400017248 0.572219977481 0.0205293388913 0.0136862259275
0 0.463600013902 0.670779975315 0.0322842468444 0.0215228312296
0 0.498000013146 0.655599975648 0.0210204458388 0.0140136305592
0 0.0862000221992 0.70963997446 0.0254127069273 0.0169418046182
0 0.100000021896 0.690399974883 0.051633207615 0.03442213841
0 0.166600020432 0.675139975219 0.0407938322349 0.0271958881566
0 0.172800020295 0.652099975725 0.0330332739797 0.0220221826531
0 0.063600022696 0.665379975433 0.0231637457807 0.0154424971871
0 0.0384000232501 0.677039975177 0.0306112777704 0.0204075185136
0 0.111400021645 0.643119975923 0.0234791464553 0.0156527643036
0 0.381400015709 0.743379973718 0.0929015259338 0.0619343506225
0 0.22580001913 0.557439977806 0.026842002268 0.0178946681786
0 0.0504000229863 0.592659977032 0.0274683516001 0.0183122344001
0 0.0146000237733 0.585119977198 0.0349035168758 0.0232690112505
0 0.149000020819 0.528239978448 0.0307883691153 0.0205255794102
0 0.203400019623 0.517179978692 0.0314673511824 0.0209782341216
0 0.267800018207 0.497099979133 0.0338991418292 0.0225994278861
0 0.277400017996 0.48083997949 0.0234483780708 0.0156322520472
0 0.254600018497 0.545239978075 0.0236961080863 0.0157974053908
0 0.278800017965 0.530519978398 0.0361159495193 0.0240772996795
0 0.257800018427 0.521219978603 0.0372008566077 0.0248005710718
0 0.0176000237074 0.539359978204 0.0255277668346 0.0170185112231
0 0.0110000238525 0.520479978619 0.0261645042066 0.0174430028044
0 0.0856000222124 0.506659978923 0.0220880395276 0.0147253596851
0 0.324000016971 0.446179980253 0.0430922602376 0.0287281734917
0 0.0540000229071 0.481799979469 0.0375539510266 0.0250359673511
0 0.285000017829 0.462839979886 0.0215318341974 0.0143545561316
0 0.390400015511 0.508019978893 0.0231649329853 0.0154432886568
0 0.332600016782 0.498359979105 0.0354199508537 0.0236133005691
0 0.360400016171 0.475039979618 0.044135219432 0.0294234796213
0 0.337000016685 0.428179980648 0.0466161801338 0.0310774534225
0 0.458600014012 0.452599980111 0.0352291077228 0.0234860718152
0 0.420400014852 0.478679979538 0.048623545155 0.03241569677
0 0.388600015551 0.462899979885 0.0408275686308 0.0272183790872
0 0.454000014113 0.413319980975 0.0279228530741 0.0186152353828
0 0.489000013344 0.395679981363 0.0254638556565 0.016975903771
0 0.456800014051 0.375139981814 0.0303552373232 0.0202368248821
0 0.504800012996 0.367959981972 0.0299956132792 0.0199970755195
0 0.553600011923 0.364059982058 0.0238733972986 0.0159155981991
0 0.602600010846 0.360099982145 0.0336297453308 0.0224198302205
0 0.591400011092 0.381099981683 0.0338186097874 0.0225457398583
0 0.563400011708 0.400899981248 0.0450708355486 0.0300472236991
0 0.612400010631 0.419999980828 0.0301023627547 0.0200682418365
0 0.411600015045 0.523319978557 0.0319007797757 0.0212671865172
0 0.333400016764 0.512399978797 0.0512802121297 0.0341868080865
0 0.402800015239 0.601619976835 0.0636960962142 0.0424640641428
0 0.361400016149 0.623059976364 0.0407746390948 0.0271830927298
0 0.221600019222 0.72875997404 0.0206992080752 0.0137994720501
0 0.0574000228324 0.74285997373 0.0412294373699 0.0274862915799
0 0.0784000223707 0.813279972182 0.0258350549448 0.0172233699632
0 0.0244000235579 0.803419972398 0.0448662406317 0.0299108270878
0 0.55740001184 0.734519973913 0.0249690881616 0.0166460587744
0 0.0138000237909 0.423519980751 0.0248210833281 0.0165473888854
0 0.0600000227752 0.406419981127 0.0228363741269 0.015224249418
0 0.150000020797 0.39987998127 0.0199480043982 0.0132986695988
0 0.425400014742 0.35167998233 0.0362885888471 0.0241923925647
0 0.646600009879 0.346879982436 0.0263994717731 0.0175996478487
0 0.684200009052 0.34303998252 0.0244385066629 0.0162923377753
0 0.705400008586 0.377719981758 0.0199369238224 0.0132912825483
0 0.736800007896 0.385939981577 0.0266680768018 0.0177787178679
0 0.761800007346 0.373659981847 0.0205598104747 0.0137065403164
0 0.769600007174 0.366819981997 0.024697020453 0.016464680302
0 0.847200005468 0.36761998198 0.036122578078 0.0240817187187
0 0.624200010371 0.367559981981 0.0238393641016 0.0158929094011
0 0.732400007992 0.398699981296 0.0284448273399 0.0189632182266
0 0.414800014975 0.379619981716 0.0209121134239 0.0139414089493
0 0.374600015859 0.365819982019 0.0351868630277 0.0234579086851
0 0.42820001468 0.319779983031 0.0440053194678 0.0293368796452
0 0.384200015648 0.33393998272 0.0225974492119 0.0150649661413
0 0.367400016017 0.314539983147 0.0397088262128 0.0264725508086
0 0.398600015331 0.295979983555 0.0264656584266 0.0176437722844
0 0.490800013304 0.298219983505 0.0348808610557 0.0232539073705
0 0.507200012943 0.303079983399 0.0329439368376 0.0219626245584
0 0.524600012561 0.310019983246 0.0281190386255 0.0187460257503
0 0.425400014742 0.281379983876 0.0269949537871 0.017996635858
0 0.332000016795 0.300079983465 0.0349730672755 0.0233153781837
0 0.275600018035 0.311519983213 0.0334949976147 0.0223299984098
0 0.514200012789 0.242879984722 0.0304927551832 0.0203285034555
0 0.493200013251 0.222859985162 0.0243375942764 0.0162250628509
0 0.42320001479 0.226819985075 0.0321353516074 0.0214235677383
0 0.245200018704 0.269059984147 0.0300956352623 0.0200637568415
0 0.388000015564 0.207239985506 0.0221067379992 0.0147378253328
0 0.393600015441 0.197619985717 0.0199155541406 0.0132770360937
0 0.437000014487 0.21023998544 0.0264725837865 0.017648389191
0 0.367000016026 0.19519998577 0.0270538193459 0.0180358795639
0 0.155000020687 0.258999984368 0.0250725728246 0.0167150485497
0 0.471200013735 0.216719985297 0.0277943381819 0.018529558788
0 0.799400006519 0.32393998294 0.0316259419231 0.0210839612821
0 0.723200008195 0.296799983537 0.0383117832624 0.0255411888416
0 0.944800003323 0.336379982666 0.0356793550472 0.0237862366981
0 0.9322000036 0.362759982087 0.0257373084371 0.0171582056248
0 0.980200002544 0.357559982201 0.0225172139713 0.0150114759808
0 0.877000004813 0.346919982435 0.0242773436457 0.0161848957638
0 0.817800006115 0.349199982385 0.0210929642499 0.0140619761666
0 0.878200004787 0.322679982968 0.0342063310057 0.0228042206705
0 0.902400004255 0.288379983722 0.0516747597741 0.0344498398494
0 0.845000005517 0.253279984493 0.0367688130863 0.0245125420575
0 0.859000005209 0.204039985576 0.0375097276573 0.0250064851048
0 0.927600003701 0.197879985711 0.0327117394149 0.0218078262766
0 0.919200003885 0.221319985196 0.0213379241214 0.0142252827476
0 0.894400004431 0.175799986197 0.0396789482317 0.0264526321545
0 0.941800003389 0.105319987746 0.0206848626869 0.013789908458
0 0.813800006203 0.0658199886148 0.0221220727246 0.0147480484831
0 0.846600005482 0.110959987622 0.0256226442646 0.0170817628431
0 0.765200007271 0.0549599888536 0.0262285143184 0.0174856762123
0 0.977000002615 0.0308599893834 0.0207742987628 0.0138495325085
0 0.542200012174 0.017459989678 0.0298630421048 0.0199086947365
0 0.756800007456 0.158179986584 0.0296082877958 0.0197388585305
0 0.726000008133 0.155499986643 0.020619863238 0.013746575492
0 0.67020000936 0.131119987179 0.0299305148965 0.0199536765977
0 0.712600008428 0.0984199878981 0.0299652406295 0.0199768270864
0 0.753600007526 0.115699987518 0.026769780658 0.0178465204387
0 0.744000007737 0.130759987187 0.0209292289562 0.0139528193041
0 0.707000008551 0.130739987188 0.0208159498556 0.0138772999038
0 0.620000010463 0.116919987491 0.0472955579357 0.0315303719571
0 0.602200010855 0.13655998706 0.0229664719585 0.0153109813057
0 0.549800012007 0.0442199890897 0.0263603929568 0.0175735953045
0 0.523600012583 0.0894599880951 0.0902479259042 0.0601652839361
0 0.413600015001 0.149659986772 0.02284151868 0.01522767912
0 0.420200014856 0.125719987298 0.0386751667874 0.0257834445249
0 0.387200015582 0.106839987713 0.0207397708972 0.0138265139315
0 0.369600015969 0.116759987495 0.0309313283295 0.020620885553
0 0.568600011593 0.189339985899 0.0229773546669 0.0153182364446
0 0.78480000684 0.17609998619 0.071412134299 0.0476080895326
0 0.582600011286 0.175979986193 0.0218131027413 0.0145420684942
0 0.354000016312 0.164599986443 0.032109727776 0.021406485184
0 0.313000017213 0.143419986909 0.040048465647 0.026698977098
0 0.36000001618 0.14289998692 0.0217000215082 0.0144666810055
0 0.322800016997 0.119519987434 0.028130218135 0.0187534787567
0 0.300800017481 0.159599986553 0.0240721551265 0.0160481034177
0 0.280600017925 0.142239986935 0.0538294370929 0.0358862913953
0 0.222800019196 0.149499986775 0.0347886548359 0.0231924365573
0 0.25220001855 0.194019985796 0.0200786958321 0.0133857972214
0 0.181800020097 0.205119985552 0.0336075841792 0.0224050561195
0 0.163400020502 0.180759986088 0.0218335820197 0.0145557213465
0 0.1544000207 0.174919986216 0.0203775745767 0.0135850497178
0 0.0928000220541 0.157579986597 0.0211427279072 0.0140951519381
0 0.256000018466 0.170339986317 0.0246302401972 0.0164201601315
0 0.152800020735 0.219139985244 0.026425293472 0.0176168623147
0 0.111600021641 0.232239984956 0.034128173373 0.022752115582
0 0.102800021834 0.249519984576 0.0268700994422 0.0179133996282
0 0.0690000225773 0.234759984901 0.0394748479834 0.0263165653223
0 0.154200020704 0.282159983859 0.0382734959157 0.0255156639438
0 0.226800019108 0.321819982987 0.0391162132765 0.0260774755177
0 0.150200020792 0.320819983009 0.0355510380224 0.0237006920149
0 0.176000020225 0.256079984432 0.035624743638 0.023749829092
0 0.219800019262 0.282319983855 0.024387259 0.0162581726666
0 0.21260001942 0.294099983596 0.0226807513976 0.0151205009317
0 0.117800021504 0.351799982327 0.0339434641323 0.0226289760882
0 0.0618000227356 0.365399982028 0.0378546105781 0.0252364070521
0 0.074200022463 0.277819983954 0.0260752659981 0.0173835106654
0 0.050000022995 0.266319984207 0.0224364840621 0.0149576560414
0 0.0546000228939 0.105419987744 0.021517884544 0.0143452563626
0 0.0588000228016 0.0903999880744 0.0286073754291 0.0190715836194
0 0.0770000224014 0.0762799883849 0.0207013846169 0.0138009230779
0 0.044000023127 0.0466399890365 0.0283114646958 0.0188743097972
0 0.146600020871 0.0466799890356 0.0456628548826 0.0304419032551
0 0.141400020986 0.0238799895369 0.033492821073 0.022328547382
0 0.19580001979 0.031879989361 0.0389248754771 0.0259499169847
0 0.0262000235183 0.01281998978 0.0245281406062 0.0163520937374
0 0.441000014399 0.0208199896042 0.0307462233539 0.020497482236
0 0.880400004738 0.627499976266 0.140476967341 0.0936513115609
0 0.919200003885 0.398959981291 0.0967943696429 0.0645295797619
0 0.662200009536 0.540359978182 0.0352213908932 0.0234809272622
0 0.550000012002 0.225619985102 0.0296206545098 0.0197471030065
0 0.0230000235887 0.170699986309 0.0503971298143 0.0335980865429
