0 0.653799987735 0.932499969561 0.139293720143 0.0928624800954
0 0.830799983844 0.452099980122 0.458017578146 0.305345052098
0 0.557799989846 0.797319972533 0.24401010786 0.16267340524
0 0.296199995597 0.862899971091 0.101527754171 0.0676851694474
0 0.297999995557 0.819099972054 0.0796500477157 0.0531000318105
0 0.866599983057 0.933939969529 0.0396081116938 0.0264054077959
0 0.897399982379 0.915339969938 0.0388282172402 0.0258854781602
0 0.857399983259 0.889499970506 0.0254474326603 0.0169649551068
0 0.830999983839 0.899639970283 0.03305860101 0.02203906734
0 0.82459998398 0.923299969763 0.0283656803701 0.0189104535801
0 0.812399984248 0.940979969374 0.0254211162928 0.0169474108619
0 0.788999984763 0.968719968764 0.0292770577272 0.0195180384848
0 0.764199985308 0.943959969309 0.0323238203293 0.0215492135528
0 0.713199986429 0.903979970188 0.053037274859 0.0353581832393
0 0.845199983527 0.954899969068 0.0234201819628 0.0156134546419
0 0.942799981381 0.883539970637 0.0603741000248 0.0402494000165
0 0.984999980454 0.880759970698 0.0328491583412 0.0218994388942
0 0.828199983901 0.869339970949 0.0252036599933 0.0168024399955
0 0.639999988038 0.867979970979 0.0284994387491 0.0189996258327
0 0.79459998464 0.906259970138 0.0308876985624 0.0205917990416
0 0.617599988531 0.98847996833 0.0336771345789 0.0224514230526
0 0.64219998799 0.971019968714 0.0474286237786 0.0316190825191
0 0.755199985506 0.957639969008 0.0381270740216 0.0254180493477
0 0.466799991846 0.92295996977 0.0551095403955 0.036739693597
0 0.378199993794 0.928499969649 0.020069099262 0.013379399508
0 0.393199993464 0.947679969227 0.0345566552807 0.0230377701871
0 0.410999993073 0.967599968789 0.0352887647513 0.0235258431675
0 0.534799990351 0.964699968853 0.0452704837799 0.0301803225199
0 0.411199993069 0.881859970674 0.0274229410262 0.0182819606841
0 0.302999995448 0.965999968824 0.0391886327539 0.0261257551693
0 0.136999999097 0.937099969459 0.0608470031692 0.0405646687795
0 0.110399999682 0.952699969117 0.0427659768547 0.0285106512364
0 0.222599997215 0.946719969248 0.0774279965389 0.0516186643593
0 0.287999995777 0.936939969463 0.0424209950001 0.0282806633334
0 0.188199997971 0.904479970177 0.0217064521995 0.014470968133
0 0.0836000002711 0.910539970043 0.024575628788 0.0163837525254
0 0.0316000014143 0.914239969962 0.0212879625967 0.0141919750645
0 0.0458000011021 0.925079969724 0.0216974492317 0.0144649661544
0 0.161199998565 0.853739971292 0.172462236507 0.114974824338
0 0.144199998939 0.829779971819 0.0641121124742 0.0427414083161
0 0.0969999999765 0.818179972074 0.0327979106783 0.0218652737855
0 0.0594000008031 0.701399974641 0.0638074955742 0.0425383303828
0 0.135799999123 0.800299972467 0.0607969427109 0.0405312951406
0 0.0298000014539 0.639219976008 0.0200922497506 0.0133948331671
0 0.0734000004953 0.661119975527 0.0489075838429 0.0326050558952
0 0.0758000004426 0.641359975961 0.062719422607 0.0418129484047
0 0.0604000007811 0.878759970742 0.0247414416898 0.0164942944598
0 0.27559999605 0.748899973597 0.0201569523984 0.0134379682656
0 0.399999993315 0.782779972852 0.036937396132 0.0246249307546
0 0.435999992523 0.840779971577 0.0425394186536 0.0283596124358
0 0.173599998292 0.790659972679 0.0239797510392 0.0159865006928
0 0.192399997879 0.809139972273 0.0396433320953 0.0264288880636
0 0.212199997444 0.77969997292 0.0833263255287 0.0555508836858
0 0.404599993214 0.816959972101 0.0631833227837 0.0421222151891
0 0.430199992651 0.744039973704 0.0253855990901 0.0169237327268
0 0.375599993851 0.713239974381 0.0375881820911 0.0250587880607
0 0.381399993724 0.746319973654 0.0502492239145 0.0334994826097
0 0.307599995346 0.765939973222 0.0253398917151 0.0168932611434
0 0.436399992515 0.697039974737 0.0474967891064 0.0316645260709
0 0.455399992097 0.670419975323 0.0359425187217 0.0239616791478
0 0.222599997215 0.675939975201 0.0245261619319 0.0163507746213
0 0.139999999031 0.661999975508 0.0712878735564 0.0475252490376
0 0.182399998099 0.707239974513 0.103385729287 0.0689238195246
0 0.343199994564 0.715639974328 0.0235175327357 0.0156783551571
0 0.336199994718 0.643159975922 0.0647938646852 0.0431959097901
0 0.431999992611 0.637099976055 0.0724340206126 0.0482893470751
0 0.485599991433 0.654199975679 0.0397212918606 0.0264808612404
0 0.58759998919 0.867559970988 0.0923603585279 0.0615735723519
0 0.674999987269 0.721599974197 0.0830434740454 0.0553623160303
0 0.614399988601 0.718319974269 0.0913299639149 0.0608866426099
0 0.538399990272 0.707439974509 0.0582088367988 0.0388058911992
0 0.50939999091 0.689859974895 0.0221009009102 0.0147339339401
0 0.449199992233 0.722659974174 0.0583806846569 0.0389204564379
0 0.735199985945 0.855499971253 0.0248223694664 0.0165482463109
0 0.700199986715 0.854779971269 0.0213623607483 0.0142415738322
0 0.796999984587 0.847519971429 0.0652029555853 0.0434686370569
0 0.835399983743 0.842659971536 0.020425260626 0.0136168404173
0 0.762999985334 0.866079971021 0.0200360554021 0.0133573702681
0 0.745599985717 0.814419972157 0.0686322948525 0.045754863235
0 0.725199986165 0.768579973164 0.0850434190383 0.0566956126922
0 0.944399981346 0.782699972854 0.0401069354709 0.0267379569806
0 0.825199983967 0.745339973675 0.0216252276217 0.0144168184145
0 0.91739998194 0.820039972033 0.0582136845507 0.0388091230338
0 0.888199982582 0.835699971689 0.0446813335235 0.0297875556824
0 0.887599982595 0.72419997414 0.0265513350214 0.0177008900143
0 0.934599981562 0.740679973778 0.0349467509081 0.0232978339387
0 0.961999980959 0.748339973609 0.0204372316052 0.0136248210701
0 0.764399985304 0.673239975261 0.0231675052618 0.0154450035079
0 0.646799987889 0.660699975536 0.0230348351537 0.0153565567691
0 0.910199982098 0.660479975541 0.056997888161 0.0379985921073
0 0.965399980884 0.647219975833 0.0324133553388 0.0216089035592
0 0.979999980563 0.617839976479 0.0537803659716 0.0358535773144
0 0.5825999893 0.581679977273 0.0237029345124 0.0158019563416
0 0.296399995593 0.504159978978 0.0288730124465 0.0192486749643
0 0.281199995927 0.510819978831 0.0279764751462 0.0186509834308
0 0.261199996366 0.579319977325 0.0873945787096 0.0582630524731
0 0.54759999007 0.642199975943 0.103000877146 0.0686672514309
0 0.644399987942 0.627399976268 0.0434771123782 0.0289847415855
0 0.519999990677 0.602819976809 0.0324090022555 0.0216060015037
0 0.142999998965 0.619619976439 0.0226614593237 0.0151076395491
0 0.0110000018672 0.389559981497 0.0317806742491 0.0211871161661
0 0.218199997312 0.403379981193 0.0247017692711 0.0164678461808
0 0.274799996068 0.401119981243 0.0633082760623 0.0422055173748
0 0.0954000000116 0.310579983234 0.0218669226807 0.0145779484538
0 0.307599995346 0.338899982611 0.0222600852532 0.0148400568354
0 0.366599994049 0.343459982511 0.0263587110837 0.0175724740558
0 0.14639999889 0.304059983377 0.0328077051158 0.0218718034105
0 0.277799996002 0.249459984577 0.0210481472783 0.0140320981855
0 0.140599999018 0.276299983987 0.021335648646 0.014223765764
0 0.343199994564 0.252279984515 0.021881268069 0.014587512046
0 0.213399997417 0.204819985559 0.048750081373 0.0325000542487
0 0.159399998605 0.176679986178 0.0591587983036 0.0394391988691
0 0.170599998358 0.156519986621 0.050672264468 0.0337815096453
0 0.092200000082 0.127819987252 0.0216485759778 0.0144323839852
0 0.265999996261 0.294499983587 0.0726156629083 0.0484104419389
0 0.585999989226 0.378879981732 0.0280101126083 0.0186734084056
0 0.429399992669 0.430879980589 0.0399072872396 0.0266048581597
0 0.526599990532 0.274899984018 0.0217438491427 0.0144958994285
0 0.655199987704 0.280799983888 0.0237696158345 0.0158464105563
0 0.614199988606 0.276019983994 0.12557359293 0.0837157286201
0 0.45799999204 0.310999983224 0.0981243355365 0.065416223691
0 0.655199987704 0.169459986336 0.0224630972307 0.0149753981538
0 0.629799988263 0.210319985438 0.0213843240324 0.0142562160216
0 0.935999981531 0.247319984624 0.0273153011473 0.0182102007649
0 0.92739998172 0.217739985275 0.0230263268544 0.0153508845696
0 0.975999980651 0.193539985807 0.0239091123687 0.0159394082458
0 0.100399999902 0.285219983791 0.0238754749066 0.015916983271
0 0.889599982551 0.188359985921 0.021676376351 0.0144509175673
0 0.862599983145 0.0484199889974 0.0306700443955 0.0204466962637
0 0.8145999842 0.0550999888505 0.0588220279472 0.0392146852981
0 0.90739998216 0.00743998989831 0.0204510823249 0.0136340548833
0 0.850199983417 0.111939987601 0.0437135639505 0.029142375967
0 0.843999983553 0.140759986967 0.0418819052021 0.0279212701347
0 0.759599985409 0.0309399893817 0.0802167400194 0.0534778266796
0 0.702399986667 0.0928399880208 0.0496625470009 0.0331083646673
0 0.422599992818 0.1665799864 0.0386679446264 0.0257786297509
0 0.536399990316 0.123419987348 0.0241949318634 0.0161299545756
0 0.543199990167 0.0744399884253 0.0373757714109 0.0249171809406
0 0.666999987445 0.0479999890066 0.0357119042385 0.023807936159
0 0.57259998952 0.0433999891077 0.0382209621145 0.0254806414097
0 0.624599988377 0.0105199898306 0.0227023189469 0.0151348792979
0 0.457199992057 0.0439199890963 0.0716804425265 0.0477869616844
0 0.431799992616 0.0724399884693 0.0199899522922 0.0133266348615
0 0.454599992115 0.0970199879289 0.0465304046052 0.0310202697368
0 0.427799992704 0.117679987475 0.0209008349807 0.0139338899872
0 0.403999993227 0.135719987078 0.0279059354093 0.0186039569396
0 0.610599988685 0.147139986827 0.0223484330582 0.0148989553721
0 0.551599989982 0.13973998699 0.0329773764323 0.0219849176215
0 0.663199987528 0.124199987331 0.065667548298 0.043778365532
0 0.651799987779 0.1529199867 0.0439342850625 0.029289523375
0 0.576199989441 0.0643399886474 0.0252227541998 0.0168151694665
0 0.48299999149 0.118019987467 0.0199505766747 0.0133003844498
0 0.3187999951 0.141459986952 0.0268046053247 0.0178697368832
0 0.327799994902 0.163559986466 0.0266891496826 0.017792766455
0 0.319799995078 0.173459986248 0.0479244795444 0.0319496530296
0 0.27559999605 0.0999999878634 0.0218795861959 0.0145863907973
0 0.325799994946 0.107119987707 0.0238168072152 0.0158778714768
0 0.209599997501 0.121919987381 0.0208391003443 0.0138927335629
0 0.239999996833 0.0800399883022 0.0586851036895 0.0391234024596
0 0.280199995949 0.038019989226 0.0200726608756 0.0133817739171
0 0.30559999539 0.017959989667 0.0257516538254 0.0171677692169
0 0.314799995188 0.0554599888426 0.0383123768646 0.0255415845764
0 0.376799993825 0.0963399879438 0.0353632618366 0.0235755078911
0 0.147399998868 0.0796599883105 0.0416520821886 0.0277680547924
0 0.235199996938 0.137419987041 0.0426076829151 0.0284051219434
0 0.104999999801 0.0867999881536 0.042395569036 0.0282637126907
